Using cuda:0 device
Dataset     :Citeseer
Epochs      :200
LR X_s      :0.01
Learn A_s   :0
LR A_s      :0.01
Conden ratio:0.5
Ridge       :1.0
Kernel      :SNTK
k           :5
L           :1
Seed        :5
The 1th Iteration:
--------------------------------------------------
The 2th Iteration:
--------------------------------------------------
The 3th Iteration:
--------------------------------------------------
The 4th Iteration:
--------------------------------------------------
The 5th Iteration:
--------------------------------------------------
[[  1.          16.52         5.7137556    0.46151152]
 [  2.          15.8          7.8006415    0.499994  ]
 [  3.          15.8          7.851115     0.5376896 ]
 [  4.          18.88        10.868164     0.5737786 ]
 [  5.          17.060001     8.3631935    0.6146146 ]
 [  6.          17.18         8.250273     0.6540021 ]
 [  7.          17.740002     7.7526126    0.69182485]
 [  8.          18.5          7.215609     0.7290596 ]
 [  9.          18.960001     6.9848413    0.76736546]
 [ 10.          19.420002     6.845948     0.8039036 ]
 [ 11.          19.960001     6.937074     0.8439333 ]
 [ 12.          20.420002     6.8710995    0.8847909 ]
 [ 13.          20.800001     6.752407     0.9196844 ]
 [ 14.          20.92         6.6401806    0.9558247 ]
 [ 15.          21.140001     6.260032     0.9924664 ]
 [ 16.          21.2          6.0700088    1.0359535 ]
 [ 17.          21.36         5.7142806    1.0758547 ]
 [ 18.          21.9          4.9050994    1.1192381 ]
 [ 19.          22.359999     4.0059953    1.1647023 ]
 [ 20.          22.88         3.1578476    1.2096647 ]
 [ 21.          23.220001     2.4570308    1.2527832 ]
 [ 22.          23.66         1.828387     1.2967992 ]
 [ 23.          23.980001     1.3160543    1.3448709 ]
 [ 24.          24.32         1.1054407    1.3872035 ]
 [ 25.          24.480001     0.98336154   1.4312706 ]
 [ 26.          24.4          1.0049874    1.473689  ]
 [ 27.          24.52         0.8074654    1.5112486 ]
 [ 28.          24.62         0.80436313   1.5506862 ]
 [ 29.          24.62         0.7563069    1.5891981 ]
 [ 30.          24.58         0.6760172    1.6298093 ]
 [ 31.          24.660002     0.69137573   1.6651319 ]
 [ 32.          24.58         0.6648304    1.7042019 ]
 [ 33.          24.62         0.6723086    1.7407258 ]
 [ 34.          24.58         0.61806124   1.7793579 ]
 [ 35.          24.58         0.61806124   1.820299  ]
 [ 36.          24.64         0.58566165   1.8597662 ]
 [ 37.          24.679998     0.4658326    1.8993342 ]
 [ 38.          24.74         0.4393175    1.9405209 ]
 [ 39.          24.72         0.45497265   1.9821293 ]
 [ 40.          24.72         0.44944414   2.0198953 ]
 [ 41.          24.78         0.549546     2.05733   ]
 [ 42.          24.800001     0.57008815   2.099326  ]
 [ 43.          24.82         0.60991806   2.1394897 ]
 [ 44.          24.840002     0.60249543   2.1788797 ]
 [ 45.          24.78         0.576194     2.2200878 ]
 [ 46.          24.72         0.45497265   2.2597382 ]
 [ 47.          24.76         0.39115286   2.3016317 ]
 [ 48.          24.76         0.32093653   2.3448331 ]
 [ 49.          24.779999     0.29495755   2.3904188 ]
 [ 50.          24.800001     0.33166188   2.4278564 ]
 [ 51.          24.800001     0.33166188   2.4712903 ]
 [ 52.          24.820002     0.4324356    2.5137498 ]
 [ 53.          24.779999     0.4207138    2.5565956 ]
 [ 54.          24.84         0.47222915   2.5953946 ]
 [ 55.          24.9          0.43588936   2.6349015 ]
 [ 56.          24.92         0.3563703    2.6766737 ]
 [ 57.          25.020002     0.27748913   2.7137794 ]
 [ 58.          25.1          0.29154775   2.7440372 ]
 [ 59.          25.4          0.7348469    2.7779703 ]
 [ 60.          25.58         1.0545144    2.8154767 ]
 [ 61.          25.84         1.4046346    2.8504922 ]
 [ 62.          25.98         1.7064586    2.888237  ]
 [ 63.          26.140003     1.7812908    2.9288201 ]
 [ 64.          26.6          1.8801593    2.9706366 ]
 [ 65.          27.320002     2.0462165    3.0093186 ]
 [ 66.          28.020002     2.3402991    3.0525138 ]
 [ 67.          28.440002     2.7254357    3.093005  ]
 [ 68.          29.060001     2.8005362    3.1356392 ]
 [ 69.          29.74         2.7336793    3.1770272 ]
 [ 70.          30.58         2.393115     3.2169938 ]
 [ 71.          31.220001     1.9740826    3.2593079 ]
 [ 72.          31.84         1.8187919    3.297226  ]
 [ 73.          32.340004     1.9894726    3.338614  ]
 [ 74.          32.359997     1.8105251    3.3800461 ]
 [ 75.          32.66         1.7256879    3.4204338 ]
 [ 76.          32.78         1.9954942    3.4624734 ]
 [ 77.          33.120003     2.2083924    3.5014973 ]
 [ 78.          33.460003     2.455199     3.542444  ]
 [ 79.          33.960003     2.56963      3.5818956 ]
 [ 80.          34.48         2.9566867    3.6180418 ]
 [ 81.          34.820004     3.1507146    3.6520555 ]
 [ 82.          35.36         3.1785212    3.6902046 ]
 [ 83.          35.72         3.1324127    3.7275589 ]
 [ 84.          36.120003     2.9243793    3.7648294 ]
 [ 85.          36.920002     2.7224984    3.8014123 ]
 [ 86.          37.719997     2.629068     3.8414829 ]
 [ 87.          38.4          2.8337252    3.8759842 ]
 [ 88.          38.98         2.9718678    3.9134312 ]
 [ 89.          39.44         2.9770794    3.9507272 ]
 [ 90.          40.12         3.023575     3.987461  ]
 [ 91.          40.620003     3.1332097    4.0276856 ]
 [ 92.          41.440002     2.9108412    4.066562  ]
 [ 93.          42.460003     2.855346     4.1102653 ]
 [ 94.          43.34         2.724518     4.1551247 ]
 [ 95.          44.04         3.0680623    4.1979647 ]
 [ 96.          45.140003     3.0468006    4.2418146 ]
 [ 97.          46.540005     2.9031017    4.2862573 ]
 [ 98.          48.           3.0024984    4.330639  ]
 [ 99.          49.28         2.8899825    4.37058   ]
 [100.          50.88         2.5868905    4.4159174 ]
 [101.          52.040005     2.7097967    4.4595647 ]
 [102.          52.940002     2.458251     4.500481  ]
 [103.          53.600002     2.1118715    4.541864  ]
 [104.          54.120003     2.1649482    4.5819993 ]
 [105.          54.579998     2.0680907    4.6198883 ]
 [106.          55.02         1.8593017    4.658289  ]
 [107.          55.4          1.7478564    4.69552   ]
 [108.          55.519997     1.5466095    4.7338214 ]
 [109.          55.96         1.5946786    4.773451  ]
 [110.          56.38         1.3330425    4.8104744 ]
 [111.          57.           1.2349098    4.8464003 ]
 [112.          57.2          1.1895379    4.885739  ]
 [113.          57.48         1.1584467    4.927346  ]
 [114.          57.680004     1.1497834    4.972563  ]
 [115.          58.140003     1.0549885    5.0159426 ]
 [116.          58.440002     0.9071922    5.0590224 ]
 [117.          58.8          0.689203     5.1028037 ]
 [118.          59.16         0.54129535   5.143628  ]
 [119.          59.580006     0.35637093   5.185737  ]
 [120.          59.820004     0.4438466    5.229196  ]
 [121.          60.24         0.7056912    5.2721972 ]
 [122.          60.78         0.49193463   5.3156967 ]
 [123.          61.02         1.1777081    5.357709  ]
 [124.          61.18         0.89554524   5.3986955 ]
 [125.          62.18         1.1388592    5.44295   ]
 [126.          61.580006     0.61806136   5.4850373 ]
 [127.          62.419994     0.91760343   5.528514  ]
 [128.          62.820004     1.1713238    5.5674853 ]
 [129.          62.76         0.773304     5.6065135 ]
 [130.          63.24         0.8561544    5.6508436 ]
 [131.          63.219997     1.0281037    5.691001  ]
 [132.          64.1          1.0000005    5.728904  ]
 [133.          64.56         0.6465286    5.7706695 ]
 [134.          64.38         1.3141538    5.814416  ]
 [135.          64.3          1.2747529    5.8540072 ]
 [136.          65.48         1.5578837    5.893756  ]
 [137.          65.72         0.9959923    5.9329944 ]
 [138.          65.76         0.68775177   5.977801  ]
 [139.          65.56         0.96072775   6.021698  ]
 [140.          66.24         1.3538815    6.0626316 ]
 [141.          66.659996     1.1171397    6.1063466 ]
 [142.          66.5          1.0148902    6.1487794 ]
 [143.          65.98         1.4754664    6.1925535 ]
 [144.          67.68         2.068089     6.2348113 ]
 [145.          65.96001      1.9007878    6.27651   ]
 [146.          67.840004     2.5481362    6.3247848 ]
 [147.          66.020004     1.3718581    6.372443  ]
 [148.          66.9          1.6985286    6.416214  ]
 [149.          67.26         1.2680708    6.4577103 ]
 [150.          66.46         0.9939815    6.5010943 ]
 [151.          67.34         1.7798858    6.5424914 ]
 [152.          67.04         0.96332926   6.5844703 ]
 [153.          66.78001      2.226433     6.6303277 ]
 [154.          68.060005     1.9243163    6.6722627 ]
 [155.          66.46         1.114898     6.705438  ]
 [156.          67.08         2.7435336    6.746288  ]
 [157.          68.62         1.1519555    6.786058  ]
 [158.          67.159996     2.1326041    6.8237123 ]
 [159.          66.579994     1.9331336    6.8595414 ]
 [160.          67.939995     1.3867247    6.896297  ]
 [161.          67.52         3.1641726    6.932445  ]
 [162.          66.18001      0.7694178    6.9695535 ]
 [163.          66.82         1.6315631    7.006582  ]
 [164.          67.22         2.6715157    7.0433702 ]
 [165.          66.939995     3.1595871    7.083137  ]
 [166.          66.22         1.4532735    7.124799  ]
 [167.          66.42         3.6697404    7.1669803 ]
 [168.          66.72         1.8833497    7.2109895 ]
 [169.          65.740005     1.3667495    7.254503  ]
 [170.          66.86         2.0305185    7.297352  ]
 [171.          66.88         1.2049913    7.3378406 ]
 [172.          66.8          4.8708315    7.3797426 ]
 [173.          67.200005     2.5894012    7.422663  ]
 [174.          69.44         1.4484488    7.4671183 ]
 [175.          68.56         0.47223213   7.509627  ]
 [176.          65.04         4.73635      7.5525928 ]
 [177.          67.84         2.4875689    7.594729  ]
 [178.          67.96         1.7300284    7.6376967 ]
 [179.          67.17999      2.1672595    7.6790576 ]
 [180.          68.52001      1.0871983    7.720024  ]
 [181.          67.86         1.4690133    7.760568  ]
 [182.          67.200005     1.6598191    7.796201  ]
 [183.          67.200005     0.47434157   7.835756  ]
 [184.          66.880005     2.0216346    7.884617  ]
 [185.          67.5          1.1811023    7.923764  ]
 [186.          67.74         2.0119648    7.9625726 ]
 [187.          66.56         1.764368     7.9972053 ]
 [188.          67.4          1.3019235    8.0314    ]
 [189.          66.71999      1.3881634    8.070161  ]
 [190.          66.8          1.909188     8.109836  ]
 [191.          67.840004     1.5323185    8.1494465 ]
 [192.          67.6          1.0198028    8.191052  ]
 [193.          66.34         0.41593185   8.232871  ]
 [194.          66.           1.6477257    8.274164  ]
 [195.          67.18001      3.1075718    8.316939  ]
 [196.          68.04         1.3088152    8.360837  ]
 [197.          65.920006     2.8314297    8.406634  ]
 [198.          66.96         1.6040571    8.447433  ]
 [199.          66.700005     1.2349075    8.492401  ]
 [200.          67.98         2.3101943    8.534263  ]]
The best results: 
Epoch: 174  69.44±1.45  7.467s
--------------- Train Done! ----------------
