Using cuda:0 device
Dataset     :Citeseer
Epochs      :200
LR X_s      :0.01
Learn A_s   :1
LR A_s      :0.01
Conden ratio:0.5
Ridge       :1.0
Kernel      :SGNK
k           :5
L           :1
Seed        :5
The 1th Iteration:
--------------------------------------------------
The 2th Iteration:
--------------------------------------------------
The 3th Iteration:
--------------------------------------------------
The 4th Iteration:
--------------------------------------------------
The 5th Iteration:
--------------------------------------------------
[[  1.          12.860001     4.724722     0.28575143]
 [  2.          12.860001     4.724722     0.29240805]
 [  3.          12.62         7.084632     0.30113125]
 [  4.          12.62         7.084632     0.30827877]
 [  5.          12.62         7.084632     0.3155461 ]
 [  6.          12.62         7.084632     0.32394162]
 [  7.          12.62         7.084632     0.3312628 ]
 [  8.          12.62         7.084632     0.33824587]
 [  9.          12.62         7.084632     0.34660697]
 [ 10.          12.62         7.084632     0.35391504]
 [ 11.          12.62         7.084632     0.36161476]
 [ 12.          12.6          7.102113     0.3694441 ]
 [ 13.          12.7          7.0171227    0.37633547]
 [ 14.          12.900001     6.8658576    0.38422725]
 [ 15.          13.18         6.698657     0.39214784]
 [ 16.          13.759999     6.532075     0.40068188]
 [ 17.          14.18         6.570541     0.4086264 ]
 [ 18.          14.42         6.652218     0.41632053]
 [ 19.          14.459999     6.669933     0.42413598]
 [ 20.          14.459999     6.669933     0.43199012]
 [ 21.          14.459999     6.669933     0.44019458]
 [ 22.          14.459999     6.669933     0.4472758 ]
 [ 23.          14.459999     6.669933     0.4553677 ]
 [ 24.          14.459999     6.669933     0.46399495]
 [ 25.          14.459999     6.669933     0.4721445 ]
 [ 26.          14.459999     6.669933     0.4799459 ]
 [ 27.          14.459999     6.669933     0.48765102]
 [ 28.          14.459999     6.669933     0.49616432]
 [ 29.          14.459999     6.669933     0.50487393]
 [ 30.          14.459999     6.669933     0.5140048 ]
 [ 31.          14.459999     6.669933     0.5248043 ]
 [ 32.          14.459999     6.669933     0.53287643]
 [ 33.          14.459999     6.669933     0.5412616 ]
 [ 34.          14.459999     6.669933     0.549462  ]
 [ 35.          14.459999     6.669933     0.5580296 ]
 [ 36.          14.459999     6.669933     0.56875825]
 [ 37.          14.459999     6.669933     0.57696605]
 [ 38.          14.459999     6.669933     0.5854024 ]
 [ 39.          14.459999     6.669933     0.5954997 ]
 [ 40.          14.459999     6.669933     0.6071724 ]
 [ 41.          14.459999     6.669933     0.61689466]
 [ 42.          14.459999     6.669933     0.62467855]
 [ 43.          14.459999     6.669933     0.6326757 ]
 [ 44.          14.459999     6.669933     0.6414158 ]
 [ 45.          14.459999     6.669933     0.65004313]
 [ 46.          14.459999     6.669933     0.65787274]
 [ 47.          14.459999     6.669933     0.66543627]
 [ 48.          14.459999     6.669933     0.6744402 ]
 [ 49.          16.14         5.496181     0.6816663 ]
 [ 50.          16.300001     5.5063605    0.68886   ]
 [ 51.          16.300001     5.5063605    0.69576067]
 [ 52.          16.300001     5.5063605    0.7019332 ]
 [ 53.          16.300001     5.5063605    0.7093576 ]
 [ 54.          16.300001     5.5063605    0.7162036 ]
 [ 55.          16.300001     5.5063605    0.723989  ]
 [ 56.          16.300001     5.5063605    0.73120755]
 [ 57.          16.300001     5.5063605    0.7377953 ]
 [ 58.          16.300001     5.5063605    0.7440952 ]
 [ 59.          16.300001     5.5063605    0.7516823 ]
 [ 60.          16.300001     5.5063605    0.758565  ]
 [ 61.          16.300001     5.5063605    0.7646384 ]
 [ 62.          16.300001     5.5063605    0.7709655 ]
 [ 63.          16.300001     5.5063605    0.7789044 ]
 [ 64.          16.300001     5.5063605    0.7862505 ]
 [ 65.          16.300001     5.5063605    0.7946638 ]
 [ 66.          16.300001     5.5063605    0.80082226]
 [ 67.          16.300001     5.5063605    0.80722904]
 [ 68.          16.300001     5.5063605    0.8141977 ]
 [ 69.          16.300001     5.5063605    0.8208303 ]
 [ 70.          16.300001     5.5063605    0.8273627 ]
 [ 71.          16.300001     5.5063605    0.8347687 ]
 [ 72.          16.300001     5.5063605    0.84226245]
 [ 73.          16.300001     5.5063605    0.84909785]
 [ 74.          16.300001     5.5063605    0.8556406 ]
 [ 75.          16.300001     5.5063605    0.8625948 ]
 [ 76.          16.300001     5.5063605    0.87038296]
 [ 77.          16.300001     5.5063605    0.87677366]
 [ 78.          16.24         5.499819     0.8836097 ]
 [ 79.          16.22         5.498364     0.889976  ]
 [ 80.          17.539999     6.3141117    0.8970707 ]
 [ 81.          17.539999     6.3141117    0.903257  ]
 [ 82.          17.539999     6.3141117    0.9095815 ]
 [ 83.          17.539999     6.3141117    0.91742533]
 [ 84.          17.539999     6.3141117    0.92500097]
 [ 85.          17.539999     6.3141117    0.93187445]
 [ 86.          17.539999     6.3141117    0.9401318 ]
 [ 87.          17.539999     6.3141117    0.9463169 ]
 [ 88.          17.539999     6.3141117    0.9529783 ]
 [ 89.          17.539999     6.3141117    0.9598362 ]
 [ 90.          17.539999     6.3141117    0.9664051 ]
 [ 91.          17.539999     6.3141117    0.9733278 ]
 [ 92.          17.539999     6.3141117    0.9794962 ]
 [ 93.          17.539999     6.3141117    0.9868342 ]
 [ 94.          17.539999     6.3141117    0.9943487 ]
 [ 95.          17.539999     6.3141117    1.0013306 ]
 [ 96.          17.539999     6.3141117    1.0082593 ]
 [ 97.          17.539999     6.3141117    1.0150356 ]
 [ 98.          17.539999     6.3141117    1.0223082 ]
 [ 99.          17.539999     6.3141117    1.0302628 ]
 [100.          17.539999     6.3141117    1.0383003 ]
 [101.          17.539999     6.3141117    1.0467232 ]
 [102.          17.539999     6.3141117    1.0557373 ]
 [103.          17.539999     6.3141117    1.0650572 ]
 [104.          17.539999     6.3141117    1.0729803 ]
 [105.          17.539999     6.3141117    1.0825359 ]
 [106.          17.539999     6.3141117    1.0913767 ]
 [107.          17.539999     6.3141117    1.1007762 ]
 [108.          17.539999     6.3141117    1.1086886 ]
 [109.          17.539999     6.3141117    1.1163152 ]
 [110.          17.539999     6.3141117    1.1235241 ]
 [111.          17.539999     6.3141117    1.1307518 ]
 [112.          17.539999     6.3141117    1.137743  ]
 [113.          17.539999     6.3141117    1.1451092 ]
 [114.          17.539999     6.3141117    1.1525894 ]
 [115.          17.539999     6.3141117    1.1605487 ]
 [116.          17.539999     6.3141117    1.169217  ]
 [117.          17.539999     6.3141117    1.1751918 ]
 [118.          17.539999     6.3141117    1.1826466 ]
 [119.          17.539999     6.3141117    1.1888036 ]
 [120.          17.539999     6.3141117    1.1960142 ]
 [121.          20.62         3.3958805    1.2042801 ]
 [122.          20.62         3.3958805    1.2123034 ]
 [123.          20.62         3.3958805    1.2200764 ]
 [124.          20.62         3.3958805    1.2261645 ]
 [125.          20.62         3.3958805    1.2333362 ]
 [126.          20.62         3.3958805    1.2410942 ]
 [127.          20.62         3.3958805    1.2500564 ]
 [128.          20.62         3.3958805    1.2565892 ]
 [129.          20.62         3.3958805    1.2647567 ]
 [130.          20.62         3.3958805    1.2732955 ]
 [131.          20.62         3.3958805    1.2804006 ]
 [132.          20.62         3.3958805    1.2869099 ]
 [133.          20.62         3.3958805    1.2941535 ]
 [134.          20.64         3.414382     1.3029665 ]
 [135.          20.64         3.414382     1.3119073 ]
 [136.          20.66         3.3871822    1.3191395 ]
 [137.          20.679998     3.4054375    1.3256034 ]
 [138.          20.679998     3.4054375    1.3316948 ]
 [139.          20.7          3.3778696    1.3373076 ]
 [140.          20.7          3.3778696    1.3451806 ]
 [141.          20.679998     3.4054375    1.3535918 ]
 [142.          20.679998     3.4054375    1.3609669 ]
 [143.          20.679998     3.4054375    1.370202  ]
 [144.          20.679998     3.4054375    1.376988  ]
 [145.          20.7          3.423449     1.3839935 ]
 [146.          20.74         3.4143813    1.3914899 ]
 [147.          20.840002     3.4659777    1.3976433 ]
 [148.          20.980001     3.4672756    1.4044765 ]
 [149.          21.16         3.4260762    1.4119667 ]
 [150.          21.460001     3.4413662    1.4188502 ]
 [151.          21.82         3.4024987    1.4248825 ]
 [152.          22.660002     3.574633     1.4308661 ]
 [153.          24.039999     4.1997623    1.4381222 ]
 [154.          25.88         4.4042025    1.4451171 ]
 [155.          27.160002     3.9138222    1.4539139 ]
 [156.          28.060001     3.942461     1.4601287 ]
 [157.          29.179998     3.6874104    1.4691175 ]
 [158.          29.98         3.2560709    1.4769707 ]
 [159.          30.6          3.0959644    1.4850366 ]
 [160.          31.           3.0347989    1.493315  ]
 [161.          31.320002     2.9149606    1.5010022 ]
 [162.          31.36         2.7745268    1.5076926 ]
 [163.          31.559998     2.6987023    1.5152495 ]
 [164.          31.679998     2.6281168    1.5227369 ]
 [165.          31.800001     2.6532996    1.5307888 ]
 [166.          31.720001     2.6451843    1.5375894 ]
 [167.          31.660002     2.7217636    1.5444951 ]
 [168.          31.539999     2.8693204    1.5525478 ]
 [169.          31.300001     2.99082      1.559986  ]
 [170.          31.300001     2.99082      1.5672156 ]
 [171.          31.300001     2.9427876    1.5741436 ]
 [172.          31.659998     3.106927     1.5815548 ]
 [173.          30.62         3.1618042    1.5886983 ]
 [174.          31.020002     2.877847     1.5958737 ]
 [175.          31.36         2.6773121    1.6033356 ]
 [176.          31.76         2.4203305    1.6112998 ]
 [177.          32.36         2.5880497    1.6192455 ]
 [178.          31.560001     2.7978568    1.6283756 ]
 [179.          30.819998     2.8951683    1.6358131 ]
 [180.          30.920002     2.0523162    1.6435016 ]
 [181.          30.560001     1.5662055    1.6530323 ]
 [182.          30.540003     1.5501611    1.6606692 ]
 [183.          30.58         1.5849284    1.6681336 ]
 [184.          30.720001     1.58019      1.6758267 ]
 [185.          30.76         1.5372051    1.6840527 ]
 [186.          30.720001     1.5287247    1.6923198 ]
 [187.          30.720001     1.3899641    1.7007306 ]
 [188.          30.74         1.4099648    1.7095902 ]
 [189.          30.7          1.4212669    1.7186571 ]
 [190.          30.7          1.4645815    1.7274224 ]
 [191.          30.800001     1.5620499    1.7348515 ]
 [192.          30.800001     1.513274     1.7416624 ]
 [193.          30.76         1.4484478    1.7484642 ]
 [194.          30.7          1.4387496    1.7562134 ]
 [195.          30.38         1.6634308    1.7633961 ]
 [196.          30.060001     2.4234273    1.770522  ]
 [197.          29.9          2.363261     1.7780598 ]
 [198.          30.920002     1.7282941    1.7859341 ]
 [199.          31.020002     1.9954945    1.793022  ]
 [200.          31.12         1.7655023    1.8008814 ]]
The best results: 
Epoch: 177  32.36±2.59  1.619s
--------------- Train Done! ----------------
