Using cuda:0 device
Dataset     :Citeseer
Epochs      :200
LR X_s      :0.01
Learn A_s   :1
LR A_s      :0.01
Conden ratio:1.0
Ridge       :0.1
Kernel      :SGNK
k           :2
L           :1
Seed        :5
The 1th Iteration:
--------------------------------------------------
The 2th Iteration:
--------------------------------------------------
The 3th Iteration:
--------------------------------------------------
The 4th Iteration:
--------------------------------------------------
The 5th Iteration:
--------------------------------------------------
[[  1.          12.68         4.844275     0.24747229]
 [  2.          13.18         5.5300994    0.2537089 ]
 [  3.          13.620002     6.0201325    0.2612133 ]
 [  4.          13.7          5.906776     0.26738474]
 [  5.          14.2          6.2884808    0.2756872 ]
 [  6.          15.259999     7.402229     0.28283364]
 [  7.          15.580001     8.073537     0.2888864 ]
 [  8.          15.740001     8.121761     0.29504344]
 [  9.          16.359999     8.567554     0.3015719 ]
 [ 10.          16.800001     9.148225     0.30810243]
 [ 11.          17.22         9.647902     0.31454715]
 [ 12.          17.960001     9.805763     0.32037517]
 [ 13.          18.62        10.291356     0.3278279 ]
 [ 14.          19.2         10.098268     0.33657622]
 [ 15.          19.72        10.60198      0.34528375]
 [ 16.          20.800001    10.675439     0.35237715]
 [ 17.          21.480001    10.513658     0.35918555]
 [ 18.          22.340002    10.259288     0.36625123]
 [ 19.          23.2         10.498333     0.37405798]
 [ 20.          23.9         10.447967     0.38095537]
 [ 21.          25.160002    10.000401     0.3871369 ]
 [ 22.          26.74         9.248945     0.39339247]
 [ 23.          28.039999     8.681187     0.39993906]
 [ 24.          29.920002     8.048416     0.40608963]
 [ 25.          31.6          7.450168     0.41271257]
 [ 26.          33.5          6.4175544    0.4193916 ]
 [ 27.          34.64         5.903643     0.42547932]
 [ 28.          36.079998     5.4513307    0.43168688]
 [ 29.          37.480003     5.2968855    0.43746963]
 [ 30.          38.74         4.777343     0.44396302]
 [ 31.          40.38         4.790825     0.44994107]
 [ 32.          41.280003     4.5339823    0.45609185]
 [ 33.          42.08         4.56366      0.46239695]
 [ 34.          42.98         4.6948924    0.47047296]
 [ 35.          44.18         5.555809     0.47728166]
 [ 36.          44.600002     5.8638725    0.48374406]
 [ 37.          45.72         5.762985     0.49045643]
 [ 38.          46.74         5.5116243    0.49752107]
 [ 39.          47.2          5.701753     0.50525683]
 [ 40.          47.620003     5.8289795    0.51226556]
 [ 41.          48.3          5.9375925    0.51960176]
 [ 42.          49.06         6.6161165    0.5271565 ]
 [ 43.          49.48         6.8729177    0.5345601 ]
 [ 44.          49.820004     6.9218493    0.54305303]
 [ 45.          49.8          6.7312713    0.55097586]
 [ 46.          50.26         6.879171     0.55896145]
 [ 47.          50.44         6.900943     0.5673104 ]
 [ 48.          50.84         7.0610204    0.57553613]
 [ 49.          51.180004     7.0648427    0.5836595 ]
 [ 50.          51.640003     6.6957436    0.5928029 ]
 [ 51.          51.9          6.6884227    0.6013513 ]
 [ 52.          52.02         6.7336464    0.60987186]
 [ 53.          52.340004     6.607042     0.61811954]
 [ 54.          52.600002     6.6351337    0.62578034]
 [ 55.          52.78         6.6683583    0.6332856 ]
 [ 56.          53.320004     6.397812     0.6428849 ]
 [ 57.          53.440002     6.4430585    0.65116364]
 [ 58.          53.76         6.8086715    0.6586637 ]
 [ 59.          54.040005     7.162611     0.6671292 ]
 [ 60.          54.339996     6.9766045    0.6767909 ]
 [ 61.          54.66         7.2737894    0.6865751 ]
 [ 62.          54.919994     7.322363     0.6946863 ]
 [ 63.          55.100002     7.266015     0.70271105]
 [ 64.          55.16         7.46177      0.7103319 ]
 [ 65.          55.16         7.204027     0.7181513 ]
 [ 66.          55.440002     6.7688994    0.72553414]
 [ 67.          55.600002     7.281484     0.73620135]
 [ 68.          55.860004     7.1065445    0.7444052 ]
 [ 69.          55.940002     6.896593     0.7532012 ]
 [ 70.          56.119995     6.9675684    0.76229703]
 [ 71.          56.080006     6.9539194    0.77139854]
 [ 72.          56.040005     6.7136436    0.7794776 ]
 [ 73.          56.24         6.646276     0.7899032 ]
 [ 74.          56.420002     6.6736045    0.7978787 ]
 [ 75.          56.619995     6.4974613    0.8057806 ]
 [ 76.          56.98         5.9980826    0.8140568 ]
 [ 77.          57.540005     5.2780676    0.8235343 ]
 [ 78.          58.040005     5.162654     0.8309359 ]
 [ 79.          58.420002     5.0355725    0.8378563 ]
 [ 80.          58.859997     4.493662     0.8452303 ]
 [ 81.          59.7          4.023681     0.8524899 ]
 [ 82.          60.02         3.8015788    0.86008656]
 [ 83.          60.72         3.3221977    0.8679186 ]
 [ 84.          61.78         2.3058624    0.8758258 ]
 [ 85.          62.620003     2.0166833    0.8840476 ]
 [ 86.          63.859997     1.4570515    0.8921618 ]
 [ 87.          64.840004     1.0454665    0.89949286]
 [ 88.          65.659996     0.8080824    0.90710926]
 [ 89.          66.78001      0.63007814   0.91451037]
 [ 90.          68.           0.7778177    0.92266923]
 [ 91.          68.62001      1.0084642    0.93221396]
 [ 92.          68.94         1.3145311    0.94069844]
 [ 93.          69.           1.6658311    0.9506125 ]
 [ 94.          68.840004     1.7242403    0.95980567]
 [ 95.          68.56         1.5883965    0.9685766 ]
 [ 96.          68.6          1.534601     0.9765256 ]
 [ 97.          68.88         1.4202127    0.98426735]
 [ 98.          68.700005     1.2103732    0.9923418 ]
 [ 99.          68.9          1.2864696    1.0003655 ]
 [100.          68.68001      1.1584469    1.0086466 ]
 [101.          68.56         1.4293357    1.0164709 ]
 [102.          68.3          1.8289366    1.0230076 ]
 [103.          68.52         1.9070927    1.029521  ]
 [104.          68.36001      1.6425567    1.0361147 ]
 [105.          68.36         1.5741681    1.0418295 ]
 [106.          68.02         1.3953497    1.0476509 ]
 [107.          67.98         1.304608     1.0541772 ]
 [108.          67.94         1.5306865    1.0598731 ]
 [109.          68.           1.3656515    1.0659349 ]
 [110.          68.119995     1.3160535    1.0731179 ]
 [111.          67.78001      1.306521     1.080254  ]
 [112.          67.71999      1.2357168    1.0867491 ]
 [113.          67.28001      1.5722595    1.0930203 ]
 [114.          66.619995     1.5594858    1.0996255 ]
 [115.          66.200005     1.5684396    1.1064836 ]
 [116.          65.94         1.7529967    1.1132177 ]
 [117.          65.54         2.0403419    1.1199151 ]
 [118.          65.159996     2.2389736    1.126625  ]
 [119.          65.119995     2.4056168    1.1328505 ]
 [120.          64.88         2.6480157    1.1412032 ]
 [121.          64.8          2.6879375    1.1481847 ]
 [122.          65.18         2.4813306    1.1551585 ]
 [123.          64.880005     2.5252714    1.1614823 ]
 [124.          64.94         2.0959494    1.1691025 ]
 [125.          64.78         2.341367     1.1762551 ]
 [126.          64.78         1.8444492    1.1828276 ]
 [127.          64.64001      1.6456021    1.1907072 ]
 [128.          64.48         1.8566092    1.1979809 ]
 [129.          64.32         1.693225     1.2047738 ]
 [130.          64.06         1.8324842    1.2114667 ]
 [131.          64.32         1.4184493    1.2186303 ]
 [132.          64.4          1.1640468    1.2255341 ]
 [133.          64.8          1.0488101    1.2329553 ]
 [134.          64.6          0.99749637   1.2403971 ]
 [135.          64.44         1.2660964    1.2474108 ]
 [136.          64.68001      0.9230391    1.2548822 ]
 [137.          64.56         1.3758636    1.2632874 ]
 [138.          64.68001      1.4096099    1.2709522 ]
 [139.          64.64001      1.1326934    1.2789751 ]
 [140.          65.           0.8746424    1.2866658 ]
 [141.          64.9          0.7615762    1.2950677 ]
 [142.          65.380005     0.8983335    1.3031461 ]
 [143.          65.56         0.8324678    1.3114519 ]
 [144.          65.700005     0.92195433   1.3195194 ]
 [145.          65.6          0.6284904    1.327519  ]
 [146.          65.56         0.92086804   1.335726  ]
 [147.          65.420006     1.0825891    1.3442818 ]
 [148.          65.56         1.3957081    1.3518802 ]
 [149.          65.420006     1.9031566    1.3596299 ]
 [150.          65.46001      1.7343597    1.3675482 ]
 [151.          65.48         1.4839141    1.3772547 ]
 [152.          65.88         1.4855968    1.3853664 ]
 [153.          65.46         1.370401     1.3953106 ]
 [154.          65.42         1.675411     1.4041089 ]
 [155.          65.38         1.8740356    1.4116564 ]
 [156.          65.1          1.7102638    1.4189211 ]
 [157.          65.46         1.1674769    1.4264625 ]
 [158.          65.119995     1.317954     1.4342321 ]
 [159.          64.98         1.5155858    1.4421173 ]
 [160.          65.14001      1.1371006    1.4510373 ]
 [161.          65.159996     0.95550776   1.4590977 ]
 [162.          64.98         0.90388286   1.4680704 ]
 [163.          65.08001      0.954987     1.4778508 ]
 [164.          65.08         0.9093944    1.4845313 ]
 [165.          65.06         0.9396787    1.4915866 ]
 [166.          65.079994     1.4973291    1.4984426 ]
 [167.          65.06         1.7615324    1.5051854 ]
 [168.          64.920006     1.7683337    1.5130377 ]
 [169.          64.9          1.566844     1.5221264 ]
 [170.          64.76         1.7008823    1.5289319 ]
 [171.          64.920006     1.7108483    1.5356827 ]
 [172.          64.579994     1.1256081    1.543723  ]
 [173.          64.740005     0.9396837    1.5506748 ]
 [174.          64.68001      0.8318654    1.5575331 ]
 [175.          64.94         0.756968     1.5643381 ]
 [176.          64.86         0.8443922    1.5719664 ]
 [177.          64.9          0.9300545    1.5790757 ]
 [178.          64.96001      1.0430732    1.5862745 ]
 [179.          64.94         0.93701565   1.5935706 ]
 [180.          64.700005     0.6745379    1.6011761 ]
 [181.          64.71999      0.8497056    1.608818  ]
 [182.          65.02001      0.94445825   1.6164296 ]
 [183.          64.94         0.9581229    1.624659  ]
 [184.          65.16         0.73348504   1.6329031 ]
 [185.          65.26         0.7021393    1.6411465 ]
 [186.          65.28         0.85264146   1.6484598 ]
 [187.          65.14         1.0163661    1.6553973 ]
 [188.          64.9          0.8573205    1.6637061 ]
 [189.          64.66         0.85615396   1.6700329 ]
 [190.          64.700005     0.80932105   1.6762561 ]
 [191.          64.52         0.6760166    1.6851746 ]
 [192.          64.52         0.56302667   1.692033  ]
 [193.          64.48         0.597494     1.6982793 ]
 [194.          64.48         0.73280233   1.7051352 ]
 [195.          64.26         0.8734991    1.712271  ]
 [196.          64.340004     1.021275     1.7186079 ]
 [197.          64.1          0.9513141    1.7250757 ]
 [198.          64.3          0.8888182    1.7321385 ]
 [199.          64.36         0.7402689    1.7449023 ]
 [200.          64.52         0.8408334    1.7522548 ]]
The best results: 
Epoch: 93  69.00±1.67  0.951s
--------------- Train Done! ----------------
