Using cuda:0 device
Dataset     :Citeseer
Epochs      :200
LR X_s      :0.01
Learn A_s   :0
LR A_s      :0.01
Conden ratio:1.0
Ridge       :0.1
Kernel      :SNTK
k           :5
L           :1
Seed        :5
The 1th Iteration:
--------------------------------------------------
The 2th Iteration:
--------------------------------------------------
The 3th Iteration:
--------------------------------------------------
The 4th Iteration:
--------------------------------------------------
The 5th Iteration:
--------------------------------------------------
[[  1.          17.08         5.973022     0.46531865]
 [  2.          22.62         1.6604216    0.49997193]
 [  3.          24.24         0.57706165   0.5402638 ]
 [  4.          24.12         0.32710895   0.5744943 ]
 [  5.          24.08         0.26832852   0.6070041 ]
 [  6.          24.02         0.21679504   0.6489315 ]
 [  7.          24.1          0.28284252   0.6877963 ]
 [  8.          24.14         0.30495903   0.73326766]
 [  9.          24.1          0.25495097   0.7726564 ]
 [ 10.          24.2          0.25495136   0.8109714 ]
 [ 11.          24.22         0.1788851    0.8487517 ]
 [ 12.          24.24         0.21908954   0.8898964 ]
 [ 13.          24.32         0.16431661   0.9289878 ]
 [ 14.          24.36         0.16733216   0.96953815]
 [ 15.          24.5          0.07071095   1.01082   ]
 [ 16.          24.52         0.1095448    1.049519  ]
 [ 17.          24.560001     0.05477255   1.0865456 ]
 [ 18.          24.520002     0.1095447    1.1272618 ]
 [ 19.          24.58         0.21679527   1.166771  ]
 [ 20.          24.58         0.25884405   1.2056414 ]
 [ 21.          24.64         0.21908908   1.2416916 ]
 [ 22.          24.660002     0.23021717   1.2795419 ]
 [ 23.          24.820002     0.35637036   1.3235308 ]
 [ 24.          24.9          0.3082214    1.3622483 ]
 [ 25.          25.039999     0.32093585   1.4004883 ]
 [ 26.          25.119999     0.31144902   1.442537  ]
 [ 27.          25.28         0.30331475   1.4826711 ]
 [ 28.          25.26         0.20736483   1.5158547 ]
 [ 29.          25.6          0.2915479    1.5482086 ]
 [ 30.          26.240004     0.7436398    1.590223  ]
 [ 31.          26.9          1.464582     1.6315907 ]
 [ 32.          27.300001     2.013703     1.6727298 ]
 [ 33.          27.540003     2.1640246    1.7128162 ]
 [ 34.          27.959997     2.1789908    1.7520561 ]
 [ 35.          28.76         2.0815861    1.7885541 ]
 [ 36.          29.24         1.6682322    1.8227457 ]
 [ 37.          30.12         1.2275993    1.861376  ]
 [ 38.          30.76         1.1760104    1.8982499 ]
 [ 39.          31.24         1.2012489    1.9330368 ]
 [ 40.          31.800001     1.2469963    1.9720023 ]
 [ 41.          32.14         1.1674757    2.014016  ]
 [ 42.          32.620003     1.0709813    2.0585682 ]
 [ 43.          33.           0.8455765    2.098213  ]
 [ 44.          33.04         0.7635445    2.1391683 ]
 [ 45.          33.52         0.81055504   2.183023  ]
 [ 46.          33.820004     0.77265775   2.22251   ]
 [ 47.          34.079998     0.6760172    2.261543  ]
 [ 48.          34.24         0.7602623    2.297561  ]
 [ 49.          34.24         0.71274185   2.3315768 ]
 [ 50.          34.52         0.69065255   2.3645344 ]
 [ 51.          34.74         0.6767557    2.4013605 ]
 [ 52.          35.           0.52440554   2.4401352 ]
 [ 53.          35.22         0.49699056   2.4736907 ]
 [ 54.          35.56         0.77006453   2.5078847 ]
 [ 55.          36.26         0.86486983   2.5511756 ]
 [ 56.          36.5          1.1022711    2.5916288 ]
 [ 57.          37.100002     1.208304     2.6303933 ]
 [ 58.          37.94         1.1104043    2.6703842 ]
 [ 59.          38.579998     0.9257458    2.7060823 ]
 [ 60.          39.38         0.923037     2.745291  ]
 [ 61.          40.06         0.9864077    2.7814999 ]
 [ 62.          40.72         1.1166894    2.8223035 ]
 [ 63.          41.4          1.2727922    2.8551695 ]
 [ 64.          42.26         1.1502157    2.8915176 ]
 [ 65.          43.579998     1.145426     2.9279892 ]
 [ 66.          45.26         1.2759311    2.969076  ]
 [ 67.          46.680004     1.3773166    3.0086539 ]
 [ 68.          48.620003     1.7311838    3.0523036 ]
 [ 69.          49.999996     1.4317821    3.0937479 ]
 [ 70.          51.640003     1.1458627    3.1328332 ]
 [ 71.          52.78         0.8927478    3.170262  ]
 [ 72.          53.880005     1.023231     3.211924  ]
 [ 73.          55.           0.8396431    3.2511423 ]
 [ 74.          56.28         0.66106147   3.2898903 ]
 [ 75.          57.059998     0.7668118    3.3293831 ]
 [ 76.          57.940002     0.56833094   3.3698387 ]
 [ 77.          58.96         0.26076782   3.4100983 ]
 [ 78.          59.74         0.37148368   3.4493432 ]
 [ 79.          61.060005     0.47222903   3.4922426 ]
 [ 80.          61.859997     0.3911531    3.5351121 ]
 [ 81.          62.380005     0.4816647    3.5765908 ]
 [ 82.          62.96         0.45607045   3.614547  ]
 [ 83.          63.460003     0.4878509    3.6500466 ]
 [ 84.          64.020004     0.4658324    3.6884897 ]
 [ 85.          64.44         0.4669032    3.7248871 ]
 [ 86.          64.740005     0.51283514   3.7605195 ]
 [ 87.          65.           0.4301126    3.796151  ]
 [ 88.          65.32         0.35637233   3.8319519 ]
 [ 89.          65.56         0.30496025   3.868222  ]
 [ 90.          65.6          0.41832954   3.9050553 ]
 [ 91.          65.840004     0.49294966   3.9452064 ]
 [ 92.          66.14001      0.4722291    3.9861584 ]
 [ 93.          66.119995     0.31144947   4.0270743 ]
 [ 94.          66.06         0.26076925   4.0685725 ]
 [ 95.          66.06         0.1816573    4.110728  ]
 [ 96.          66.020004     0.31144825   4.150026  ]
 [ 97.          65.78001      0.40865856   4.189102  ]
 [ 98.          65.58         0.277487     4.228628  ]
 [ 99.          66.159996     0.450555     4.265962  ]
 [100.          66.12         0.3563714    4.3065987 ]
 [101.          66.5          0.4000001    4.3519573 ]
 [102.          66.78         0.34928632   4.392844  ]
 [103.          66.52         0.41473043   4.431083  ]
 [104.          66.840004     0.1140182    4.4705367 ]
 [105.          67.           0.12247366   4.5151973 ]
 [106.          67.18         0.35637036   4.5584273 ]
 [107.          67.56         0.21908881   4.6033454 ]
 [108.          67.82         0.28635472   4.6409187 ]
 [109.          68.06         0.75365925   4.679139  ]
 [110.          68.4          0.22360595   4.722482  ]
 [111.          68.200005     0.75166404   4.7638965 ]
 [112.          68.36         1.1674782    4.8019385 ]
 [113.          68.14001      0.41593257   4.8422937 ]
 [114.          68.420006     0.84083664   4.8877788 ]
 [115.          68.48         0.8105552    4.927488  ]
 [116.          68.46         0.50299096   4.969402  ]
 [117.          68.02         0.79812336   5.007763  ]
 [118.          68.36         0.6913737    5.043148  ]
 [119.          68.58         1.3103427    5.0809555 ]
 [120.          68.02         0.82885355   5.1190667 ]
 [121.          68.38         1.035375     5.1593204 ]
 [122.          68.700005     0.52440387   5.20313   ]
 [123.          68.240005     0.47749355   5.241136  ]
 [124.          68.36001      1.3334178    5.279602  ]
 [125.          68.520004     0.6534523    5.317228  ]
 [126.          68.4          1.222702     5.3548446 ]
 [127.          67.46         1.2778901    5.3916345 ]
 [128.          67.240005     0.8354631    5.4327364 ]
 [129.          67.920006     1.5139344    5.4742465 ]
 [130.          67.86         1.3974968    5.5151634 ]
 [131.          67.66         1.0406746    5.5572295 ]
 [132.          67.96001      1.0714482    5.592378  ]
 [133.          68.96         0.705691     5.6352105 ]
 [134.          68.840004     0.8324659    5.6702456 ]
 [135.          68.26         0.76681215   5.7120132 ]
 [136.          67.56         0.7765313    5.7487354 ]
 [137.          68.14         0.69498414   5.7931476 ]
 [138.          67.76         1.3107247    5.8329563 ]
 [139.          67.4          1.1958247    5.8721676 ]
 [140.          67.08         1.1777103    5.912457  ]
 [141.          66.64001      1.0212743    5.9607444 ]
 [142.          67.46         1.7329166    6.004682  ]
 [143.          67.66         1.8528357    6.0440016 ]
 [144.          68.02         1.4788519    6.082228  ]
 [145.          67.38         2.0969017    6.1233616 ]
 [146.          68.08         1.6453001    6.1655326 ]
 [147.          68.58         1.1882737    6.2081885 ]
 [148.          68.62         1.1606033    6.2533493 ]
 [149.          68.700005     1.0559332    6.2969685 ]
 [150.          68.58         0.9338121    6.338183  ]
 [151.          67.54         2.0427938    6.3762584 ]
 [152.          67.28         1.6452951    6.416717  ]
 [153.          67.18         1.347962     6.454956  ]
 [154.          66.62         1.7195961    6.494327  ]
 [155.          66.92         0.9011115    6.5325365 ]
 [156.          66.36         1.4587674    6.57444   ]
 [157.          66.28001      1.1410497    6.615007  ]
 [158.          66.46         2.0803852    6.656438  ]
 [159.          66.71999      1.972815     6.696735  ]
 [160.          66.340004     1.535577     6.7391014 ]
 [161.          67.04         0.99146336   6.783954  ]
 [162.          67.880005     0.9148742    6.821388  ]
 [163.          67.88         1.4822332    6.8615456 ]
 [164.          67.200005     1.4053469    6.898052  ]
 [165.          66.54         1.3315433    6.936914  ]
 [166.          67.14001      1.0526148    6.981641  ]
 [167.          66.659996     1.4536167    7.016607  ]
 [168.          67.02         1.0449847    7.05235   ]
 [169.          67.56         1.4959974    7.0934587 ]
 [170.          67.62         1.2397555    7.133823  ]
 [171.          67.82         1.5690783    7.173698  ]
 [172.          67.5          2.2102053    7.2185683 ]
 [173.          67.72         1.2794505    7.26098   ]
 [174.          67.98         0.73959196   7.3019023 ]
 [175.          68.48         0.56302613   7.344524  ]
 [176.          68.72         0.5167204    7.387816  ]
 [177.          68.32         0.3346637    7.430327  ]
 [178.          68.08         0.7791021    7.476552  ]
 [179.          67.94         1.3126312    7.515017  ]
 [180.          67.659996     1.2992293    7.5528765 ]
 [181.          67.64001      1.2341       7.5959945 ]
 [182.          67.64001      1.335293     7.6391373 ]
 [183.          66.72         0.7529976    7.6861777 ]
 [184.          66.6          0.6519214    7.7265124 ]
 [185.          66.88         0.93112797   7.7685556 ]
 [186.          67.08         0.965401     7.8072295 ]
 [187.          67.659996     1.6682322    7.8494554 ]
 [188.          67.54         1.5852436    7.8888597 ]
 [189.          67.740005     1.1149001    7.9367075 ]
 [190.          67.32         0.4086563    7.975773  ]
 [191.          67.54         0.9289751    8.019673  ]
 [192.          67.06         1.4449914    8.059263  ]
 [193.          67.619995     1.1691872    8.101356  ]
 [194.          67.58         1.2235209    8.146667  ]
 [195.          67.3          1.7102617    8.189493  ]
 [196.          66.96         1.248199     8.232577  ]
 [197.          66.54         1.0968139    8.276343  ]
 [198.          66.200005     1.041634     8.315374  ]
 [199.          65.98         0.61806256   8.356516  ]
 [200.          66.52         0.7726576    8.392941  ]]
The best results: 
Epoch: 133  68.96±0.71  5.635s
--------------- Train Done! ----------------
