Using cuda:0 device
Dataset     :Citeseer
Epochs      :200
LR X_s      :0.01
Learn A_s   :0
LR A_s      :0.01
Conden ratio:0.5
Ridge       :1.0
Kernel      :SGNK
k           :5
L           :1
Seed        :5
The 1th Iteration:
--------------------------------------------------
The 2th Iteration:
--------------------------------------------------
The 3th Iteration:
--------------------------------------------------
The 4th Iteration:
--------------------------------------------------
The 5th Iteration:
--------------------------------------------------
[[  1.          24.680002     5.880222     0.33118543]
 [  2.          34.18         8.383138     0.33655882]
 [  3.          41.440002     9.83326      0.34156343]
 [  4.          47.12         8.933476     0.34665614]
 [  5.          51.680004     8.193106     0.3517282 ]
 [  6.          55.019997     6.6762266    0.3594144 ]
 [  7.          56.96         5.6716843    0.36547986]
 [  8.          58.420002     4.7861266    0.37066084]
 [  9.          59.78         4.373442     0.37628752]
 [ 10.          60.719997     4.1112027    0.3829817 ]
 [ 11.          61.640003     3.7753136    0.38937384]
 [ 12.          61.880005     3.5765924    0.39470536]
 [ 13.          62.52         3.176791     0.40211883]
 [ 14.          62.820004     2.896894     0.40863273]
 [ 15.          63.           2.7964268    0.41483614]
 [ 16.          63.3          2.72947      0.42126486]
 [ 17.          63.66         2.5422442    0.42661244]
 [ 18.          63.940002     2.3255093    0.4318668 ]
 [ 19.          64.119995     2.2163026    0.43762723]
 [ 20.          64.340004     2.1847198    0.44371524]
 [ 21.          64.48         2.0705059    0.4492608 ]
 [ 22.          64.54         1.7952708    0.4548144 ]
 [ 23.          64.68001      1.4788495    0.46047854]
 [ 24.          64.92         1.3700364    0.46702448]
 [ 25.          65.14001      1.2280056    0.47399908]
 [ 26.          65.3          1.1467346    0.48016   ]
 [ 27.          65.54         1.0163642    0.4859322 ]
 [ 28.          65.62         0.8955437    0.49092865]
 [ 29.          65.71999      0.92303973   0.49603158]
 [ 30.          65.86         1.0691098    0.5021505 ]
 [ 31.          65.9          0.88600403   0.51153207]
 [ 32.          66.159996     0.8264409    0.51884216]
 [ 33.          66.26         0.75033396   0.5255688 ]
 [ 34.          66.420006     0.7155421    0.5312571 ]
 [ 35.          66.62         0.782304     0.5388302 ]
 [ 36.          66.700005     0.806226     0.5440451 ]
 [ 37.          66.82         0.80746347   0.54955   ]
 [ 38.          66.82         0.7362075    0.5547513 ]
 [ 39.          66.88         0.7886703    0.5600337 ]
 [ 40.          66.92         0.7854911    0.56521124]
 [ 41.          66.98         0.80436605   0.57065314]
 [ 42.          67.02         0.75630844   0.5765332 ]
 [ 43.          67.12         0.6906494    0.5833041 ]
 [ 44.          67.22         0.5848062    0.5889468 ]
 [ 45.          67.26         0.5366541    0.5943118 ]
 [ 46.          67.32         0.50695235   0.60070986]
 [ 47.          67.48         0.58051854   0.60601056]
 [ 48.          67.49999      0.6041535    0.6112586 ]
 [ 49.          67.56         0.54129297   0.6165392 ]
 [ 50.          67.62         0.6534527    0.62332976]
 [ 51.          67.62         0.58480895   0.6295915 ]
 [ 52.          67.659996     0.6308748    0.63512254]
 [ 53.          67.76         0.6655838    0.6409388 ]
 [ 54.          67.86         0.70569116   0.64682   ]
 [ 55.          68.           0.73143506   0.6528706 ]
 [ 56.          68.12         0.68337256   0.6589827 ]
 [ 57.          68.14001      0.7829445    0.6672086 ]
 [ 58.          68.22         0.8105552    0.6757575 ]
 [ 59.          68.38         0.6978549    0.68278   ]
 [ 60.          68.4          0.77781945   0.6892269 ]
 [ 61.          68.56         0.6841095    0.6951111 ]
 [ 62.          68.560005     0.5319764    0.70040554]
 [ 63.          68.56         0.4219005    0.70582116]
 [ 64.          68.78         0.37682962   0.71173036]
 [ 65.          68.840004     0.33615565   0.7190799 ]
 [ 66.          69.020004     0.38986877   0.7260925 ]
 [ 67.          69.159996     0.37148497   0.73199683]
 [ 68.          69.44         0.3361555    0.73907804]
 [ 69.          69.520004     0.22803874   0.7453005 ]
 [ 70.          69.56         0.23021682   0.7512269 ]
 [ 71.          69.8          0.18708375   0.7572775 ]
 [ 72.          69.94         0.18165906   0.76371956]
 [ 73.          70.200005     0.2999987    0.77053714]
 [ 74.          70.420006     0.27748883   0.7775042 ]
 [ 75.          70.659996     0.25099763   0.7845995 ]
 [ 76.          70.82         0.327108     0.7908255 ]
 [ 77.          70.76         0.25099766   0.7971634 ]
 [ 78.          70.9          0.25495043   0.80357265]
 [ 79.          71.06         0.32093444   0.809663  ]
 [ 80.          71.04         0.28809652   0.81777424]
 [ 81.          71.159996     0.5176885    0.82370204]
 [ 82.          71.26         0.5176884    0.82941145]
 [ 83.          71.200005     0.4000001    0.8362709 ]
 [ 84.          71.1          0.30822217   0.8424339 ]
 [ 85.          71.04         0.409879     0.8485861 ]
 [ 86.          71.079994     0.43817776   0.8549418 ]
 [ 87.          70.98         0.4549712    0.8623215 ]
 [ 88.          70.94         0.45055538   0.86831516]
 [ 89.          71.02         0.37013707   0.87463695]
 [ 90.          71.22         0.34928572   0.8812594 ]
 [ 91.          71.340004     0.21908724   0.8872077 ]
 [ 92.          71.420006     0.46583256   0.89540064]
 [ 93.          71.38         0.24899818   0.901993  ]
 [ 94.          71.14001      0.24083321   0.90785563]
 [ 95.          71.6          0.6041516    0.91357327]
 [ 96.          70.56         0.6426504    0.9192938 ]
 [ 97.          71.68         0.6760171    0.9249593 ]
 [ 98.          71.64001      0.92086744   0.9305315 ]
 [ 99.          70.58         0.7293837    0.9390125 ]
 [100.          71.94         1.1970798    0.9463339 ]
 [101.          71.26         0.9423371    0.9517235 ]
 [102.          71.14001      0.86487013   0.95763206]
 [103.          71.520004     0.9628074    0.9631079 ]
 [104.          70.6          1.0222533    0.96867716]
 [105.          71.88         1.1562866    0.9742058 ]
 [106.          70.76         1.2739713    0.98013943]
 [107.          71.18         0.7918341    0.98639244]
 [108.          71.08001      0.870059     0.9924423 ]
 [109.          71.340004     0.68775076   0.9984396 ]
 [110.          70.420006     1.1945709    1.0059352 ]
 [111.          71.36001      1.0139039    1.0155001 ]
 [112.          69.36         1.8968383    1.0218098 ]
 [113.          71.48         0.68337715   1.0296888 ]
 [114.          69.38         1.8335745    1.0362643 ]
 [115.          69.96         1.8324856    1.0442125 ]
 [116.          70.200005     1.5842972    1.0503674 ]
 [117.          70.340004     1.3126328    1.0576744 ]
 [118.          69.5          1.6401224    1.065761  ]
 [119.          68.82         1.3349158    1.0731716 ]
 [120.          70.740005     0.49799722   1.0785182 ]
 [121.          70.32         1.0034921    1.0839665 ]
 [122.          69.380005     0.9203262    1.0893263 ]
 [123.          69.82         0.60166496   1.0956404 ]
 [124.          69.8          1.4195069    1.1021649 ]
 [125.          68.740005     1.4328288    1.1097535 ]
 [126.          69.520004     0.9523667    1.1157981 ]
 [127.          68.36         1.8338472    1.1240873 ]
 [128.          68.06         1.4170394    1.1308645 ]
 [129.          69.020004     2.297172     1.1383682 ]
 [130.          67.880005     2.6051862    1.1466864 ]
 [131.          67.58         2.746268     1.1540333 ]
 [132.          69.46         1.4293354    1.1628844 ]
 [133.          70.18         0.84676075   1.1706377 ]
 [134.          69.42         0.81975865   1.1760683 ]
 [135.          69.64001      0.75365776   1.1815602 ]
 [136.          69.58         0.82583255   1.186594  ]
 [137.          69.54         1.1865876    1.1937243 ]
 [138.          68.78         1.1166922    1.1998328 ]
 [139.          69.659996     0.5770615    1.2072207 ]
 [140.          68.06         0.8648713    1.213611  ]
 [141.          69.520004     1.2070607    1.2208782 ]
 [142.          68.840004     1.297306     1.2284164 ]
 [143.          68.240005     1.7008833    1.2343234 ]
 [144.          68.700005     0.9823426    1.2401488 ]
 [145.          68.200005     1.5297071    1.2475454 ]
 [146.          67.5          1.2786736    1.2561854 ]
 [147.          68.020004     0.3193775    1.2621574 ]
 [148.          66.840004     3.2191617    1.2682892 ]
 [149.          68.240005     1.5404538    1.2739819 ]
 [150.          68.18001      1.6084154    1.2806107 ]
 [151.          68.36         2.406868     1.2862668 ]
 [152.          69.54         1.2876321    1.2927908 ]
 [153.          69.48         1.553062     1.3000942 ]
 [154.          68.94         1.1760118    1.3057888 ]
 [155.          68.619995     2.3015223    1.3105649 ]
 [156.          69.36         1.2521988    1.3163894 ]
 [157.          68.86         1.0784252    1.3222399 ]
 [158.          69.26         0.7300692    1.328685  ]
 [159.          69.04         0.73006654   1.3339342 ]
 [160.          68.71999      0.8408342    1.3406225 ]
 [161.          68.68001      0.756307     1.3461628 ]
 [162.          69.48         0.4438455    1.3514891 ]
 [163.          68.46         0.7266381    1.3569412 ]
 [164.          68.           1.4491353    1.3637637 ]
 [165.          68.88         0.5357226    1.3693589 ]
 [166.          68.46         0.34351024   1.3754123 ]
 [167.          68.28         0.7758887    1.3824056 ]
 [168.          67.64         0.9607311    1.3883822 ]
 [169.          67.920006     0.76616037   1.3944082 ]
 [170.          66.200005     1.3038414    1.4003568 ]
 [171.          66.98         1.0756397    1.4063911 ]
 [172.          67.56         1.4570504    1.4133118 ]
 [173.          67.439995     0.94498444   1.4197466 ]
 [174.          67.240005     1.3277824    1.4248508 ]
 [175.          66.659996     2.1326044    1.4301593 ]
 [176.          67.420006     2.0668821    1.4352707 ]
 [177.          67.48         0.7758874    1.4407614 ]
 [178.          67.36         1.7544218    1.4491202 ]
 [179.          68.           0.92736375   1.4558159 ]
 [180.          68.32         1.2557873    1.4619044 ]
 [181.          68.200005     0.7176326    1.4675486 ]
 [182.          68.04         1.3069053    1.4734596 ]
 [183.          68.200005     1.6124519    1.4788108 ]
 [184.          68.38         1.6724203    1.484098  ]
 [185.          67.76         1.6757071    1.489096  ]
 [186.          68.           1.9710406    1.4956656 ]
 [187.          68.28         1.3809439    1.5060349 ]
 [188.          68.68001      1.0709823    1.5168594 ]
 [189.          68.28         0.9884321    1.521869  ]
 [190.          67.700005     1.5049925    1.5273374 ]
 [191.          68.18         0.9731402    1.5341011 ]
 [192.          67.6          1.3747729    1.5402613 ]
 [193.          67.920006     0.7791029    1.5458113 ]
 [194.          68.5          0.39999786   1.5531172 ]
 [195.          68.159996     1.8796265    1.5591325 ]
 [196.          68.04         0.6730504    1.5657675 ]
 [197.          67.740005     0.7231866    1.5718068 ]
 [198.          67.64001      0.88487303   1.5770524 ]
 [199.          67.18         0.55407655   1.5822471 ]
 [200.          66.62001      1.6177146    1.5877292 ]]
The best results: 
Epoch: 100  71.94±1.20  0.946s
--------------- Train Done! ----------------
