Using cuda:0 device
Dataset     :Citeseer
Epochs      :200
LR X_s      :0.01
Learn A_s   :0
LR A_s      :0.01
Conden ratio:0.25
Ridge       :0.5
Kernel      :SNTK
k           :5
L           :1
Seed        :5
The 1th Iteration:
--------------------------------------------------
The 2th Iteration:
--------------------------------------------------
The 3th Iteration:
--------------------------------------------------
The 4th Iteration:
--------------------------------------------------
The 5th Iteration:
--------------------------------------------------
[[  1.          17.64         5.939529     0.43403125]
 [  2.          18.           6.1939487    0.4725887 ]
 [  3.          19.460001     8.479564     0.5127734 ]
 [  4.          17.36         8.690972     0.55712384]
 [  5.          17.42         8.566038     0.59639806]
 [  6.          17.6          8.292467     0.63494194]
 [  7.          17.960001     7.8761034    0.6779021 ]
 [  8.          18.220001     7.614263     0.71436036]
 [  9.          18.68         7.2409945    0.75538105]
 [ 10.          19.12         7.0860424    0.79247576]
 [ 11.          19.42         6.9693613    0.8316944 ]
 [ 12.          19.86         6.9392366    0.8659342 ]
 [ 13.          20.319998     7.0754504    0.9034462 ]
 [ 14.          20.460001     7.1458387    0.9413492 ]
 [ 15.          20.64         7.2552056    0.9807148 ]
 [ 16.          20.720001     7.2994523    1.0200802 ]
 [ 17.          20.88         7.412625     1.0607499 ]
 [ 18.          20.98         7.370685     1.0964447 ]
 [ 19.          20.98         7.2430654    1.1404568 ]
 [ 20.          20.920002     7.1952763    1.1804026 ]
 [ 21.          21.18         6.9715133    1.221383  ]
 [ 22.          21.48         6.480123     1.2616004 ]
 [ 23.          21.74         5.9664063    1.30093   ]
 [ 24.          22.08         5.334511     1.3431797 ]
 [ 25.          22.38         4.8298035    1.3785969 ]
 [ 26.          22.679998     4.224571     1.4202832 ]
 [ 27.          22.980001     3.49242      1.4600674 ]
 [ 28.          23.2          2.7477264    1.5030545 ]
 [ 29.          23.34         2.4429488    1.5444218 ]
 [ 30.          23.539999     2.107843     1.5867966 ]
 [ 31.          23.74         1.680179     1.6238743 ]
 [ 32.          24.039999     1.0691121    1.6689991 ]
 [ 33.          24.179998     0.8526428    1.7121166 ]
 [ 34.          24.22         0.68702334   1.7531064 ]
 [ 35.          24.240002     0.5594639    1.7890581 ]
 [ 36.          24.300001     0.5000002    1.8276051 ]
 [ 37.          24.320002     0.4969912    1.8662566 ]
 [ 38.          24.44         0.4335898    1.9029547 ]
 [ 39.          24.52         0.39623222   1.9421974 ]
 [ 40.          24.64         0.4393174    1.9748356 ]
 [ 41.          24.68         0.52630776   2.0128057 ]
 [ 42.          24.62         0.49193576   2.0550869 ]
 [ 43.          24.660002     0.46690515   2.0877728 ]
 [ 44.          24.660002     0.44497234   2.1215093 ]
 [ 45.          24.660002     0.44497234   2.1632895 ]
 [ 46.          24.640001     0.47222894   2.2003899 ]
 [ 47.          24.64         0.54589397   2.23606   ]
 [ 48.          24.660002     0.5176869    2.274612  ]
 [ 49.          24.64         0.51768714   2.3107173 ]
 [ 50.          24.6          0.4949742    2.3483493 ]
 [ 51.          24.68         0.42071396   2.3875093 ]
 [ 52.          24.660002     0.37815323   2.4293334 ]
 [ 53.          24.720001     0.43243492   2.4716408 ]
 [ 54.          24.76         0.4219005    2.5144424 ]
 [ 55.          24.78         0.4324353    2.5562532 ]
 [ 56.          24.84         0.47749385   2.5991514 ]
 [ 57.          24.94         0.4722295    2.6421554 ]
 [ 58.          25.1          0.53385377   2.682575  ]
 [ 59.          25.24         0.49799544   2.7232552 ]
 [ 60.          25.300001     0.5338545    2.7616634 ]
 [ 61.          25.74         1.2501992    2.8046405 ]
 [ 62.          26.359999     1.6816658    2.8433588 ]
 [ 63.          27.220001     1.9651972    2.8820653 ]
 [ 64.          27.680002     2.2720032    2.9214995 ]
 [ 65.          27.94         2.5657363    2.9608705 ]
 [ 66.          28.520002     2.477297     2.9984844 ]
 [ 67.          29.36         2.4419258    3.0385091 ]
 [ 68.          30.1          1.9748417    3.0742648 ]
 [ 69.          30.62         1.609969     3.1083868 ]
 [ 70.          31.08         1.4307339    3.1478221 ]
 [ 71.          31.300001     1.6046798    3.1868875 ]
 [ 72.          31.300001     1.431782     3.2269828 ]
 [ 73.          31.539999     1.3685753    3.2643108 ]
 [ 74.          31.6          1.6985294    3.3018768 ]
 [ 75.          31.94         2.2108822    3.3423562 ]
 [ 76.          32.079998     2.6109388    3.3814735 ]
 [ 77.          32.359997     2.8430614    3.4204361 ]
 [ 78.          32.28         3.3229496    3.4583576 ]
 [ 79.          32.8          3.8098555    3.4982915 ]
 [ 80.          32.9          4.005621     3.538038  ]
 [ 81.          33.079998     4.0996337    3.5828369 ]
 [ 82.          33.5          4.066941     3.6262136 ]
 [ 83.          34.04         4.122256     3.665976  ]
 [ 84.          34.16         4.144032     3.708989  ]
 [ 85.          34.7          3.929378     3.7499359 ]
 [ 86.          35.34         3.6390944    3.790353  ]
 [ 87.          36.140003     3.5451386    3.8314526 ]
 [ 88.          36.940002     3.3019688    3.8693657 ]
 [ 89.          37.8          3.4481883    3.912326  ]
 [ 90.          38.940002     3.1840224    3.954139  ]
 [ 91.          39.820004     3.2057753    3.99145   ]
 [ 92.          40.78         3.1123953    4.032732  ]
 [ 93.          41.84         3.3087747    4.073934  ]
 [ 94.          42.74         3.6929657    4.113597  ]
 [ 95.          43.640003     3.6349688    4.15439   ]
 [ 96.          44.600002     3.8255718    4.196876  ]
 [ 97.          45.320004     4.016466     4.2363873 ]
 [ 98.          46.3          3.9427166    4.2760663 ]
 [ 99.          47.139996     3.7567284    4.315521  ]
 [100.          47.94         3.6623766    4.353998  ]
 [101.          48.540005     3.3065088    4.3990397 ]
 [102.          49.440002     3.126181     4.438141  ]
 [103.          50.48         2.9886453    4.473693  ]
 [104.          51.280006     2.8882518    4.5095    ]
 [105.          52.           2.7595282    4.5504503 ]
 [106.          52.820004     2.355207     4.5883975 ]
 [107.          53.52         1.8939385    4.6281633 ]
 [108.          54.02         1.666432     4.6683555 ]
 [109.          54.540005     1.4842513    4.7100635 ]
 [110.          55.059998     1.184483     4.7518897 ]
 [111.          55.28         1.0917876    4.7923026 ]
 [112.          55.620003     1.1670475    4.83267   ]
 [113.          56.02         1.0034943    4.867885  ]
 [114.          56.440002     0.93166375   4.9046855 ]
 [115.          56.96         0.8324663    4.9394836 ]
 [116.          57.2          0.93808275   4.979538  ]
 [117.          58.26         1.2461938    5.0211687 ]
 [118.          58.280006     0.27749014   5.062537  ]
 [119.          58.820004     1.425482     5.1021147 ]
 [120.          58.96         1.3126308    5.136844  ]
 [121.          59.840004     0.5176863    5.1768565 ]
 [122.          59.8          1.5459625    5.2154965 ]
 [123.          60.420002     0.7596052    5.2583275 ]
 [124.          61.040005     1.0968128    5.297691  ]
 [125.          60.840004     1.277889     5.3390636 ]
 [126.          61.96         0.5272569    5.3791685 ]
 [127.          62.2          0.9407448    5.4181895 ]
 [128.          61.5          1.7564169    5.4602723 ]
 [129.          62.7          0.8154764    5.5108647 ]
 [130.          63.579998     1.1777087    5.552461  ]
 [131.          62.080006     1.9097122    5.591906  ]
 [132.          64.46         0.37815607   5.630338  ]
 [133.          64.1          1.1022708    5.668919  ]
 [134.          63.600002     0.85146916   5.7081995 ]
 [135.          65.46         1.5355774    5.747028  ]
 [136.          64.700005     1.469694     5.7845764 ]
 [137.          65.700005     1.7435603    5.8274207 ]
 [138.          65.88         2.3721278    5.8691483 ]
 [139.          65.96         2.1755462    5.9104247 ]
 [140.          65.64         1.7586919    5.9519734 ]
 [141.          66.380005     1.9162445    5.99186   ]
 [142.          66.54         1.3813039    6.028464  ]
 [143.          65.86         0.6730514    6.0694847 ]
 [144.          65.98         1.8512181    6.1158423 ]
 [145.          68.700005     1.2186044    6.151958  ]
 [146.          65.68         0.4324384    6.191601  ]
 [147.          67.06         2.5343635    6.2322435 ]
 [148.          66.340004     2.0610642    6.2674956 ]
 [149.          66.840004     1.9743354    6.3086457 ]
 [150.          67.78001      1.9227588    6.344073  ]
 [151.          67.54         1.4892935    6.380867  ]
 [152.          68.02         1.9084024    6.413994  ]
 [153.          65.28001      1.5990608    6.44824   ]
 [154.          63.660004     2.979599     6.4852767 ]
 [155.          66.4          2.3398688    6.5210342 ]
 [156.          68.3          2.338805     6.554448  ]
 [157.          63.7          2.043281     6.588414  ]
 [158.          64.44         3.1532526    6.624971  ]
 [159.          67.28001      3.079286     6.6648345 ]
 [160.          68.36         3.6569142    6.7044573 ]
 [161.          69.06         3.2392902    6.740735  ]
 [162.          67.32         1.6021854    6.783603  ]
 [163.          65.88         1.7527127    6.826628  ]
 [164.          67.02         0.8167004    6.8687987 ]
 [165.          68.3          2.2327125    6.91371   ]
 [166.          66.82         5.101666     6.958009  ]
 [167.          68.78         0.9984998    7.002376  ]
 [168.          67.86         1.4943211    7.039554  ]
 [169.          67.46         1.2218816    7.0812106 ]
 [170.          67.340004     2.1279087    7.127617  ]
 [171.          68.94         0.9607283    7.1670732 ]
 [172.          66.86         2.134949     7.210338  ]
 [173.          65.28001      2.0241048    7.2526193 ]
 [174.          67.1          3.1890423    7.291478  ]
 [175.          66.48         4.1408954    7.330976  ]
 [176.          64.52         9.013156     7.3720703 ]
 [177.          65.3          1.9735774    7.4146075 ]
 [178.          66.52         2.487367     7.448851  ]
 [179.          66.14001      2.8649607    7.485602  ]
 [180.          65.4          2.1130557    7.5220323 ]
 [181.          65.659996     1.946279     7.5561    ]
 [182.          65.22         3.5344007    7.590956  ]
 [183.          64.22         6.075935     7.630667  ]
 [184.          66.36         3.1181695    7.6694946 ]
 [185.          67.26         2.7987483    7.7056704 ]
 [186.          66.42         4.0027485    7.7373476 ]
 [187.          67.96         1.1844835    7.7779975 ]
 [188.          66.76         1.9475634    7.818596  ]
 [189.          66.68         3.161012     7.8573546 ]
 [190.          68.68001      1.370038     7.8947573 ]
 [191.          68.579994     1.8780308    7.935057  ]
 [192.          67.76         1.24016      7.9768977 ]
 [193.          66.920006     1.1777099    8.019604  ]
 [194.          66.840004     2.4296093    8.062289  ]
 [195.          67.88         1.3590435    8.097821  ]
 [196.          68.4          0.6519197    8.140534  ]
 [197.          66.32         1.2316647    8.1822195 ]
 [198.          67.96         0.5412925    8.218828  ]
 [199.          66.48         2.3647413    8.257863  ]
 [200.          61.38        10.074573     8.294745  ]]
The best results: 
Epoch: 161  69.06±3.24  6.741s
--------------- Train Done! ----------------
