Using cuda:0 device
Dataset     :Citeseer
Epochs      :200
LR X_s      :0.01
Learn A_s   :0
LR A_s      :0.01
Conden ratio:1.0
Ridge       :0.1
Kernel      :SGNK
k           :2
L           :1
Seed        :5
The 1th Iteration:
--------------------------------------------------
The 2th Iteration:
--------------------------------------------------
The 3th Iteration:
--------------------------------------------------
The 4th Iteration:
--------------------------------------------------
The 5th Iteration:
--------------------------------------------------
[[  1.          33.52         4.3170595    0.48655024]
 [  2.          48.38         3.9839692    0.4936803 ]
 [  3.          56.16         3.6163528    0.504601  ]
 [  4.          60.46         3.1181746    0.51323146]
 [  5.          63.139996     2.7263522    0.52338123]
 [  6.          64.46         2.339444     0.53373724]
 [  7.          65.240005     2.0923676    0.5466847 ]
 [  8.          66.           1.9811608    0.5570379 ]
 [  9.          66.56         1.6257315    0.56741375]
 [ 10.          66.740005     1.3240086    0.5779324 ]
 [ 11.          67.28         1.1755859    0.58755696]
 [ 12.          67.240005     1.0163647    0.59942156]
 [ 13.          67.56         0.7987487    0.61072046]
 [ 14.          67.740005     0.9914621    0.62584776]
 [ 15.          67.740005     0.7987476    0.63741857]
 [ 16.          67.840004     0.5128366    0.65186876]
 [ 17.          67.82         0.29495633   0.66475314]
 [ 18.          67.840004     0.4393172    0.67480826]
 [ 19.          67.9          0.51478314   0.6817969 ]
 [ 20.          67.920006     0.5674496    0.6891474 ]
 [ 21.          67.98         0.5357243    0.6973865 ]
 [ 22.          68.14001      0.45606932   0.70765704]
 [ 23.          68.26         0.5458942    0.7158651 ]
 [ 24.          68.200005     0.64420396   0.7288401 ]
 [ 25.          68.08         0.59329456   0.7387492 ]
 [ 26.          67.96001      0.6655836    0.74698216]
 [ 27.          68.1          0.7211104    0.7591136 ]
 [ 28.          68.340004     0.5594632    0.7721372 ]
 [ 29.          68.66         0.59833187   0.7843523 ]
 [ 30.          68.78         0.55407524   0.7914545 ]
 [ 31.          68.88         0.38987285   0.7987878 ]
 [ 32.          69.12         0.349286     0.80559206]
 [ 33.          69.38         0.38987172   0.8149805 ]
 [ 34.          69.420006     0.36331633   0.8246929 ]
 [ 35.          69.56         0.32093525   0.83442116]
 [ 36.          69.76         0.51768804   0.8406292 ]
 [ 37.          69.9          0.533854     0.8505066 ]
 [ 38.          70.           0.4743402    0.8634656 ]
 [ 39.          70.12         0.43817687   0.87577325]
 [ 40.          70.22         0.44384822   0.8857126 ]
 [ 41.          70.18001      0.40865847   0.89090747]
 [ 42.          70.14         0.39749143   0.8983998 ]
 [ 43.          70.119995     0.43243632   0.90558416]
 [ 44.          70.21999      0.47644633   0.91361123]
 [ 45.          70.36         0.4393187    0.9238426 ]
 [ 46.          70.44         0.33615324   0.9325862 ]
 [ 47.          70.340004     0.3911529    0.94270897]
 [ 48.          70.36         0.42778528   0.9480254 ]
 [ 49.          70.340004     0.427784     0.9543541 ]
 [ 50.          70.340004     0.42190298   0.95958537]
 [ 51.          70.48         0.55407655   0.966109  ]
 [ 52.          70.5          0.5099004    0.9730193 ]
 [ 53.          70.58         0.383406     0.98004895]
 [ 54.          70.68001      0.38987043   0.9859992 ]
 [ 55.          70.72         0.34928605   0.9931168 ]
 [ 56.          70.74         0.34351152   0.9996864 ]
 [ 57.          70.880005     0.37013626   1.0077233 ]
 [ 58.          70.94         0.2792859    1.0173424 ]
 [ 59.          70.96         0.42778438   1.0251703 ]
 [ 60.          70.96         0.40373182   1.0326359 ]
 [ 61.          71.           0.25495145   1.0408478 ]
 [ 62.          70.96         0.29665017   1.0521628 ]
 [ 63.          71.06         0.28809804   1.0651563 ]
 [ 64.          71.18         0.30331364   1.0744737 ]
 [ 65.          71.26         0.3507129    1.0844672 ]
 [ 66.          71.240005     0.27018422   1.097885  ]
 [ 67.          71.28         0.20494048   1.1120666 ]
 [ 68.          71.380005     0.29496208   1.1278784 ]
 [ 69.          71.36         0.23021941   1.1371907 ]
 [ 70.          71.32         0.16431999   1.1511805 ]
 [ 71.          71.26         0.21908742   1.1670586 ]
 [ 72.          71.340004     0.21909116   1.1810998 ]
 [ 73.          71.36         0.19493784   1.1925863 ]
 [ 74.          71.46         0.2073642    1.2137618 ]
 [ 75.          71.44         0.20736471   1.2271912 ]
 [ 76.          71.48         0.7259469    1.2389389 ]
 [ 77.          71.340004     1.1970782    1.2549381 ]
 [ 78.          70.32001      0.96540374   1.2662126 ]
 [ 79.          71.9          0.3741648    1.2784827 ]
 [ 80.          71.56         0.66558325   1.2921295 ]
 [ 81.          71.020004     0.6418738    1.3050499 ]
 [ 82.          71.5          1.1067959    1.3164158 ]
 [ 83.          71.840004     0.75033265   1.3232192 ]
 [ 84.          71.1          0.5196169    1.3379234 ]
 [ 85.          71.200005     0.80932254   1.3451414 ]
 [ 86.          71.9          0.19999886   1.3533286 ]
 [ 87.          70.82         0.8166998    1.3607064 ]
 [ 88.          71.08001      0.6942621    1.3686558 ]
 [ 89.          71.48         0.68337166   1.3753856 ]
 [ 90.          70.659996     0.65421546   1.3852643 ]
 [ 91.          70.1          0.7778161    1.3948013 ]
 [ 92.          71.3          0.7745988    1.4058653 ]
 [ 93.          70.67999      0.44384578   1.4131917 ]
 [ 94.          70.14001      1.0382655    1.4216229 ]
 [ 95.          70.86001      0.76354706   1.4316314 ]
 [ 96.          69.94         1.1886971    1.4420718 ]
 [ 97.          70.22         0.875785     1.4494565 ]
 [ 98.          69.8          1.1768587    1.4616807 ]
 [ 99.          70.700005     0.74162024   1.472062  ]
 [100.          69.54         0.6107406    1.4802226 ]
 [101.          70.340004     0.85907125   1.4876293 ]
 [102.          70.22         0.75299376   1.4966942 ]
 [103.          70.340004     0.6913778    1.5073124 ]
 [104.          69.740005     0.5683317    1.52195   ]
 [105.          70.1          0.9460451    1.5333369 ]
 [106.          69.5          0.73143506   1.5423033 ]
 [107.          69.71999      0.32710743   1.5487505 ]
 [108.          69.58001      0.7726585    1.5563973 ]
 [109.          69.6          0.81240344   1.563751  ]
 [110.          69.76         0.46152237   1.5699575 ]
 [111.          69.14001      0.29664665   1.5753235 ]
 [112.          69.02         0.77588814   1.5849576 ]
 [113.          69.64001      0.51283807   1.5943215 ]
 [114.          70.020004     0.909395     1.6023878 ]
 [115.          69.72         0.71902776   1.614425  ]
 [116.          69.5          0.92466384   1.6277672 ]
 [117.          69.020004     0.521539     1.6418879 ]
 [118.          69.32         0.3271053    1.6511316 ]
 [119.          69.06         0.3361547    1.6656221 ]
 [120.          69.44         0.5770615    1.6751719 ]
 [121.          69.32         1.0497634    1.682722  ]
 [122.          69.200005     0.29154563   1.6914822 ]
 [123.          69.5          0.80622745   1.702212  ]
 [124.          69.32         0.9731403    1.7128547 ]
 [125.          69.3          0.56568265   1.7247097 ]
 [126.          69.00001      0.30000347   1.7334347 ]
 [127.          68.96         0.38470814   1.7424921 ]
 [128.          69.02         0.79812264   1.7587315 ]
 [129.          68.72         0.6300811    1.7751637 ]
 [130.          69.28         0.37682635   1.7874924 ]
 [131.          69.18         0.64961743   1.7979395 ]
 [132.          69.02         0.38987002   1.8072237 ]
 [133.          68.8          0.43588877   1.8145764 ]
 [134.          68.88         0.5932953    1.823259  ]
 [135.          69.           0.5744546    1.8336449 ]
 [136.          69.04         0.5458974    1.8438904 ]
 [137.          68.88         0.44384593   1.8523172 ]
 [138.          68.46         0.21908568   1.8653119 ]
 [139.          68.439995     0.3209364    1.878637  ]
 [140.          68.76         0.3361564    1.8899084 ]
 [141.          69.020004     0.89274794   1.9084848 ]
 [142.          69.02         0.34928584   1.9252211 ]
 [143.          68.94         0.3507146    1.9428122 ]
 [144.          68.8          0.5147823    1.9623708 ]
 [145.          68.520004     0.48166394   1.9739491 ]
 [146.          68.32001      0.42661628   1.9840428 ]
 [147.          68.44         0.16732843   1.993068  ]
 [148.          68.700005     0.5522702    2.0041482 ]
 [149.          68.78001      0.2683282    2.0150242 ]
 [150.          68.74         0.1816608    2.025369  ]
 [151.          68.72         0.25884274   2.039433  ]
 [152.          68.5          0.09999943   2.0567563 ]
 [153.          68.54         0.16733359   2.0691767 ]
 [154.          68.5          0.27386245   2.0784078 ]
 [155.          68.64001      0.38470638   2.0925548 ]
 [156.          68.72         0.34205246   2.103439  ]
 [157.          68.659996     0.37815228   2.1117551 ]
 [158.          68.54         0.2701887    2.120308  ]
 [159.          68.619995     0.32710937   2.1266448 ]
 [160.          68.56         0.39115152   2.1391518 ]
 [161.          68.3          0.30822033   2.1476295 ]
 [162.          68.32         0.31937385   2.158409  ]
 [163.          68.22         0.22803241   2.1700795 ]
 [164.          68.159996     0.167335     2.177443  ]
 [165.          68.18001      0.13038781   2.1903372 ]
 [166.          68.36         0.27019125   2.2072866 ]
 [167.          68.340004     0.3714837    2.2238767 ]
 [168.          68.200005     0.29154533   2.2388492 ]
 [169.          68.240005     0.15166102   2.2502725 ]
 [170.          68.22001      0.16431643   2.2620733 ]
 [171.          68.24         0.11402099   2.2720323 ]
 [172.          68.200005     0.18708256   2.2823675 ]
 [173.          68.3          0.17320538   2.2903647 ]
 [174.          68.26         0.20736392   2.3018987 ]
 [175.          68.3          0.25495008   2.3117218 ]
 [176.          68.3          0.24494939   2.3204694 ]
 [177.          68.21999      0.22803499   2.3290179 ]
 [178.          68.18001      0.22803573   2.3361652 ]
 [179.          68.200005     0.21213314   2.3440468 ]
 [180.          68.200005     0.15811549   2.354113  ]
 [181.          68.14001      0.20736423   2.3652837 ]
 [182.          68.12         0.30331692   2.3779695 ]
 [183.          68.14001      0.1516565    2.3885503 ]
 [184.          68.14001      0.194934     2.3947213 ]
 [185.          68.12         0.17888483   2.4037302 ]
 [186.          68.1          0.12247574   2.4131525 ]
 [187.          68.1          0.14141943   2.4215748 ]
 [188.          68.14         0.08944136   2.4302025 ]
 [189.          68.18         0.10954516   2.4403255 ]
 [190.          68.26         0.19493683   2.4518442 ]
 [191.          68.24         0.20736575   2.4608858 ]
 [192.          68.240005     0.25099772   2.4727552 ]
 [193.          68.26         0.24083279   2.4844613 ]
 [194.          68.24         0.27018574   2.494908  ]
 [195.          68.18001      0.22803462   2.5040967 ]
 [196.          68.14001      0.18165831   2.5152304 ]
 [197.          68.18         0.17888352   2.5291476 ]
 [198.          68.18         0.19235379   2.5406868 ]
 [199.          68.12         0.14832312   2.5621288 ]
 [200.          68.1          0.15811288   2.572713  ]]
The best results: 
Epoch: 79  71.90±0.37  1.278s
--------------- Train Done! ----------------
--------------- Save Done! ----------------
