Using cuda:0 device
Dataset     :Citeseer
Epochs      :200
LR X_s      :0.01
Learn A_s   :1
LR A_s      :0.01
Conden ratio:0.5
Ridge       :0.5
Kernel      :SGNK
k           :3
L           :1
Seed        :5
The 1th Iteration:
--------------------------------------------------
The 2th Iteration:
--------------------------------------------------
The 3th Iteration:
--------------------------------------------------
The 4th Iteration:
--------------------------------------------------
The 5th Iteration:
--------------------------------------------------
[[  1.          12.860001     4.724722     0.26248336]
 [  2.          12.860001     4.724722     0.26931405]
 [  3.          12.62         7.084632     0.27618954]
 [  4.          12.62         7.084632     0.2817373 ]
 [  5.          12.62         7.084632     0.28725147]
 [  6.          12.7          7.0171227    0.29445466]
 [  7.          12.639999     7.06739      0.30153185]
 [  8.          12.66         7.0503907    0.30708846]
 [  9.          12.66         7.0503907    0.31280303]
 [ 10.          12.7          7.0171227    0.3185633 ]
 [ 11.          12.639999     7.06739      0.32419038]
 [ 12.          12.679999     7.0336337    0.33004075]
 [ 13.          12.839999     6.9085455    0.3368573 ]
 [ 14.          13.080001     6.752185     0.34240672]
 [ 15.          13.38         6.6130176    0.34856525]
 [ 16.          13.639999     6.545839     0.3539577 ]
 [ 17.          13.94         6.532075     0.35984173]
 [ 18.          14.12         6.556829     0.3655425 ]
 [ 19.          14.339999     6.620272     0.37117934]
 [ 20.          14.42         6.652218     0.3768509 ]
 [ 21.          14.459999     6.669933     0.38265333]
 [ 22.          14.459999     6.669933     0.38924742]
 [ 23.          14.459999     6.669933     0.39532134]
 [ 24.          14.459999     6.669933     0.40121624]
 [ 25.          14.459999     6.669933     0.40667963]
 [ 26.          14.459999     6.669933     0.41212592]
 [ 27.          14.459999     6.669933     0.41787305]
 [ 28.          14.459999     6.669933     0.42360875]
 [ 29.          14.459999     6.669933     0.4308289 ]
 [ 30.          14.459999     6.669933     0.4366252 ]
 [ 31.          14.459999     6.669933     0.44263688]
 [ 32.          14.459999     6.669933     0.44913226]
 [ 33.          14.459999     6.669933     0.4556745 ]
 [ 34.          14.459999     6.669933     0.46256232]
 [ 35.          14.459999     6.669933     0.47001573]
 [ 36.          14.459999     6.669933     0.47724673]
 [ 37.          14.459999     6.669933     0.48394114]
 [ 38.          14.459999     6.669933     0.48953295]
 [ 39.          14.459999     6.669933     0.49511418]
 [ 40.          14.459999     6.669933     0.50102097]
 [ 41.          14.459999     6.669933     0.5067165 ]
 [ 42.          14.459999     6.669933     0.51178277]
 [ 43.          14.459999     6.669933     0.51772547]
 [ 44.          14.459999     6.669933     0.52322954]
 [ 45.          14.459999     6.669933     0.52863353]
 [ 46.          14.459999     6.669933     0.5340451 ]
 [ 47.          14.459999     6.669933     0.54011875]
 [ 48.          14.4800005    6.644697     0.54636675]
 [ 49.          14.44         6.6953716    0.55230135]
 [ 50.          15.36         5.7730412    0.5575149 ]
 [ 51.          16.26         5.5016365    0.5630092 ]
 [ 52.          16.32         5.509265     0.5688061 ]
 [ 53.          16.300001     5.5063605    0.57487196]
 [ 54.          16.300001     5.5063605    0.58023995]
 [ 55.          16.300001     5.5063605    0.5857423 ]
 [ 56.          16.300001     5.5063605    0.59094703]
 [ 57.          16.300001     5.5063605    0.597988  ]
 [ 58.          16.300001     5.5063605    0.60389686]
 [ 59.          16.300001     5.5063605    0.6105715 ]
 [ 60.          16.300001     5.5063605    0.61615825]
 [ 61.          16.300001     5.5063605    0.62130326]
 [ 62.          16.300001     5.5063605    0.6258249 ]
 [ 63.          16.300001     5.5063605    0.6304564 ]
 [ 64.          16.300001     5.5063605    0.63510185]
 [ 65.          16.300001     5.5063605    0.6398458 ]
 [ 66.          16.300001     5.5063605    0.6449868 ]
 [ 67.          16.300001     5.5063605    0.6499191 ]
 [ 68.          16.300001     5.5063605    0.65559506]
 [ 69.          16.300001     5.5063605    0.66326463]
 [ 70.          16.300001     5.5063605    0.6689626 ]
 [ 71.          16.300001     5.5063605    0.6751451 ]
 [ 72.          16.300001     5.5063605    0.6803601 ]
 [ 73.          16.300001     5.5063605    0.68616766]
 [ 74.          16.279999     5.475582     0.6915688 ]
 [ 75.          16.279999     5.475582     0.6973047 ]
 [ 76.          16.24         5.4146104    0.70561117]
 [ 77.          16.279999     5.475582     0.71368194]
 [ 78.          16.279999     5.475582     0.7199995 ]
 [ 79.          16.279999     5.475582     0.72796315]
 [ 80.          16.279999     5.475582     0.7342741 ]
 [ 81.          16.279999     5.475582     0.74175596]
 [ 82.          16.26         5.444998     0.7471052 ]
 [ 83.          16.26         5.444998     0.7529224 ]
 [ 84.          16.26         5.444998     0.76000136]
 [ 85.          16.26         5.444998     0.76622707]
 [ 86.          16.26         5.444998     0.77227205]
 [ 87.          16.26         5.444998     0.77860564]
 [ 88.          16.26         5.444998     0.7844513 ]
 [ 89.          16.26         5.444998     0.7907398 ]
 [ 90.          16.26         5.444998     0.79743713]
 [ 91.          16.26         5.444998     0.8036869 ]
 [ 92.          16.26         5.444998     0.80903304]
 [ 93.          16.26         5.444998     0.8148907 ]
 [ 94.          16.26         5.444998     0.8205315 ]
 [ 95.          16.279999     5.475582     0.8270224 ]
 [ 96.          16.279999     5.475582     0.83232325]
 [ 97.          16.279999     5.475582     0.83833313]
 [ 98.          16.279999     5.475582     0.8433241 ]
 [ 99.          16.279999     5.475582     0.8487156 ]
 [100.          16.26         5.444998     0.8537354 ]
 [101.          16.300001     5.5063605    0.8585769 ]
 [102.          16.300001     5.5063605    0.86362344]
 [103.          16.300001     5.5063605    0.86852723]
 [104.          16.300001     5.5063605    0.87355274]
 [105.          16.300001     5.5063605    0.8795909 ]
 [106.          16.300001     5.5063605    0.8849411 ]
 [107.          16.300001     5.5063605    0.8907649 ]
 [108.          16.300001     5.5063605    0.89580077]
 [109.          16.32         5.5373282    0.9008493 ]
 [110.          16.32         5.5373282    0.906116  ]
 [111.          16.32         5.5373282    0.91149324]
 [112.          16.32         5.5373282    0.917645  ]
 [113.          16.32         5.5373282    0.924177  ]
 [114.          16.32         5.5373282    0.92965096]
 [115.          16.32         5.5373282    0.9351794 ]
 [116.          16.32         5.5373282    0.9413352 ]
 [117.          16.32         5.5373282    0.9475114 ]
 [118.          16.32         5.5373282    0.95357   ]
 [119.          16.300001     5.5063605    0.95947665]
 [120.          16.300001     5.5063605    0.9656523 ]
 [121.          16.300001     5.5063605    0.9717509 ]
 [122.          16.300001     5.5063605    0.97747916]
 [123.          16.300001     5.5063605    0.9833298 ]
 [124.          16.300001     5.5063605    0.9898676 ]
 [125.          16.300001     5.5063605    0.996603  ]
 [126.          16.300001     5.5063605    1.0038731 ]
 [127.          16.300001     5.5063605    1.0099972 ]
 [128.          16.300001     5.5063605    1.0181732 ]
 [129.          16.300001     5.5063605    1.0243216 ]
 [130.          16.300001     5.5063605    1.0317892 ]
 [131.          16.300001     5.5063605    1.0394243 ]
 [132.          16.34         5.5401273    1.0464861 ]
 [133.          16.34         5.568483     1.0528382 ]
 [134.          16.38         5.574227     1.0592808 ]
 [135.          16.38         5.574227     1.0669538 ]
 [136.          16.44         5.610971     1.0774528 ]
 [137.          16.460001     5.600268     1.085406  ]
 [138.          16.48         5.6024103    1.0929432 ]
 [139.          16.5          5.633827     1.0994679 ]
 [140.          16.560001     5.729136     1.1054323 ]
 [141.          16.62         5.4742126    1.1141676 ]
 [142.          16.880001     5.027624     1.1200827 ]
 [143.          17.94         3.3857057    1.1259873 ]
 [144.          19.020002     2.9269435    1.1316565 ]
 [145.          19.5          3.320391     1.1370289 ]
 [146.          19.82         3.7198117    1.1421992 ]
 [147.          19.94         3.8168054    1.147372  ]
 [148.          20.48         4.5207305    1.1523399 ]
 [149.          21.140001     4.697126     1.1576627 ]
 [150.          22.080002     4.878729     1.1649914 ]
 [151.          23.94         5.3993516    1.1703362 ]
 [152.          25.6          7.1975694    1.1755255 ]
 [153.          26.679998     7.5800405    1.1807097 ]
 [154.          27.98         8.91751      1.1859549 ]
 [155.          29.           8.944551     1.1922263 ]
 [156.          29.94         8.637301     1.198959  ]
 [157.          30.459997     7.8875227    1.2043412 ]
 [158.          30.64         7.7448688    1.2123005 ]
 [159.          31.26         7.553013     1.2189074 ]
 [160.          31.58         7.1226397    1.2267188 ]
 [161.          32.           6.9198985    1.23265   ]
 [162.          32.66         6.7589197    1.2388586 ]
 [163.          33.02         6.4615793    1.2458221 ]
 [164.          33.140003     6.7692685    1.2525812 ]
 [165.          33.460003     6.5186667    1.2605642 ]
 [166.          33.38         6.8008823    1.2658533 ]
 [167.          32.960003     6.7921276    1.2711785 ]
 [168.          32.559998     6.4240174    1.2766724 ]
 [169.          32.7          6.0663004    1.2821677 ]
 [170.          32.760002     6.099017     1.2876477 ]
 [171.          32.98         5.975534     1.2928724 ]
 [172.          33.579998     5.690079     1.2984607 ]
 [173.          34.040005     5.501182     1.3038435 ]
 [174.          34.74         5.0381546    1.3090714 ]
 [175.          36.140003     4.9988008    1.3143004 ]
 [176.          37.059998     5.004299     1.3196057 ]
 [177.          38.16         5.5895433    1.3249928 ]
 [178.          38.94         5.590885     1.3302277 ]
 [179.          39.44         6.068196     1.3360068 ]
 [180.          40.14         5.9256225    1.3413767 ]
 [181.          40.66         6.412721     1.3470124 ]
 [182.          41.840004     6.9179473    1.3524799 ]
 [183.          42.88         7.338393     1.3584465 ]
 [184.          43.760002     7.878007     1.3643602 ]
 [185.          44.640003     8.289934     1.3699503 ]
 [186.          45.460003     8.347035     1.37613   ]
 [187.          46.84         8.539204     1.3816074 ]
 [188.          47.42         8.25421      1.3869374 ]
 [189.          48.38         8.688901     1.3921967 ]
 [190.          49.260002     9.07816      1.3992541 ]
 [191.          50.74         8.562303     1.4049    ]
 [192.          51.640003     8.615857     1.410444  ]
 [193.          52.119995     8.873105     1.4170953 ]
 [194.          52.719997     9.470058     1.422556  ]
 [195.          53.859997     9.27971      1.4278144 ]
 [196.          53.76         8.924292     1.4329659 ]
 [197.          54.040005     9.224316     1.4387445 ]
 [198.          54.48         9.629227     1.4451264 ]
 [199.          55.02         9.1179495    1.4503248 ]
 [200.          56.26         8.046925     1.4555054 ]]
The best results: 
Epoch: 200  56.26±8.05  1.456s
--------------- Train Done! ----------------
