Using cuda:0 device
Dataset     :Citeseer
Epochs      :200
LR X_s      :0.01
Learn A_s   :0
LR A_s      :0.01
Conden ratio:0.25
Ridge       :0.001
Kernel      :SGNK
k           :2
L           :1
Seed        :5
The 1th Iteration:
--------------------------------------------------
The 2th Iteration:
--------------------------------------------------
The 3th Iteration:
--------------------------------------------------
The 4th Iteration:
--------------------------------------------------
The 5th Iteration:
--------------------------------------------------
[[  1.          22.240002     4.432606     0.4057694 ]
 [  2.          30.759998     4.806557     0.41621786]
 [  3.          36.72         5.3457465    0.42719933]
 [  4.          41.7          4.966388     0.43851978]
 [  5.          46.040005     4.762668     0.45085865]
 [  6.          49.38         4.7420454    0.46291113]
 [  7.          51.579998     4.6740775    0.4703466 ]
 [  8.          53.440002     4.549504     0.47942987]
 [  9.          55.           4.695211     0.48720846]
 [ 10.          56.68         5.0662603    0.4966931 ]
 [ 11.          58.059998     4.919656     0.50613517]
 [ 12.          58.920002     4.732548     0.5140856 ]
 [ 13.          59.620003     5.157711     0.5239079 ]
 [ 14.          60.239998     5.234309     0.53266424]
 [ 15.          60.7          5.3819156    0.5446344 ]
 [ 16.          60.940002     5.4929967    0.5542426 ]
 [ 17.          61.359997     5.2671633    0.5622872 ]
 [ 18.          61.600002     5.4776816    0.57625   ]
 [ 19.          61.8          5.5357943    0.5888726 ]
 [ 20.          61.98         5.5422907    0.597104  ]
 [ 21.          61.880005     5.6317863    0.60450643]
 [ 22.          61.66         5.690606     0.61207986]
 [ 23.          61.639996     5.7903357    0.6206399 ]
 [ 24.          61.66         5.7648077    0.62985533]
 [ 25.          61.88         5.892113     0.6394502 ]
 [ 26.          62.119995     5.9065228    0.6478308 ]
 [ 27.          62.44         5.6760893    0.6552093 ]
 [ 28.          62.76         5.5828314    0.6616812 ]
 [ 29.          62.840004     5.1383843    0.67498684]
 [ 30.          62.820004     5.0514345    0.6865583 ]
 [ 31.          63.           5.5353394    0.69656986]
 [ 32.          63.24         5.540577     0.70404714]
 [ 33.          63.680004     5.4122086    0.71118635]
 [ 34.          63.660004     5.3928676    0.71575063]
 [ 35.          64.26         5.155386     0.7199946 ]
 [ 36.          64.22         5.517428     0.7264313 ]
 [ 37.          65.28001      4.8659024    0.73322254]
 [ 38.          63.24         6.9132466    0.74370235]
 [ 39.          65.46001      4.7061663    0.7565291 ]
 [ 40.          64.520004     5.6764426    0.76745707]
 [ 41.          64.840004     5.0003004    0.77333826]
 [ 42.          65.659996     2.9971678    0.78249335]
 [ 43.          66.5          3.3166237    0.7907927 ]
 [ 44.          65.840004     3.6983778    0.7999665 ]
 [ 45.          66.92         2.0849466    0.80746   ]
 [ 46.          67.4          2.2505531    0.815234  ]
 [ 47.          68.159996     2.2667158    0.82112694]
 [ 48.          68.26         2.0863855    0.8273594 ]
 [ 49.          69.1          2.110686     0.8341946 ]
 [ 50.          69.200005     1.6263456    0.84433556]
 [ 51.          68.98         1.4973304    0.84954876]
 [ 52.          69.62         1.075637     0.8559101 ]
 [ 53.          70.04         1.0334395    0.86269933]
 [ 54.          70.08001      1.2497995    0.86955196]
 [ 55.          69.98         1.7527132    0.8762558 ]
 [ 56.          70.740005     1.2601614    0.88496774]
 [ 57.          69.96         0.80808485   0.8922243 ]
 [ 58.          70.659996     1.3390273    0.9001358 ]
 [ 59.          70.38         0.64961255   0.9082228 ]
 [ 60.          70.64001      1.2033281    0.91727114]
 [ 61.          70.200005     1.2589675    0.9262621 ]
 [ 62.          70.94         0.65802705   0.9342682 ]
 [ 63.          70.96001      0.5856618    0.9423367 ]
 [ 64.          70.58001      1.0281025    0.9499468 ]
 [ 65.          70.619995     0.37013403   0.95735836]
 [ 66.          71.36001      0.7127406    0.9647972 ]
 [ 67.          70.58         0.936483     0.9718731 ]
 [ 68.          70.619995     0.7362014    0.97964543]
 [ 69.          70.659996     0.5683304    0.98789227]
 [ 70.          70.54         1.2720062    0.9997012 ]
 [ 71.          70.840004     0.8264381    1.008524  ]
 [ 72.          70.48         0.59749466   1.0167359 ]
 [ 73.          70.94         1.0502359    1.031979  ]
 [ 74.          70.26         1.4842538    1.0398368 ]
 [ 75.          70.5          0.6964199    1.0496895 ]
 [ 76.          70.56         0.79874957   1.0587443 ]
 [ 77.          70.5          1.1575873    1.0716604 ]
 [ 78.          71.159996     0.73006904   1.0802748 ]
 [ 79.          70.9          0.4301184    1.089908  ]
 [ 80.          70.9          1.007473     1.1015123 ]
 [ 81.          71.12         0.4658323    1.1128925 ]
 [ 82.          71.119995     0.46583155   1.1195093 ]
 [ 83.          70.48         0.8227996    1.1278371 ]
 [ 84.          71.22         0.47644547   1.1378225 ]
 [ 85.          71.04         0.77974343   1.1447124 ]
 [ 86.          70.920006     0.9203249    1.1565332 ]
 [ 87.          70.72         1.2477956    1.1658696 ]
 [ 88.          70.98         0.8105564    1.1743897 ]
 [ 89.          70.26         0.85615027   1.1853288 ]
 [ 90.          70.68         0.60991836   1.1913393 ]
 [ 91.          70.96         0.5319812    1.201377  ]
 [ 92.          70.77999      0.79812497   1.2130021 ]
 [ 93.          70.5          0.5147785    1.2223551 ]
 [ 94.          70.700005     1.1291561    1.2299703 ]
 [ 95.          70.32001      0.8843072    1.2393817 ]
 [ 96.          70.240005     0.23021786   1.2474593 ]
 [ 97.          70.78001      0.9833603    1.2602413 ]
 [ 98.          70.44         0.9449879    1.2732105 ]
 [ 99.          70.34         0.65421736   1.2799352 ]
 [100.          70.36         0.95551103   1.2908047 ]
 [101.          70.340004     0.86197406   1.298584  ]
 [102.          70.82         0.9176072    1.3092871 ]
 [103.          70.4          0.85732377   1.3239211 ]
 [104.          70.159996     0.4393172    1.3346289 ]
 [105.          71.08         0.43243337   1.3417891 ]
 [106.          69.76         0.6841035    1.3512936 ]
 [107.          70.26         0.8905056    1.3607513 ]
 [108.          70.76         1.1738793    1.3733383 ]
 [109.          70.020004     0.6058062    1.3872429 ]
 [110.          70.240005     0.36469164   1.3969243 ]
 [111.          70.84         0.6542182    1.4127146 ]
 [112.          69.94         1.2259666    1.4202547 ]
 [113.          70.5          0.22360893   1.4268774 ]
 [114.          70.48         0.60991794   1.4323984 ]
 [115.          70.44         0.4722302    1.4369177 ]
 [116.          69.840004     1.289573     1.4449577 ]
 [117.          69.72         1.0756384    1.4559176 ]
 [118.          70.26         0.502988     1.4676511 ]
 [119.          69.380005     1.7935994    1.4773023 ]
 [120.          69.72         1.6843393    1.4857318 ]
 [121.          70.56         0.7635472    1.4924873 ]
 [122.          69.72         0.8318656    1.4997205 ]
 [123.          69.32         1.0329574    1.5043554 ]
 [124.          70.56         0.16732946   1.5113682 ]
 [125.          70.26         0.6949827    1.5188329 ]
 [126.          69.240005     1.4808793    1.5263907 ]
 [127.          70.12         0.75299793   1.5349702 ]
 [128.          69.840004     0.45055822   1.5422758 ]
 [129.          69.6          0.8803417    1.5598459 ]
 [130.          69.8          0.40000278   1.570619  ]
 [131.          69.740005     0.43358654   1.5820061 ]
 [132.          69.8          0.75828665   1.5914383 ]
 [133.          70.02         0.383406     1.5976142 ]
 [134.          69.78         0.597495     1.6036692 ]
 [135.          69.68         0.6833731    1.609169  ]
 [136.          70.380005     0.79498005   1.6146065 ]
 [137.          69.840004     0.55946565   1.6204767 ]
 [138.          69.8          0.58309406   1.6264203 ]
 [139.          70.12         0.22803378   1.6329653 ]
 [140.          69.88         0.4658342    1.639127  ]
 [141.          69.92         1.0329573    1.6441014 ]
 [142.          69.740005     0.68044007   1.6527687 ]
 [143.          69.659996     0.66181403   1.6604999 ]
 [144.          69.340004     0.55946505   1.6666926 ]
 [145.          69.54         0.9989979    1.6727692 ]
 [146.          69.62         1.5172365    1.6782811 ]
 [147.          69.22         0.8043638    1.683379  ]
 [148.          69.700005     0.86313087   1.6903057 ]
 [149.          69.4          0.5700866    1.7033433 ]
 [150.          70.26         0.6730583    1.7120247 ]
 [151.          69.340004     0.9181512    1.7189683 ]
 [152.          69.98         0.9038841    1.7337723 ]
 [153.          69.26         0.5941371    1.7461971 ]
 [154.          69.82         0.91487473   1.7559427 ]
 [155.          69.56         0.59414      1.7660528 ]
 [156.          69.58         0.73959655   1.7866932 ]
 [157.          69.76         0.28809565   1.8006346 ]
 [158.          69.9          0.82764477   1.8154169 ]
 [159.          69.54         0.6542172    1.8285302 ]
 [160.          69.56         0.8473451    1.8366721 ]
 [161.          69.340004     0.8384508    1.8422302 ]
 [162.          70.020004     0.38987088   1.8491958 ]
 [163.          69.439995     1.2054023    1.8583975 ]
 [164.          69.52         0.408659     1.8648175 ]
 [165.          69.6          0.4527718    1.873633  ]
 [166.          69.340004     0.8049847    1.880484  ]
 [167.          69.86         0.38470915   1.8876814 ]
 [168.          69.67999      0.38340384   1.8966442 ]
 [169.          69.54         1.1081519    1.9037465 ]
 [170.          69.6          0.36742216   1.9122123 ]
 [171.          68.9          0.8944236    1.9210465 ]
 [172.          69.340004     0.40373394   1.935607  ]
 [173.          69.14001      1.4892963    1.9483995 ]
 [174.          69.340004     0.5029909    1.9619505 ]
 [175.          69.28001      0.49193427   1.9721457 ]
 [176.          69.420006     0.766158     1.9817699 ]
 [177.          69.22         0.25884655   1.9900554 ]
 [178.          69.64001      0.58137804   1.9990233 ]
 [179.          68.9          1.1510853    2.0124295 ]
 [180.          69.86         0.4722286    2.0258875 ]
 [181.          69.08         0.92843765   2.0361226 ]
 [182.          69.5          0.36742306   2.0477865 ]
 [183.          69.86001      0.28809863   2.056233  ]
 [184.          69.3          0.82764775   2.063836  ]
 [185.          69.54         0.47749344   2.075463  ]
 [186.          69.420006     0.49698913   2.0929322 ]
 [187.          69.5          0.4301159    2.1068559 ]
 [188.          69.22         0.6457529    2.1223454 ]
 [189.          69.46         0.5504543    2.1360986 ]
 [190.          69.56         0.63874775   2.1465478 ]
 [191.          68.82         0.9654003    2.1558075 ]
 [192.          69.240005     0.15165955   2.1635876 ]
 [193.          69.12         0.6457535    2.1689374 ]
 [194.          69.340004     0.55946517   2.1737728 ]
 [195.          69.58         0.46043295   2.1794488 ]
 [196.          69.06         0.18165915   2.1875913 ]
 [197.          69.32         0.5118606    2.195678  ]
 [198.          69.28         0.5630254    2.204697  ]
 [199.          69.76         0.676756     2.221922  ]
 [200.          69.44         0.8792045    2.231756  ]]
The best results: 
Epoch: 66  71.36±0.71  0.965s
--------------- Train Done! ----------------
--------------- Save Done! ----------------
