Using cuda:0 device
Dataset     :Computers
Epochs      :200
LR X_s      :0.01
Learn A_s   :0
LR A_s      :0.01
Conden ratio:0.5
Ridge       :0.01
Kernel      :SNTK
k           :2
L           :1
Seed        :5
The 1th Iteration:
--------------------------------------------------
The 2th Iteration:
--------------------------------------------------
The 3th Iteration:
--------------------------------------------------
The 4th Iteration:
--------------------------------------------------
The 5th Iteration:
--------------------------------------------------
[[  1.          16.880001     3.6995945    0.34752923]
 [  2.          24.           4.646504     0.3724359 ]
 [  3.          34.36         8.805567     0.40571776]
 [  4.          40.           5.288667     0.43869695]
 [  5.          42.78         5.4462824    0.47268698]
 [  6.          44.420002     5.2150745    0.508758  ]
 [  7.          45.320004     3.1027405    0.547732  ]
 [  8.          46.42         2.0054922    0.5856964 ]
 [  9.          49.120003     1.5056561    0.6214349 ]
 [ 10.          50.66         2.5055935    0.6605393 ]
 [ 11.          51.72         2.9218173    0.6990592 ]
 [ 12.          52.840004     1.9730698    0.73446697]
 [ 13.          54.840004     2.8693206    0.77135366]
 [ 14.          56.040005     2.3554177    0.8078805 ]
 [ 15.          57.820004     2.6966658    0.8501831 ]
 [ 16.          59.18         3.7745194    0.8883635 ]
 [ 17.          60.72         3.876468     0.9271761 ]
 [ 18.          62.840004     3.1229787    0.96311635]
 [ 19.          63.74         3.2113876    0.99923867]
 [ 20.          64.78         3.1387885    1.0357608 ]
 [ 21.          65.14001      3.3493257    1.0710049 ]
 [ 22.          65.71999      3.4412208    1.1043465 ]
 [ 23.          65.92         3.5527453    1.1374384 ]
 [ 24.          66.28001      3.6279464    1.1694129 ]
 [ 25.          66.340004     3.2669582    1.2059742 ]
 [ 26.          66.32         3.0768507    1.2389902 ]
 [ 27.          66.64001      3.1405416    1.2736143 ]
 [ 28.          66.740005     3.1141613    1.3101286 ]
 [ 29.          66.6          2.97069      1.3434638 ]
 [ 30.          67.56         1.4604776    1.3825312 ]
 [ 31.          67.840004     1.1949915    1.4174706 ]
 [ 32.          68.08001      1.151957     1.4553837 ]
 [ 33.          68.420006     1.0616039    1.4909031 ]
 [ 34.          68.82         0.9444563    1.5321516 ]
 [ 35.          68.880005     0.9959955    1.5629126 ]
 [ 36.          69.28001      0.9230375    1.5981468 ]
 [ 37.          69.740005     1.0876552    1.634581  ]
 [ 38.          69.920006     1.1882775    1.6722668 ]
 [ 39.          70.200005     1.0700479    1.7089938 ]
 [ 40.          70.340004     1.0922478    1.7445129 ]
 [ 41.          70.520004     1.0756396    1.786089  ]
 [ 42.          70.76         1.2340991    1.8231472 ]
 [ 43.          71.340004     1.2895712    1.859889  ]
 [ 44.          72.240005     1.8311213    1.897489  ]
 [ 45.          73.3          2.7175329    1.9370669 ]
 [ 46.          74.22         3.3056006    1.9763726 ]
 [ 47.          74.58         3.4324899    2.013583  ]
 [ 48.          74.9          3.5552797    2.0453415 ]
 [ 49.          75.18         3.713086     2.0794127 ]
 [ 50.          75.420006     3.6962132    2.1162302 ]
 [ 51.          75.94         3.20359      2.1521707 ]
 [ 52.          76.42         2.9549954    2.1892028 ]
 [ 53.          76.740005     2.909984     2.225434  ]
 [ 54.          76.71999      2.7417135    2.259099  ]
 [ 55.          76.76         2.6368535    2.2937362 ]
 [ 56.          76.98         2.548922     2.326895  ]
 [ 57.          77.3          2.6038432    2.3673565 ]
 [ 58.          77.3          2.8044615    2.4046488 ]
 [ 59.          77.200005     2.5612516    2.4407458 ]
 [ 60.          77.56         2.07798      2.4759064 ]
 [ 61.          77.68001      1.9175501    2.5106018 ]
 [ 62.          78.200005     1.4474118    2.5466936 ]
 [ 63.          78.46001      1.2720064    2.5874193 ]
 [ 64.          78.64001      1.1126536    2.6231163 ]
 [ 65.          78.67999      0.9909605    2.6623886 ]
 [ 66.          78.68001      0.9176056    2.6999178 ]
 [ 67.          78.56         0.85615563   2.7331417 ]
 [ 68.          78.52001      0.84675837   2.76976   ]
 [ 69.          78.54         1.0285896    2.8113327 ]
 [ 70.          78.4          0.7449832    2.8517017 ]
 [ 71.          78.52         0.67230743   2.8898726 ]
 [ 72.          78.58001      0.7395956    2.9271243 ]
 [ 73.          78.38         0.7758866    2.9647288 ]
 [ 74.          78.48         0.71554      2.9979558 ]
 [ 75.          78.36         0.81424564   3.0335038 ]
 [ 76.          78.72         0.941806     3.0680656 ]
 [ 77.          78.520004     0.8228027    3.1069775 ]
 [ 78.          78.3          0.5291513    3.1440325 ]
 [ 79.          78.62         0.7014268    3.1781843 ]
 [ 80.          78.3          0.6708186    3.2101953 ]
 [ 81.          78.36         0.527256     3.2473602 ]
 [ 82.          78.46         0.54589194   3.2840545 ]
 [ 83.          78.4          0.53385335   3.319925  ]
 [ 84.          78.4          0.6164425    3.352803  ]
 [ 85.          78.68001      1.4652643    3.3896217 ]
 [ 86.          78.740005     1.5192096    3.4239357 ]
 [ 87.          78.78         1.463557     3.459596  ]
 [ 88.          78.72         1.3773166    3.4958992 ]
 [ 89.          78.9          1.4543066    3.5340154 ]
 [ 90.          78.939995     1.2054029    3.5696409 ]
 [ 91.          79.020004     1.1562868    3.6094704 ]
 [ 92.          78.880005     0.9984961    3.6492088 ]
 [ 93.          78.88         0.8927478    3.6886926 ]
 [ 94.          79.6          0.8944287    3.7261562 ]
 [ 95.          79.66         0.9914632    3.7620735 ]
 [ 96.          79.3          0.98234385   3.799553  ]
 [ 97.          79.08001      1.023229     3.8381107 ]
 [ 98.          78.82         0.79183775   3.8749352 ]
 [ 99.          79.06         0.8905036    3.9055603 ]
 [100.          78.84         0.90166587   3.9371681 ]
 [101.          79.06         0.7536568    3.9724126 ]
 [102.          79.1          0.7968677    4.0109644 ]
 [103.          78.72         0.6870237    4.0457416 ]
 [104.          79.04         0.7733062    4.079751  ]
 [105.          79.18001      0.8786357    4.1130614 ]
 [106.          79.02         0.9757037    4.148029  ]
 [107.          78.54         0.6066285    4.190419  ]
 [108.          79.22         0.63007873   4.2279606 ]
 [109.          79.439995     0.5856627    4.2609873 ]
 [110.          79.36         0.38470885   4.295794  ]
 [111.          79.3          0.7176392    4.3333454 ]
 [112.          78.98         0.6058084    4.369194  ]
 [113.          78.98         0.54036874   4.4040313 ]
 [114.          78.920006     0.31937397   4.4419637 ]
 [115.          79.119995     0.53103584   4.4805245 ]
 [116.          79.14001      0.7700645    4.5162807 ]
 [117.          79.119995     0.5540744    4.5524    ]
 [118.          79.28         0.8438006    4.5883827 ]
 [119.          79.52         0.88712966   4.622396  ]
 [120.          79.659996     0.6913771    4.662538  ]
 [121.          79.48         1.0134122    4.696453  ]
 [122.          79.64001      0.7368871    4.7349267 ]
 [123.          79.26         0.68775076   4.7677555 ]
 [124.          79.1          0.6819082    4.8002915 ]
 [125.          78.86         0.6503844    4.828107  ]
 [126.          78.6          0.87464225   4.863147  ]
 [127.          78.340004     0.9914636    4.8977866 ]
 [128.          78.840004     0.8049865    4.9318314 ]
 [129.          78.98         0.99850065   4.964007  ]
 [130.          79.08001      0.86717856   5.0026417 ]
 [131.          79.           0.66708297   5.038955  ]
 [132.          78.96         0.7503329    5.0737033 ]
 [133.          79.420006     0.3898707    5.108718  ]
 [134.          79.4          0.5049728    5.1444144 ]
 [135.          79.           1.0222539    5.1797075 ]
 [136.          79.5          0.67453563   5.2194104 ]
 [137.          79.38         0.5495445    5.2636304 ]
 [138.          79.520004     0.37013474   5.3055806 ]
 [139.          79.8          0.51478124   5.3437934 ]
 [140.          79.920006     0.496992     5.382672  ]
 [141.          80.02         0.5403686    5.417392  ]
 [142.          79.96001      0.60663104   5.455744  ]
 [143.          80.08001      0.6457539    5.4977403 ]
 [144.          79.86         0.48269895   5.5328493 ]
 [145.          79.64001      0.60663164   5.569244  ]
 [146.          79.56         1.0714478    5.6062713 ]
 [147.          79.26         0.45606956   5.646182  ]
 [148.          79.76         0.57706326   5.6788483 ]
 [149.          79.420006     0.496989     5.7122626 ]
 [150.          79.54         0.5504548    5.747749  ]
 [151.          78.06         3.6848333    5.777983  ]
 [152.          79.71999      0.69785136   5.8150225 ]
 [153.          80.3          0.6999999    5.853523  ]
 [154.          80.240005     0.70214033   5.889478  ]
 [155.          80.14001      0.743639     5.9265    ]
 [156.          80.3          1.1224976    5.9592204 ]
 [157.          79.82001      0.8642919    5.997731  ]
 [158.          79.68001      1.1366637    6.0366836 ]
 [159.          79.48         1.1189282    6.0754266 ]
 [160.          79.76         1.0358573    6.111666  ]
 [161.          80.06         0.66558117   6.147572  ]
 [162.          79.8          0.6964193    6.189679  ]
 [163.          79.840004     0.7021404    6.230219  ]
 [164.          79.880005     0.8497033    6.2707796 ]
 [165.          79.98         1.0521412    6.313045  ]
 [166.          80.14001      1.2157303    6.3518815 ]
 [167.          80.24         1.0358592    6.389285  ]
 [168.          80.36         0.8018713    6.424446  ]
 [169.          80.58         0.77910274   6.4591327 ]
 [170.          80.72         0.6870236    6.495544  ]
 [171.          80.700005     0.3937026    6.533699  ]
 [172.          80.82         0.24899586   6.5655513 ]
 [173.          80.86         0.5683273    6.601587  ]
 [174.          80.84         0.48270154   6.632721  ]
 [175.          80.82         0.6906528    6.668794  ]
 [176.          80.840004     0.40373227   6.6973357 ]
 [177.          80.94         0.34350973   6.7280245 ]
 [178.          80.740005     0.47222927   6.761823  ]
 [179.          80.740005     0.42189977   6.793223  ]
 [180.          80.659996     0.2509969    6.827129  ]
 [181.          80.62         0.3834067    6.8625855 ]
 [182.          80.8          0.23452155   6.9023514 ]
 [183.          80.94         0.47749233   6.9340434 ]
 [184.          80.98         0.67601675   6.9617295 ]
 [185.          81.14001      0.5272574    7.0008135 ]
 [186.          80.96         0.50299126   7.036523  ]
 [187.          81.           0.30822217   7.0674376 ]
 [188.          80.920006     0.3271103    7.106073  ]
 [189.          80.68001      0.7328004    7.1461816 ]
 [190.          80.64001      1.052616     7.1878586 ]
 [191.          80.5          1.4439543    7.225156  ]
 [192.          80.64001      1.4741087    7.265035  ]
 [193.          80.68         1.0756372    7.300949  ]
 [194.          80.38         1.2336928    7.3415275 ]
 [195.          79.98         1.6991159    7.381509  ]
 [196.          79.56         2.2086203    7.4238267 ]
 [197.          79.420006     2.1475558    7.466452  ]
 [198.          79.34         1.9488463    7.5101314 ]
 [199.          79.159996     1.8119067    7.5506454 ]
 [200.          79.54         1.6861181    7.586532  ]]
The best results: 
Epoch: 185  81.14±0.53  7.001s
--------------- Train Done! ----------------
