Using cuda:0 device
Dataset     :Computers
Epochs      :200
LR X_s      :0.01
Learn A_s   :0
LR A_s      :0.01
Conden ratio:0.5
Ridge       :0.01
Kernel      :SGNK
k           :4
L           :1
Seed        :5
The 1th Iteration:
--------------------------------------------------
The 2th Iteration:
--------------------------------------------------
The 3th Iteration:
--------------------------------------------------
The 4th Iteration:
--------------------------------------------------
The 5th Iteration:
--------------------------------------------------
[[  1.          33.4          5.0259323    0.4343949 ]
 [  2.          38.44         4.771058     0.44146138]
 [  3.          39.26         6.1832843    0.4511591 ]
 [  4.          41.3          8.803693     0.46074787]
 [  5.          41.280003     7.122639     0.47482416]
 [  6.          42.18         7.017621     0.4822558 ]
 [  7.          43.9          6.8876705    0.49186125]
 [  8.          47.219997     5.808356     0.50219   ]
 [  9.          48.600002     5.0655694    0.51166946]
 [ 10.          49.860004     4.020324     0.5189478 ]
 [ 11.          51.340004     3.844867     0.5285421 ]
 [ 12.          53.72         2.036418     0.53864497]
 [ 13.          54.88         1.9408754    0.5484045 ]
 [ 14.          55.919994     1.8700267    0.55939615]
 [ 15.          56.7          1.9235377    0.56626105]
 [ 16.          57.420002     2.4570284    0.5725979 ]
 [ 17.          58.5          2.4155753    0.5810229 ]
 [ 18.          59.2          2.3248656    0.5896149 ]
 [ 19.          58.74         2.256768     0.59756273]
 [ 20.          60.440002     1.8174167    0.6087731 ]
 [ 21.          59.640003     2.7272708    0.6203664 ]
 [ 22.          61.26         2.1628685    0.6323663 ]
 [ 23.          63.359997     3.1667023    0.6478932 ]
 [ 24.          64.96         3.4825265    0.659668  ]
 [ 25.          67.52         3.0768478    0.6690737 ]
 [ 26.          69.04         3.1516666    0.6783128 ]
 [ 27.          71.58001      4.155359     0.68696785]
 [ 28.          73.380005     4.4885435    0.69518226]
 [ 29.          75.200005     4.6222315    0.7016744 ]
 [ 30.          76.56         4.9591312    0.7078087 ]
 [ 31.          77.3          4.4073777    0.71417063]
 [ 32.          78.08001      3.8284454    0.7226945 ]
 [ 33.          79.520004     3.7685523    0.73418033]
 [ 34.          80.06         1.7826976    0.74421644]
 [ 35.          80.840004     1.2033262    0.75060135]
 [ 36.          81.36         1.5662062    0.76016384]
 [ 37.          81.740005     1.5533826    0.77127093]
 [ 38.          81.9          0.99999976   0.7811461 ]
 [ 39.          82.1          0.7314378    0.78884405]
 [ 40.          82.52         0.88713026   0.7945925 ]
 [ 41.          82.700005     1.2747536    0.80033123]
 [ 42.          82.52         1.0663038    0.8071316 ]
 [ 43.          83.26         0.68775225   0.81678975]
 [ 44.          83.12         0.9284418    0.82268745]
 [ 45.          83.14001      0.6503839    0.827827  ]
 [ 46.          83.4          0.5000002    0.83583623]
 [ 47.          83.840004     0.6228979    0.8448555 ]
 [ 48.          84.           0.5244038    0.8519716 ]
 [ 49.          84.04         0.45055342   0.86501884]
 [ 50.          83.92         0.75960565   0.8798134 ]
 [ 51.          83.71999      0.87005645   0.89236605]
 [ 52.          83.64001      0.9071938    0.90111774]
 [ 53.          83.48         1.0473758    0.9105687 ]
 [ 54.          83.78         1.0329571    0.91869223]
 [ 55.          83.240005     1.8528384    0.92628825]
 [ 56.          83.86001      1.637986     0.9319111 ]
 [ 57.          83.200005     0.608277     0.93673843]
 [ 58.          83.58001      1.7711593    0.95079213]
 [ 59.          84.56         0.3209373    0.965613  ]
 [ 60.          83.520004     0.81055796   0.97853106]
 [ 61.          83.54         0.559462     0.9861639 ]
 [ 62.          83.880005     1.2173746    0.99607146]
 [ 63.          84.28         0.5215365    1.0094136 ]
 [ 64.          83.920006     0.8012476    1.0195044 ]
 [ 65.          84.32         0.72594637   1.0314318 ]
 [ 66.          83.78001      0.7791003    1.0449809 ]
 [ 67.          84.44         0.65802896   1.056666  ]
 [ 68.          84.32         0.33466712   1.0682741 ]
 [ 69.          84.159996     0.43931648   1.0778643 ]
 [ 70.          83.82         1.281406     1.0900466 ]
 [ 71.          83.86         0.47222775   1.1038527 ]
 [ 72.          83.34         1.5372051    1.12079   ]
 [ 73.          84.32         0.50695044   1.1367011 ]
 [ 74.          84.1          0.7348463    1.1466697 ]
 [ 75.          83.98         0.7328033    1.1598761 ]
 [ 76.          83.82         1.3311645    1.1816887 ]
 [ 77.          84.44         0.5683287    1.1937433 ]
 [ 78.          83.26         1.6133823    1.2040116 ]
 [ 79.          83.82         0.72595197   1.2105097 ]
 [ 80.          84.08         0.55407536   1.2185811 ]
 [ 81.          84.1          0.4062023    1.2307312 ]
 [ 82.          84.06         0.41593248   1.2408761 ]
 [ 83.          83.82         1.1903784    1.2502232 ]
 [ 84.          83.619995     0.7293825    1.2627478 ]
 [ 85.          83.84         0.8876935    1.2731432 ]
 [ 86.          84.02         0.49699354   1.2831221 ]
 [ 87.          84.06         0.74027044   1.2926797 ]
 [ 88.          83.700005     0.6442035    1.3017682 ]
 [ 89.          84.26         0.37815368   1.3158737 ]
 [ 90.          84.12         0.59749466   1.3278341 ]
 [ 91.          84.34         0.31305212   1.3363655 ]
 [ 92.          84.46         0.36468998   1.3428351 ]
 [ 93.          84.340004     0.1816601    1.3515543 ]
 [ 94.          84.21999      0.39623308   1.3588673 ]
 [ 95.          84.240005     0.43931636   1.3664598 ]
 [ 96.          84.36         0.5128358    1.3735096 ]
 [ 97.          84.36         0.3577726    1.3826932 ]
 [ 98.          84.38         0.31144786   1.3905127 ]
 [ 99.          84.44         0.37815368   1.3994519 ]
 [100.          84.48         0.34928602   1.4074315 ]
 [101.          84.4          0.22360723   1.4153231 ]
 [102.          84.56         0.27018565   1.4229044 ]
 [103.          84.619995     0.25884286   1.4338486 ]
 [104.          84.5          0.6204854    1.4409182 ]
 [105.          84.71999      0.40865648   1.4466438 ]
 [106.          84.8          0.2121321    1.4519877 ]
 [107.          84.4          0.52440417   1.4574964 ]
 [108.          84.340004     0.40373376   1.4661549 ]
 [109.          84.98         0.47644553   1.4791628 ]
 [110.          84.88         0.32711166   1.4864801 ]
 [111.          84.6          0.3082221    1.493989  ]
 [112.          84.3          0.5338545    1.5015987 ]
 [113.          84.5          0.399998     1.5125548 ]
 [114.          84.82         0.13038547   1.5226455 ]
 [115.          84.36         0.65422016   1.5328388 ]
 [116.          84.02         1.0545119    1.5477984 ]
 [117.          84.28001      1.0568829    1.5679094 ]
 [118.          84.54         0.3209394    1.5836458 ]
 [119.          84.54         0.57706      1.5936623 ]
 [120.          84.740005     0.2607685    1.6086079 ]
 [121.          84.56         0.403734     1.6165841 ]
 [122.          84.71999      0.19235563   1.6257509 ]
 [123.          84.659996     0.3130469    1.6366414 ]
 [124.          84.659996     0.27018353   1.6497005 ]
 [125.          84.54         0.20736279   1.6614418 ]
 [126.          84.78001      0.16431752   1.6716477 ]
 [127.          85.           0.24495108   1.6813713 ]
 [128.          84.659996     0.23021682   1.6909558 ]
 [129.          85.060005     0.44497234   1.7052416 ]
 [130.          84.4          0.5147817    1.7134949 ]
 [131.          84.76         0.35071436   1.7202028 ]
 [132.          84.740005     0.24083197   1.7369492 ]
 [133.          84.6          0.43589228   1.7506193 ]
 [134.          84.78         0.60991687   1.7647313 ]
 [135.          84.98         0.2588437    1.7739735 ]
 [136.          84.64001      0.5412922    1.7839211 ]
 [137.          84.8          0.5958211    1.7956002 ]
 [138.          84.8          0.50497484   1.8038296 ]
 [139.          84.72         0.17888719   1.809836  ]
 [140.          84.840004     0.27018386   1.8178533 ]
 [141.          84.9          0.44158676   1.8297318 ]
 [142.          84.62         0.52153885   1.8391399 ]
 [143.          84.880005     0.40865692   1.849621  ]
 [144.          84.9          0.23452249   1.8575162 ]
 [145.          84.98         0.3701378    1.8687075 ]
 [146.          84.659996     0.2701845    1.8831757 ]
 [147.          84.67999      0.08366883   1.8918358 ]
 [148.          84.94         0.28810096   1.9009765 ]
 [149.          84.82         0.23874903   1.9134743 ]
 [150.          84.700005     0.22360466   1.9217033 ]
 [151.          84.9          0.19999886   1.9299151 ]
 [152.          84.86001      0.16733238   1.9372956 ]
 [153.          84.92         0.3033169    1.9435927 ]
 [154.          84.740005     0.39115307   1.9495996 ]
 [155.          84.82         0.23874602   1.957239  ]
 [156.          84.6          0.30822155   1.964089  ]
 [157.          84.38         0.7362085    1.9710549 ]
 [158.          84.9          0.3999982    1.9813063 ]
 [159.          84.700005     0.29154554   1.98996   ]
 [160.          84.560005     0.37815297   2.0026908 ]
 [161.          85.04         0.27018312   2.0155563 ]
 [162.          84.9          0.36055526   2.0242455 ]
 [163.          84.78001      0.13038719   2.0338883 ]
 [164.          84.72         0.5630276    2.0453055 ]
 [165.          84.86         0.20736517   2.0572565 ]
 [166.          84.82         0.27749062   2.0684304 ]
 [167.          85.02         0.30331817   2.0759456 ]
 [168.          84.86         0.28809944   2.0857875 ]
 [169.          84.4          0.6244996    2.0925584 ]
 [170.          84.560005     0.24083242   2.0994012 ]
 [171.          84.920006     0.19235308   2.1078484 ]
 [172.          84.920006     0.23874599   2.1139057 ]
 [173.          84.64001      0.4037324    2.1211069 ]
 [174.          84.700005     0.424263     2.132095  ]
 [175.          84.86         0.25100055   2.14111   ]
 [176.          84.76         0.26076835   2.1543365 ]
 [177.          85.020004     0.30331734   2.165881  ]
 [178.          84.740005     0.32093787   2.173699  ]
 [179.          84.64001      0.34350777   2.183139  ]
 [180.          84.700005     0.25494933   2.1913352 ]
 [181.          84.82         0.25884324   2.202472  ]
 [182.          84.92         0.32711107   2.2191327 ]
 [183.          84.420006     0.25884458   2.2266114 ]
 [184.          84.740005     0.19493406   2.233933  ]
 [185.          85.02         0.46583125   2.2413156 ]
 [186.          84.44         0.48270103   2.2518775 ]
 [187.          84.82         0.33466312   2.2615001 ]
 [188.          84.5          0.19999775   2.270255  ]
 [189.          84.420006     0.3271079    2.2840042 ]
 [190.          84.68001      0.1788874    2.2989774 ]
 [191.          84.700005     0.30822054   2.3091114 ]
 [192.          84.52         0.36331826   2.3181062 ]
 [193.          84.420006     0.3633174    2.330792  ]
 [194.          84.840004     0.35071704   2.34758   ]
 [195.          84.619995     0.27749056   2.3535717 ]
 [196.          84.36         0.1816616    2.3615391 ]
 [197.          84.34         0.43358964   2.3687794 ]
 [198.          84.56         0.296646     2.376038  ]
 [199.          84.560005     0.20736331   2.3856301 ]
 [200.          84.32001      0.08366739   2.3975909 ]]
The best results: 
Epoch: 129  85.06±0.44  1.705s
--------------- Train Done! ----------------
--------------- Save Done! ----------------
