Using cuda:0 device
Dataset     :Computers
Epochs      :200
LR X_s      :0.01
Learn A_s   :1
LR A_s      :0.01
Conden ratio:0.5
Ridge       :0.5
Kernel      :SGNK
k           :5
L           :1
Seed        :5
The 1th Iteration:
--------------------------------------------------
The 2th Iteration:
--------------------------------------------------
The 3th Iteration:
--------------------------------------------------
The 4th Iteration:
--------------------------------------------------
The 5th Iteration:
--------------------------------------------------
[[  1.          10.0199995    0.0447216    0.27453247]
 [  2.          10.           0.           0.28199252]
 [  3.          10.           0.           0.2884779 ]
 [  4.           9.92         0.17888527   0.29591355]
 [  5.          10.           0.           0.30234447]
 [  6.          10.           0.           0.31143504]
 [  7.          10.           0.           0.31845632]
 [  8.          10.           0.           0.32603288]
 [  9.          10.           0.           0.33217645]
 [ 10.          10.           0.           0.34000644]
 [ 11.          10.           0.           0.34684977]
 [ 12.          10.           0.           0.35273272]
 [ 13.          10.           0.           0.3584919 ]
 [ 14.          10.           0.           0.36445078]
 [ 15.          10.           0.           0.3710589 ]
 [ 16.          10.18         0.40249214   0.3771708 ]
 [ 17.          10.04         0.15165763   0.38358727]
 [ 18.          10.14         0.31304958   0.39033172]
 [ 19.          10.           0.           0.3967851 ]
 [ 20.          10.280001     0.6260988    0.40310356]
 [ 21.          10.0199995    0.0447216    0.409463  ]
 [ 22.          10.           0.           0.41596028]
 [ 23.          10.           0.           0.42235944]
 [ 24.          10.3          0.67082036   0.4289724 ]
 [ 25.          10.04         0.08944273   0.43537614]
 [ 26.          10.           0.           0.44228545]
 [ 27.          10.           0.           0.44879347]
 [ 28.          10.           0.           0.45681533]
 [ 29.          10.           0.           0.46357775]
 [ 30.          10.           0.           0.47036645]
 [ 31.          10.           0.           0.47855473]
 [ 32.          10.           0.           0.4850931 ]
 [ 33.          10.           0.           0.49226007]
 [ 34.          10.           0.           0.49926615]
 [ 35.          10.           0.           0.5057923 ]
 [ 36.          10.           0.           0.512187  ]
 [ 37.          10.           0.           0.5184753 ]
 [ 38.          10.           0.           0.5256842 ]
 [ 39.          10.           0.           0.5324179 ]
 [ 40.          10.           0.           0.5390591 ]
 [ 41.          10.           0.           0.5457811 ]
 [ 42.          10.           0.           0.5545184 ]
 [ 43.          10.           0.           0.5620953 ]
 [ 44.          10.           0.           0.56930625]
 [ 45.          10.           0.           0.5766522 ]
 [ 46.          10.           0.           0.584434  ]
 [ 47.          10.           0.           0.592232  ]
 [ 48.          10.           0.           0.5998439 ]
 [ 49.          10.           0.           0.60763896]
 [ 50.          10.           0.           0.6154868 ]
 [ 51.          10.           0.           0.62426776]
 [ 52.          10.           0.           0.63241315]
 [ 53.          10.           0.           0.6409694 ]
 [ 54.          10.           0.           0.64871633]
 [ 55.          10.           0.           0.65662014]
 [ 56.          10.           0.           0.6646125 ]
 [ 57.          10.           0.           0.67211807]
 [ 58.          10.           0.           0.6808526 ]
 [ 59.          10.           0.           0.688149  ]
 [ 60.          10.           0.           0.69537497]
 [ 61.          10.           0.           0.70268   ]
 [ 62.          10.           0.           0.71076816]
 [ 63.          10.           0.           0.7183659 ]
 [ 64.          10.           0.           0.7262415 ]
 [ 65.          10.           0.           0.733746  ]
 [ 66.          10.           0.           0.74101007]
 [ 67.          10.           0.           0.74804664]
 [ 68.          10.           0.           0.7557835 ]
 [ 69.          10.           0.           0.7630854 ]
 [ 70.          10.           0.           0.77044624]
 [ 71.          10.           0.           0.77854246]
 [ 72.          10.           0.           0.78596455]
 [ 73.          10.           0.           0.7939427 ]
 [ 74.          10.           0.           0.80205595]
 [ 75.          10.           0.           0.8099872 ]
 [ 76.          10.           0.           0.81812745]
 [ 77.          10.           0.           0.8269516 ]
 [ 78.          10.           0.           0.8366017 ]
 [ 79.          10.           0.           0.846492  ]
 [ 80.          10.           0.           0.8538026 ]
 [ 81.          10.           0.           0.8616333 ]
 [ 82.          10.           0.           0.86910534]
 [ 83.          10.           0.           0.87536544]
 [ 84.          10.           0.           0.8827033 ]
 [ 85.          10.           0.           0.8891513 ]
 [ 86.          10.           0.           0.89642876]
 [ 87.          10.           0.           0.9030973 ]
 [ 88.          10.           0.           0.910553  ]
 [ 89.          10.           0.           0.9172163 ]
 [ 90.          10.           0.           0.92531836]
 [ 91.          10.           0.           0.9333769 ]
 [ 92.          10.           0.           0.9416647 ]
 [ 93.          10.           0.           0.9479298 ]
 [ 94.          10.           0.           0.9546005 ]
 [ 95.          10.           0.           0.9607115 ]
 [ 96.          10.           0.           0.9687485 ]
 [ 97.          10.           0.           0.9751261 ]
 [ 98.          10.           0.           0.98181003]
 [ 99.          10.           0.           0.9878964 ]
 [100.          10.           0.           0.99382156]
 [101.          10.           0.           1.0002043 ]
 [102.          10.           0.           1.0078185 ]
 [103.          10.           0.           1.0142183 ]
 [104.          10.           0.           1.0206515 ]
 [105.          10.           0.           1.0272778 ]
 [106.          10.           0.           1.0340756 ]
 [107.          10.           0.           1.0403608 ]
 [108.          10.           0.           1.0460638 ]
 [109.          10.           0.           1.0526553 ]
 [110.          10.           0.           1.0591354 ]
 [111.          10.           0.           1.0649754 ]
 [112.          10.           0.           1.0715541 ]
 [113.          10.           0.           1.0781952 ]
 [114.          10.           0.           1.0844812 ]
 [115.          10.           0.           1.090747  ]
 [116.          10.           0.           1.0974791 ]
 [117.          10.           0.           1.1043695 ]
 [118.          10.           0.           1.1106548 ]
 [119.          10.           0.           1.1186463 ]
 [120.          10.           0.           1.124869  ]
 [121.          10.           0.           1.1308781 ]
 [122.          10.0199995    0.0447216    1.1370376 ]
 [123.          10.0199995    0.0447216    1.1440005 ]
 [124.          10.0199995    0.0447216    1.150196  ]
 [125.          10.06         0.08944278   1.1562092 ]
 [126.          10.06         0.08944278   1.1623814 ]
 [127.          10.06         0.08944278   1.16902   ]
 [128.          10.080001     0.10954453   1.1754627 ]
 [129.          10.080001     0.10954453   1.1817111 ]
 [130.          10.080001     0.10954453   1.1879433 ]
 [131.          10.06         0.13416417   1.1941856 ]
 [132.          10.06         0.13416417   1.2019074 ]
 [133.          10.06         0.08944273   1.2097517 ]
 [134.          10.1          0.09999987   1.2166337 ]
 [135.          10.1          0.09999987   1.2235098 ]
 [136.          10.080001     0.08366608   1.2313622 ]
 [137.          10.080001     0.13038392   1.2386229 ]
 [138.          10.080001     0.13038392   1.2459215 ]
 [139.          10.1          0.15811384   1.2553854 ]
 [140.          10.1          0.15811384   1.2637465 ]
 [141.          10.24         0.32093623   1.2719225 ]
 [142.          11.38         2.6527345    1.2799962 ]
 [143.          10.38         0.39623216   1.2883942 ]
 [144.          13.460001     4.6618667    1.296422  ]
 [145.          12.58         4.188914     1.3048059 ]
 [146.          12.260001     3.1085365    1.3136171 ]
 [147.          15.339999     4.7888412    1.3215336 ]
 [148.          15.04         4.7610927    1.3292807 ]
 [149.          15.1          4.494997     1.3371965 ]
 [150.          17.32         4.0579557    1.3462718 ]
 [151.          16.26         4.0899878    1.3536141 ]
 [152.          17.88         2.495396     1.3623774 ]
 [153.          17.76         3.3805318    1.3692664 ]
 [154.          15.44         3.2592945    1.3761942 ]
 [155.          18.6          1.8748326    1.3835067 ]
 [156.          19.480001     1.1233873    1.3911638 ]
 [157.          17.24         3.7540646    1.39895   ]
 [158.          18.22         1.1987493    1.4058665 ]
 [159.          18.960001     1.0139037    1.4136981 ]
 [160.          18.380001     1.8926173    1.4208401 ]
 [161.          18.300001     1.9987504    1.4271338 ]
 [162.          19.32         0.7981228    1.4336897 ]
 [163.          18.560001     0.944986     1.4408534 ]
 [164.          18.82         1.0377861    1.4473393 ]
 [165.          19.380001     0.77265704   1.4550201 ]
 [166.          18.720001     1.5546707    1.461867  ]
 [167.          19.1          0.7314364    1.4686749 ]
 [168.          19.1          0.74161935   1.4754549 ]
 [169.          19.119999     0.8408331    1.482444  ]
 [170.          19.4          0.60415184   1.4898256 ]
 [171.          19.1          0.84852797   1.4984779 ]
 [172.          19.020002     1.1691871    1.5076725 ]
 [173.          19.12         0.59749484   1.5156523 ]
 [174.          19.640001     0.32863313   1.5221355 ]
 [175.          19.58         0.3492846    1.5296844 ]
 [176.          19.320002     1.0353745    1.5367054 ]
 [177.          18.56         2.3712869    1.5431871 ]
 [178.          19.42         0.7823035    1.550454  ]
 [179.          19.           1.791647     1.5603421 ]
 [180.          19.5          0.83964247   1.567223  ]
 [181.          19.5          0.6244995    1.575679  ]
 [182.          19.480001     0.7823038    1.5830138 ]
 [183.          19.74         0.20736487   1.5903761 ]
 [184.          19.380001     1.0034934    1.5980524 ]
 [185.          19.160002     1.1865911    1.6056916 ]
 [186.          19.319998     1.0232301    1.6135988 ]
 [187.          19.34         0.81731224   1.6227287 ]
 [188.          19.68         0.3768286    1.6312497 ]
 [189.          19.78         0.1643163    1.6374935 ]
 [190.          19.48         0.46043438   1.6448717 ]
 [191.          19.42         0.69065195   1.6520249 ]
 [192.          19.34         0.83845115   1.6595372 ]
 [193.          19.42         1.0183318    1.667079  ]
 [194.          19.359999     1.0478553    1.6742039 ]
 [195.          19.34         0.9964937    1.6826168 ]
 [196.          19.52         0.84970534   1.6893967 ]
 [197.          19.34         0.5176869    1.6977158 ]
 [198.          19.640001     0.2607679    1.7040046 ]
 [199.          18.539999     2.3222835    1.7100792 ]
 [200.          19.           0.7483322    1.7162434 ]]
The best results: 
Epoch: 189  19.78±0.16  1.637s
--------------- Train Done! ----------------
