Using cuda:0 device
Dataset     :Computers
Epochs      :200
LR X_s      :0.01
Learn A_s   :0
LR A_s      :0.01
Conden ratio:1.0
Ridge       :1.0
Kernel      :SGNK
k           :4
L           :1
Seed        :5
The 1th Iteration:
--------------------------------------------------
The 2th Iteration:
--------------------------------------------------
The 3th Iteration:
--------------------------------------------------
The 4th Iteration:
--------------------------------------------------
The 5th Iteration:
--------------------------------------------------
[[  1.          27.559998    13.475274     0.49162936]
 [  2.          35.86         6.8112407    0.50844353]
 [  3.          34.440002     5.208455     0.52087086]
 [  4.          35.320004     4.0077424    0.5320478 ]
 [  5.          36.359997     3.4333642    0.5400195 ]
 [  6.          36.9          3.939545     0.5485231 ]
 [  7.          37.260002     4.2817054    0.5594479 ]
 [  8.          37.78         4.309525     0.56944746]
 [  9.          38.620003     4.226937     0.5814555 ]
 [ 10.          39.64         3.9208405    0.5901584 ]
 [ 11.          40.820004     3.3862953    0.6021101 ]
 [ 12.          42.040005     3.154045     0.6098745 ]
 [ 13.          43.559998     2.4027078    0.6196391 ]
 [ 14.          44.54         2.1617134    0.6332917 ]
 [ 15.          45.680004     1.6300309    0.64736897]
 [ 16.          46.54         1.1970793    0.6623883 ]
 [ 17.          47.26         0.73348504   0.6739471 ]
 [ 18.          47.78         0.50695217   0.68699276]
 [ 19.          48.14         0.36469257   0.69970286]
 [ 20.          48.600002     0.20000093   0.7124881 ]
 [ 21.          49.           0.33911714   0.7279755 ]
 [ 22.          49.219997     0.38987043   0.740158  ]
 [ 23.          49.600002     0.43011677   0.753692  ]
 [ 24.          49.820004     0.4381781    0.7635808 ]
 [ 25.          50.16         0.47222844   0.77612543]
 [ 26.          50.460003     0.5272574    0.7873288 ]
 [ 27.          50.719997     0.59329593   0.8009108 ]
 [ 28.          51.120003     0.6140027    0.81203556]
 [ 29.          51.460003     0.72663623   0.82051605]
 [ 30.          51.9          0.6324558    0.82870007]
 [ 31.          52.4          0.4847673    0.8391754 ]
 [ 32.          52.940002     0.49295023   0.84590846]
 [ 33.          53.46         0.57271373   0.85364306]
 [ 34.          54.059998     0.28809756   0.86138386]
 [ 35.          54.420002     0.23874722   0.87095386]
 [ 36.          54.919994     0.17888425   0.883334  ]
 [ 37.          55.280006     0.13038543   0.894281  ]
 [ 38.          55.600002     0.23452047   0.904665  ]
 [ 39.          55.8          0.29154685   0.9163262 ]
 [ 40.          56.260006     0.26076657   0.93083876]
 [ 41.          56.76         0.5412953    0.9432886 ]
 [ 42.          57.2          0.60415107   0.95681286]
 [ 43.          57.72         0.83486444   0.9665742 ]
 [ 44.          58.           1.055935     0.9773392 ]
 [ 45.          58.46         1.3390279    0.98746026]
 [ 46.          58.920002     1.3386569    0.9984247 ]
 [ 47.          59.46         1.372225     1.0085083 ]
 [ 48.          59.980007     1.4024984    1.0181484 ]
 [ 49.          60.7          1.2389514    1.0267507 ]
 [ 50.          61.88         1.0449876    1.0395119 ]
 [ 51.          62.78         0.87578434   1.0473217 ]
 [ 52.          63.74         0.7436399    1.0578426 ]
 [ 53.          64.54         0.6348206    1.0664791 ]
 [ 54.          65.18         0.5805168    1.074526  ]
 [ 55.          65.82         0.6379648    1.0837599 ]
 [ 56.          66.659996     0.6580263    1.0917653 ]
 [ 57.          67.240005     0.66558415   1.0980358 ]
 [ 58.          68.04         0.55946374   1.1123873 ]
 [ 59.          69.22         0.5848054    1.1202145 ]
 [ 60.          71.58001      1.1189312    1.1317285 ]
 [ 61.          73.340004     0.5458955    1.1422342 ]
 [ 62.          74.64001      0.918149     1.1552309 ]
 [ 63.          75.16         0.57706165   1.1672785 ]
 [ 64.          77.920006     1.3827503    1.1833147 ]
 [ 65.          78.98         1.0986364    1.1996258 ]
 [ 66.          75.98         3.297271     1.2159852 ]
 [ 67.          80.72         1.2676754    1.2321604 ]
 [ 68.          79.88         1.2930602    1.247852  ]
 [ 69.          81.240005     0.9262834    1.2620407 ]
 [ 70.          80.46001      1.1104038    1.2738332 ]
 [ 71.          80.700005     1.9222378    1.2865517 ]
 [ 72.          81.58         1.0521381    1.2967767 ]
 [ 73.          82.26         1.0454687    1.3069861 ]
 [ 74.          82.           0.7314379    1.3160139 ]
 [ 75.          82.           0.9460452    1.3267473 ]
 [ 76.          81.9          0.80000246   1.3341913 ]
 [ 77.          82.76         0.7635432    1.3432419 ]
 [ 78.          82.32         0.576194     1.3539037 ]
 [ 79.          83.04         0.75033325   1.3633739 ]
 [ 80.          82.659996     0.55946416   1.3763239 ]
 [ 81.          82.           0.8246205    1.3927687 ]
 [ 82.          82.200005     0.5787924    1.4045702 ]
 [ 83.          82.6          1.2609504    1.4127667 ]
 [ 84.          82.060005     1.582086     1.4195982 ]
 [ 85.          82.24         0.9964958    1.4281219 ]
 [ 86.          82.08001      0.7596072    1.4398555 ]
 [ 87.          82.04         0.99146396   1.4543393 ]
 [ 88.          83.28         0.8228011    1.4660382 ]
 [ 89.          82.14         1.1238344    1.4750042 ]
 [ 90.          82.04         1.188699     1.4810442 ]
 [ 91.          81.979996     1.3292848    1.4907761 ]
 [ 92.          83.32         0.86139935   1.4998492 ]
 [ 93.          82.54         2.037893     1.5129331 ]
 [ 94.          83.08001      0.96280557   1.5271778 ]
 [ 95.          83.18001      0.5118576    1.5396062 ]
 [ 96.          82.96         0.6426501    1.5566508 ]
 [ 97.          82.68         0.834863     1.570529  ]
 [ 98.          83.4          0.7745959    1.5856663 ]
 [ 99.          82.98         1.1541245    1.6030945 ]
 [100.          83.42         0.76941633   1.6226072 ]
 [101.          83.54         0.43932018   1.638496  ]
 [102.          83.56         0.47223106   1.6584332 ]
 [103.          83.939995     0.16733265   1.6724377 ]
 [104.          83.54         0.8018719    1.6877936 ]
 [105.          83.4          0.57008725   1.7060975 ]
 [106.          83.76         0.40373266   1.7248576 ]
 [107.          84.36         0.30496073   1.7405121 ]
 [108.          84.159996     0.15165524   1.7506523 ]
 [109.          83.76         0.71623963   1.7665657 ]
 [110.          84.1          0.4636815    1.7831004 ]
 [111.          83.740005     0.51768726   1.800299  ]
 [112.          83.840004     0.91542524   1.8172731 ]
 [113.          83.740005     0.48270243   1.8275665 ]
 [114.          83.8          0.7314377    1.8396968 ]
 [115.          83.740005     0.7569651    1.8516394 ]
 [116.          83.54         1.0968134    1.8584032 ]
 [117.          84.04         0.4505548    1.8658831 ]
 [118.          83.14001      1.4275825    1.8735837 ]
 [119.          83.079994     1.1627575    1.8828255 ]
 [120.          83.8          0.59581834   1.8961464 ]
 [121.          84.200005     0.5787913    1.9081001 ]
 [122.          83.920006     0.57183814   1.9183654 ]
 [123.          82.92         1.1322552    1.9304543 ]
 [124.          83.18001      0.6685819    1.9397964 ]
 [125.          84.5          0.7615795    1.9500465 ]
 [126.          84.           0.6123706    1.9586109 ]
 [127.          83.78001      0.71554327   1.9706935 ]
 [128.          83.8          0.78740036   1.9810352 ]
 [129.          84.4          0.5147796    1.9936514 ]
 [130.          84.5          0.61644024   2.002031  ]
 [131.          84.3          0.5000008    2.011221  ]
 [132.          84.060005     0.4669041    2.024678  ]
 [133.          84.060005     0.36469164   2.0379274 ]
 [134.          83.96         1.1193699    2.059013  ]
 [135.          84.200005     0.891628     2.0745199 ]
 [136.          83.8          0.24494965   2.085893  ]
 [137.          83.94         0.29664624   2.0955513 ]
 [138.          83.54         0.9762161    2.105044  ]
 [139.          83.46         2.4016676    2.1139848 ]
 [140.          83.54         0.43931764   2.123355  ]
 [141.          83.740005     1.031019     2.1359527 ]
 [142.          82.86         1.9243164    2.1474514 ]
 [143.          82.76         1.4808792    2.1582713 ]
 [144.          82.86         0.66932714   2.1741164 ]
 [145.          82.8          1.137979     2.187057  ]
 [146.          83.44         0.77974385   2.1982367 ]
 [147.          83.58001      0.719031     2.2122457 ]
 [148.          83.82001      0.722496     2.2239459 ]
 [149.          83.27999      1.406058     2.2413146 ]
 [150.          84.14         0.29664597   2.2548597 ]
 [151.          84.04         0.69498324   2.2717233 ]
 [152.          83.9          0.47958273   2.2821145 ]
 [153.          83.94         0.40373337   2.2903206 ]
 [154.          84.           0.20000155   2.3030434 ]
 [155.          84.04         0.30495942   2.3150582 ]
 [156.          83.54         1.2280087    2.3269536 ]
 [157.          84.08         0.48166218   2.3388658 ]
 [158.          83.939995     0.46690238   2.3487623 ]
 [159.          83.78001      0.38987064   2.358466  ]
 [160.          83.98         0.46583113   2.3698204 ]
 [161.          83.920006     0.31144825   2.3846292 ]
 [162.          83.71999      0.71203953   2.4024408 ]
 [163.          84.020004     0.47116888   2.4150295 ]
 [164.          84.020004     0.5932962    2.425621  ]
 [165.          82.82         1.0473807    2.4373546 ]
 [166.          84.32         0.4549747    2.449487  ]
 [167.          83.740005     0.56832886   2.4639554 ]
 [168.          84.38         0.481665     2.48033   ]
 [169.          84.020004     0.34205243   2.4962757 ]
 [170.          84.68001      0.46043393   2.5085454 ]
 [171.          83.96         0.48270157   2.5202484 ]
 [172.          84.14001      0.8142513    2.5344563 ]
 [173.          84.71999      0.4147292    2.5472734 ]
 [174.          84.3          0.2645747    2.5591202 ]
 [175.          83.840004     0.7162383    2.5705936 ]
 [176.          83.619995     0.516719     2.589882  ]
 [177.          84.           0.6245019    2.6030347 ]
 [178.          83.76         0.7231884    2.6145542 ]
 [179.          83.3          0.6204829    2.6251695 ]
 [180.          84.04         0.37815496   2.6397355 ]
 [181.          83.979996     0.48682564   2.650981  ]
 [182.          84.240005     0.5941378    2.664603  ]
 [183.          83.4          0.7778176    2.6757038 ]
 [184.          83.659996     0.61886925   2.6853132 ]
 [185.          83.94         0.37815276   2.6957357 ]
 [186.          84.159996     0.5683307    2.706407  ]
 [187.          84.1          0.28284177   2.7195957 ]
 [188.          84.06         0.41593233   2.7315536 ]
 [189.          84.340004     0.21909001   2.7414532 ]
 [190.          83.939995     0.8049838    2.7532127 ]
 [191.          84.200005     0.5196176    2.773148  ]
 [192.          83.76         0.45055822   2.7843454 ]
 [193.          83.92         0.49699208   2.795737  ]
 [194.          83.8          1.1489116    2.8058186 ]
 [195.          83.52         0.86139387   2.8181665 ]
 [196.          84.04         0.36469513   2.8288448 ]
 [197.          84.380005     0.85848737   2.8382223 ]
 [198.          83.68001      0.9934783    2.8508606 ]
 [199.          84.1          0.5744555    2.8647413 ]
 [200.          84.           0.55677825   2.8798454 ]]
The best results: 
Epoch: 173  84.72±0.41  2.547s
--------------- Train Done! ----------------
--------------- Save Done! ----------------
