Using cuda:0 device
Dataset     :Cora
Epochs      :200
LR X_s      :0.01
Learn A_s   :1
LR A_s      :0.01
Conden ratio:1.0
Ridge       :5.0
Kernel      :SGNK
k           :2
L           :1
Seed        :5
The 1th Iteration:
--------------------------------------------------
The 2th Iteration:
--------------------------------------------------
The 3th Iteration:
--------------------------------------------------
The 4th Iteration:
--------------------------------------------------
The 5th Iteration:
--------------------------------------------------
[[  1.          11.8          2.6532993    0.25593945]
 [  2.          11.34         2.9432974    0.26430532]
 [  3.          10.26         2.5938387    0.2727221 ]
 [  4.           9.1          0.           0.28256032]
 [  5.           9.120001     0.04472103   0.29302105]
 [  6.           9.820001     1.6099688    0.30141172]
 [  7.           9.84         1.6546904    0.30959764]
 [  8.           9.88         1.744133     0.31779644]
 [  9.           9.88         1.744133     0.32568303]
 [ 10.           9.88         1.744133     0.33370557]
 [ 11.           9.88         1.744133     0.3419747 ]
 [ 12.           9.88         1.744133     0.35029027]
 [ 13.           9.88         1.744133     0.35910273]
 [ 14.           9.88         1.744133     0.36767864]
 [ 15.           9.88         1.744133     0.3752155 ]
 [ 16.           9.88         1.744133     0.38369465]
 [ 17.           9.900001     1.7334937    0.3918818 ]
 [ 18.          10.080001     1.6887864    0.39950228]
 [ 19.          10.76         2.279912     0.40947816]
 [ 20.          10.68         2.1637928    0.41717315]
 [ 21.          10.64         2.1090279    0.425479  ]
 [ 22.          10.66         2.1361177    0.4352027 ]
 [ 23.          10.66         2.1361177    0.44371453]
 [ 24.          10.66         2.1361177    0.45258886]
 [ 25.          10.679999     2.118254     0.46124727]
 [ 26.          10.7          2.1011896    0.47113734]
 [ 27.          10.8          2.0285459    0.4805174 ]
 [ 28.          11.22         1.9867055    0.48991618]
 [ 29.          11.32         2.0413227    0.49858624]
 [ 30.          11.38         2.084946     0.5079173 ]
 [ 31.          11.42         2.1182537    0.51676553]
 [ 32.          11.46         2.0647032    0.5267734 ]
 [ 33.          11.88         1.7195929    0.53573525]
 [ 34.          11.94         1.6994116    0.5452582 ]
 [ 35.          12.1          1.6970562    0.55487865]
 [ 36.          12.160001     1.7155174    0.5638903 ]
 [ 37.          12.22         1.7441329    0.57359946]
 [ 38.          12.22         1.7441329    0.58165944]
 [ 39.          12.22         1.7441329    0.5911992 ]
 [ 40.          12.22         1.7441329    0.6024072 ]
 [ 41.          12.22         1.7441329    0.61190337]
 [ 42.          12.22         1.7441329    0.62023634]
 [ 43.          12.22         1.7441329    0.6286032 ]
 [ 44.          12.22         1.7441329    0.63740814]
 [ 45.          12.22         1.7441329    0.646161  ]
 [ 46.          12.22         1.7441329    0.65478706]
 [ 47.          12.22         1.7441329    0.66359353]
 [ 48.          12.22         1.7441329    0.67284447]
 [ 49.          12.22         1.7441329    0.68259823]
 [ 50.          12.22         1.7441329    0.69209474]
 [ 51.          12.22         1.7441329    0.701944  ]
 [ 52.          12.22         1.7441329    0.7126202 ]
 [ 53.          12.22         1.7441329    0.72240794]
 [ 54.          12.22         1.7441329    0.7305445 ]
 [ 55.          12.2          1.7334933    0.7381014 ]
 [ 56.          12.2          1.7334933    0.7458267 ]
 [ 57.          12.12         1.7020574    0.75519556]
 [ 58.          12.080001     1.6932214    0.76485854]
 [ 59.          12.0199995    1.6887864    0.77333915]
 [ 60.          11.6          1.9377822    0.7821021 ]
 [ 61.          11.46         2.1090283    0.7911609 ]
 [ 62.          11.46         2.1090283    0.80012244]
 [ 63.          11.440001     2.1361177    0.80907196]
 [ 64.          11.440001     2.1361177    0.8191622 ]
 [ 65.          11.400001     2.1011899    0.82837564]
 [ 66.          10.12         2.768935     0.83842677]
 [ 67.           9.54         3.359762     0.84806055]
 [ 68.           9.580001     3.3108912    0.85672206]
 [ 69.           9.56         3.28527      0.86635077]
 [ 70.           9.72         3.501        0.8751897 ]
 [ 71.           9.9800005    3.8964088    0.8842735 ]
 [ 72.           9.06         2.8049955    0.8931231 ]
 [ 73.           8.86         2.7199266    0.9014679 ]
 [ 74.           8.8          2.7083206    0.9110821 ]
 [ 75.           8.8          2.7083206    0.920553  ]
 [ 76.           8.8          2.7083206    0.92934   ]
 [ 77.           8.8          2.7083206    0.93786013]
 [ 78.           8.8          2.7083206    0.94682133]
 [ 79.           8.8          2.7083206    0.95607865]
 [ 80.           8.8          2.7083206    0.96532744]
 [ 81.           8.8          2.7083206    0.97500306]
 [ 82.           8.8          2.7083206    0.9846344 ]
 [ 83.           8.8          2.7083206    0.9958046 ]
 [ 84.           8.8          2.7083206    1.0053025 ]
 [ 85.           8.8          2.7083206    1.013963  ]
 [ 86.           8.8          2.7083206    1.0220003 ]
 [ 87.           8.62         2.3679106    1.0305421 ]
 [ 88.           7.5399995    1.5646085    1.0379826 ]
 [ 89.           7.1800003    1.1924764    1.0461724 ]
 [ 90.           6.94         1.2074767    1.054122  ]
 [ 91.           7.           1.3416405    1.0611123 ]
 [ 92.           6.4          0.           1.069424  ]
 [ 93.           6.4          0.           1.0777546 ]
 [ 94.           6.4          0.           1.0875025 ]
 [ 95.           6.4          0.           1.096476  ]
 [ 96.           6.4          0.           1.1063894 ]
 [ 97.           6.4          0.           1.1145362 ]
 [ 98.           6.4          0.           1.1225798 ]
 [ 99.           6.4          0.           1.1311156 ]
 [100.           6.4          0.           1.1392792 ]
 [101.           6.4          0.           1.1474665 ]
 [102.           6.4          0.           1.157464  ]
 [103.           6.4          0.           1.165576  ]
 [104.           6.4          0.           1.1738808 ]
 [105.           6.4          0.           1.1840445 ]
 [106.           6.4          0.           1.1928982 ]
 [107.           6.4          0.           1.2015319 ]
 [108.           6.4          0.           1.2105122 ]
 [109.           6.4          0.           1.2195399 ]
 [110.           6.4          0.           1.2284654 ]
 [111.           6.4          0.           1.2368654 ]
 [112.           6.4          0.           1.2452185 ]
 [113.           6.4          0.           1.2536544 ]
 [114.           6.4          0.           1.2611332 ]
 [115.           6.4          0.           1.269688  ]
 [116.           6.4          0.           1.2793019 ]
 [117.           6.4          0.           1.2880738 ]
 [118.           6.4          0.           1.2964776 ]
 [119.           6.4          0.           1.3047112 ]
 [120.           6.4          0.           1.3120638 ]
 [121.           6.4          0.           1.3182869 ]
 [122.           6.4          0.           1.3246667 ]
 [123.           6.4          0.           1.3315095 ]
 [124.           6.4          0.           1.3379017 ]
 [125.           6.4          0.           1.3443563 ]
 [126.           6.4          0.           1.3509514 ]
 [127.           6.4199996    0.04472123   1.3587723 ]
 [128.           6.4199996    0.04472123   1.3664162 ]
 [129.           6.46         0.05477217   1.3737979 ]
 [130.           6.44         0.08944263   1.3819051 ]
 [131.           6.44         0.08944263   1.389229  ]
 [132.           6.46         0.08944261   1.3974733 ]
 [133.           6.4399996    0.05477218   1.4065613 ]
 [134.           6.4          0.           1.415335  ]
 [135.           6.4          0.           1.4251438 ]
 [136.           6.4199996    0.04472127   1.4359783 ]
 [137.           6.4          0.           1.4441843 ]
 [138.           6.4199996    0.04472123   1.4539753 ]
 [139.           6.4600005    0.13416402   1.4627972 ]
 [140.           6.52         0.21679483   1.4706596 ]
 [141.           6.5800004    0.30331495   1.4798723 ]
 [142.           6.7400002    0.23021704   1.488067  ]
 [143.           6.9800005    0.4207138    1.4969704 ]
 [144.           7.2400002    0.5594639    1.5057198 ]
 [145.           7.5800004    0.64187247   1.5138959 ]
 [146.           7.8800006    0.8786352    1.523157  ]
 [147.           8.28         0.6572667    1.5329936 ]
 [148.           8.86         0.7436398    1.543041  ]
 [149.           9.36         0.84142756   1.5522597 ]
 [150.          10.000001     1.1554223    1.5607966 ]
 [151.          11.0199995    1.5023311    1.5691344 ]
 [152.          11.900001     2.2248595    1.5781454 ]
 [153.          12.260001     2.1824303    1.5882978 ]
 [154.          12.820002     2.3488297    1.5970886 ]
 [155.          13.18         2.9668164    1.6063368 ]
 [156.          13.860001     2.9779189    1.6166884 ]
 [157.          13.900001     2.9908195    1.625693  ]
 [158.          14.06         3.332867     1.6351677 ]
 [159.          14.260001     3.3291142    1.6438198 ]
 [160.          14.3          3.4907017    1.6529053 ]
 [161.          14.260001     3.5739331    1.6619663 ]
 [162.          14.42         3.4105718    1.6723576 ]
 [163.          14.360001     3.4688616    1.6821035 ]
 [164.          14.22         3.3078692    1.6914433 ]
 [165.          14.160001     3.2090497    1.7009281 ]
 [166.          13.88         3.0556502    1.7109612 ]
 [167.          13.8          3.1424515    1.7203215 ]
 [168.          13.9800005    3.0128062    1.7293037 ]
 [169.          13.960001     3.5104132    1.7381712 ]
 [170.          14.220001     3.688089     1.7468598 ]
 [171.          14.68         4.0733275    1.7554286 ]
 [172.          15.04         3.9316661    1.7639674 ]
 [173.          14.94         3.842265     1.7723893 ]
 [174.          15.1          3.9623227    1.7805424 ]
 [175.          15.220001     3.8343189    1.7876959 ]
 [176.          15.400001     3.8301437    1.7939589 ]
 [177.          15.56         3.7420583    1.8008358 ]
 [178.          15.74         3.886258     1.8079628 ]
 [179.          15.6          3.8242645    1.815353  ]
 [180.          15.88         3.6901221    1.8226944 ]
 [181.          17.520002     3.9079404    1.8312473 ]
 [182.          17.980001     4.0757823    1.8389939 ]
 [183.          17.920002     4.148132     1.8469139 ]
 [184.          18.24         4.235328     1.8559389 ]
 [185.          19.52         5.663656     1.8643936 ]
 [186.          19.62         4.7118998    1.8726515 ]
 [187.          20.02         3.9060206    1.8808384 ]
 [188.          21.420002     4.210345     1.889561  ]
 [189.          21.86         4.111934     1.8983288 ]
 [190.          22.82         1.5642891    1.907271  ]
 [191.          23.64         1.2876338    1.9156214 ]
 [192.          23.840002     2.8165584    1.9239258 ]
 [193.          26.420002     5.365817     1.9319752 ]
 [194.          26.62         4.5400443    1.9403336 ]
 [195.          27.679998     4.793955     1.9489529 ]
 [196.          28.940002     5.319116     1.9579762 ]
 [197.          29.38         5.196826     1.9679921 ]
 [198.          29.679998     5.1780314    1.9776049 ]
 [199.          29.48         4.980662     1.987208  ]
 [200.          29.380003     4.7525783    1.9965441 ]]
The best results: 
Epoch: 198  29.68±5.18  1.978s
--------------- Train Done! ----------------
