Using cuda:0 device
Dataset     :Cora
Epochs      :200
LR X_s      :0.01
Learn A_s   :1
LR A_s      :0.01
Conden ratio:1.0
Ridge       :1.0
Kernel      :SGNK
k           :1
L           :1
Seed        :5
The 1th Iteration:
--------------------------------------------------
The 2th Iteration:
--------------------------------------------------
The 3th Iteration:
--------------------------------------------------
The 4th Iteration:
--------------------------------------------------
The 5th Iteration:
--------------------------------------------------
[[  1.          19.76         5.719528     0.28781548]
 [  2.          21.6          7.080607     0.295286  ]
 [  3.          24.           7.8943024    0.3041601 ]
 [  4.          27.48         9.11219      0.3127063 ]
 [  5.          30.720001    10.364699     0.31999508]
 [  6.          33.9         11.558547     0.32844573]
 [  7.          36.52        11.831821     0.336901  ]
 [  8.          38.48        11.812155     0.34905395]
 [  9.          39.86        11.649806     0.35779843]
 [ 10.          41.06        11.554783     0.3669291 ]
 [ 11.          42.16        11.377301     0.37753034]
 [ 12.          42.719997    11.512037     0.38642827]
 [ 13.          43.26        10.628406     0.39387795]
 [ 14.          43.46         9.973616     0.40151778]
 [ 15.          43.820004     9.3076315    0.4111751 ]
 [ 16.          44.260002     8.625427     0.41870648]
 [ 17.          44.7          8.226481     0.42602897]
 [ 18.          45.68         7.6613965    0.43298778]
 [ 19.          46.340004     7.4012156    0.44104072]
 [ 20.          46.460003     6.8700814    0.44865346]
 [ 21.          47.           6.5149817    0.45622435]
 [ 22.          47.52         6.541942     0.4630126 ]
 [ 23.          48.120003     6.4495726    0.47063515]
 [ 24.          48.600002     6.112283     0.47815856]
 [ 25.          49.3          5.829236     0.48532978]
 [ 26.          49.84         5.4743037    0.49266216]
 [ 27.          50.760002     5.3322606    0.49979606]
 [ 28.          51.26         5.16217      0.50645965]
 [ 29.          51.9          5.2230263    0.51512927]
 [ 30.          52.52         5.001699     0.5233752 ]
 [ 31.          53.18         4.368867     0.5306913 ]
 [ 32.          53.96         4.3160167    0.5378723 ]
 [ 33.          54.74         3.8669112    0.54474735]
 [ 34.          55.3          3.9768069    0.5523593 ]
 [ 35.          55.719997     3.8893447    0.5610894 ]
 [ 36.          55.980007     3.5716956    0.56846684]
 [ 37.          56.340004     3.5872009    0.5779962 ]
 [ 38.          56.9          3.6318023    0.5863244 ]
 [ 39.          57.339996     3.8843274    0.595185  ]
 [ 40.          57.66         3.543022     0.60285836]
 [ 41.          58.059998     3.506137     0.61036986]
 [ 42.          58.26         3.7885358    0.62061924]
 [ 43.          58.320004     3.821911     0.6317285 ]
 [ 44.          58.559998     3.8978229    0.6405532 ]
 [ 45.          58.76         3.9690046    0.64898425]
 [ 46.          58.9          3.7980266    0.65720254]
 [ 47.          59.26         3.8520122    0.6659161 ]
 [ 48.          59.719997     4.1348534    0.67406726]
 [ 49.          59.840004     3.917654     0.6815615 ]
 [ 50.          60.18         3.8166745    0.68971914]
 [ 51.          60.18         3.9480374    0.69879955]
 [ 52.          60.3          3.7556624    0.70744956]
 [ 53.          60.38         3.804865     0.71579427]
 [ 54.          60.600002     3.844476     0.72468996]
 [ 55.          60.7          3.68239      0.73236674]
 [ 56.          60.8          3.6939156    0.7409755 ]
 [ 57.          61.059998     3.8135273    0.7495127 ]
 [ 58.          61.180004     3.7211561    0.7571828 ]
 [ 59.          61.380005     3.908578     0.76595044]
 [ 60.          61.620003     4.1191006    0.7745516 ]
 [ 61.          61.960003     3.9112673    0.78429997]
 [ 62.          62.219997     3.8609583    0.79228896]
 [ 63.          62.4          3.7033768    0.8006832 ]
 [ 64.          62.519997     3.4521008    0.80933094]
 [ 65.          62.940002     3.470302     0.8183817 ]
 [ 66.          63.100002     3.2992425    0.8274645 ]
 [ 67.          63.560005     3.218386     0.83601266]
 [ 68.          63.940002     3.260825     0.8439643 ]
 [ 69.          64.3          3.1008117    0.8515281 ]
 [ 70.          64.64001      3.1349654    0.85923433]
 [ 71.          64.94         2.9500883    0.8685288 ]
 [ 72.          65.28         2.8146064    0.8752207 ]
 [ 73.          65.94         2.7409863    0.8830479 ]
 [ 74.          66.42         2.696667     0.8904139 ]
 [ 75.          66.8          2.706472     0.89803964]
 [ 76.          67.5          2.2627404    0.9059534 ]
 [ 77.          68.200005     2.177158     0.9130605 ]
 [ 78.          68.94         1.8729689    0.9203558 ]
 [ 79.          69.86001      1.4774965    0.9279615 ]
 [ 80.          70.52001      1.5786067    0.93471205]
 [ 81.          71.28         1.2377383    0.941582  ]
 [ 82.          71.840004     0.90994567   0.9501362 ]
 [ 83.          72.58         0.93380845   0.96108645]
 [ 84.          73.1          0.7348492    0.9677126 ]
 [ 85.          73.659996     0.80187297   0.9745971 ]
 [ 86.          74.119995     0.928438     0.9827663 ]
 [ 87.          74.44         0.9289765    0.98979586]
 [ 88.          74.54         0.96072686   0.99628925]
 [ 89.          74.6          0.96176803   1.0029778 ]
 [ 90.          74.5          1.03682      1.009396  ]
 [ 91.          74.32         1.0825889    1.0155205 ]
 [ 92.          74.1          0.9565553    1.0219017 ]
 [ 93.          73.96001      1.1081498    1.0289897 ]
 [ 94.          73.740005     1.0163697    1.0359137 ]
 [ 95.          73.71999      0.88713133   1.0434023 ]
 [ 96.          73.86         0.9181504    1.0521744 ]
 [ 97.          74.08         0.90939575   1.0595398 ]
 [ 98.          74.3          0.880341     1.0657139 ]
 [ 99.          74.28         1.0329598    1.0732373 ]
 [100.          74.78         0.95760435   1.0813938 ]
 [101.          75.           0.4847651    1.0909272 ]
 [102.          75.54         0.56833065   1.097916  ]
 [103.          75.740005     0.646531     1.1061367 ]
 [104.          76.14001      0.41593313   1.1130751 ]
 [105.          76.22         0.3962321    1.1200484 ]
 [106.          76.36         0.43931684   1.1266986 ]
 [107.          76.6          0.32403708   1.133234  ]
 [108.          76.700005     0.50990427   1.141876  ]
 [109.          76.64001      0.43932033   1.148496  ]
 [110.          76.64001      0.25099885   1.1560335 ]
 [111.          76.68001      0.7886699    1.163041  ]
 [112.          76.82         0.9391512    1.169782  ]
 [113.          76.82         0.89833206   1.1780407 ]
 [114.          76.96         0.9813283    1.1858108 ]
 [115.          76.979996     0.7661585    1.1941794 ]
 [116.          77.12         0.45497173   1.202245  ]
 [117.          76.96001      0.45607194   1.2090436 ]
 [118.          76.8          0.33911216   1.2157468 ]
 [119.          76.98         0.19235477   1.2242836 ]
 [120.          76.86         0.61886954   1.2311691 ]
 [121.          76.96         0.42190126   1.2403842 ]
 [122.          77.14001      0.28809968   1.2485589 ]
 [123.          77.5          0.55677754   1.2562958 ]
 [124.          77.54         0.2880948    1.263552  ]
 [125.          77.44         0.13416204   1.274237  ]
 [126.          77.08         0.23874788   1.2810316 ]
 [127.          76.619995     0.35636824   1.2878888 ]
 [128.          76.6          0.68920255   1.295131  ]
 [129.          76.86         0.90443575   1.3023564 ]
 [130.          76.48         1.0568838    1.310163  ]
 [131.          76.240005     0.52249366   1.3176932 ]
 [132.          76.26         0.5594688    1.3257108 ]
 [133.          76.56         0.6804403    1.3328383 ]
 [134.          76.74         0.8961011    1.3422709 ]
 [135.          76.939995     1.099091     1.3496296 ]
 [136.          76.740005     0.5856643    1.3574377 ]
 [137.          76.6          0.38078886   1.3646762 ]
 [138.          76.4          0.21213464   1.3721106 ]
 [139.          76.439995     0.568332     1.3807849 ]
 [140.          76.439995     0.33615556   1.388362  ]
 [141.          76.54         0.47222826   1.3962511 ]
 [142.          76.82         0.23874572   1.4049897 ]
 [143.          76.86         0.33615726   1.4121746 ]
 [144.          76.3          0.4795838    1.4193203 ]
 [145.          76.18         0.59749365   1.4267001 ]
 [146.          75.86         0.7056909    1.4338589 ]
 [147.          75.78001      0.6942636    1.4411738 ]
 [148.          75.96         0.64652836   1.4485348 ]
 [149.          76.020004     0.8408321    1.4558593 ]
 [150.          75.86001      0.8264388    1.4639835 ]
 [151.          76.1          0.5656868    1.471439  ]
 [152.          76.06         0.60249317   1.479226  ]
 [153.          76.159996     0.6268951    1.4874862 ]
 [154.          76.5          0.8000004    1.4956832 ]
 [155.          76.56         1.1149012    1.5048449 ]
 [156.          76.36         0.7635438    1.515487  ]
 [157.          76.46         0.78294295   1.5253319 ]
 [158.          76.28         1.02323      1.5335114 ]
 [159.          75.78         1.2316645    1.5412792 ]
 [160.          75.740005     1.3722239    1.5496377 ]
 [161.          75.420006     1.1670487    1.5568537 ]
 [162.          75.52         1.3292882    1.5639571 ]
 [163.          75.44         1.4621902    1.5716221 ]
 [164.          75.4          0.8154755    1.5791873 ]
 [165.          75.659996     0.9555111    1.5866356 ]
 [166.          75.86         0.9071908    1.5942065 ]
 [167.          75.56         0.743638     1.6013352 ]
 [168.          75.38         0.9731395    1.6088631 ]
 [169.          75.58         1.042594     1.6157836 ]
 [170.          75.58001      0.9093937    1.6226043 ]
 [171.          75.54         0.650384     1.6305342 ]
 [172.          75.88         1.0109409    1.6397679 ]
 [173.          75.76         1.0430752    1.648115  ]
 [174.          75.700005     0.8660287    1.6563991 ]
 [175.          75.14001      1.301155     1.664463  ]
 [176.          74.92         1.6483333    1.6731983 ]
 [177.          75.           1.6733209    1.6812584 ]
 [178.          74.96         1.6592171    1.6895212 ]
 [179.          75.04         1.5339473    1.697471  ]
 [180.          74.78001      1.0256715    1.7067463 ]
 [181.          75.04         0.87920284   1.7162535 ]
 [182.          75.200005     0.84557796   1.724363  ]
 [183.          75.619995     1.497332     1.7362738 ]
 [184.          75.96         1.393913     1.7433757 ]
 [185.          75.98         1.3065218    1.749882  ]
 [186.          75.840004     1.0212736    1.7572867 ]
 [187.          75.96001      0.98640835   1.7645941 ]
 [188.          76.           1.111304     1.7713715 ]
 [189.          75.72         1.2235166    1.7782472 ]
 [190.          75.46         1.2095426    1.7882168 ]
 [191.          75.42         1.5658884    1.7980324 ]
 [192.          75.240005     1.6516653    1.8063624 ]
 [193.          75.4          1.9735749    1.8153843 ]
 [194.          75.54         1.3538859    1.8229645 ]
 [195.          75.740005     0.94498694   1.8300126 ]
 [196.          76.1          0.790568     1.8369697 ]
 [197.          76.4          0.87464446   1.8450397 ]
 [198.          76.3          0.9055365    1.85264   ]
 [199.          76.159996     0.83845055   1.8591219 ]
 [200.          76.02         0.4147262    1.8661959 ]]
The best results: 
Epoch: 124  77.54±0.29  1.264s
--------------- Train Done! ----------------
