Using cuda:0 device
Dataset     :Cora
Epochs      :200
LR X_s      :0.01
Learn A_s   :0
LR A_s      :0.01
Conden ratio:0.5
Ridge       :0.5
Kernel      :SNTK
k           :1
L           :1
Seed        :5
The 1th Iteration:
--------------------------------------------------
The 2th Iteration:
--------------------------------------------------
The 3th Iteration:
--------------------------------------------------
The 4th Iteration:
--------------------------------------------------
The 5th Iteration:
--------------------------------------------------
[[  1.           8.84         2.2645087    0.4635098 ]
 [  2.           7.7000003    2.5845697    0.50269127]
 [  3.           7.62         2.6724517    0.54566973]
 [  4.           7.52         2.504396     0.58580494]
 [  5.           7.3          2.012461     0.62737024]
 [  6.           7.16         1.6994116    0.6641578 ]
 [  7.           7.1          1.5652474    0.7075035 ]
 [  8.           7.02         1.3863621    0.7448834 ]
 [  9.           6.9800005    1.2969196    0.78557587]
 [ 10.           7.           1.3416405    0.8268494 ]
 [ 11.           6.9800005    1.2969196    0.8669018 ]
 [ 12.           6.9800005    1.2969196    0.9072775 ]
 [ 13.           7.02         1.3863621    0.949028  ]
 [ 14.           7.06         1.4758048    0.9909382 ]
 [ 15.           7.1400003    1.5993749    1.0293185 ]
 [ 16.           7.2400002    1.5646086    1.0700921 ]
 [ 17.           7.4199996    1.6917447    1.109409  ]
 [ 18.           7.7599998    1.7285835    1.1537943 ]
 [ 19.           7.94         1.839293     1.1958721 ]
 [ 20.           8.2          1.9659604    1.2336076 ]
 [ 21.           8.440001     1.87163      1.2745323 ]
 [ 22.           8.86         2.008233     1.3120937 ]
 [ 23.           9.179999     1.8458061    1.3515949 ]
 [ 24.           9.580001     1.6932217    1.3921887 ]
 [ 25.           9.88         1.68434      1.4361669 ]
 [ 26.          10.38         1.7963852    1.4802638 ]
 [ 27.          10.900001     1.7029387    1.5242172 ]
 [ 28.          11.420001     1.5139352    1.5648965 ]
 [ 29.          12.06         1.1126544    1.6064276 ]
 [ 30.          12.78         0.5974951    1.6456765 ]
 [ 31.          13.2          0.254951     1.6891079 ]
 [ 32.          13.72         0.27748853   1.7270377 ]
 [ 33.          13.5          0.6204839    1.7650902 ]
 [ 34.          13.360001     0.8677558    1.8083069 ]
 [ 35.          13.020001     0.8927485    1.8485157 ]
 [ 36.          12.34         0.61481696   1.8835305 ]
 [ 37.          11.940001     0.6542168    1.922635  ]
 [ 38.          11.42         0.4266149    1.9643894 ]
 [ 39.          11.22         0.38340557   2.001651  ]
 [ 40.          11.080001     0.396232     2.0449634 ]
 [ 41.          10.78         0.21679492   2.0830054 ]
 [ 42.          10.66         0.11401755   2.1249382 ]
 [ 43.          10.6          0.07071061   2.1643991 ]
 [ 44.          10.7          0.39999992   2.1992538 ]
 [ 45.          10.72         0.4438468    2.238229  ]
 [ 46.          10.76         0.58566207   2.278568  ]
 [ 47.          11.080001     0.8871302    2.3163936 ]
 [ 48.          11.52         0.94710034   2.35873   ]
 [ 49.          12.16         1.2660962    2.3984017 ]
 [ 50.          12.56         1.6009372    2.4403074 ]
 [ 51.          13.2          1.9455078    2.4851594 ]
 [ 52.          14.2          2.2147238    2.5291567 ]
 [ 53.          15.2          2.3398726    2.5759778 ]
 [ 54.          16.24         2.6782453    2.6157088 ]
 [ 55.          17.420002     2.8252442    2.6547096 ]
 [ 56.          18.62         2.7994642    2.6919208 ]
 [ 57.          19.96         2.7537255    2.7340353 ]
 [ 58.          21.28         2.5014007    2.771382  ]
 [ 59.          22.26         2.3543568    2.8125348 ]
 [ 60.          23.919998     1.8212627    2.8532271 ]
 [ 61.          26.           1.2409675    2.8941522 ]
 [ 62.          28.5          0.6892024    2.9364178 ]
 [ 63.          30.420002     1.1432412    2.9784245 ]
 [ 64.          32.88         0.79183245   3.0132604 ]
 [ 65.          35.100002     1.298076     3.045953  ]
 [ 66.          37.440002     1.2581735    3.086842  ]
 [ 67.          39.74         1.7386782    3.1230013 ]
 [ 68.          41.9          1.3472178    3.1622102 ]
 [ 69.          43.52         1.7767943    3.2011948 ]
 [ 70.          45.100002     1.5540262    3.241369  ]
 [ 71.          46.42         1.3645531    3.2788627 ]
 [ 72.          47.8          1.7219186    3.3149898 ]
 [ 73.          49.22         1.6115203    3.3526344 ]
 [ 74.          50.600002     1.7219191    3.392679  ]
 [ 75.          51.8          2.0976179    3.4363935 ]
 [ 76.          53.02         2.1614802    3.4802907 ]
 [ 77.          54.480007     1.9740812    3.5246186 ]
 [ 78.          55.920002     2.317757     3.5645585 ]
 [ 79.          57.2          2.2945578    3.600329  ]
 [ 80.          59.180004     2.4983995    3.6383324 ]
 [ 81.          61.359997     2.6130438    3.6777482 ]
 [ 82.          63.820004     2.7003706    3.718053  ]
 [ 83.          66.06         3.1595895    3.7624955 ]
 [ 84.          68.36         2.7718225    3.8008516 ]
 [ 85.          70.42         2.4252827    3.8424168 ]
 [ 86.          72.3          1.973575     3.8819509 ]
 [ 87.          74.200005     1.55724      3.9181144 ]
 [ 88.          75.36001      1.1523881    3.9588246 ]
 [ 89.          76.240005     1.1326938    3.9996774 ]
 [ 90.          76.82         1.1031747    4.042085  ]
 [ 91.          77.22         0.923041     4.0793204 ]
 [ 92.          77.78         1.0802742    4.118126  ]
 [ 93.          78.           0.79686844   4.1554    ]
 [ 94.          77.98         0.83785653   4.194199  ]
 [ 95.          77.98         0.6833719    4.231002  ]
 [ 96.          77.76         0.74699557   4.2682796 ]
 [ 97.          77.659996     0.9316667    4.3061404 ]
 [ 98.          77.48         0.84380144   4.343975  ]
 [ 99.          77.28001      0.9364833    4.386026  ]
 [100.          77.           0.95393765   4.4282517 ]
 [101.          76.9          0.8746419    4.471343  ]
 [102.          76.8          0.23452209   4.515564  ]
 [103.          76.3          0.92466146   4.5561004 ]
 [104.          76.4          0.56568444   4.595922  ]
 [105.          76.28001      0.13038597   4.6388817 ]
 [106.          76.44         0.49799657   4.677502  ]
 [107.          76.48         0.4658319    4.720891  ]
 [108.          76.36         0.39115417   4.762564  ]
 [109.          76.36001      0.5941387    4.801619  ]
 [110.          76.26         0.5128361    4.8398204 ]
 [111.          76.32         0.6534511    4.881237  ]
 [112.          76.28         0.81363386   4.9224734 ]
 [113.          76.44         0.6387464    4.961793  ]
 [114.          76.26         0.7436389    4.998672  ]
 [115.          76.32         0.8318643    5.03626   ]
 [116.          77.08         0.5403693    5.078633  ]
 [117.          77.02         0.2949577    5.1182275 ]
 [118.          77.200005     0.45276853   5.155954  ]
 [119.          77.3          1.0049864    5.1953373 ]
 [120.          77.159996     0.94762796   5.2371917 ]
 [121.          77.880005     0.34928337   5.277817  ]
 [122.          78.240005     0.40373284   5.321317  ]
 [123.          77.58         1.3479608    5.36101   ]
 [124.          77.94         0.7956153    5.4055753 ]
 [125.          77.48         1.49733      5.4466624 ]
 [126.          76.98         1.0256705    5.489571  ]
 [127.          77.76         0.8848728    5.5256925 ]
 [128.          77.96         0.7436372    5.5658417 ]
 [129.          77.44         0.7334847    5.6030703 ]
 [130.          78.14001      1.128269     5.644014  ]
 [131.          78.12         1.2696469    5.688182  ]
 [132.          78.04         0.6188701    5.7274027 ]
 [133.          77.340004     1.301153     5.766056  ]
 [134.          76.38         3.058103     5.8080497 ]
 [135.          72.74         9.340395     5.8465075 ]
 [136.          74.82         3.557664     5.888013  ]
 [137.          73.92         4.5515924    5.9251246 ]
 [138.          75.8          2.1505816    5.9635057 ]
 [139.          76.240005     2.9245522    6.004556  ]
 [140.          74.96         5.6835747    6.0495563 ]
 [141.          73.6          5.464889     6.088258  ]
 [142.          75.94         1.4188018    6.1259165 ]
 [143.          72.46         9.317885     6.1625423 ]
 [144.          74.240005     5.3812647    6.204003  ]
 [145.          75.38         3.1681216    6.248727  ]
 [146.          74.96         3.7977629    6.292282  ]
 [147.          76.58001      1.4939895    6.332256  ]
 [148.          77.04         2.119671     6.375441  ]
 [149.          75.32         5.7207494    6.4181795 ]
 [150.          76.96         2.5274494    6.4608855 ]
 [151.          77.1          2.7757857    6.504805  ]
 [152.          77.68001      1.670928     6.55078   ]
 [153.          77.6          1.0700481    6.587416  ]
 [154.          77.21999      2.0315018    6.626901  ]
 [155.          78.04         0.77330345   6.6634507 ]
 [156.          78.5          1.0559359    6.7064004 ]
 [157.          78.32         0.23874554   6.740696  ]
 [158.          78.1          0.60415256   6.7841277 ]
 [159.          78.04         1.0382683    6.825326  ]
 [160.          77.54         0.96072894   6.867028  ]
 [161.          76.58         1.9904759    6.9077487 ]
 [162.          77.22         1.6161667    6.950232  ]
 [163.          77.52         0.7791041    6.9937334 ]
 [164.          77.76         1.5789242    7.0335207 ]
 [165.          77.04         0.6107351    7.0727935 ]
 [166.          77.04         0.8961033    7.108121  ]
 [167.          77.48         0.1788809    7.147884  ]
 [168.          77.659996     1.126057     7.190648  ]
 [169.          77.3          1.0049884    7.231365  ]
 [170.          77.           1.56205      7.272696  ]
 [171.          76.700005     1.2864712    7.3132553 ]
 [172.          77.1          0.92736167   7.3528566 ]
 [173.          76.200005     3.519231     7.39706   ]
 [174.          71.46        12.966225     7.4407616 ]
 [175.          73.46         8.077932     7.4852386 ]
 [176.          74.6          5.5068116    7.5255523 ]
 [177.          73.52         7.5300746    7.5645366 ]
 [178.          72.4          9.787746     7.6066318 ]
 [179.          72.46         9.227836     7.6464295 ]
 [180.          72.66         7.1737733    7.684968  ]
 [181.          73.21999      5.2370806    7.7225137 ]
 [182.          73.74         4.703509     7.7600207 ]
 [183.          74.14         3.656914     7.7957854 ]
 [184.          74.52         3.255302     7.8373704 ]
 [185.          74.340004     2.7718227    7.874192  ]
 [186.          74.94         2.3839045    7.915025  ]
 [187.          75.14001      2.6510377    7.9524894 ]
 [188.          75.340004     2.3287342    7.9941745 ]
 [189.          75.4          2.0099742    8.034927  ]
 [190.          75.16         1.8968399    8.077286  ]
 [191.          75.06         1.8487829    8.114406  ]
 [192.          75.42         1.9460217    8.153512  ]
 [193.          75.840004     2.0464597    8.1965275 ]
 [194.          75.98         1.8753654    8.236941  ]
 [195.          75.98         1.9395885    8.281794  ]
 [196.          75.8          2.0627651    8.325068  ]
 [197.          74.5          2.1272044    8.367165  ]
 [198.          74.200005     2.5465686    8.406275  ]
 [199.          72.98         4.908867     8.45004   ]
 [200.          74.94         2.0082347    8.493505  ]]
The best results: 
Epoch: 156  78.50±1.06  6.706s
--------------- Train Done! ----------------
