Using cuda:0 device
Dataset     :Cora
Epochs      :200
LR X_s      :0.01
Learn A_s   :1
LR A_s      :0.01
Conden ratio:0.25
Ridge       :1.0
Kernel      :SGNK
k           :2
L           :1
Seed        :5
The 1th Iteration:
--------------------------------------------------
The 2th Iteration:
--------------------------------------------------
The 3th Iteration:
--------------------------------------------------
The 4th Iteration:
--------------------------------------------------
The 5th Iteration:
--------------------------------------------------
[[  1.          14.12        10.216995     0.25421014]
 [  2.          13.839999    10.36933      0.2594095 ]
 [  3.          13.900001    10.333683     0.2648417 ]
 [  4.          13.92        10.322161     0.2698183 ]
 [  5.          13.88        10.3453865    0.2747558 ]
 [  6.          13.900001    10.333683     0.28005123]
 [  7.          14.080001    10.236553     0.2856176 ]
 [  8.          14.400001    10.088608     0.2905236 ]
 [  9.          14.639999     9.923356     0.29572836]
 [ 10.          14.92         9.686434     0.30157962]
 [ 11.          15.659999     9.317885     0.3069454 ]
 [ 12.          16.460001     9.954799     0.31251025]
 [ 13.          13.54         3.8292298    0.3185404 ]
 [ 14.          12.46         1.8994735    0.3273185 ]
 [ 15.          12.34         1.7686154    0.3329018 ]
 [ 16.          12.280001     1.7239488    0.33978292]
 [ 17.          12.18         1.833576     0.34593907]
 [ 18.          12.18         1.833576     0.3517445 ]
 [ 19.          12.34         1.4758048    0.3572336 ]
 [ 20.          12.440001     1.252198     0.3625774 ]
 [ 21.          12.900001     0.2236068    0.36854813]
 [ 22.          12.900001     0.2236068    0.37459347]
 [ 23.          12.94         0.134164     0.38078436]
 [ 24.          12.92         0.17888527   0.38702255]
 [ 25.          12.94         0.134164     0.3930572 ]
 [ 26.          12.9800005    0.04472153   0.39958748]
 [ 27.          13.           0.           0.40494075]
 [ 28.          13.           0.           0.41149226]
 [ 29.          13.           0.           0.41746756]
 [ 30.          13.           0.           0.42290068]
 [ 31.          13.           0.           0.42790452]
 [ 32.          13.           0.           0.43296728]
 [ 33.          13.           0.           0.43998787]
 [ 34.          13.           0.           0.45065695]
 [ 35.          13.           0.           0.4570547 ]
 [ 36.          13.           0.           0.46307823]
 [ 37.          13.           0.           0.46840516]
 [ 38.          13.           0.           0.47418162]
 [ 39.          13.           0.           0.48062453]
 [ 40.          13.           0.           0.48624846]
 [ 41.          13.           0.           0.49202362]
 [ 42.          13.           0.           0.4994311 ]
 [ 43.          13.           0.           0.50594175]
 [ 44.          13.           0.           0.5114209 ]
 [ 45.          13.           0.           0.5171377 ]
 [ 46.          13.           0.           0.522993  ]
 [ 47.          13.           0.           0.529007  ]
 [ 48.          13.           0.           0.5350024 ]
 [ 49.          13.           0.           0.5402626 ]
 [ 50.          13.           0.           0.5455768 ]
 [ 51.          13.           0.           0.5510982 ]
 [ 52.          13.06         0.13416423   0.55658406]
 [ 53.          13.06         0.13416423   0.56144845]
 [ 54.          13.080001     0.17888528   0.5663207 ]
 [ 55.          13.080001     0.17888528   0.5727245 ]
 [ 56.          13.1          0.17320493   0.5776328 ]
 [ 57.          13.139999     0.19493578   0.58258736]
 [ 58.          13.160001     0.23021734   0.5875127 ]
 [ 59.          13.18         0.2489979    0.5939154 ]
 [ 60.          13.2          0.27386126   0.6003    ]
 [ 61.          13.2          0.27386126   0.6057868 ]
 [ 62.          13.22         0.3033151    0.6110632 ]
 [ 63.          13.24         0.3286338    0.6172585 ]
 [ 64.          13.260001     0.3577709    0.62316626]
 [ 65.          13.260001     0.3577709    0.62879914]
 [ 66.          13.280001     0.38987193   0.6357719 ]
 [ 67.          13.280001     0.38987193   0.640932  ]
 [ 68.          13.280001     0.38987193   0.64627   ]
 [ 69.          13.280001     0.38987193   0.6547451 ]
 [ 70.          13.32         0.4086562    0.6618811 ]
 [ 71.          13.44         0.5594639    0.6683391 ]
 [ 72.          13.479999     0.6099178    0.6748517 ]
 [ 73.          13.5          0.648074     0.67992204]
 [ 74.          13.5          0.648074     0.6850658 ]
 [ 75.          13.54         0.63087255   0.6911127 ]
 [ 76.          13.62         0.71203923   0.69654304]
 [ 77.          13.7          0.73143685   0.7020325 ]
 [ 78.          13.8          0.91378325   0.70767534]
 [ 79.          13.88         0.98843294   0.7141323 ]
 [ 80.          13.9800005    1.0733128    0.7195863 ]
 [ 81.          14.04         1.1545564    0.72517985]
 [ 82.          14.220001     1.3718598    0.731109  ]
 [ 83.          14.4800005    1.5674819    0.73684037]
 [ 84.          14.6          1.6186414    0.74254936]
 [ 85.          14.760001     1.5773393    0.74846476]
 [ 86.          15.12         1.7991666    0.75430804]
 [ 87.          15.540001     2.0851858    0.759434  ]
 [ 88.          16.300001     2.8425343    0.76495713]
 [ 89.          17.44         3.5809214    0.7701163 ]
 [ 90.          18.5          4.6113987    0.77567947]
 [ 91.          20.480001     5.7373343    0.78099436]
 [ 92.          22.42         7.105773     0.7864653 ]
 [ 93.          24.9          9.017205     0.79214805]
 [ 94.          28.920002    11.074837     0.7974103 ]
 [ 95.          32.04        11.631767     0.8024718 ]
 [ 96.          34.98        12.130209     0.80804217]
 [ 97.          37.3         11.724761     0.8132704 ]
 [ 98.          40.38        11.586932     0.81874007]
 [ 99.          42.52        10.705233     0.8248081 ]
 [100.          43.56        10.628876     0.8307167 ]
 [101.          44.999996     9.4307995    0.8363013 ]
 [102.          46.38         8.470066     0.84186935]
 [103.          46.540005     7.5254908    0.8477786 ]
 [104.          48.38         7.153112     0.8536162 ]
 [105.          49.           6.1420674    0.85985035]
 [106.          50.54         6.050042     0.8669769 ]
 [107.          52.080006     6.2431564    0.8733551 ]
 [108.          53.080006     6.66123      0.8822789 ]
 [109.          54.940002     7.1468873    0.88905585]
 [110.          56.719997     6.382163     0.8955032 ]
 [111.          58.559998     5.365911     0.90246886]
 [112.          59.040005     6.2344217    0.9092556 ]
 [113.          60.           6.445153     0.91613084]
 [114.          61.16         5.9154873    0.9232748 ]
 [115.          61.960003     5.919715     0.9295644 ]
 [116.          63.4          5.3394766    0.93652934]
 [117.          63.88         5.294054     0.943309  ]
 [118.          64.52         4.8653865    0.9508175 ]
 [119.          65.240005     4.480291     0.95817786]
 [120.          66.08         5.2642174    0.96505576]
 [121.          67.           5.672301     0.97067416]
 [122.          68.14001      5.21517      0.9765375 ]
 [123.          68.58         4.4448824    0.98342705]
 [124.          68.86         4.0389338    0.9892623 ]
 [125.          68.26         4.4286566    0.99576664]
 [126.          68.28         5.531457     1.0024967 ]
 [127.          67.3          6.3352175    1.0088936 ]
 [128.          67.18001      7.185194     1.0146214 ]
 [129.          68.060005     7.94185      1.0203861 ]
 [130.          68.88         8.7878895    1.0266094 ]
 [131.          69.240005     7.8583083    1.0333182 ]
 [132.          70.82         5.53552      1.0381975 ]
 [133.          71.71999      4.3711567    1.0444785 ]
 [134.          71.02         4.673008     1.0494134 ]
 [135.          70.1          5.3051853    1.0544912 ]
 [136.          69.9          6.964193     1.0598984 ]
 [137.          70.22         6.400936     1.0646199 ]
 [138.          71.98         5.2637434    1.0694765 ]
 [139.          72.240005     3.8804665    1.0743477 ]
 [140.          72.           3.9382758    1.0792147 ]
 [141.          72.920006     3.689442     1.0843334 ]
 [142.          72.68         4.5778794    1.0892429 ]
 [143.          72.32         6.7105875    1.0953926 ]
 [144.          72.420006     6.990139     1.1005026 ]
 [145.          73.28001      5.04599      1.1058893 ]
 [146.          73.38         4.010861     1.1114807 ]
 [147.          73.26         5.1242585    1.1167834 ]
 [148.          74.14         4.448373     1.1237963 ]
 [149.          75.4          2.9025831    1.129096  ]
 [150.          74.86         3.8337934    1.1364148 ]
 [151.          75.18001      3.2422235    1.1425121 ]
 [152.          75.22         3.014466     1.1484673 ]
 [153.          74.46         3.1309743    1.1548876 ]
 [154.          74.1          3.0561445    1.1601689 ]
 [155.          74.4          3.98999      1.1664035 ]
 [156.          75.02         3.4995682    1.172059  ]
 [157.          75.64001      3.2253678    1.1778301 ]
 [158.          76.840004     2.101906     1.1835966 ]
 [159.          76.8          1.6807777    1.1908329 ]
 [160.          76.619995     2.0656729    1.1965584 ]
 [161.          74.939995     4.28929      1.2028283 ]
 [162.          74.86         3.9978743    1.2093496 ]
 [163.          75.76         3.5927713    1.2156433 ]
 [164.          76.520004     2.8437638    1.2228254 ]
 [165.          76.700005     2.3259408    1.22901   ]
 [166.          77.200005     1.2980763    1.2354808 ]
 [167.          76.62         2.093321     1.2415078 ]
 [168.          76.04         4.0991473    1.2484773 ]
 [169.          75.3          5.9476876    1.257836  ]
 [170.          75.200005     5.3763347    1.2674971 ]
 [171.          77.02         3.7897232    1.2747412 ]
 [172.          77.5          2.1354184    1.2812288 ]
 [173.          77.17999      1.2735782    1.286837  ]
 [174.          76.52         1.2397583    1.2922579 ]
 [175.          76.64001      2.1042807    1.2973133 ]
 [176.          76.64001      2.477501     1.3025507 ]
 [177.          76.6          2.8257737    1.3075986 ]
 [178.          76.46         3.8305397    1.3126338 ]
 [179.          76.44         2.1915731    1.3178793 ]
 [180.          76.340004     2.5870833    1.3231128 ]
 [181.          76.439995     2.267818     1.3285664 ]
 [182.          75.86         3.8253102    1.3339382 ]
 [183.          73.68001      4.584976     1.3399252 ]
 [184.          75.16         3.806309     1.3461895 ]
 [185.          77.159996     2.1594002    1.351766  ]
 [186.          77.9          1.6355405    1.3574922 ]
 [187.          77.700005     1.8533756    1.363708  ]
 [188.          78.3          1.4832363    1.3706284 ]
 [189.          78.           2.1748602    1.3767828 ]
 [190.          76.6          4.4446597    1.3829603 ]
 [191.          76.200005     5.4886246    1.3879083 ]
 [192.          76.700005     2.5337732    1.3945807 ]
 [193.          76.159996     2.592873     1.3999339 ]
 [194.          76.6          2.1828885    1.4047548 ]
 [195.          77.119995     3.2375913    1.4114072 ]
 [196.          77.38         3.7278693    1.4169391 ]
 [197.          76.619995     4.6826262    1.4223576 ]
 [198.          76.700005     4.123717     1.4282085 ]
 [199.          77.240005     2.9177032    1.4336387 ]
 [200.          76.9          2.536733     1.440023  ]]
The best results: 
Epoch: 188  78.30±1.48  1.371s
--------------- Train Done! ----------------
