Using cuda:0 device
Dataset     :Cora
Epochs      :200
LR X_s      :0.01
Learn A_s   :0
LR A_s      :0.01
Conden ratio:1.0
Ridge       :10.0
Kernel      :SGNK
k           :2
L           :1
Seed        :5
The 1th Iteration:
--------------------------------------------------
The 2th Iteration:
--------------------------------------------------
The 3th Iteration:
--------------------------------------------------
The 4th Iteration:
--------------------------------------------------
The 5th Iteration:
--------------------------------------------------
[[  1.          18.720001     2.384743     0.53795505]
 [  2.          27.840002     2.399584     0.5530955 ]
 [  3.          36.260002     1.0261579    0.5667804 ]
 [  4.          44.180004     3.2965133    0.5839486 ]
 [  5.          49.620003     4.7499466    0.59966487]
 [  6.          52.859997     5.1897016    0.6129389 ]
 [  7.          54.66         5.2794886    0.6237371 ]
 [  8.          55.880005     5.2198663    0.6375669 ]
 [  9.          56.96         4.921179     0.6490832 ]
 [ 10.          57.840004     4.6312       0.6597559 ]
 [ 11.          59.24         4.1944013    0.6715959 ]
 [ 12.          59.980007     3.988359     0.68438375]
 [ 13.          60.9          3.66538      0.6994122 ]
 [ 14.          61.819996     3.6451335    0.7122312 ]
 [ 15.          62.8          3.6034706    0.7219646 ]
 [ 16.          63.559998     3.251613     0.7336999 ]
 [ 17.          64.18001      3.2491539    0.74329525]
 [ 18.          64.840004     2.8623438    0.75253016]
 [ 19.          65.5          2.6879346    0.763386  ]
 [ 20.          65.8          2.5238862    0.7702932 ]
 [ 21.          66.22         2.233156     0.7777365 ]
 [ 22.          66.56         2.1007156    0.78492004]
 [ 23.          66.94         1.836576     0.79263705]
 [ 24.          67.26         1.6287998    0.8012087 ]
 [ 25.          67.560005     1.5306839    0.8095644 ]
 [ 26.          67.740005     1.4187998    0.8166275 ]
 [ 27.          68.020004     1.2872455    0.82757825]
 [ 28.          68.06         1.2421767    0.8346241 ]
 [ 29.          68.28001      1.3065263    0.8428942 ]
 [ 30.          68.36         1.1653341    0.84853023]
 [ 31.          68.619995     1.1755892    0.85381585]
 [ 32.          68.72         1.082587     0.8612873 ]
 [ 33.          68.96         1.0188243    0.87118226]
 [ 34.          69.14001      0.9964964    0.8818327 ]
 [ 35.          69.54         1.1327012    0.8918158 ]
 [ 36.          69.62001      1.0425929    0.89965373]
 [ 37.          69.78         0.9523647    0.9099888 ]
 [ 38.          70.06         1.0454694    0.92242354]
 [ 39.          70.21999      0.9679899    0.93617517]
 [ 40.          70.340004     1.00399      0.94821686]
 [ 41.          70.46         0.8443924    0.9559574 ]
 [ 42.          70.58001      0.831864     0.9647461 ]
 [ 43.          70.64         0.62289894   0.97055405]
 [ 44.          70.68         0.5890678    0.9785925 ]
 [ 45.          70.82         0.65345335   0.990757  ]
 [ 46.          70.98         0.5932969    1.0020232 ]
 [ 47.          71.159996     0.5683305    1.0088524 ]
 [ 48.          71.26         0.5727099    1.0188878 ]
 [ 49.          71.42         0.6180659    1.0265483 ]
 [ 50.          71.4          0.55226773   1.0331498 ]
 [ 51.          71.58         0.57619596   1.0425513 ]
 [ 52.          71.700005     0.50000024   1.0538517 ]
 [ 53.          71.78         0.5674489    1.0636731 ]
 [ 54.          71.920006     0.6058038    1.0773264 ]
 [ 55.          71.96         0.55045605   1.0865667 ]
 [ 56.          72.020004     0.5310371    1.0985447 ]
 [ 57.          72.08         0.51186115   1.110121  ]
 [ 58.          72.14001      0.6542149    1.1205051 ]
 [ 59.          72.26         0.585663     1.1279535 ]
 [ 60.          72.36         0.56833035   1.1370325 ]
 [ 61.          72.520004     0.52630836   1.1450938 ]
 [ 62.          72.62         0.5540743    1.1523392 ]
 [ 63.          72.840004     0.62289983   1.1601518 ]
 [ 64.          73.           0.7071047    1.1697181 ]
 [ 65.          73.14001      0.6655835    1.1775274 ]
 [ 66.          73.22         0.6978561    1.1860961 ]
 [ 67.          73.159996     0.77006435   1.1928414 ]
 [ 68.          73.3          0.6745377    1.1998494 ]
 [ 69.          73.520004     0.6648324    1.2080593 ]
 [ 70.          73.64001      0.66932744   1.2154353 ]
 [ 71.          73.86         0.69137776   1.2231069 ]
 [ 72.          73.94         0.68774855   1.2309234 ]
 [ 73.          74.08         0.7259485    1.2415317 ]
 [ 74.          74.28         0.6379648    1.2489359 ]
 [ 75.          74.520004     0.5761951    1.257491  ]
 [ 76.          74.54         0.61886895   1.2646605 ]
 [ 77.          74.68001      0.5805161    1.276491  ]
 [ 78.          74.88         0.6942628    1.2847044 ]
 [ 79.          75.12         0.63796735   1.2956852 ]
 [ 80.          75.32         0.75960416   1.3028891 ]
 [ 81.          75.520004     0.6797071    1.3095373 ]
 [ 82.          75.62         0.6760201    1.317363  ]
 [ 83.          75.5          0.65574235   1.327109  ]
 [ 84.          75.46001      0.61073536   1.3359886 ]
 [ 85.          75.44         0.6985722    1.3466043 ]
 [ 86.          75.36         0.7700627    1.3574473 ]
 [ 87.          75.439995     0.92087173   1.3642582 ]
 [ 88.          75.380005     0.7259469    1.3740047 ]
 [ 89.          75.420006     0.9038818    1.3848823 ]
 [ 90.          75.240005     0.723186     1.3925046 ]
 [ 91.          75.22         0.78549665   1.4057286 ]
 [ 92.          75.18         0.5495449    1.4159683 ]
 [ 93.          75.04         0.45055562   1.4306468 ]
 [ 94.          75.02         0.52630776   1.4450352 ]
 [ 95.          75.02         0.46043336   1.451995  ]
 [ 96.          75.           0.48476845   1.4576643 ]
 [ 97.          75.119995     0.60580486   1.468192  ]
 [ 98.          75.08         0.6379628    1.4766731 ]
 [ 99.          75.2          0.5385187    1.4878504 ]
 [100.          75.28001      0.438177     1.4980992 ]
 [101.          75.4          0.41832918   1.5076809 ]
 [102.          75.439995     0.41593152   1.5184282 ]
 [103.          75.659996     0.39114994   1.5273066 ]
 [104.          75.76         0.3911526    1.5365065 ]
 [105.          75.88         0.3492863    1.5450844 ]
 [106.          75.98         0.29495475   1.5547891 ]
 [107.          76.04         0.40373552   1.562128  ]
 [108.          76.200005     0.2738635    1.5726386 ]
 [109.          76.3          0.23451924   1.5826176 ]
 [110.          76.46001      0.40372878   1.5912997 ]
 [111.          76.68         0.2588457    1.6001576 ]
 [112.          76.840004     0.29664528   1.6098797 ]
 [113.          77.22         0.27749008   1.620876  ]
 [114.          77.32         0.40249324   1.6351811 ]
 [115.          77.52001      0.39623398   1.6483063 ]
 [116.          77.740005     0.32093477   1.6580012 ]
 [117.          77.98         0.38340446   1.6679802 ]
 [118.          78.3          0.31622735   1.6827692 ]
 [119.          78.42         0.34928644   1.6893    ]
 [120.          78.5          0.19999775   1.6984434 ]
 [121.          78.9          0.3391161    1.7078289 ]
 [122.          78.82         0.52153355   1.71836   ]
 [123.          79.36         0.5639161    1.7298985 ]
 [124.          79.76         0.57271254   1.7386736 ]
 [125.          79.740005     0.6465297    1.7465016 ]
 [126.          80.04         0.32093585   1.7568573 ]
 [127.          80.08001      0.589067     1.7703098 ]
 [128.          80.1          1.0074759    1.7805464 ]
 [129.          80.36         0.6228969    1.793387  ]
 [130.          80.54         0.74027044   1.8014631 ]
 [131.          80.38         1.265702     1.8096542 ]
 [132.          80.3          0.80622375   1.8188018 ]
 [133.          80.64001      1.2280073    1.8312634 ]
 [134.          80.06         0.95550996   1.8483261 ]
 [135.          80.4          1.6446865    1.8654002 ]
 [136.          80.54         1.0899534    1.8787632 ]
 [137.          80.06         1.273966     1.8946202 ]
 [138.          79.82         1.9318378    1.907895  ]
 [139.          79.54         1.1781368    1.9234152 ]
 [140.          80.32         1.7340693    1.9334621 ]
 [141.          79.02         2.3742337    1.9458603 ]
 [142.          80.3          1.3820292    1.9622902 ]
 [143.          79.82         1.42021      1.9799279 ]
 [144.          80.68001      0.9959939    1.9909953 ]
 [145.          79.920006     1.8143917    2.0039752 ]
 [146.          80.520004     1.3645514    2.0187132 ]
 [147.          78.14         3.5613184    2.0359898 ]
 [148.          78.740005     3.0187743    2.0463822 ]
 [149.          78.22         3.4737577    2.0599198 ]
 [150.          79.18         2.1890652    2.0767076 ]
 [151.          78.5          1.8614498    2.0838087 ]
 [152.          79.46         2.6968484    2.0927842 ]
 [153.          81.38         0.772659     2.1065068 ]
 [154.          79.98         1.4359694    2.118634  ]
 [155.          79.88         0.9808159    2.1289709 ]
 [156.          80.84         0.4159315    2.1387477 ]
 [157.          80.64         0.69137305   2.147216  ]
 [158.          79.72         1.2735779    2.1604326 ]
 [159.          80.           0.9165128    2.170508  ]
 [160.          80.420006     0.44384718   2.1857271 ]
 [161.          79.52001      0.6978552    2.200999  ]
 [162.          79.46001      0.770063     2.21201   ]
 [163.          79.98         0.22803685   2.224125  ]
 [164.          78.8          0.6928232    2.2373135 ]
 [165.          77.82         3.6313941    2.251395  ]
 [166.          79.380005     1.3141562    2.2596822 ]
 [167.          78.84         0.6730516    2.2692933 ]
 [168.          78.3          1.9039441    2.280444  ]
 [169.          78.4          2.0892553    2.2914138 ]
 [170.          78.72         2.9710267    2.3000674 ]
 [171.          77.38         3.5478156    2.3104064 ]
 [172.          73.32         9.063498     2.3222992 ]
 [173.          76.56         6.223988     2.3366718 ]
 [174.          78.22001      3.3855608    2.3515117 ]
 [175.          78.82         1.6574087    2.3647153 ]
 [176.          79.700005     1.6077956    2.3714187 ]
 [177.          79.659996     2.1431313    2.3828456 ]
 [178.          80.38         1.4219708    2.3941326 ]
 [179.          80.02         1.3773161    2.4063709 ]
 [180.          80.200005     1.4882879    2.424234  ]
 [181.          80.64001      0.947631     2.4420567 ]
 [182.          80.740005     1.1844817    2.4544976 ]
 [183.          80.520004     1.3141508    2.4696622 ]
 [184.          80.700005     1.2389499    2.4864395 ]
 [185.          80.22         1.6254213    2.4992862 ]
 [186.          80.18         1.4498277    2.5184615 ]
 [187.          80.14         1.4397913    2.5350718 ]
 [188.          80.14001      1.4081895    2.5494916 ]
 [189.          80.           1.5732148    2.56643   ]
 [190.          79.700005     1.6015605    2.5789723 ]
 [191.          79.659996     1.5789248    2.5874307 ]
 [192.          80.06         1.3685778    2.6000056 ]
 [193.          80.240005     1.6516666    2.6113636 ]
 [194.          80.3          1.3838333    2.619539  ]
 [195.          80.1          1.3322927    2.635905  ]
 [196.          79.9          1.2247449    2.6448617 ]
 [197.          79.86         1.3352904    2.6574686 ]
 [198.          79.64001      1.5043255    2.671384  ]
 [199.          79.6          1.2903473    2.6867733 ]
 [200.          79.5          1.3964257    2.7009046 ]]
The best results: 
Epoch: 153  81.38±0.77  2.107s
--------------- Train Done! ----------------
--------------- Save Done! ----------------
