Using cuda:0 device
Dataset     :Cora
Epochs      :200
LR X_s      :0.01
Learn A_s   :0
LR A_s      :0.01
Conden ratio:1.0
Ridge       :0.01
Kernel      :SGNK
k           :2
L           :1
Seed        :5
The 1th Iteration:
--------------------------------------------------
The 2th Iteration:
--------------------------------------------------
The 3th Iteration:
--------------------------------------------------
The 4th Iteration:
--------------------------------------------------
The 5th Iteration:
--------------------------------------------------
[[  1.          37.           6.8297143    0.3796973 ]
 [  2.          54.660004     7.4123535    0.39319667]
 [  3.          62.100002     5.653318     0.40794322]
 [  4.          65.159996     4.370699     0.41839704]
 [  5.          66.700005     4.072465     0.42997956]
 [  6.          67.48         3.7124128    0.441545  ]
 [  7.          67.8          3.6159348    0.45725113]
 [  8.          68.18         3.7090423    0.46992382]
 [  9.          68.340004     3.6997306    0.47881755]
 [ 10.          69.08         4.0628805    0.48875722]
 [ 11.          69.14001      4.1961894    0.4966161 ]
 [ 12.          69.740005     3.97467      0.50513697]
 [ 13.          70.32         3.866134     0.5143131 ]
 [ 14.          71.36         3.4180408    0.52541035]
 [ 15.          72.56         2.7190096    0.5333721 ]
 [ 16.          73.54         2.4398777    0.54193777]
 [ 17.          74.46         1.7938786    0.55168295]
 [ 18.          75.200005     1.5247947    0.55936044]
 [ 19.          76.04         1.1545587    0.56588846]
 [ 20.          76.32         1.0940751    0.57210296]
 [ 21.          76.68001      0.8348668    0.58033335]
 [ 22.          77.18001      0.96798986   0.5890433 ]
 [ 23.          77.52         1.1819484    0.6014499 ]
 [ 24.          77.86         1.0237186    0.60943264]
 [ 25.          78.06         1.1013621    0.61814535]
 [ 26.          78.340004     1.1104047    0.629666  ]
 [ 27.          78.56         0.97365135   0.6400886 ]
 [ 28.          78.700005     0.5700874    0.6564314 ]
 [ 29.          78.86001      0.55946547   0.66509694]
 [ 30.          78.76         0.5128363    0.6744179 ]
 [ 31.          78.76         0.83546466   0.6875728 ]
 [ 32.          78.71999      0.92032665   0.69729394]
 [ 33.          78.939995     0.6024937    0.7104956 ]
 [ 34.          79.04         0.2880975    0.71820843]
 [ 35.          79.36         0.33615193   0.72817606]
 [ 36.          79.4          0.37416717   0.73419654]
 [ 37.          79.48         0.33466393   0.746654  ]
 [ 38.          79.54         0.26076698   0.7565773 ]
 [ 39.          79.6          0.18708375   0.7635886 ]
 [ 40.          79.64001      0.20736407   0.7692331 ]
 [ 41.          79.700005     0.1870846    0.7813024 ]
 [ 42.          79.72         0.3492876    0.7935948 ]
 [ 43.          79.840004     0.30495864   0.80261594]
 [ 44.          79.86         0.32093546   0.81079847]
 [ 45.          79.8          0.27385977   0.8221297 ]
 [ 46.          79.96         0.2073642    0.8307439 ]
 [ 47.          79.96001      0.11401424   0.84012717]
 [ 48.          80.32         0.08366769   0.85305387]
 [ 49.          80.36001      0.20736514   0.86555415]
 [ 50.          80.38         0.16431937   0.87502545]
 [ 51.          80.420006     0.13038397   0.8823193 ]
 [ 52.          80.38         0.23874615   0.8896882 ]
 [ 53.          80.42         0.21679522   0.8991603 ]
 [ 54.          80.340004     0.15165772   0.9106018 ]
 [ 55.          80.5          0.3316652    0.9222769 ]
 [ 56.          80.62         0.9148779    0.9324259 ]
 [ 57.          80.22         0.8437997    0.9456813 ]
 [ 58.          81.240005     1.2895728    0.95636284]
 [ 59.          79.62         1.3881644    0.9634954 ]
 [ 60.          81.08001      0.7529949    0.9739658 ]
 [ 61.          81.14001      0.7733049    0.9858347 ]
 [ 62.          80.54         1.3011553    0.99684066]
 [ 63.          80.44         0.9289751    1.0055951 ]
 [ 64.          81.420006     1.2029132    1.0151494 ]
 [ 65.          80.5          0.59582025   1.0221959 ]
 [ 66.          80.26         0.8988883    1.0300087 ]
 [ 67.          81.4          0.47433877   1.0383929 ]
 [ 68.          81.119995     0.7758861    1.0490516 ]
 [ 69.          80.5          0.38078746   1.0586518 ]
 [ 70.          81.32         0.23874655   1.0677112 ]
 [ 71.          81.1          0.43011367   1.0766963 ]
 [ 72.          80.840004     0.43359002   1.086484  ]
 [ 73.          80.78001      0.5263073    1.09655   ]
 [ 74.          81.54         0.48785302   1.107638  ]
 [ 75.          80.54         1.0430696    1.120251  ]
 [ 76.          81.           0.951314     1.1289788 ]
 [ 77.          81.200005     0.31622776   1.1396338 ]
 [ 78.          80.22         0.88431084   1.1515323 ]
 [ 79.          81.14001      0.7924646    1.1642561 ]
 [ 80.          81.21999      1.0134102    1.1782982 ]
 [ 81.          80.76         0.9555096    1.1889664 ]
 [ 82.          80.700005     0.94074154   1.200559  ]
 [ 83.          81.           0.51961464   1.2148932 ]
 [ 84.          81.           0.8124063    1.2297735 ]
 [ 85.          80.5          0.93005353   1.244371  ]
 [ 86.          81.08         0.82583195   1.2594323 ]
 [ 87.          81.           0.793727     1.2728062 ]
 [ 88.          80.72         0.48682877   1.2830523 ]
 [ 89.          81.08         0.43243548   1.2940603 ]
 [ 90.          81.22         0.46583435   1.3042158 ]
 [ 91.          80.72         0.56302625   1.3149298 ]
 [ 92.          81.38         0.37683043   1.3277074 ]
 [ 93.          80.72         0.4266154    1.3374007 ]
 [ 94.          81.18         0.45497367   1.3480644 ]
 [ 95.          80.740005     0.6655816    1.3584185 ]
 [ 96.          80.920006     0.71554035   1.3659626 ]
 [ 97.          81.04         0.65802515   1.3765961 ]
 [ 98.          80.62         0.58051723   1.3884958 ]
 [ 99.          81.42         0.3193757    1.4013878 ]
 [100.          80.68         0.3563688    1.4149504 ]
 [101.          80.619995     0.39623016   1.4257668 ]
 [102.          81.14001      0.5983324    1.43485   ]
 [103.          80.48         0.7155384    1.4449264 ]
 [104.          81.04         0.59833074   1.457378  ]
 [105.          80.72         0.6058008    1.4703302 ]
 [106.          80.659996     0.5224925    1.479118  ]
 [107.          81.12         0.49193427   1.4929758 ]
 [108.          80.48         1.066303     1.5104551 ]
 [109.          80.840004     0.8848735    1.5215338 ]
 [110.          80.88         0.60991704   1.5327952 ]
 [111.          80.78001      0.87005556   1.5449008 ]
 [112.          80.46         0.20736401   1.5540905 ]
 [113.          80.8          0.2000014    1.5606568 ]
 [114.          80.04         0.82036483   1.5723633 ]
 [115.          81.           0.8602327    1.588142  ]
 [116.          80.880005     0.40865752   1.6019859 ]
 [117.          80.44         0.5029887    1.612674  ]
 [118.          81.4          0.7516625    1.6230564 ]
 [119.          81.06         0.64264977   1.6298851 ]
 [120.          79.98         0.5718408    1.6411723 ]
 [121.          81.64001      0.30495828   1.6524953 ]
 [122.          80.5          0.48476493   1.6668738 ]
 [123.          80.46         0.47749284   1.6773386 ]
 [124.          80.98         0.28635672   1.68656   ]
 [125.          80.520004     0.54954416   1.7002496 ]
 [126.          80.58         0.37013426   1.7112442 ]
 [127.          80.740005     0.4878527    1.7326826 ]
 [128.          80.76         0.55497557   1.7511038 ]
 [129.          80.740005     0.6618154    1.775073  ]
 [130.          80.4          0.3741665    1.7919401 ]
 [131.          80.840004     0.32093802   1.8062057 ]
 [132.          80.38         0.73280597   1.8224798 ]
 [133.          80.82         0.804365     1.8359295 ]
 [134.          80.5          0.3674228    1.8530276 ]
 [135.          80.78001      0.67231005   1.8658152 ]
 [136.          80.62         0.3898691    1.8817185 ]
 [137.          80.98         0.25884405   1.8955891 ]
 [138.          80.36         0.58137584   1.9059836 ]
 [139.          80.54         0.42778388   1.9176762 ]
 [140.          81.           0.4123129    1.9304253 ]
 [141.          80.340004     0.33615306   1.9420671 ]
 [142.          80.68         0.822797     1.9513342 ]
 [143.          80.36         0.7668101    1.9593344 ]
 [144.          80.44         0.512836     1.9669007 ]
 [145.          80.5          0.36055624   1.9733275 ]
 [146.          80.9          0.6442036    1.9821881 ]
 [147.          80.6          0.19999886   1.9903679 ]
 [148.          80.46         0.45607135   2.0007    ]
 [149.          80.68001      0.48166534   2.009293  ]
 [150.          80.659996     0.48269945   2.0183952 ]
 [151.          80.02         0.60580754   2.025771  ]
 [152.          81.04         0.3714851    2.0329204 ]
 [153.          80.340004     0.4505544    2.0403934 ]
 [154.          80.62         0.39623314   2.0534182 ]
 [155.          80.700005     0.40000057   2.0642097 ]
 [156.          80.240005     0.531974     2.071386  ]
 [157.          80.5          0.22360893   2.0781238 ]
 [158.          80.8          0.35355386   2.0855975 ]
 [159.          80.54         0.7334849    2.0930147 ]
 [160.          80.4          0.71763444   2.1021981 ]
 [161.          80.68         0.645755     2.1093118 ]
 [162.          80.02         0.13038206   2.118897  ]
 [163.          80.84         0.46152157   2.1261306 ]
 [164.          80.38         0.5674493    2.1357129 ]
 [165.          80.119995     0.32710835   2.1432772 ]
 [166.          80.72001      0.42661336   2.1521022 ]
 [167.          80.520004     0.27749124   2.1604302 ]
 [168.          80.22         0.25884262   2.1666524 ]
 [169.          80.560005     0.67305315   2.1747289 ]
 [170.          80.439995     0.77006507   2.1851044 ]
 [171.          80.62         0.4969907    2.1930559 ]
 [172.          80.48         0.30331877   2.2053266 ]
 [173.          80.14001      0.3847076    2.2168365 ]
 [174.          80.84         0.6465278    2.2274265 ]
 [175.          80.4          0.3999982    2.2365618 ]
 [176.          80.240005     0.3781539    2.2450256 ]
 [177.          80.380005     0.25884286   2.2533085 ]
 [178.          80.58001      0.44384944   2.265261  ]
 [179.          80.6          0.31622878   2.2762558 ]
 [180.          80.38         0.5449767    2.2844589 ]
 [181.          80.840004     0.35777223   2.2986288 ]
 [182.          80.58         0.26832736   2.3080814 ]
 [183.          80.68         0.44384614   2.3160233 ]
 [184.          80.68001      0.39623204   2.3235495 ]
 [185.          80.240005     0.16733424   2.3329244 ]
 [186.          80.54         0.24083297   2.341467  ]
 [187.          80.76         0.15165955   2.3522289 ]
 [188.          80.6          0.3674228    2.3668811 ]
 [189.          80.76         0.35777262   2.3790524 ]
 [190.          80.58         0.22803329   2.388643  ]
 [191.          80.64001      0.27018446   2.401297  ]
 [192.          80.62         0.3033158    2.411616  ]
 [193.          80.72         0.29495734   2.4283717 ]
 [194.          80.76         0.18166037   2.4399657 ]
 [195.          80.56         0.2302166    2.4515095 ]
 [196.          80.58001      0.2167941    2.460532  ]
 [197.          80.68         0.13038528   2.472429  ]
 [198.          80.48         0.28635472   2.482982  ]
 [199.          80.64001      0.11401803   2.4945455 ]
 [200.          80.64001      0.15165813   2.50434   ]]
The best results: 
Epoch: 121  81.64±0.30  1.652s
--------------- Train Done! ----------------
--------------- Save Done! ----------------
