Using cuda:0 device
Dataset     :CS
Epochs      :200
LR X_s      :0.01
Learn A_s   :1
LR A_s      :0.01
Conden ratio:0.25
Ridge       :5.0
Kernel      :SGNK
k           :5
L           :1
Seed        :5
The 1th Iteration:
--------------------------------------------------
The 2th Iteration:
--------------------------------------------------
The 3th Iteration:
--------------------------------------------------
The 4th Iteration:
--------------------------------------------------
The 5th Iteration:
--------------------------------------------------
[[  1.           7.9973297    1.4974712    0.25525045]
 [  2.           8.718291     1.7462702    0.26272726]
 [  3.          11.134847     3.9912415    0.26998186]
 [  4.          13.698265     6.116875     0.27716556]
 [  5.          14.3257675    5.6129575    0.28411278]
 [  6.          14.405875     4.5385017    0.2914794 ]
 [  7.          14.632843     3.3661683    0.3004248 ]
 [  8.          15.847796     2.2532392    0.30812272]
 [  9.          16.94259      3.1841824    0.31650755]
 [ 10.          18.130842     4.4658003    0.32526422]
 [ 11.          18.58478      4.951544     0.3339294 ]
 [ 12.          19.532711     5.3012166    0.3420055 ]
 [ 13.          20.56075      5.6952024    0.35019395]
 [ 14.          21.441923     5.533759     0.3582355 ]
 [ 15.          22.00267      5.171002     0.36676487]
 [ 16.          22.603474     4.786107     0.3747985 ]
 [ 17.          23.030706     4.4791026    0.38512006]
 [ 18.          23.484648     4.137075     0.3940383 ]
 [ 19.          23.99199      3.7770386    0.40223774]
 [ 20.          24.659546     3.4948363    0.4104858 ]
 [ 21.          25.15354      3.3026853    0.42038772]
 [ 22.          25.52737      3.3386514    0.4297464 ]
 [ 23.          25.967957     3.473862     0.43971434]
 [ 24.          26.19493      3.546103     0.44880658]
 [ 25.          26.68892      3.4543717    0.45744082]
 [ 26.          26.94259      3.3711936    0.46697408]
 [ 27.          27.316422     3.2979603    0.47653872]
 [ 28.          27.596796     3.284488     0.4860034 ]
 [ 29.          27.970627     3.1721246    0.49528217]
 [ 30.          28.23765      3.122568     0.5053132 ]
 [ 31.          28.491322     3.1390786    0.51570076]
 [ 32.          28.744995     3.0637143    0.52632004]
 [ 33.          29.078772     3.01681      0.53575677]
 [ 34.          29.319092     2.864433     0.5462979 ]
 [ 35.          29.612818     2.7663758    0.5573925 ]
 [ 36.          29.839787     2.6158514    0.56775707]
 [ 37.          30.040054     2.613295     0.57706225]
 [ 38.          30.253672     2.5791373    0.5867371 ]
 [ 39.          30.453938     2.5192637    0.59698135]
 [ 40.          30.654205     2.5307355    0.6066761 ]
 [ 41.          30.974634     2.4803128    0.61659503]
 [ 42.          31.241657     2.4459374    0.6268172 ]
 [ 43.          31.535383     2.3486242    0.6375279 ]
 [ 44.          31.815754     2.2885616    0.6480409 ]
 [ 45.          32.00267      2.3462503    0.65876937]
 [ 46.          32.22964      2.3490033    0.6699198 ]
 [ 47.          32.336452     2.3093994    0.68120897]
 [ 48.          32.41656      2.294396     0.69255275]
 [ 49.          32.550068     2.244322     0.7042399 ]
 [ 50.          32.723633     2.3170087    0.71564204]
 [ 51.          32.91055      2.2829068    0.7268705 ]
 [ 52.          33.05741      2.2894373    0.7388914 ]
 [ 53.          33.351135     2.238357     0.74979883]
 [ 54.          33.51135      2.256401     0.7600178 ]
 [ 55.          33.65821      2.3112316    0.7711362 ]
 [ 56.          33.831776     2.2142363    0.7820467 ]
 [ 57.          34.032043     2.27038      0.79254705]
 [ 58.          34.32577      2.161791     0.8030717 ]
 [ 59.          34.672897     2.3040874    0.81385565]
 [ 60.          35.02003      2.3792574    0.8247883 ]
 [ 61.          35.2737       2.3914003    0.8360731 ]
 [ 62.          35.594128     2.3711896    0.84729385]
 [ 63.          35.941257     2.4702303    0.8600796 ]
 [ 64.          36.288387     2.468426     0.87138444]
 [ 65.          36.755676     2.4466667    0.88237154]
 [ 66.          37.18291      2.5137753    0.894113  ]
 [ 67.          37.570095     2.3561068    0.9057819 ]
 [ 68.          38.09079      2.3904686    0.91640776]
 [ 69.          38.57143      2.551779     0.9268532 ]
 [ 70.          38.918556     2.5177596    0.93897885]
 [ 71.          39.412548     2.482826     0.9500066 ]
 [ 72.          39.853138     2.4459379    0.9601802 ]
 [ 73.          40.253674     2.3948455    0.96998656]
 [ 74.          40.761017     2.311327     0.9799823 ]
 [ 75.          41.121494     2.2573884    0.9912775 ]
 [ 76.          41.53538      2.1550817    1.0008806 ]
 [ 77.          41.82911      2.1624105    1.009996  ]
 [ 78.          42.12283      2.0897822    1.0193652 ]
 [ 79.          42.363155     1.984003     1.028201  ]
 [ 80.          42.68358      1.9800683    1.0378788 ]
 [ 81.          42.990658     1.9757876    1.047911  ]
 [ 82.          43.244328     1.9527615    1.0561335 ]
 [ 83.          43.484646     1.8297629    1.0648798 ]
 [ 84.          43.711617     1.9263381    1.0756358 ]
 [ 85.          43.978638     1.7808878    1.0843779 ]
 [ 86.          44.165554     1.7659371    1.093648  ]
 [ 87.          44.432575     1.746908     1.1045811 ]
 [ 88.          44.726303     1.6888001    1.1153771 ]
 [ 89.          44.886517     1.7302474    1.1251434 ]
 [ 90.          45.060078     1.7931079    1.134539  ]
 [ 91.          45.12684      1.7931079    1.1438931 ]
 [ 92.          45.246998     1.7435893    1.1539091 ]
 [ 93.          45.393856     1.7680811    1.1635946 ]
 [ 94.          45.62083      1.7653058    1.1733624 ]
 [ 95.          45.714287     1.8682047    1.1836413 ]
 [ 96.          45.821095     1.893203     1.1935863 ]
 [ 97.          45.91456      1.8806859    1.204019  ]
 [ 98.          46.101467     1.8358421    1.2124453 ]
 [ 99.          46.288387     1.8467321    1.220951  ]
 [100.          46.52871      1.7266376    1.2291542 ]
 [101.          46.74232      1.7480558    1.2380813 ]
 [102.          46.955944     1.69512      1.2470199 ]
 [103.          47.022697     1.743717     1.2550949 ]
 [104.          47.222965     1.7276697    1.2633476 ]
 [105.          47.369823     1.6599232    1.2726487 ]
 [106.          47.503338     1.6599215    1.2805102 ]
 [107.          47.61015      1.6169491    1.288454  ]
 [108.          47.770363     1.6819254    1.2968572 ]
 [109.          47.930576     1.6748885    1.3054808 ]
 [110.          47.970627     1.6585795    1.3149916 ]
 [111.          48.117493     1.6442789    1.3240865 ]
 [112.          48.197598     1.5712416    1.3316549 ]
 [113.          48.35781      1.507999     1.3388757 ]
 [114.          48.53138      1.4889656    1.3470474 ]
 [115.          48.70494      1.5124248    1.3563528 ]
 [116.          48.8251       1.5745002    1.3646892 ]
 [117.          48.91856      1.5814189    1.3732957 ]
 [118.          49.025368     1.5913913    1.3820833 ]
 [119.          49.14553      1.6051924    1.3910441 ]
 [120.          49.27904      1.5807153    1.4003083 ]
 [121.          49.399197     1.6021363    1.4096392 ]
 [122.          49.465954     1.5426195    1.4194838 ]
 [123.          49.559414     1.5545623    1.4299074 ]
 [124.          49.73298      1.6406145    1.4401063 ]
 [125.          49.853138     1.6251956    1.4505322 ]
 [126.          49.98665      1.6017187    1.4616421 ]
 [127.          50.106808     1.5864836    1.4720217 ]
 [128.          50.253674     1.5551356    1.4826943 ]
 [129.          50.40054      1.5105087    1.4936907 ]
 [130.          50.534046     1.5038557    1.5048208 ]
 [131.          50.707607     1.4384254    1.5160564 ]
 [132.          50.854473     1.3667806    1.5277821 ]
 [133.          50.987988     1.3462487    1.5397037 ]
 [134.          51.108143     1.2556456    1.5518719 ]
 [135.          51.255005     1.244774     1.5636934 ]
 [136.          51.34846      1.293923     1.5747797 ]
 [137.          51.42857      1.3255657    1.5863656 ]
 [138.          51.562084     1.3472414    1.5982561 ]
 [139.          51.775703     1.289785     1.6103566 ]
 [140.          51.94927      1.2572421    1.6227967 ]
 [141.          52.09613      1.2323612    1.6359282 ]
 [142.          52.296394     1.3043863    1.6492777 ]
 [143.          52.42991      1.3026761    1.662661  ]
 [144.          52.53672      1.3574567    1.6753956 ]
 [145.          52.670227     1.2586591    1.689329  ]
 [146.          52.723633     1.2861514    1.7032089 ]
 [147.          52.857143     1.2139634    1.7157811 ]
 [148.          53.03071      1.154893     1.728383  ]
 [149.          53.164223     1.0954835    1.7408304 ]
 [150.          53.284374     1.0485109    1.7533473 ]
 [151.          53.40454      1.1239954    1.7653812 ]
 [152.          53.497997     1.1403308    1.7775608 ]
 [153.          53.67156      1.1960256    1.7905362 ]
 [154.          53.84513      1.2132288    1.8034722 ]
 [155.          53.898537     1.2529807    1.8155466 ]
 [156.          54.08545      1.2139634    1.8288139 ]
 [157.          54.178905     1.2609588    1.8402541 ]
 [158.          54.29907      1.3120514    1.8520492 ]
 [159.          54.352467     1.3211883    1.8637848 ]
 [160.          54.472633     1.270113     1.8757323 ]
 [161.          54.60614      1.2190914    1.8869679 ]
 [162.          54.779705     1.219639     1.8988609 ]
 [163.          55.060085     1.2084439    1.9096979 ]
 [164.          55.260345     1.2130451    1.9196457 ]
 [165.          55.420563     1.1973294    1.928975  ]
 [166.          55.580776     1.2404696    1.9387658 ]
 [167.          55.821095     1.2572427    1.9496574 ]
 [168.          56.101467     1.2732675    1.9594755 ]
 [169.          56.194923     1.3220326    1.9699488 ]
 [170.          56.381844     1.3653126    1.9800789 ]
 [171.          56.608814     1.3492254    1.9900793 ]
 [172.          56.809082     1.3267431    2.0002327 ]
 [173.          56.955944     1.2730931    2.0104737 ]
 [174.          57.18291      1.2386726    2.021118  ]
 [175.          57.329773     1.1537336    2.0329328 ]
 [176.          57.53004      1.2112054    2.0440042 ]
 [177.          57.730312     1.2240161    2.054802  ]
 [178.          58.05073      1.1315035    2.065892  ]
 [179.          58.357815     1.0830071    2.0768936 ]
 [180.          58.558083     1.1293353    2.087177  ]
 [181.          58.73164      1.1114362    2.098296  ]
 [182.          58.945263     1.1299269    2.1086068 ]
 [183.          59.13218      1.1184318    2.12065   ]
 [184.          59.412548     1.2300085    2.1315973 ]
 [185.          59.69293      1.1776266    2.142392  ]
 [186.          59.933247     1.2047507    2.1526687 ]
 [187.          60.17356      1.2583055    2.1629074 ]
 [188.          60.427235     1.2852842    2.1733406 ]
 [189.          60.587452     1.2440574    2.184031  ]
 [190.          60.867825     1.2492414    2.195133  ]
 [191.          61.2016       1.2038251    2.2052867 ]
 [192.          61.388515     1.2067833    2.2155135 ]
 [193.          61.575436     1.1919202    2.2256165 ]
 [194.          61.802406     1.1023797    2.236073  ]
 [195.          62.149532     0.98110443   2.2453399 ]
 [196.          62.416553     0.91652536   2.2551465 ]
 [197.          62.69693      1.0150379    2.2664158 ]
 [198.          62.990658     1.0728776    2.275604  ]
 [199.          63.124172     1.09752      2.284744  ]
 [200.          63.36449      1.0962976    2.294552  ]]
The best results: 
Epoch: 200  63.36±1.10  2.295s
--------------- Train Done! ----------------
