Using cuda:0 device
Dataset     :CS
Epochs      :200
LR X_s      :0.01
Learn A_s   :0
LR A_s      :0.01
Conden ratio:0.5
Ridge       :10.0
Kernel      :SGNK
k           :5
L           :1
Seed        :5
The 1th Iteration:
--------------------------------------------------
The 2th Iteration:
--------------------------------------------------
The 3th Iteration:
--------------------------------------------------
The 4th Iteration:
--------------------------------------------------
The 5th Iteration:
--------------------------------------------------
[[  1.           8.945261     2.86661      0.24639526]
 [  2.           8.891856     2.7355168    0.25620705]
 [  3.           8.598131     2.188426     0.2648631 ]
 [  4.           9.18558      2.1317964    0.27333552]
 [  5.          10.680908     4.2106376    0.28130895]
 [  6.          11.735648     4.4208694    0.29092842]
 [  7.          13.217624     5.132812     0.2986624 ]
 [  8.          13.991989     5.1142426    0.3062501 ]
 [  9.          14.806409     4.747732     0.31405497]
 [ 10.          15.580774     4.76628      0.32211575]
 [ 11.          16.288385     5.024002     0.32995558]
 [ 12.          17.089453     5.718628     0.33933792]
 [ 13.          17.623499     6.038345     0.34774247]
 [ 14.          18.291056     6.596494     0.35652208]
 [ 15.          18.664886     6.8170266    0.36769888]
 [ 16.          19.118826     6.8603597    0.3764797 ]
 [ 17.          19.332443     6.90439      0.38589737]
 [ 18.          19.62617      6.8659434    0.3953661 ]
 [ 19.          19.826437     6.96022      0.40430474]
 [ 20.          20.093458     7.0434356    0.41374555]
 [ 21.          20.120161     7.1014986    0.4231908 ]
 [ 22.          20.293724     7.084441     0.43180886]
 [ 23.          20.45394      7.0387845    0.4403479 ]
 [ 24.          20.640856     7.060245     0.44904962]
 [ 25.          20.907877     6.897577     0.45842457]
 [ 26.          21.041388     6.871199     0.46770597]
 [ 27.          21.214954     6.823527     0.4768419 ]
 [ 28.          21.28171      6.7059383    0.48597637]
 [ 29.          21.535381     6.526131     0.49445906]
 [ 30.          21.76235      6.323316     0.50313586]
 [ 31.          22.082777     6.016608     0.5119833 ]
 [ 32.          22.336449     5.7327538    0.5219576 ]
 [ 33.          22.71028      5.31754      0.5303592 ]
 [ 34.          22.977303     4.9811096    0.5388651 ]
 [ 35.          23.230976     4.781775     0.5481307 ]
 [ 36.          23.698265     4.377716     0.55773973]
 [ 37.          24.045395     4.14407      0.5664324 ]
 [ 38.          24.312418     3.9508412    0.57559186]
 [ 39.          24.526035     3.7979226    0.58520687]
 [ 40.          24.753004     3.6628735    0.59482074]
 [ 41.          25.033377     3.5235362    0.60474265]
 [ 42.          25.313751     3.3997583    0.61472654]
 [ 43.          25.554073     3.2803464    0.62393475]
 [ 44.          25.740988     3.13773      0.6338372 ]
 [ 45.          26.021362     3.0292664    0.64288026]
 [ 46.          26.288385     2.8903742    0.65280175]
 [ 47.          26.622162     2.6911733    0.6632457 ]
 [ 48.          26.995996     2.5127108    0.673581  ]
 [ 49.          27.329773     2.4684255    0.684044  ]
 [ 50.          27.610147     2.4416525    0.6948512 ]
 [ 51.          27.930573     2.2929385    0.7047228 ]
 [ 52.          28.251001     2.1695082    0.7151094 ]
 [ 53.          28.45127      2.1863883    0.72543246]
 [ 54.          28.638184     2.0817711    0.73536265]
 [ 55.          28.851805     2.0490837    0.74541724]
 [ 56.          29.15888      1.9527597    0.75560313]
 [ 57.          29.465956     1.8218302    0.7657799 ]
 [ 58.          29.75968      1.6936742    0.7765267 ]
 [ 59.          29.933247     1.6163969    0.7859726 ]
 [ 60.          30.053406     1.51669      0.79549825]
 [ 61.          30.146864     1.4476899    0.8045807 ]
 [ 62.          30.320429     1.3412737    0.8133774 ]
 [ 63.          30.45394      1.2904756    0.82265705]
 [ 64.          30.6008       1.2538702    0.83246994]
 [ 65.          30.761017     1.1283486    0.8414055 ]
 [ 66.          30.894526     1.0830067    0.8518368 ]
 [ 67.          31.02804      1.0757818    0.86087036]
 [ 68.          31.161549     1.0194187    0.86917794]
 [ 69.          31.321766     0.9445397    0.877037  ]
 [ 70.          31.401869     0.9726644    0.88558435]
 [ 71.          31.602137     0.9160371    0.89296436]
 [ 72.          31.722296     0.8948755    0.90057814]
 [ 73.          31.855808     0.87727183   0.9083311 ]
 [ 74.          32.069427     0.84782255   0.91662997]
 [ 75.          32.202938     0.87115484   0.9244816 ]
 [ 76.          32.376503     0.8818327    0.93246216]
 [ 77.          32.536716     0.80328965   0.942012  ]
 [ 78.          32.81709      0.84122753   0.9506125 ]
 [ 79.          33.09746      0.9035492    0.9576622 ]
 [ 80.          33.364487     0.9781488    0.965417  ]
 [ 81.          33.53805      0.99642664   0.97322524]
 [ 82.          33.75167      1.0455315    0.9810101 ]
 [ 83.          33.938587     1.1740276    0.9884562 ]
 [ 84.          34.285717     1.3364472    0.9968756 ]
 [ 85.          34.499336     1.4552128    1.0046118 ]
 [ 86.          34.6996       1.530585     1.0121313 ]
 [ 87.          34.99333      1.6456329    1.0198907 ]
 [ 88.          35.2737       1.7697188    1.0296879 ]
 [ 89.          35.54072      1.7716048    1.0380079 ]
 [ 90.          35.794395     1.8448012    1.0458211 ]
 [ 91.          36.034714     1.8112806    1.0541083 ]
 [ 92.          36.408546     1.6342182    1.0627499 ]
 [ 93.          36.62216      1.6342186    1.0719312 ]
 [ 94.          36.755676     1.7321771    1.0822337 ]
 [ 95.          37.102806     1.7582238    1.0919167 ]
 [ 96.          37.356476     1.7816373    1.1024666 ]
 [ 97.          37.570095     1.8556389    1.113422  ]
 [ 98.          37.703606     1.8007945    1.1234114 ]
 [ 99.          37.890522     1.8315891    1.1329793 ]
 [100.          38.13084      1.7733656    1.1427742 ]
 [101.          38.21095      1.6679572    1.1522322 ]
 [102.          38.411213     1.6314889    1.1617205 ]
 [103.          38.678238     1.4384255    1.1716331 ]
 [104.          38.851803     1.4912091    1.1815807 ]
 [105.          39.092125     1.448459     1.191666  ]
 [106.          39.31909      1.438736     1.2010418 ]
 [107.          39.492657     1.477398     1.2124118 ]
 [108.          39.706276     1.440593     1.2227896 ]
 [109.          39.893192     1.4841692    1.2320995 ]
 [110.          40.093456     1.4499971    1.241814  ]
 [111.          40.160213     1.4102684    1.2510484 ]
 [112.          40.33378      1.3602433    1.2612604 ]
 [113.          40.46729      1.2303704    1.2710779 ]
 [114.          40.627502     1.1354353    1.2812812 ]
 [115.          40.74766      1.1176339    1.2912306 ]
 [116.          40.894527     1.0613946    1.2996733 ]
 [117.          41.014687     1.0811517    1.3098536 ]
 [118.          41.108143     1.0453192    1.3200598 ]
 [119.          41.255005     1.0068825    1.3288416 ]
 [120.          41.321762     0.99014527   1.3377761 ]
 [121.          41.455273     1.0660037    1.3467432 ]
 [122.          41.53538      1.0150381    1.3559887 ]
 [123.          41.60214      0.9338643    1.3646766 ]
 [124.          41.775703     0.92908025   1.3733004 ]
 [125.          41.85581      0.82437176   1.3826932 ]
 [126.          41.962616     0.7649285    1.3912905 ]
 [127.          42.096127     0.7152513    1.3997643 ]
 [128.          42.189587     0.7174296    1.4091057 ]
 [129.          42.242992     0.6911715    1.4181826 ]
 [130.          42.336452     0.6959887    1.4276193 ]
 [131.          42.38986      0.7373396    1.437158  ]
 [132.          42.550068     0.72760636   1.446802  ]
 [133.          42.670227     0.69918495   1.4568027 ]
 [134.          42.777035     0.6895573    1.4667641 ]
 [135.          42.870495     0.63575816   1.4769572 ]
 [136.          42.9239       0.61182576   1.487661  ]
 [137.          42.990658     0.59708124   1.4976146 ]
 [138.          43.097466     0.6000579    1.5079199 ]
 [139.          43.190918     0.6625309    1.517952  ]
 [140.          43.204273     0.6340033    1.5284605 ]
 [141.          43.271027     0.6287077    1.5387933 ]
 [142.          43.364487     0.59819835   1.5480808 ]
 [143.          43.497997     0.49642077   1.5575432 ]
 [144.          43.578106     0.47999322   1.5679235 ]
 [145.          43.671566     0.4284864    1.5776963 ]
 [146.          43.75167      0.44179833   1.5876464 ]
 [147.          43.91188      0.378805     1.5996922 ]
 [148.          43.99199      0.36867025   1.6107731 ]
 [149.          44.112152     0.3576254    1.6205517 ]
 [150.          44.20561      0.38464308   1.6303614 ]
 [151.          44.31242      0.36380294   1.6406487 ]
 [152.          44.45928      0.3776271    1.6509241 ]
 [153.          44.55274      0.3734733    1.6614445 ]
 [154.          44.60614      0.33176836   1.6723706 ]
 [155.          44.632843     0.32222903   1.6835552 ]
 [156.          44.659546     0.3095332    1.6949139 ]
 [157.          44.766354     0.26535004   1.7056373 ]
 [158.          44.873165     0.27685666   1.7166426 ]
 [159.          44.93992      0.2847892    1.7277247 ]
 [160.          44.993324     0.31664997   1.7385992 ]
 [161.          45.08678      0.35512397   1.7497345 ]
 [162.          45.180237     0.3449403    1.7608079 ]
 [163.          45.19359      0.37167823   1.7715985 ]
 [164.          45.273697     0.36987743   1.7824548 ]
 [165.          45.38051      0.3698785    1.7946945 ]
 [166.          45.42056      0.3852216    1.8039007 ]
 [167.          45.473965     0.3576259    1.8121852 ]
 [168.          45.52737      0.37762582   1.8198271 ]
 [169.          45.567425     0.36134264   1.8275067 ]
 [170.          45.660885     0.30224794   1.835932  ]
 [171.          45.75434      0.31168562   1.8446217 ]
 [172.          45.83445      0.29326916   1.8533573 ]
 [173.          45.967957     0.3704805    1.8629963 ]
 [174.          45.99466      0.35637844   1.872523  ]
 [175.          46.088116     0.26951542   1.8802986 ]
 [176.          46.181576     0.25155663   1.8886627 ]
 [177.          46.23498      0.26951548   1.8967139 ]
 [178.          46.301735     0.26111412   1.9053566 ]
 [179.          46.408543     0.2024792    1.9132203 ]
 [180.          46.502003     0.26111704   1.9211811 ]
 [181.          46.568756     0.28944713   1.9294428 ]
 [182.          46.635513     0.28944468   1.9374217 ]
 [183.          46.769024     0.24345213   1.9455862 ]
 [184.          46.875835     0.2079102    1.954629  ]
 [185.          46.91589      0.19690193   1.962978  ]
 [186.          46.96929      0.2244012    1.9712651 ]
 [187.          47.076103     0.27685505   1.9807389 ]
 [188.          47.142857     0.30003124   1.9912518 ]
 [189.          47.249664     0.28867444   2.0004666 ]
 [190.          47.356476     0.26111597   2.0094328 ]
 [191.          47.463284     0.3304254    2.0185258 ]
 [192.          47.556744     0.37939188   2.0282478 ]
 [193.          47.6235       0.4418003    2.0385995 ]
 [194.          47.770363     0.40770087   2.0489175 ]
 [195.          47.90387      0.38810205   2.0586421 ]
 [196.          48.024033     0.426402     2.0686018 ]
 [197.          48.064083     0.4274464    2.0789545 ]
 [198.          48.157543     0.45667785   2.0906332 ]
 [199.          48.251003     0.4412943    2.1011312 ]
 [200.          48.357815     0.50089055   2.111665  ]]
The best results: 
Epoch: 200  48.36±0.50  2.112s
--------------- Train Done! ----------------
