Using cuda:0 device
Dataset     :CS
Epochs      :200
LR X_s      :0.01
Learn A_s   :1
LR A_s      :0.01
Conden ratio:0.5
Ridge       :5.0
Kernel      :SGNK
k           :3
L           :1
Seed        :5
The 1th Iteration:
--------------------------------------------------
The 2th Iteration:
--------------------------------------------------
The 3th Iteration:
--------------------------------------------------
The 4th Iteration:
--------------------------------------------------
The 5th Iteration:
--------------------------------------------------
[[  1.           9.439252     2.1307507    0.3653519 ]
 [  2.          12.990656     4.395647     0.3719781 ]
 [  3.          17.810415     6.9966826    0.3815367 ]
 [  4.          22.870497     9.60512      0.38946763]
 [  5.          27.289722    11.779625     0.39752436]
 [  6.          30.          12.8901205    0.41141897]
 [  7.          32.57677     13.607517     0.42006943]
 [  8.          35.380505    14.220681     0.42790386]
 [  9.          37.75701     13.984445     0.43510243]
 [ 10.          39.87984     13.87399      0.44392332]
 [ 11.          41.18825     13.591543     0.4511334 ]
 [ 12.          42.59012     13.390129     0.45817882]
 [ 13.          43.5247      13.180906     0.46485496]
 [ 14.          44.619495    12.405299     0.47205624]
 [ 15.          45.54072     11.695148     0.483037  ]
 [ 16.          46.328438    10.828318     0.4906953 ]
 [ 17.          47.27637      9.843735     0.4991916 ]
 [ 18.          47.970627     9.213444     0.5100976 ]
 [ 19.          48.42457      8.554447     0.5204937 ]
 [ 20.          48.90521      8.282897     0.52874154]
 [ 21.          49.425903     7.676409     0.5359394 ]
 [ 22.          50.04005      7.1523037    0.54559094]
 [ 23.          50.654205     6.7019515    0.5554678 ]
 [ 24.          51.134846     6.246741     0.5627505 ]
 [ 25.          51.60214      5.830909     0.5702107 ]
 [ 26.          52.05608      5.3880963    0.57910395]
 [ 27.          52.416553     5.0998006    0.58668077]
 [ 28.          52.77704      4.773055     0.5938596 ]
 [ 29.          53.164223     4.504055     0.6008879 ]
 [ 30.          53.511353     4.428474     0.61012906]
 [ 31.          53.89853      4.076634     0.6168022 ]
 [ 32.          54.29906      3.9265728    0.6232012 ]
 [ 33.          54.512684     3.6726546    0.6323936 ]
 [ 34.          54.739655     3.3146725    0.63987106]
 [ 35.          54.993324     3.238648     0.64759463]
 [ 36.          55.340454     3.0151112    0.6547982 ]
 [ 37.          55.620827     2.859372     0.6626059 ]
 [ 38.          55.847797     2.8621762    0.670283  ]
 [ 39.          56.021362     2.7391794    0.67670506]
 [ 40.          56.194927     2.6355395    0.6834723 ]
 [ 41.          56.368496     2.4443877    0.6898619 ]
 [ 42.          56.502003     2.3400688    0.69635385]
 [ 43.          56.715626     2.3204682    0.702912  ]
 [ 44.          56.76903      2.251259     0.71023405]
 [ 45.          56.90254      2.0670562    0.7199573 ]
 [ 46.          56.929237     2.0561392    0.72754174]
 [ 47.          57.022694     2.0178556    0.73601794]
 [ 48.          57.062756     1.9984386    0.7464618 ]
 [ 49.          57.129505     1.8995482    0.7582771 ]
 [ 50.          57.276367     1.8457677    0.76722383]
 [ 51.          57.38318      1.7659371    0.7772062 ]
 [ 52.          57.489986     1.8217075    0.7874059 ]
 [ 53.          57.556744     1.782139     0.7999705 ]
 [ 54.          57.55674      1.7243146    0.80862087]
 [ 55.          57.6235       1.7877556    0.8171174 ]
 [ 56.          57.690254     1.811897     0.8239344 ]
 [ 57.          57.770363     1.7665677    0.8329813 ]
 [ 58.          57.82377      1.7416705    0.8438862 ]
 [ 59.          57.917225     1.7602507    0.85316545]
 [ 60.          57.983986     1.7003708    0.861973  ]
 [ 61.          58.024036     1.6361282    0.87231076]
 [ 62.          58.104137     1.6410224    0.879861  ]
 [ 63.          58.184246     1.6067194    0.887869  ]
 [ 64.          58.23765      1.6136388    0.89964736]
 [ 65.          58.2243       1.5522676    0.90855044]
 [ 66.          58.277706     1.5229954    0.9155907 ]
 [ 67.          58.31776      1.4841684    0.92493725]
 [ 68.          58.357815     1.4620866    0.93248063]
 [ 69.          58.45127      1.4886675    0.9440824 ]
 [ 70.          58.504677     1.4545999    0.9538951 ]
 [ 71.          58.598133     1.4061549    0.9611473 ]
 [ 72.          58.65154      1.3701999    0.9682089 ]
 [ 73.          58.65154      1.2688838    0.9761328 ]
 [ 74.          58.744995     1.2577741    0.9830742 ]
 [ 75.          58.81175      1.270114     0.99110407]
 [ 76.          58.865154     1.2581255    0.99820596]
 [ 77.          58.891857     1.2826837    1.0061581 ]
 [ 78.          58.93191      1.2330847    1.0134095 ]
 [ 79.          59.01202      1.2470994    1.0215894 ]
 [ 80.          59.145527     1.2117584    1.0288442 ]
 [ 81.          59.265686     1.1527691    1.0370903 ]
 [ 82.          59.345795     1.1368091    1.0448978 ]
 [ 83.          59.452602     1.0508444    1.0551295 ]
 [ 84.          59.50601      1.0571862    1.0649153 ]
 [ 85.          59.59947      1.0653752    1.0801629 ]
 [ 86.          59.73298      1.0356814    1.0895948 ]
 [ 87.          59.839783     1.0811538    1.1004913 ]
 [ 88.          59.95995      1.119426     1.1092466 ]
 [ 89.          60.053406     1.134453     1.120048  ]
 [ 90.          60.186916     1.1654557    1.1332434 ]
 [ 91.          60.280373     1.2245624    1.1445814 ]
 [ 92.          60.36048      1.3067764    1.154025  ]
 [ 93.          60.41389      1.2692361    1.1638812 ]
 [ 94.          60.467293     1.252803     1.1712723 ]
 [ 95.          60.68091      1.3038756    1.1794709 ]
 [ 96.          60.774364     1.3322729    1.1883664 ]
 [ 97.          60.85447      1.285458     1.1952689 ]
 [ 98.          61.054737     1.252981     1.2032634 ]
 [ 99.          61.2016       1.2348902    1.21195   ]
 [100.          61.295063     1.1700351    1.2197249 ]
 [101.          61.522034     1.183478     1.227273  ]
 [102.          61.62884      1.1709865    1.2351046 ]
 [103.          61.749        1.2006729    1.2420285 ]
 [104.          61.855812     1.2168958    1.2487396 ]
 [105.          61.975964     1.2113894    1.2572832 ]
 [106.          62.149536     1.2354304    1.2660002 ]
 [107.          62.242992     1.3339435    1.2729788 ]
 [108.          62.3498       1.3351128    1.2792392 ]
 [109.          62.53672      1.3076274    1.2872517 ]
 [110.          62.643524     1.3389465    1.2953593 ]
 [111.          62.803738     1.3362808    1.3023871 ]
 [112.          62.990658     1.34227      1.3118818 ]
 [113.          63.124165     1.3247234    1.3197533 ]
 [114.          63.244324     1.407104     1.3290974 ]
 [115.          63.33778      1.3902158    1.3374417 ]
 [116.          63.40454      1.3429354    1.345778  ]
 [117.          63.551403     1.3342817    1.3531525 ]
 [118.          63.631508     1.3295968    1.3615073 ]
 [119.          63.791725     1.4165739    1.3695185 ]
 [120.          63.925232     1.4864187    1.3794968 ]
 [121.          64.0721       1.5034114    1.38799   ]
 [122.          64.232315     1.4628491    1.3954288 ]
 [123.          64.312416     1.4796584    1.4023832 ]
 [124.          64.49933      1.4605618    1.408769  ]
 [125.          64.63284      1.4825202    1.4150928 ]
 [126.          64.79305      1.4841686    1.422038  ]
 [127.          64.96663      1.4116911    1.4283322 ]
 [128.          65.16689      1.4203439    1.435501  ]
 [129.          65.3271       1.5321845    1.442187  ]
 [130.          65.42056      1.4814638    1.4485565 ]
 [131.          65.47396      1.4281633    1.4549669 ]
 [132.          65.58077      1.4591919    1.4617155 ]
 [133.          65.8478       1.4399719    1.4701531 ]
 [134.          65.94125      1.4413652    1.480094  ]
 [135.          66.11483      1.401552     1.4883236 ]
 [136.          66.24833      1.5300033    1.4995764 ]
 [137.          66.40855      1.435945     1.5091859 ]
 [138.          66.60882      1.3837953    1.5192204 ]
 [139.          66.76903      1.350379     1.5285089 ]
 [140.          66.87583      1.311033     1.537958  ]
 [141.          66.98264      1.30182      1.5455096 ]
 [142.          67.03605      1.2730936    1.5540539 ]
 [143.          67.22296      1.2309133    1.5633622 ]
 [144.          67.30306      1.169085     1.574062  ]
 [145.          67.50334      1.1604692    1.5827395 ]
 [146.          67.75701      1.0989382    1.5889733 ]
 [147.          67.890526     1.0938569    1.5952816 ]
 [148.          68.02404      1.0639096    1.6014236 ]
 [149.          68.10414      1.084036     1.6116623 ]
 [150.          68.19759      1.0821819    1.6213427 ]
 [151.          68.304405     1.0084289    1.6288265 ]
 [152.          68.45127      0.9874456    1.6368046 ]
 [153.          68.54473      0.9655395    1.6441082 ]
 [154.          68.66489      0.9997768    1.6529503 ]
 [155.          68.78505      0.96114516   1.6601568 ]
 [156.          68.89186      0.95462614   1.6674149 ]
 [157.          69.03872      1.0302882    1.6736625 ]
 [158.          69.10548      1.0194176    1.6798851 ]
 [159.          69.25234      1.0097591    1.6891075 ]
 [160.          69.38585      1.0130583    1.6958729 ]
 [161.          69.54607      1.0421182    1.7031685 ]
 [162.          69.66622      1.018543     1.7113392 ]
 [163.          69.71963      1.0728799    1.7184082 ]
 [164.          69.81309      0.99172026   1.7246691 ]
 [165.          69.946594     0.9527589    1.7338661 ]
 [166.          69.98665      0.9208874    1.74475   ]
 [167.          70.040054     0.9792911    1.7527374 ]
 [168.          70.12016      1.0645409    1.760705  ]
 [169.          70.20027      1.0239984    1.7693665 ]
 [170.          70.32043      1.0097529    1.7758934 ]
 [171.          70.480644     0.99843806   1.7829841 ]
 [172.          70.587456     0.89761096   1.7900848 ]
 [173.          70.68091      0.9230668    1.7971762 ]
 [174.          70.80107      0.9013259    1.8050988 ]
 [175.          70.88118      0.8208482    1.8129942 ]
 [176.          71.06809      0.7750572    1.8201233 ]
 [177.          71.2016       0.6882606    1.8283409 ]
 [178.          71.32177      0.7276074    1.8370968 ]
 [179.          71.46862      0.7502231    1.8483166 ]
 [180.          71.535385     0.7502231    1.8604256 ]
 [181.          71.602135     0.7472479    1.8695911 ]
 [182.          71.695595     0.7611284    1.8777949 ]
 [183.          71.73565      0.76201034   1.8845125 ]
 [184.          71.82911      0.77849907   1.8945535 ]
 [185.          71.89587      0.7996778    1.9053522 ]
 [186.          71.962616     0.82301444   1.9153738 ]
 [187.          72.02937      0.81894636   1.9218849 ]
 [188.          72.09613      0.7596646    1.9302101 ]
 [189.          72.28304      0.7424624    1.9367584 ]
 [190.          72.389854     0.6482542    1.944116  ]
 [191.          72.45661      0.6147319    1.9516697 ]
 [192.          72.60348      0.5332109    1.9589348 ]
 [193.          72.69693      0.50839704   1.9659489 ]
 [194.          72.736984     0.50088835   1.9735466 ]
 [195.          72.88384      0.4232522    1.9811966 ]
 [196.          73.04406      0.40441355   1.9878167 ]
 [197.          73.07076      0.37939486   1.9938885 ]
 [198.          73.19092      0.35512194   2.0009954 ]
 [199.          73.25768      0.35824516   2.0083685 ]
 [200.          73.364494     0.40879548   2.0145984 ]]
The best results: 
Epoch: 200  73.36±0.41  2.015s
--------------- Train Done! ----------------
--------------- Save Done! ----------------
