Using cuda:0 device
Dataset     :CS
Epochs      :200
LR X_s      :0.01
Learn A_s   :1
LR A_s      :0.01
Conden ratio:0.25
Ridge       :10.0
Kernel      :SGNK
k           :2
L           :1
Seed        :5
The 1th Iteration:
--------------------------------------------------
The 2th Iteration:
--------------------------------------------------
The 3th Iteration:
--------------------------------------------------
The 4th Iteration:
--------------------------------------------------
The 5th Iteration:
--------------------------------------------------
[[  1.           7.3831773    0.678482     0.30451027]
 [  2.           7.356476     0.7469481    0.31236288]
 [  3.           8.34446      1.9661784    0.3175633 ]
 [  4.          10.667557     4.6908393    0.32269406]
 [  5.          11.228305     4.2971683    0.32773072]
 [  6.          11.201602     3.2172494    0.33275247]
 [  7.          11.7757015    2.3395934    0.3385566 ]
 [  8.          12.309746     1.564563     0.34455058]
 [  9.          13.244327     0.36134505   0.35237908]
 [ 10.          13.965286     1.939594     0.3576586 ]
 [ 11.          14.646194     3.2841482    0.3643373 ]
 [ 12.          15.140187     4.4470005    0.371734  ]
 [ 13.          15.634178     5.236684     0.37982234]
 [ 14.          15.821094     5.3938007    0.3880991 ]
 [ 15.          16.00801      5.315236     0.39716434]
 [ 16.          16.168226     5.2332788    0.4045391 ]
 [ 17.          16.288385     5.026663     0.4114177 ]
 [ 18.          16.475302     4.841835     0.4186061 ]
 [ 19.          16.528706     4.7247276    0.42405197]
 [ 20.          16.675568     4.497817     0.43090853]
 [ 21.          16.635513     4.2930183    0.438047  ]
 [ 22.          16.849133     4.144393     0.44325492]
 [ 23.          16.982645     3.9837534    0.44899827]
 [ 24.          17.16956      3.8212595    0.45434055]
 [ 25.          17.343124     3.751229     0.460597  ]
 [ 26.          17.343124     3.6277266    0.4662765 ]
 [ 27.          17.489988     3.565965     0.47328684]
 [ 28.          17.850468     3.716079     0.48028222]
 [ 29.          18.077436     3.8378417    0.48776713]
 [ 30.          18.344458     4.2178807    0.49473506]
 [ 31.          18.704939     4.403193     0.5010573 ]
 [ 32.          18.998665     4.580334     0.50732964]
 [ 33.          19.17223      4.847354     0.51623297]
 [ 34.          19.359146     5.219551     0.52138567]
 [ 35.          19.519361     5.209638     0.5269848 ]
 [ 36.          19.732977     5.120774     0.53203607]
 [ 37.          19.87984      5.110495     0.5380773 ]
 [ 38.          20.173567     5.04445      0.5445085 ]
 [ 39.          20.440588     4.9496975    0.5557344 ]
 [ 40.          20.654205     4.9070187    0.56428534]
 [ 41.          20.72096      4.9562664    0.5695433 ]
 [ 42.          20.867825     4.958288     0.57689667]
 [ 43.          21.108145     4.870283     0.5828518 ]
 [ 44.          21.335114     4.7895975    0.5895035 ]
 [ 45.          21.562082     4.8061767    0.5978219 ]
 [ 46.          21.708944     4.721141     0.60468084]
 [ 47.          21.789053     4.7372074    0.61244303]
 [ 48.          21.962618     4.7408276    0.61864156]
 [ 49.          22.149534     4.6430955    0.6270482 ]
 [ 50.          22.389853     4.627522     0.63244146]
 [ 51.          22.616823     4.53973      0.6383512 ]
 [ 52.          22.80374      4.4852166    0.6462325 ]
 [ 53.          23.044058     4.395089     0.65456337]
 [ 54.          23.257677     4.34543      0.663771  ]
 [ 55.          23.511349     4.284186     0.67325455]
 [ 56.          23.724966     4.2688675    0.68067807]
 [ 57.          23.898531     4.248567     0.6864667 ]
 [ 58.          24.045395     4.1937766    0.69285315]
 [ 59.          24.272364     4.15245      0.698682  ]
 [ 60.          24.512684     4.1985555    0.70497364]
 [ 61.          24.619493     4.169799     0.71101266]
 [ 62.          24.833113     4.149068     0.71820825]
 [ 63.          24.966623     4.0597663    0.7251451 ]
 [ 64.          25.100134     4.0394077    0.73114705]
 [ 65.          25.16689      4.0106225    0.7377909 ]
 [ 66.          25.380507     4.050535     0.7479595 ]
 [ 67.          25.540722     3.9921343    0.7591467 ]
 [ 68.          25.687586     3.9621053    0.769387  ]
 [ 69.          25.954609     3.8673387    0.7791249 ]
 [ 70.          26.19493      3.7764487    0.7860692 ]
 [ 71.          26.395197     3.760484     0.7939385 ]
 [ 72.          26.622162     3.7006974    0.8028889 ]
 [ 73.          26.782377     3.6491613    0.8093724 ]
 [ 74.          26.83578      3.6177633    0.8144812 ]
 [ 75.          26.969294     3.6520905    0.8202802 ]
 [ 76.          27.209614     3.595709     0.82756484]
 [ 77.          27.343124     3.6012812    0.83279896]
 [ 78.          27.623499     3.5103586    0.84024125]
 [ 79.          27.917225     3.433345     0.84683627]
 [ 80.          28.144194     3.388664     0.8518786 ]
 [ 81.          28.37116      3.22403      0.85919267]
 [ 82.          28.664886     3.159666     0.86815053]
 [ 83.          28.93191      3.1113443    0.8751303 ]
 [ 84.          29.225636     3.0277953    0.8813381 ]
 [ 85.          29.506006     2.993603     0.8867447 ]
 [ 86.          29.853138     2.931327     0.894793  ]
 [ 87.          30.24032      3.064587     0.902726  ]
 [ 88.          30.574097     2.8666096    0.90800667]
 [ 89.          30.81442      2.7575018    0.91449875]
 [ 90.          31.134846     2.7241716    0.92115146]
 [ 91.          31.535383     2.5531766    0.92630833]
 [ 92.          31.802402     2.4886527    0.93167365]
 [ 93.          32.162884     2.4916942    0.9369793 ]
 [ 94.          32.53672      2.5736027    0.94415647]
 [ 95.          32.923897     2.5756793    0.9519025 ]
 [ 96.          33.204273     2.553613     0.95719814]
 [ 97.          33.61816      2.441195     0.9624345 ]
 [ 98.          34.1255       2.3361623    0.9678858 ]
 [ 99.          34.539387     2.316623     0.9755749 ]
 [100.          34.939922     2.446666     0.982778  ]
 [101.          35.31375      2.4658968    0.9920427 ]
 [102.          35.647533     2.5243874    0.999615  ]
 [103.          35.847797     2.4313173    1.00668   ]
 [104.          36.194927     2.439278     1.0154041 ]
 [105.          36.4753       2.389069     1.0220869 ]
 [106.          36.95594      2.2591634    1.0299233 ]
 [107.          37.276367     2.2958508    1.0375203 ]
 [108.          37.449932     2.2549195    1.0450753 ]
 [109.          37.63685      2.219763     1.0501834 ]
 [110.          37.930576     2.2297804    1.056989  ]
 [111.          38.104137     2.2952693    1.0642966 ]
 [112.          38.2243       2.229379     1.0708758 ]
 [113.          38.598133     2.35232      1.0780022 ]
 [114.          38.81175      2.4145818    1.08473   ]
 [115.          39.078773     2.3829994    1.0909224 ]
 [116.          39.25234      2.351184     1.0970889 ]
 [117.          39.465954     2.4574788    1.1034521 ]
 [118.          39.62617      2.5518658    1.1099348 ]
 [119.          39.86649      2.5452216    1.1150281 ]
 [120.          40.026703     2.5051608    1.1213127 ]
 [121.          40.186916     2.4744658    1.1281052 ]
 [122.          40.36048      2.4095008    1.1359236 ]
 [123.          40.5741       2.4103332    1.1420358 ]
 [124.          40.761017     2.4071887    1.1493421 ]
 [125.          40.96128      2.432967     1.1574048 ]
 [126.          41.1215       2.347389     1.1657442 ]
 [127.          41.30841      2.3796315    1.1714445 ]
 [128.          41.548733     2.3166234    1.1793952 ]
 [129.          41.695595     2.3698733    1.1846282 ]
 [130.          41.895863     2.459834     1.1916583 ]
 [131.          42.189587     2.4248946    1.1980861 ]
 [132.          42.3498       2.45757      1.204451  ]
 [133.          42.550068     2.3228674    1.2113577 ]
 [134.          42.763683     2.351941     1.2199999 ]
 [135.          42.990658     2.285346     1.2266655 ]
 [136.          43.19092      2.2325757    1.2329496 ]
 [137.          43.37784      2.3309107    1.2390035 ]
 [138.          43.684914     2.36234      1.2470115 ]
 [139.          43.845127     2.3170085    1.2560104 ]
 [140.          44.072094     2.3964272    1.2612591 ]
 [141.          44.285717     2.4439309    1.2677418 ]
 [142.          44.55274      2.4293025    1.2759985 ]
 [143.          44.753002     2.4828281    1.2844614 ]
 [144.          44.92657      2.4780662    1.2905425 ]
 [145.          45.16689      2.383        1.2956619 ]
 [146.          45.52737      2.4672515    1.3017635 ]
 [147.          45.807743     2.4966102    1.3087196 ]
 [148.          46.03471      2.543119     1.3155695 ]
 [149.          46.355145     2.3305266    1.3246775 ]
 [150.          46.68892      2.095427     1.3297201 ]
 [151.          46.955944     1.9873687    1.3358597 ]
 [152.          47.263016     1.9479614    1.3412014 ]
 [153.          47.596798     1.7356468    1.3488481 ]
 [154.          47.943924     1.7658105    1.3586333 ]
 [155.          48.277706     1.7467791    1.365998  ]
 [156.          48.584778     1.7840134    1.371822  ]
 [157.          48.865154     1.8153362    1.377107  ]
 [158.          49.198933     1.8030219    1.382335  ]
 [159.          49.385845     1.685762     1.3882875 ]
 [160.          49.572765     1.7366757    1.3987044 ]
 [161.          49.893196     1.8261071    1.4091676 ]
 [162.          50.106808     1.7828885    1.4157802 ]
 [163.          50.33378      1.7579682    1.4228357 ]
 [164.          50.74766      1.6791407    1.4288225 ]
 [165.          51.014687     1.7008948    1.436601  ]
 [166.          51.37517      1.6672897    1.4427862 ]
 [167.          51.615486     1.5891482    1.4488066 ]
 [168.          51.815754     1.634083     1.4551181 ]
 [169.          51.975964     1.5815595    1.4620965 ]
 [170.          52.189587     1.6684917    1.4697593 ]
 [171.          52.496662     1.6845727    1.4778299 ]
 [172.          52.91055      1.7665668    1.4839629 ]
 [173.          53.09746      1.7866358    1.4919157 ]
 [174.          53.324432     1.642923     1.5018133 ]
 [175.          53.484646     1.6258827    1.5083234 ]
 [176.          53.751667     1.5450727    1.515967  ]
 [177.          53.96529      1.4599519    1.5219712 ]
 [178.          54.08545      1.5063719    1.5299693 ]
 [179.          54.259014     1.467411     1.537238  ]
 [180.          54.405872     1.4617798    1.5438744 ]
 [181.          54.53938      1.4510728    1.5526924 ]
 [182.          54.68625      1.4077383    1.5618292 ]
 [183.          54.92657      1.3862062    1.5699848 ]
 [184.          55.100136     1.251202     1.5769938 ]
 [185.          55.2737       1.1913598    1.5822499 ]
 [186.          55.487316     1.0881387    1.5875115 ]
 [187.          55.60748      1.108023     1.5951031 ]
 [188.          55.714283     1.045532     1.6020346 ]
 [189.          55.94126      1.1100316    1.6080064 ]
 [190.          56.11482      1.1146395    1.6139443 ]
 [191.          56.35514      1.0474488    1.6201754 ]
 [192.          56.55541      0.98834413   1.6262511 ]
 [193.          56.688915     0.83297724   1.6315278 ]
 [194.          56.862488     0.9133576    1.6367997 ]
 [195.          57.022694     0.82760864   1.6423092 ]
 [196.          57.14286      0.81348866   1.6490204 ]
 [197.          57.22296      0.8747291    1.6565672 ]
 [198.          57.303078     0.89263076   1.6644125 ]
 [199.          57.396534     0.9035476    1.6711451 ]
 [200.          57.610146     0.75819916   1.6762196 ]]
The best results: 
Epoch: 200  57.61±0.76  1.676s
--------------- Train Done! ----------------
--------------- Save Done! ----------------
