Using cuda:0 device
Dataset     :Photo
Epochs      :200
LR X_s      :0.01
Learn A_s   :1
LR A_s      :0.01
Conden ratio:1.0
Ridge       :0.01
Kernel      :SGNK
k           :3
L           :1
Seed        :5
The 1th Iteration:
--------------------------------------------------
The 2th Iteration:
--------------------------------------------------
The 3th Iteration:
--------------------------------------------------
The 4th Iteration:
--------------------------------------------------
The 5th Iteration:
--------------------------------------------------
[[  1.          15.375        2.698379     0.24595772]
 [  2.          16.375        1.6700488    0.25295016]
 [  3.          16.675001     1.5273546    0.26005197]
 [  4.          16.725        1.6331528    0.2669061 ]
 [  5.          16.325        0.9253379    0.27381238]
 [  6.          16.1          0.6696548    0.28120485]
 [  7.          15.925        0.9462095    0.28830796]
 [  8.          16.275        1.101845     0.29598626]
 [  9.          16.275        1.3032411    0.30383235]
 [ 10.          16.075        1.1408604    0.3109911 ]
 [ 11.          16.325        1.2138524    0.31811237]
 [ 12.          16.300001     1.2673792    0.32496625]
 [ 13.          16.275        0.9897916    0.3320202 ]
 [ 14.          16.125        0.7905694    0.33940288]
 [ 15.          15.95         0.51991594   0.34666252]
 [ 16.          15.75         0.72886896   0.35380217]
 [ 17.          15.8          0.77358735   0.36124393]
 [ 18.          15.8          0.67661834   0.3689154 ]
 [ 19.          15.8          0.6224949    0.37671772]
 [ 20.          15.625        0.49212563   0.3849232 ]
 [ 21.          15.575        0.49686518   0.39339653]
 [ 22.          15.650001     0.6925947    0.40189424]
 [ 23.          15.7          0.6823672    0.41013765]
 [ 24.          15.55         0.77862054   0.4188539 ]
 [ 25.          15.625        0.8926787    0.42759165]
 [ 26.          15.675        0.9379165    0.4375186 ]
 [ 27.          15.650001     0.94950634   0.44728333]
 [ 28.          15.75         1.0933034    0.4568908 ]
 [ 29.          15.725        1.2729149    0.466156  ]
 [ 30.          15.825        1.3008412    0.4761756 ]
 [ 31.          15.625        1.3317047    0.48590985]
 [ 32.          15.775001     1.3986601    0.4966421 ]
 [ 33.          15.8          1.3246462    0.5069848 ]
 [ 34.          16.050001     1.3595725    0.5166387 ]
 [ 35.          16.300001     1.6784481    0.5274219 ]
 [ 36.          16.75         1.8708289    0.5367622 ]
 [ 37.          16.75         1.70248      0.5471587 ]
 [ 38.          17.075        1.7288905    0.55718035]
 [ 39.          17.375        1.438858     0.56607586]
 [ 40.          17.65         1.2512497    0.57560545]
 [ 41.          17.975        1.1937338    0.5848571 ]
 [ 42.          18.4          1.1970013    0.5933704 ]
 [ 43.          18.9          1.0803643    0.601481  ]
 [ 44.          19.375        0.7551905    0.61041576]
 [ 45.          19.625        0.6373775    0.61882484]
 [ 46.          20.050001     0.6766184    0.6276193 ]
 [ 47.          20.525        1.1053845    0.63605225]
 [ 48.          21.           1.0155047    0.64441   ]
 [ 49.          21.325        0.8732125    0.6530501 ]
 [ 50.          21.45         0.7935283    0.661905  ]
 [ 51.          22.6          1.0208758    0.66973156]
 [ 52.          23.6          1.5821267    0.67831933]
 [ 53.          24.45         1.5924629    0.6876747 ]
 [ 54.          25.5          1.9565595    0.6963667 ]
 [ 55.          26.6          2.432527     0.70511335]
 [ 56.          27.625        2.8131945    0.71377975]
 [ 57.          28.85         4.027639     0.7215862 ]
 [ 58.          29.975        4.2282534    0.72950125]
 [ 59.          31.35         4.1301103    0.737803  ]
 [ 60.          32.425        3.808502     0.7463826 ]
 [ 61.          33.7          3.6578257    0.7550624 ]
 [ 62.          35.025        3.0623727    0.7630661 ]
 [ 63.          36.25         3.0771337    0.77070034]
 [ 64.          37.475002     2.8206825    0.7789727 ]
 [ 65.          38.625        3.0593095    0.7868044 ]
 [ 66.          40.05         3.065178     0.7946901 ]
 [ 67.          40.4          3.4758098    0.8028102 ]
 [ 68.          40.45         4.230286     0.811413  ]
 [ 69.          41.175        4.8400993    0.8197511 ]
 [ 70.          41.8          5.028512     0.82873213]
 [ 71.          43.45         6.301413     0.8367476 ]
 [ 72.          45.275        7.091699     0.845574  ]
 [ 73.          49.8          5.6309695    0.8538994 ]
 [ 74.          53.05         4.0817814    0.86225283]
 [ 75.          55.100002     3.3893216    0.86993027]
 [ 76.          55.75         3.7604022    0.8774954 ]
 [ 77.          56.275        3.4746852    0.8852467 ]
 [ 78.          57.225002     2.9039307    0.8936741 ]
 [ 79.          56.625        3.4426098    0.90258485]
 [ 80.          56.600002     5.7121034    0.91106987]
 [ 81.          56.45         7.4238853    0.9199478 ]
 [ 82.          57.4          6.3056273    0.9288704 ]
 [ 83.          60.675        2.382554     0.9381943 ]
 [ 84.          62.25         3.7427013    0.94738257]
 [ 85.          63.           2.793686     0.956696  ]
 [ 86.          63.4          1.803643     0.96953756]
 [ 87.          62.95         3.233854     0.9802074 ]
 [ 88.          63.           2.720007     0.99054605]
 [ 89.          63.75         2.573908     1.0003127 ]
 [ 90.          65.025        2.8206825    1.009363  ]
 [ 91.          65.775        1.6450684    1.020399  ]
 [ 92.          65.975        4.2476096    1.0294669 ]
 [ 93.          66.65         6.948696     1.0389596 ]
 [ 94.          67.075005     5.6254168    1.0467805 ]
 [ 95.          68.625        3.0091002    1.0539671 ]
 [ 96.          70.825005     3.2144694    1.0620542 ]
 [ 97.          71.15         2.7191443    1.0693442 ]
 [ 98.          69.15         1.8716637    1.077331  ]
 [ 99.          68.450005     2.3759859    1.0850024 ]
 [100.          66.475        6.8962164    1.0943401 ]
 [101.          67.1          6.777376     1.1028897 ]
 [102.          69.950005     2.7380412    1.1113104 ]
 [103.          70.825005     3.265109     1.1190361 ]
 [104.          71.25         2.7027192    1.1264151 ]
 [105.          71.700005     1.5998048    1.1344652 ]
 [106.          72.475        2.2174723    1.1418475 ]
 [107.          73.05         1.795394     1.149097  ]
 [108.          73.125        2.3651109    1.1567395 ]
 [109.          73.425        2.1498551    1.1640745 ]
 [110.          73.175        2.866291     1.1720113 ]
 [111.          72.825005     3.2217522    1.1792125 ]
 [112.          72.200005     4.1997023    1.1870563 ]
 [113.          72.325005     4.3782134    1.1941264 ]
 [114.          73.1          3.9085248    1.20099   ]
 [115.          74.200005     2.2614303    1.207942  ]
 [116.          74.8          2.4344542    1.2147274 ]
 [117.          75.075005     2.6288662    1.2215897 ]
 [118.          73.975        2.2262638    1.2287434 ]
 [119.          73.05         2.8015053    1.2364367 ]
 [120.          73.25         3.327207     1.2450264 ]
 [121.          74.1          3.0776417    1.252688  ]
 [122.          74.575005     3.0740857    1.2598593 ]
 [123.          74.6          3.0290256    1.266603  ]
 [124.          74.35         2.7133927    1.2736074 ]
 [125.          73.5          2.7894902    1.2814306 ]
 [126.          73.5          3.4888215    1.2884754 ]
 [127.          73.75         3.4471445    1.2956443 ]
 [128.          74.450005     2.9746337    1.3029578 ]
 [129.          75.475        1.9633346    1.3111066 ]
 [130.          75.700005     2.1297731    1.3184618 ]
 [131.          75.675        2.7050307    1.3261315 ]
 [132.          75.375        3.4528067    1.3336247 ]
 [133.          74.9          3.908525     1.3420031 ]
 [134.          74.85         3.7053585    1.3513464 ]
 [135.          75.5          3.31073      1.3610274 ]
 [136.          76.075005     2.565699     1.3684454 ]
 [137.          75.625        1.9902114    1.3774163 ]
 [138.          75.325005     1.9174374    1.3850704 ]
 [139.          74.4          1.8079695    1.3922523 ]
 [140.          74.25         2.4653845    1.3994734 ]
 [141.          74.725        2.987473     1.4068503 ]
 [142.          76.25         2.5541022    1.4147757 ]
 [143.          77.275        1.8653911    1.4221632 ]
 [144.          76.65         1.7971331    1.4297184 ]
 [145.          76.175        2.31267      1.4370488 ]
 [146.          76.125        1.9100883    1.4454844 ]
 [147.          77.6          2.77742      1.4548234 ]
 [148.          78.65         3.306481     1.462442  ]
 [149.          79.425        2.7579432    1.4696255 ]
 [150.          79.25         3.7049377    1.4773604 ]
 [151.          78.275        4.5461183    1.4849328 ]
 [152.          77.325005     3.9167109    1.492402  ]
 [153.          76.1          4.0527773    1.5003155 ]
 [154.          76.075005     4.835254     1.5076832 ]
 [155.          76.6          4.9971876    1.5152401 ]
 [156.          75.975        4.0537395    1.5227904 ]
 [157.          75.85         2.5332158    1.5304424 ]
 [158.          75.450005     1.4485995    1.5373379 ]
 [159.          76.375        1.4657542    1.544547  ]
 [160.          77.075005     1.2826978    1.5517153 ]
 [161.          78.450005     2.4472563    1.5591295 ]
 [162.          78.825005     2.7280374    1.5667847 ]
 [163.          78.875        1.8645543    1.5742568 ]
 [164.          78.475        1.4290513    1.5817848 ]
 [165.          77.9          1.7193749    1.589562  ]
 [166.          77.275        2.4802344    1.5972912 ]
 [167.          76.9          2.842754     1.6051664 ]
 [168.          77.275        2.5866241    1.6128289 ]
 [169.          78.85         1.6307594    1.6209261 ]
 [170.          78.3          3.4182413    1.6294918 ]
 [171.          76.75         5.0132637    1.6373246 ]
 [172.          76.55         5.63513      1.6449072 ]
 [173.          77.55         5.628194     1.6522051 ]
 [174.          78.5          5.1288095    1.6614107 ]
 [175.          79.700005     3.943547     1.6695594 ]
 [176.          79.425        4.763632     1.6777735 ]
 [177.          79.325005     5.026959     1.6863598 ]
 [178.          79.65         5.0213604    1.6955665 ]
 [179.          80.           4.974152     1.703167  ]
 [180.          80.35         3.687394     1.7112496 ]
 [181.          80.175        2.5733004    1.7190107 ]
 [182.          79.675        2.9202952    1.7276709 ]
 [183.          78.975        3.2993844    1.7355999 ]
 [184.          79.475        3.3650324    1.7437283 ]
 [185.          80.1          4.03926      1.7520726 ]
 [186.          80.075005     3.5106988    1.7600796 ]
 [187.          80.55         2.6759927    1.7682276 ]
 [188.          80.825005     2.341206     1.7762865 ]
 [189.          81.325005     4.062597     1.7853254 ]
 [190.          81.425        4.7025595    1.7941884 ]
 [191.          80.4          5.381827     1.8028721 ]
 [192.          79.975        5.9787383    1.8112326 ]
 [193.          79.475        5.9374337    1.8182713 ]
 [194.          79.025        4.6379895    1.8255666 ]
 [195.          77.875        2.7627544    1.8329362 ]
 [196.          76.35         3.42144      1.8403313 ]
 [197.          76.3          4.0568233    1.8486077 ]
 [198.          77.125        4.2435613    1.8568372 ]
 [199.          78.175        4.941533     1.8643235 ]
 [200.          79.425        4.3189263    1.8717921 ]]
The best results: 
Epoch: 190  81.43±4.70  1.794s
--------------- Train Done! ----------------
