Using cuda:0 device
Dataset     :Photo
Epochs      :200
LR X_s      :0.01
Learn A_s   :1
LR A_s      :0.01
Conden ratio:0.25
Ridge       :0.01
Kernel      :SGNK
k           :5
L           :1
Seed        :5
The 1th Iteration:
--------------------------------------------------
The 2th Iteration:
--------------------------------------------------
The 3th Iteration:
--------------------------------------------------
The 4th Iteration:
--------------------------------------------------
The 5th Iteration:
--------------------------------------------------
[[  1.          11.025001     2.6873546    0.2693726 ]
 [  2.          11.575        2.5839045    0.27483422]
 [  3.          11.925        2.138925     0.28040743]
 [  4.          11.825        2.0321634    0.28590336]
 [  5.          12.375        0.8149003    0.29248863]
 [  6.          12.225        1.294218     0.2984851 ]
 [  7.          12.05         1.3851895    0.30449685]
 [  8.          11.8          1.7243658    0.31082073]
 [  9.          11.75         1.6700486    0.31775355]
 [ 10.          11.775001     1.5697333    0.3248225 ]
 [ 11.          11.625        1.5637496    0.3322359 ]
 [ 12.          11.575        1.1911129    0.3404847 ]
 [ 13.          11.45         0.9379166    0.34819055]
 [ 14.          11.400001     0.8168156    0.35602728]
 [ 15.          11.400001     0.77761656   0.3631207 ]
 [ 16.          11.3          0.95443064   0.3698195 ]
 [ 17.          11.175        0.87767446   0.3754623 ]
 [ 18.          11.075        0.8596876    0.3817384 ]
 [ 19.          11.05         0.9866292    0.38780546]
 [ 20.          11.025001     1.1435965    0.39391977]
 [ 21.          11.150001     1.238699     0.39972216]
 [ 22.          11.1          1.2851313    0.40566897]
 [ 23.          11.25         1.3947444    0.4124638 ]
 [ 24.          11.400001     1.2481238    0.4191217 ]
 [ 25.          11.525001     1.534499     0.42482397]
 [ 26.          11.85         1.361869     0.42955205]
 [ 27.          11.775001     1.6041938    0.43423367]
 [ 28.          11.650001     1.3002402    0.43911263]
 [ 29.          11.625        1.2183493    0.44383535]
 [ 30.          11.650001     1.370447     0.4483771 ]
 [ 31.          11.675        1.2073992    0.45331413]
 [ 32.          11.75         1.2279302    0.45800066]
 [ 33.          11.875        1.3607211    0.462562  ]
 [ 34.          11.775001     1.3789716    0.46725306]
 [ 35.          11.825        1.2887737    0.47197777]
 [ 36.          11.85         1.315176     0.47678086]
 [ 37.          11.95         1.306833     0.48176837]
 [ 38.          12.05         1.2887734    0.4865821 ]
 [ 39.          12.           1.5181196    0.49165985]
 [ 40.          12.075        1.3595728    0.4973878 ]
 [ 41.          11.900001     1.4694813    0.5028374 ]
 [ 42.          11.775001     1.88207      0.5099846 ]
 [ 43.          12.175        1.5324613    0.51565915]
 [ 44.          12.6          1.1367443    0.5211747 ]
 [ 45.          13.150001     0.31124762   0.5271408 ]
 [ 46.          13.2          0.33773142   0.532     ]
 [ 47.          13.2          0.32596004   0.53739744]
 [ 48.          13.125        0.30618617   0.5427559 ]
 [ 49.          13.125        0.21650626   0.54792947]
 [ 50.          13.125        0.17677669   0.55293095]
 [ 51.          13.125        0.21650626   0.5581553 ]
 [ 52.          13.075        0.30103987   0.5632653 ]
 [ 53.          13.125        0.31868854   0.5686369 ]
 [ 54.          13.125        0.19764236   0.5739803 ]
 [ 55.          13.125        0.15309317   0.5796688 ]
 [ 56.          13.25         0.29315102   0.58523405]
 [ 57.          13.3          0.25920552   0.59074175]
 [ 58.          13.45         0.31374758   0.5962488 ]
 [ 59.          13.55         0.27386126   0.60208195]
 [ 60.          13.525001     0.2236068    0.6079712 ]
 [ 61.          13.5          0.17677669   0.61527246]
 [ 62.          13.475        0.28504387   0.6216905 ]
 [ 63.          13.625        0.31868875   0.6271659 ]
 [ 64.          13.625        0.2931509    0.632791  ]
 [ 65.          13.6          0.29843354   0.6392264 ]
 [ 66.          13.55         0.3913119    0.6450651 ]
 [ 67.          13.575        0.36012152   0.6512756 ]
 [ 68.          13.75         0.3423266    0.65756994]
 [ 69.          13.8          0.46435437   0.6633609 ]
 [ 70.          13.775001     0.45414758   0.66952485]
 [ 71.          13.875        0.49212548   0.6750911 ]
 [ 72.          13.95         0.6033759    0.68062437]
 [ 73.          14.05         0.6033759    0.687468  ]
 [ 74.          13.975        0.65192014   0.693303  ]
 [ 75.          14.           0.7551905    0.69941497]
 [ 76.          14.           0.7551903    0.7058003 ]
 [ 77.          14.           0.77055186   0.7121977 ]
 [ 78.          14.05         0.8909266    0.71803373]
 [ 79.          14.075        1.0443299    0.7239247 ]
 [ 80.          14.025001     0.96582234   0.7309362 ]
 [ 81.          14.1          1.047318     0.7367345 ]
 [ 82.          14.175        1.1812336    0.7431595 ]
 [ 83.          14.45         1.4753178    0.74855477]
 [ 84.          14.6          1.472137     0.75412905]
 [ 85.          14.6          1.5139972    0.75975835]
 [ 86.          14.675        1.555233     0.7653133 ]
 [ 87.          14.900001     1.6426921    0.77105063]
 [ 88.          15.175        1.6550113    0.7767331 ]
 [ 89.          15.35         1.5647484    0.7824533 ]
 [ 90.          15.725        1.4668206    0.7882063 ]
 [ 91.          16.300001     1.7152807    0.7942654 ]
 [ 92.          16.275        2.4786592    0.7995401 ]
 [ 93.          16.45         2.5839047    0.80509484]
 [ 94.          16.5          2.6575365    0.81060916]
 [ 95.          16.575        2.5534902    0.8159149 ]
 [ 96.          16.4          2.55777      0.821941  ]
 [ 97.          16.35         2.4373398    0.82825625]
 [ 98.          16.4          2.3773015    0.83363277]
 [ 99.          16.425001     2.4695015    0.83891135]
 [100.          16.550001     2.5944653    0.8443906 ]
 [101.          16.95         2.894769     0.8505085 ]
 [102.          17.300001     3.3196857    0.85653514]
 [103.          17.775        3.788758     0.8623396 ]
 [104.          18.825        3.3641028    0.8685078 ]
 [105.          18.775        3.7908196    0.87516636]
 [106.          19.225        3.2708468    0.88191026]
 [107.          18.9          3.3534033    0.8883204 ]
 [108.          18.95         3.3594549    0.89534324]
 [109.          18.775        2.920028     0.9008589 ]
 [110.          18.5          2.299796     0.9066038 ]
 [111.          19.6          3.3288512    0.91210765]
 [112.          19.425001     2.4053974    0.91823846]
 [113.          19.65         3.254084     0.92462367]
 [114.          20.550001     3.261518     0.93000126]
 [115.          21.075        3.6126947    0.93535537]
 [116.          21.625        3.3830922    0.94173187]
 [117.          21.375        3.5022314    0.94843465]
 [118.          21.300001     3.0677254    0.95346755]
 [119.          21.475        2.986166     0.95847446]
 [120.          22.025        3.334713     0.9635629 ]
 [121.          22.2          3.5735574    0.9701277 ]
 [122.          23.125        2.9973946    0.9753246 ]
 [123.          24.225        2.3936765    0.98120636]
 [124.          25.425001     1.9356847    0.9870798 ]
 [125.          27.1          2.8441277    0.99295884]
 [126.          26.35         1.6849518    0.9982805 ]
 [127.          26.175001     1.6479154    1.0035241 ]
 [128.          25.425001     1.7910367    1.0088156 ]
 [129.          24.85         2.5393775    1.0138587 ]
 [130.          25.375        2.5449092    1.0191096 ]
 [131.          25.7          2.4710827    1.0245322 ]
 [132.          26.225        2.6581244    1.0315125 ]
 [133.          27.1          3.1142316    1.0391735 ]
 [134.          27.550001     3.9137177    1.0455326 ]
 [135.          27.375        4.1523714    1.0530905 ]
 [136.          25.15         3.991593     1.0601832 ]
 [137.          24.25         4.7392974    1.0658106 ]
 [138.          24.1          6.2145247    1.072843  ]
 [139.          23.65         6.1551557    1.0793744 ]
 [140.          25.           7.048936     1.0852814 ]
 [141.          26.375        6.8732953    1.0914183 ]
 [142.          27.475        7.1727567    1.0986569 ]
 [143.          25.725        3.0751016    1.1041112 ]
 [144.          25.625        1.8178799    1.1102186 ]
 [145.          27.375        3.4516754    1.1162908 ]
 [146.          28.475        2.5638719    1.1220163 ]
 [147.          30.125        2.209709     1.1277338 ]
 [148.          29.775        3.7514582    1.1345512 ]
 [149.          28.550001     3.0163617    1.1411519 ]
 [150.          27.75         2.4462981    1.1470435 ]
 [151.          26.550001     4.00839      1.1531328 ]
 [152.          25.25         4.2783976    1.1593593 ]
 [153.          23.725        5.38618      1.1654537 ]
 [154.          23.325        6.3199835    1.17178   ]
 [155.          24.4          6.593913     1.177236  ]
 [156.          25.775        7.267436     1.1836218 ]
 [157.          28.4          9.124743     1.1902479 ]
 [158.          29.5          9.732758     1.1960814 ]
 [159.          29.125        9.06961      1.2050287 ]
 [160.          29.675001     9.755047     1.2104439 ]
 [161.          30.800001     9.935967     1.2167218 ]
 [162.          30.775        9.154661     1.2225189 ]
 [163.          31.525        7.574835     1.2285875 ]
 [164.          31.9          5.8998146    1.2343131 ]
 [165.          31.800001     4.784088     1.2404875 ]
 [166.          31.525        4.4224215    1.2468854 ]
 [167.          32.125        4.305701     1.2554802 ]
 [168.          32.125        5.7737284    1.2628137 ]
 [169.          30.85         6.754281     1.2693355 ]
 [170.          30.25         7.782693     1.2765108 ]
 [171.          30.075        7.5252705    1.2826662 ]
 [172.          30.           7.387701     1.2881491 ]
 [173.          30.525        7.045278     1.2940075 ]
 [174.          31.6          6.2801776    1.2996635 ]
 [175.          31.875        5.840992     1.3069209 ]
 [176.          31.85         5.878589     1.3137158 ]
 [177.          31.75         5.945061     1.3194798 ]
 [178.          32.025        5.6743665    1.3248519 ]
 [179.          32.425        5.5456905    1.3300799 ]
 [180.          32.975002     6.1386323    1.3355302 ]
 [181.          33.175        6.0412645    1.3410262 ]
 [182.          33.5          5.771698     1.3465954 ]
 [183.          33.4          5.173853     1.3552946 ]
 [184.          32.350002     4.734679     1.3608006 ]
 [185.          32.100002     4.7462153    1.3654648 ]
 [186.          31.85         4.726422     1.3706073 ]
 [187.          31.550001     5.971678     1.3757571 ]
 [188.          31.425001     6.826877     1.3809106 ]
 [189.          31.125        7.415145     1.3868898 ]
 [190.          31.4          7.702678     1.39208   ]
 [191.          31.475        7.1202836    1.3973694 ]
 [192.          31.975        6.7026114    1.4029505 ]
 [193.          32.125        6.3103337    1.4090233 ]
 [194.          32.125        6.1103144    1.4159071 ]
 [195.          31.85         4.9995313    1.4214557 ]
 [196.          31.85         3.4758089    1.4270414 ]
 [197.          32.2          3.566993     1.4332744 ]
 [198.          33.425        4.6817465    1.438538  ]
 [199.          33.875        3.5244684    1.4435745 ]
 [200.          34.625        4.053355     1.4492694 ]]
The best results: 
Epoch: 200  34.62±4.05  1.449s
--------------- Train Done! ----------------
