Using cuda:0 device
Dataset     :Photo
Epochs      :200
LR X_s      :0.01
Learn A_s   :1
LR A_s      :0.01
Conden ratio:1.0
Ridge       :5.0
Kernel      :SGNK
k           :3
L           :1
Seed        :5
The 1th Iteration:
--------------------------------------------------
The 2th Iteration:
--------------------------------------------------
The 3th Iteration:
--------------------------------------------------
The 4th Iteration:
--------------------------------------------------
The 5th Iteration:
--------------------------------------------------
[[  1.          12.5          0.           0.27978164]
 [  2.          12.5          0.           0.28649265]
 [  3.          12.5          0.           0.29324624]
 [  4.          12.5          0.           0.2998794 ]
 [  5.          12.5          0.           0.30649805]
 [  6.          12.5          0.           0.31413618]
 [  7.          12.5          0.           0.32275066]
 [  8.          12.5          0.           0.33055487]
 [  9.          12.5          0.           0.3382213 ]
 [ 10.          12.5          0.           0.3457131 ]
 [ 11.          12.5          0.           0.3550609 ]
 [ 12.          12.5          0.           0.36390764]
 [ 13.          12.5          0.           0.37074366]
 [ 14.          12.5          0.           0.37751007]
 [ 15.          12.55         0.1118034    0.38420746]
 [ 16.          12.5          0.           0.39104292]
 [ 17.          12.5          0.           0.39788744]
 [ 18.          12.5          0.           0.40610847]
 [ 19.          12.5          0.           0.41488877]
 [ 20.          12.5          0.           0.42231187]
 [ 21.          12.5          0.           0.42973977]
 [ 22.          12.5          0.           0.4379034 ]
 [ 23.          12.5          0.           0.44690585]
 [ 24.          12.5          0.           0.4550415 ]
 [ 25.          12.5          0.           0.4648554 ]
 [ 26.          12.5          0.           0.47155285]
 [ 27.          12.5          0.           0.47925994]
 [ 28.          12.5          0.           0.4858292 ]
 [ 29.          12.5          0.           0.49292237]
 [ 30.          12.5          0.           0.49973986]
 [ 31.          12.5          0.           0.5065452 ]
 [ 32.          12.5          0.           0.5137498 ]
 [ 33.          12.5          0.           0.5210779 ]
 [ 34.          12.5          0.           0.5281124 ]
 [ 35.          12.5          0.           0.53529453]
 [ 36.          12.5          0.           0.5422773 ]
 [ 37.          12.5          0.           0.5491249 ]
 [ 38.          12.5          0.           0.5566758 ]
 [ 39.          12.5          0.           0.5647427 ]
 [ 40.          12.5          0.           0.57202   ]
 [ 41.          12.5          0.           0.5792967 ]
 [ 42.          12.5          0.           0.58685344]
 [ 43.          12.5          0.           0.59538287]
 [ 44.          12.5          0.           0.60298395]
 [ 45.          12.5          0.           0.60972506]
 [ 46.          12.5          0.           0.6184147 ]
 [ 47.          12.5          0.           0.62688494]
 [ 48.          12.5          0.           0.63379484]
 [ 49.          12.5          0.           0.6426267 ]
 [ 50.          12.5          0.           0.65076065]
 [ 51.          12.5          0.           0.6584614 ]
 [ 52.          12.5          0.           0.6662163 ]
 [ 53.          12.5          0.           0.6735347 ]
 [ 54.          12.5          0.           0.681621  ]
 [ 55.          12.5          0.           0.6899849 ]
 [ 56.          12.5          0.           0.6976876 ]
 [ 57.          12.5          0.           0.70557004]
 [ 58.          12.5          0.           0.71352047]
 [ 59.          12.5          0.           0.7231728 ]
 [ 60.          12.5          0.           0.73094326]
 [ 61.          12.5          0.           0.73795396]
 [ 62.          12.5          0.           0.7454333 ]
 [ 63.          12.5          0.           0.75260067]
 [ 64.          12.5          0.           0.75922793]
 [ 65.          12.5          0.           0.7664429 ]
 [ 66.          12.5          0.           0.773717  ]
 [ 67.          12.5          0.           0.7811103 ]
 [ 68.          12.5          0.           0.7880245 ]
 [ 69.          12.5          0.           0.79711074]
 [ 70.          12.5          0.           0.805929  ]
 [ 71.          12.5          0.           0.81299746]
 [ 72.          12.5          0.           0.822254  ]
 [ 73.          12.5          0.           0.83073837]
 [ 74.          12.5          0.           0.8395464 ]
 [ 75.          12.5          0.           0.84817374]
 [ 76.          12.5          0.           0.85612816]
 [ 77.          12.5          0.           0.86464924]
 [ 78.          12.5          0.           0.8726384 ]
 [ 79.          12.5          0.           0.8803507 ]
 [ 80.          12.5          0.           0.8886013 ]
 [ 81.          12.5          0.           0.8974023 ]
 [ 82.          12.5          0.           0.90754217]
 [ 83.          12.5          0.           0.91581935]
 [ 84.          12.5          0.           0.92438394]
 [ 85.          12.5          0.           0.9330125 ]
 [ 86.          12.5          0.           0.94155353]
 [ 87.          12.5          0.           0.9491356 ]
 [ 88.          12.5          0.           0.9569464 ]
 [ 89.          12.5          0.           0.9652619 ]
 [ 90.          12.5          0.           0.9733764 ]
 [ 91.          12.5          0.           0.98177224]
 [ 92.          12.5          0.           0.9905735 ]
 [ 93.          12.5          0.           1.0001544 ]
 [ 94.          12.5          0.           1.01016   ]
 [ 95.          12.5          0.           1.0184952 ]
 [ 96.          12.5          0.           1.0249939 ]
 [ 97.          12.5          0.           1.0316209 ]
 [ 98.          12.5          0.           1.038057  ]
 [ 99.          12.5          0.           1.044547  ]
 [100.          12.5          0.           1.0514443 ]
 [101.          12.5          0.           1.0579871 ]
 [102.          12.5          0.           1.0653744 ]
 [103.          12.5          0.           1.0725187 ]
 [104.          12.5          0.           1.0795643 ]
 [105.          12.5          0.           1.0865294 ]
 [106.          12.5          0.           1.0942482 ]
 [107.          12.5          0.           1.1007465 ]
 [108.          12.5          0.           1.1095322 ]
 [109.          12.5          0.           1.1179596 ]
 [110.          12.5          0.           1.1263827 ]
 [111.          12.5          0.           1.1332496 ]
 [112.          12.5          0.           1.1435031 ]
 [113.          12.475        0.05590177   1.1501086 ]
 [114.          12.45         0.06846529   1.1567172 ]
 [115.          12.475        0.0559017    1.1643823 ]
 [116.          12.45         0.06846529   1.1711434 ]
 [117.          12.5          0.08838847   1.1789755 ]
 [118.          12.650001     0.27099368   1.1867754 ]
 [119.          12.7          0.3491059    1.1967465 ]
 [120.          12.925        0.5199159    1.2041254 ]
 [121.          13.05         0.622495     1.2126359 ]
 [122.          13.225        0.6696548    1.2189846 ]
 [123.          13.425        0.622495     1.2265977 ]
 [124.          14.375        1.308028     1.2348495 ]
 [125.          15.125        1.8687397    1.2416149 ]
 [126.          15.95         2.4821236    1.2485558 ]
 [127.          16.425001     2.5929594    1.255819  ]
 [128.          16.65         2.624107     1.263164  ]
 [129.          16.775        2.6771605    1.2709856 ]
 [130.          16.85         2.6270823    1.2783684 ]
 [131.          16.7          2.4102645    1.2867545 ]
 [132.          17.025        1.9271903    1.293734  ]
 [133.          17.925001     2.2648814    1.3003875 ]
 [134.          18.85         3.2827675    1.3073866 ]
 [135.          20.           3.8719747    1.3144361 ]
 [136.          20.65         3.3112025    1.3219547 ]
 [137.          21.550001     2.7522717    1.3292035 ]
 [138.          22.1          2.6829906    1.338056  ]
 [139.          22.525        2.9519591    1.3469232 ]
 [140.          23.1          2.295376     1.3548659 ]
 [141.          23.550001     2.0570002    1.3619471 ]
 [142.          24.2          1.1236103    1.3693026 ]
 [143.          23.975        1.3874437    1.3769988 ]
 [144.          24.025        2.0509145    1.3838476 ]
 [145.          24.375        0.6373773    1.39149   ]
 [146.          24.175001     1.3068331    1.3988281 ]
 [147.          24.4          0.6578851    1.4069579 ]
 [148.          24.375        0.57282186   1.4143765 ]
 [149.          24.375        0.649519     1.4223406 ]
 [150.          24.125        1.4169732    1.4299829 ]
 [151.          24.475        0.28504387   1.4376467 ]
 [152.          24.425001     0.7104136    1.4444176 ]
 [153.          22.75         4.1944904    1.4520696 ]
 [154.          24.300001     0.6766184    1.4609759 ]
 [155.          24.45         0.41079196   1.4684218 ]
 [156.          24.550001     0.18957192   1.4769007 ]
 [157.          24.300001     0.60337573   1.483827  ]
 [158.          23.575        2.3528574    1.491456  ]
 [159.          24.35         0.7037845    1.4985222 ]
 [160.          24.575        0.14252204   1.5051388 ]
 [161.          24.625        0.12499984   1.5121164 ]
 [162.          24.4          0.58229077   1.5188856 ]
 [163.          24.050001     1.3653067    1.5255088 ]
 [164.          24.425001     0.60337603   1.532246  ]
 [165.          23.6          0.9858372    1.5398232 ]
 [166.          24.7          0.1677052    1.548272  ]
 [167.          24.45         0.5700876    1.5553564 ]
 [168.          23.825        0.71041334   1.5628561 ]
 [169.          24.375        0.70156074   1.5698627 ]
 [170.          23.45         1.3851895    1.5773549 ]
 [171.          24.4          0.64590037   1.584311  ]
 [172.          24.2          0.5199158    1.5924925 ]
 [173.          24.300001     0.66497177   1.5994949 ]
 [174.          24.275        0.5031153    1.607688  ]
 [175.          24.65         0.1369304    1.6149596 ]
 [176.          24.300001     0.5347311    1.6219467 ]
 [177.          24.325        0.60981536   1.6300325 ]
 [178.          24.550001     0.1118034    1.6369962 ]
 [179.          24.375        0.57960135   1.6452526 ]
 [180.          24.550001     0.22707358   1.6546234 ]
 [181.          24.65         0.20539597   1.6625941 ]
 [182.          24.725        0.3686972    1.670908  ]
 [183.          24.4          0.3235545    1.6793499 ]
 [184.          24.525        0.16298006   1.6868635 ]
 [185.          23.9          1.5547305    1.6940807 ]
 [186.          24.425001     0.38119864   1.7019013 ]
 [187.          24.475        0.16298023   1.7092574 ]
 [188.          24.575        0.42938897   1.7159332 ]
 [189.          24.4          0.32355458   1.7222441 ]
 [190.          24.525        0.16297987   1.7288408 ]
 [191.          24.65         0.18540512   1.735179  ]
 [192.          24.6          0.16298023   1.7417526 ]
 [193.          24.525        0.27099353   1.7487    ]
 [194.          24.625        0.08838812   1.756463  ]
 [195.          24.575        0.11180354   1.7643346 ]
 [196.          24.45         0.5902858    1.7730923 ]
 [197.          24.45         0.33773124   1.7814635 ]
 [198.          24.5          0.12500031   1.7897081 ]
 [199.          24.45         0.33773163   1.7963806 ]
 [200.          24.625        0.27950865   1.8031638 ]]
The best results: 
Epoch: 182  24.73±0.37  1.671s
--------------- Train Done! ----------------
