Using cuda:0 device
Dataset     :Photo
Epochs      :200
LR X_s      :0.01
Learn A_s   :0
LR A_s      :0.01
Conden ratio:0.5
Ridge       :0.001
Kernel      :SNTK
k           :5
L           :1
Seed        :5
The 1th Iteration:
--------------------------------------------------
The 2th Iteration:
--------------------------------------------------
The 3th Iteration:
--------------------------------------------------
The 4th Iteration:
--------------------------------------------------
The 5th Iteration:
--------------------------------------------------
[[  1.          19.975        5.418718     0.44626185]
 [  2.          24.45         6.0393243    0.48827496]
 [  3.          30.35         3.4362497    0.52579606]
 [  4.          32.15         1.9413267    0.569609  ]
 [  5.          34.5          4.0812073    0.60742086]
 [  6.          37.275        6.804984     0.6513807 ]
 [  7.          40.95         7.3832583    0.69928974]
 [  8.          45.325        6.637135     0.74525267]
 [  9.          48.075        5.748369     0.791269  ]
 [ 10.          52.75         4.2527566    0.83989096]
 [ 11.          57.025        0.5258918    0.8890249 ]
 [ 12.          60.075        1.979584     0.9399666 ]
 [ 13.          61.55         3.1307447    0.98795605]
 [ 14.          62.850002     3.421439     1.0394081 ]
 [ 15.          62.925        4.002538     1.088342  ]
 [ 16.          63.65         2.980929     1.139306  ]
 [ 17.          65.225        2.3325148    1.1832317 ]
 [ 18.          66.275        2.4739265    1.2276522 ]
 [ 19.          66.75         2.1596441    1.2717484 ]
 [ 20.          69.075005     2.5550184    1.3168687 ]
 [ 21.          70.175        1.3653067    1.3560661 ]
 [ 22.          70.15         0.3893112    1.3986145 ]
 [ 23.          70.25         0.89267874   1.440545  ]
 [ 24.          71.375        3.0116963    1.4820551 ]
 [ 25.          71.125        1.5077925    1.5277327 ]
 [ 26.          72.075005     1.7757041    1.5748017 ]
 [ 27.          71.950005     1.3538141    1.6205746 ]
 [ 28.          71.725        0.8403867    1.6678212 ]
 [ 29.          72.575005     1.631238     1.7159369 ]
 [ 30.          72.575005     1.604681     1.7633451 ]
 [ 31.          72.450005     1.7535678    1.8167582 ]
 [ 32.          72.4          1.6041944    1.8681936 ]
 [ 33.          72.75         1.7940875    1.9187344 ]
 [ 34.          73.075005     1.3595725    1.9713038 ]
 [ 35.          73.275        0.89442813   2.0217125 ]
 [ 36.          73.700005     1.4020075    2.0752962 ]
 [ 37.          74.525        1.8820704    2.1213915 ]
 [ 38.          75.4          2.1257348    2.1659653 ]
 [ 39.          76.05         2.0626888    2.210025  ]
 [ 40.          76.25         1.6653636    2.2530549 ]
 [ 41.          76.35         1.4208263    2.2917602 ]
 [ 42.          76.625        1.4469807    2.3315876 ]
 [ 43.          77.225        1.7125466    2.3748345 ]
 [ 44.          77.65         1.9312398    2.4175847 ]
 [ 45.          78.1          1.8695755    2.4641585 ]
 [ 46.          78.55         1.2887737    2.5075376 ]
 [ 47.          78.85         0.99373037   2.5534966 ]
 [ 48.          79.1          0.97387755   2.601766  ]
 [ 49.          79.5          0.93957996   2.650164  ]
 [ 50.          79.700005     0.9039853    2.7019193 ]
 [ 51.          80.05         0.8953011    2.7507472 ]
 [ 52.          80.05         0.95443046   2.8045087 ]
 [ 53.          80.25         0.89704263   2.8553123 ]
 [ 54.          80.525        0.65192026   2.9065034 ]
 [ 55.          80.575005     0.7267212    2.955651  ]
 [ 56.          80.85         0.5108213    3.0056531 ]
 [ 57.          80.85         0.31124815   3.04972   ]
 [ 58.          81.025        0.2404423    3.093982  ]
 [ 59.          81.200005     0.4726923    3.1383872 ]
 [ 60.          81.175        0.51991546   3.181666  ]
 [ 61.          81.15         0.35794544   3.2208068 ]
 [ 62.          80.925        0.5046658    3.263661  ]
 [ 63.          81.05         0.42938858   3.3053627 ]
 [ 64.          80.975        0.6637957    3.347117  ]
 [ 65.          81.           0.70710635   3.3906066 ]
 [ 66.          81.200005     0.3259609    3.4323022 ]
 [ 67.          80.975        0.5108207    3.4812005 ]
 [ 68.          80.9          0.36869735   3.526111  ]
 [ 69.          80.725        0.79745734   3.572584  ]
 [ 70.          81.1          0.5955568    3.6207612 ]
 [ 71.          81.275        0.3112475    3.6662292 ]
 [ 72.          80.5          0.67314583   3.7131784 ]
 [ 73.          80.950005     1.2393295    3.7643716 ]
 [ 74.          81.275        0.2984341    3.8104863 ]
 [ 75.          80.475        1.1706041    3.8599644 ]
 [ 76.          80.950005     1.21063      3.9054115 ]
 [ 77.          80.15         2.5485914    3.9477143 ]
 [ 78.          80.05         2.7931285    3.9907162 ]
 [ 79.          79.275        2.8137498    4.0373363 ]
 [ 80.          79.725        3.173868     4.0771255 ]
 [ 81.          80.325005     2.1965878    4.1121683 ]
 [ 82.          79.950005     2.2493057    4.152     ]
 [ 83.          79.75         2.4526775    4.193019  ]
 [ 84.          79.025        2.2765791    4.2341647 ]
 [ 85.          80.125        2.669269     4.278531  ]
 [ 86.          79.275        2.816526     4.324255  ]
 [ 87.          79.725        3.0173974    4.3682494 ]
 [ 88.          79.85         2.753406     4.41472   ]
 [ 89.          79.85         3.053431     4.462189  ]
 [ 90.          80.3          2.998176     4.511229  ]
 [ 91.          80.175        3.1357315    4.559095  ]
 [ 92.          80.3          3.0918236    4.608808  ]
 [ 93.          80.35         3.0341802    4.6568084 ]
 [ 94.          80.625        3.134984     4.7078247 ]
 [ 95.          80.15         3.33237      4.756482  ]
 [ 96.          80.25         2.9646356    4.8035865 ]
 [ 97.          80.3          2.9336414    4.8538504 ]
 [ 98.          80.           2.7627544    4.8993645 ]
 [ 99.          80.725        3.2202966    4.9420037 ]
 [100.          80.225        3.1738684    4.9817514 ]
 [101.          80.5          3.1274996    5.02213   ]
 [102.          80.625        2.6472278    5.059362  ]
 [103.          80.275        2.2817209    5.1010947 ]
 [104.          80.525        2.162175     5.143625  ]
 [105.          81.8          0.80331343   5.1856914 ]
 [106.          82.175        0.54198706   5.228825  ]
 [107.          81.65         0.7037844    5.274482  ]
 [108.          81.9          1.0547507    5.3214364 ]
 [109.          82.3          0.48088512   5.3661685 ]
 [110.          81.425        1.0554912    5.415914  ]
 [111.          81.1          1.0694615    5.465021  ]
 [112.          80.875        2.0213711    5.5150123 ]
 [113.          81.275        1.1504089    5.5638995 ]
 [114.          81.700005     0.822534     5.6154304 ]
 [115.          81.675        0.30103987   5.6647887 ]
 [116.          82.200005     0.8687275    5.714626  ]
 [117.          82.4          0.8944272    5.765469  ]
 [118.          81.85         1.0435814    5.813727  ]
 [119.          79.225        4.748683     5.8561006 ]
 [120.          79.5          3.9161136    5.8992496 ]
 [121.          78.9          4.1752615    5.941266  ]
 [122.          80.25         1.729794     5.9836364 ]
 [123.          80.200005     2.29231      6.0261226 ]
 [124.          80.175        3.0072827    6.064354  ]
 [125.          80.925        2.354517     6.107839  ]
 [126.          81.525        1.9170293    6.152848  ]
 [127.          81.575005     1.3363901    6.20155   ]
 [128.          81.825005     0.68806803   6.2473044 ]
 [129.          82.125        0.30618623   6.292091  ]
 [130.          81.9          0.6085337    6.3417845 ]
 [131.          81.925        0.8177714    6.3902993 ]
 [132.          81.8          1.0554917    6.4389734 ]
 [133.          80.925        2.858103     6.4881363 ]
 [134.          81.825005     1.4779631    6.539422  ]
 [135.          82.           0.86150306   6.5892015 ]
 [136.          82.275        0.51841146   6.639299  ]
 [137.          82.6          0.5258925    6.691617  ]
 [138.          82.75         0.65550554   6.734675  ]
 [139.          82.65         0.67546284   6.7732825 ]
 [140.          82.3          0.3137477    6.8170466 ]
 [141.          82.175        0.5562149    6.8583603 ]
 [142.          82.275        0.72564626   6.8965883 ]
 [143.          82.5          0.73420864   6.9396157 ]
 [144.          82.35         0.8723173    6.984433  ]
 [145.          82.325005     0.28777167   7.0298433 ]
 [146.          82.225        0.93290544   7.0759597 ]
 [147.          82.15         0.9074346    7.122522  ]
 [148.          82.125        1.2247454    7.168669  ]
 [149.          82.200005     1.0368221    7.2149773 ]
 [150.          81.975        1.1435962    7.262417  ]
 [151.          82.15         0.85877824   7.309818  ]
 [152.          82.225        0.7520806    7.360162  ]
 [153.          81.9          1.544648     7.411303  ]
 [154.          82.175        1.4911195    7.464376  ]
 [155.          82.05         1.4350513    7.515401  ]
 [156.          81.925        0.9253366    7.5670724 ]
 [157.          82.175        0.9379154    7.6190057 ]
 [158.          81.55         0.6287388    7.665789  ]
 [159.          81.225        1.0170423    7.716368  ]
 [160.          82.1          1.0360678    7.759469  ]
 [161.          82.325005     0.72672206   7.7972503 ]
 [162.          82.175        0.5199158    7.836685  ]
 [163.          82.575005     0.6531176    7.8794603 ]
 [164.          82.425        0.9706627    7.9256396 ]
 [165.          82.200005     1.5041609    7.969875  ]
 [166.          81.950005     1.894895     8.016823  ]
 [167.          81.725        1.9791878    8.062888  ]
 [168.          81.825005     1.957757     8.11102   ]
 [169.          81.9          1.599317     8.157338  ]
 [170.          82.175        0.6033748    8.204791  ]
 [171.          82.4          0.41833      8.252832  ]
 [172.          82.675        0.54914796   8.301839  ]
 [173.          82.175        0.92533857   8.353131  ]
 [174.          82.925        0.5273756    8.403816  ]
 [175.          82.875        0.53764516   8.455119  ]
 [176.          82.525        0.31124738   8.508664  ]
 [177.          82.950005     0.67661846   8.559321  ]
 [178.          82.975        1.3445504    8.605111  ]
 [179.          83.05         0.8732112    8.646619  ]
 [180.          83.175        0.41079092   8.684978  ]
 [181.          83.05         1.2138528    8.726647  ]
 [182.          83.25         0.79549444   8.767784  ]
 [183.          83.05         0.6590713    8.80737   ]
 [184.          83.3          0.64710975   8.851178  ]
 [185.          83.05         0.5836298    8.894269  ]
 [186.          82.825005     0.3913119    8.937111  ]
 [187.          83.4          0.43660623   8.982587  ]
 [188.          83.375        0.81968117   9.0286    ]
 [189.          83.575005     0.96258223   9.07597   ]
 [190.          83.275        0.67546284   9.120771  ]
 [191.          83.575005     0.4726923    9.167163  ]
 [192.          83.200005     0.96258116   9.216793  ]
 [193.          82.700005     1.8213137    9.265895  ]
 [194.          82.675        1.9275956    9.315989  ]
 [195.          82.           1.2311082    9.366257  ]
 [196.          82.450005     1.2073982    9.418791  ]
 [197.          83.475        0.62749505   9.462781  ]
 [198.          83.825005     0.5347305    9.508341  ]
 [199.          84.           0.6434769    9.553695  ]
 [200.          84.3          0.8505513    9.595408  ]]
The best results: 
Epoch: 200  84.30±0.85  9.595s
--------------- Train Done! ----------------
