Using cuda:0 device
Dataset     :Photo
Epochs      :200
LR X_s      :0.01
Learn A_s   :0
LR A_s      :0.01
Conden ratio:0.25
Ridge       :0.1
Kernel      :SNTK
k           :4
L           :1
Seed        :5
The 1th Iteration:
--------------------------------------------------
The 2th Iteration:
--------------------------------------------------
The 3th Iteration:
--------------------------------------------------
The 4th Iteration:
--------------------------------------------------
The 5th Iteration:
--------------------------------------------------
[[  1.          16.550001     4.641525     0.46391392]
 [  2.          17.975        5.571552     0.5129003 ]
 [  3.          19.7          5.865418     0.55804074]
 [  4.          27.425001     3.8401659    0.60310334]
 [  5.          30.275        3.867331     0.64359194]
 [  6.          30.875        2.9672692    0.6867173 ]
 [  7.          31.825        1.2393296    0.7330889 ]
 [  8.          32.           1.5181197    0.77477175]
 [  9.          32.075        1.6550113    0.81639826]
 [ 10.          33.600002     3.086513     0.8573105 ]
 [ 11.          35.3          3.777607     0.9043749 ]
 [ 12.          37.575        5.137637     0.948816  ]
 [ 13.          38.45         5.513903     0.9911453 ]
 [ 14.          40.95         6.3692374    1.034804  ]
 [ 15.          43.975002     7.9870014    1.0814444 ]
 [ 16.          46.525        9.458544     1.1284605 ]
 [ 17.          47.95         9.711703     1.1711954 ]
 [ 18.          50.775       10.44083      1.2110932 ]
 [ 19.          53.15        10.888066     1.2522068 ]
 [ 20.          55.425       11.433435     1.2943321 ]
 [ 21.          58.05         9.925739     1.3354367 ]
 [ 22.          59.425        8.186593     1.3794283 ]
 [ 23.          60.45         7.479451     1.421769  ]
 [ 24.          62.225002     6.4149485    1.4672722 ]
 [ 25.          63.475002     6.046952     1.512116  ]
 [ 26.          64.725        6.263361     1.5529871 ]
 [ 27.          65.725        6.442292     1.5978439 ]
 [ 28.          66.35         6.8541727    1.6446882 ]
 [ 29.          66.825005     7.4186215    1.6877785 ]
 [ 30.          67.175        7.410719     1.7299389 ]
 [ 31.          68.4          6.209494     1.7751144 ]
 [ 32.          69.5          5.2268834    1.816588  ]
 [ 33.          69.85         4.821339     1.8573765 ]
 [ 34.          70.65         4.2732816    1.900739  ]
 [ 35.          70.85         3.558002     1.9463882 ]
 [ 36.          70.875        3.1709127    1.9917507 ]
 [ 37.          71.225        2.857829     2.0367799 ]
 [ 38.          71.85         2.7018504    2.0796838 ]
 [ 39.          72.425        2.5717826    2.1220841 ]
 [ 40.          72.5          2.4415035    2.1662045 ]
 [ 41.          72.825005     2.3545175    2.2068563 ]
 [ 42.          73.200005     2.3561754    2.2466066 ]
 [ 43.          73.575005     2.3462079    2.2882714 ]
 [ 44.          74.425        2.3092883    2.3313673 ]
 [ 45.          74.825005     2.2923098    2.3709238 ]
 [ 46.          75.325005     2.0702505    2.414346  ]
 [ 47.          75.700005     1.8362666    2.45752   ]
 [ 48.          76.200005     1.7997394    2.5000718 ]
 [ 49.          76.65         1.6331522    2.5412824 ]
 [ 50.          76.950005     1.4323279    2.582812  ]
 [ 51.          77.200005     1.4213772    2.6274405 ]
 [ 52.          77.75         0.9560661    2.6707168 ]
 [ 53.          78.05         0.6410441    2.7173202 ]
 [ 54.          78.275        0.5548089    2.7597377 ]
 [ 55.          78.175        0.48894018   2.8030918 ]
 [ 56.          78.4          0.49529007   2.8464744 ]
 [ 57.          78.625        0.29315072   2.8881276 ]
 [ 58.          78.775        0.47103608   2.9288206 ]
 [ 59.          78.925        0.69372123   2.971062  ]
 [ 60.          79.1          0.77257687   3.0150573 ]
 [ 61.          79.125        0.6555054    3.0550897 ]
 [ 62.          79.1          0.56180507   3.0977783 ]
 [ 63.          79.175        0.66497153   3.1411462 ]
 [ 64.          79.15         0.67546284   3.1874359 ]
 [ 65.          79.325005     0.72672206   3.234083  ]
 [ 66.          79.4          0.7037847    3.2805812 ]
 [ 67.          79.450005     0.7634216    3.3282967 ]
 [ 68.          79.4          0.69821185   3.3723335 ]
 [ 69.          79.55         0.704894     3.4165032 ]
 [ 70.          79.675        0.6993298    3.4632404 ]
 [ 71.          79.675        0.77862054   3.5071895 ]
 [ 72.          79.75         0.89267874   3.5519788 ]
 [ 73.          79.9          0.87678385   3.5969803 ]
 [ 74.          79.925        0.94207215   3.6453712 ]
 [ 75.          79.975        0.7675039    3.6905332 ]
 [ 76.          80.3          0.52737606   3.7381585 ]
 [ 77.          80.225        0.77257687   3.7841012 ]
 [ 78.          79.9          0.8071933    3.8239753 ]
 [ 79.          80.4          1.1159357    3.8668847 ]
 [ 80.          80.575005     0.69933003   3.9106064 ]
 [ 81.          80.6          0.9370827    3.9550443 ]
 [ 82.          80.15         1.1124297    3.998294  ]
 [ 83.          80.65         0.8987848    4.04277   ]
 [ 84.          80.275        0.872317     4.087194  ]
 [ 85.          80.9          0.7520803    4.1320987 ]
 [ 86.          80.375        1.6793785    4.1792054 ]
 [ 87.          80.975        1.0547507    4.222814  ]
 [ 88.          81.025        0.98979163   4.2722597 ]
 [ 89.          81.275        1.1018456    4.3214846 ]
 [ 90.          81.35         1.0547512    4.3670588 ]
 [ 91.          80.85         0.9976535    4.410501  ]
 [ 92.          80.625        1.0752908    4.458224  ]
 [ 93.          81.275        0.9976535    4.5083747 ]
 [ 94.          81.65         1.216424     4.552678  ]
 [ 95.          81.675        1.1612227    4.5979447 ]
 [ 96.          81.725        0.9738772    4.6409454 ]
 [ 97.          81.775        0.77257687   4.687551  ]
 [ 98.          81.425        0.91685605   4.731979  ]
 [ 99.          81.575005     0.3708088    4.7795067 ]
 [100.          81.8          0.721327     4.8227563 ]
 [101.          82.15         0.4952903    4.865133  ]
 [102.          81.975        0.7363334    4.9065375 ]
 [103.          81.65         0.7310096    4.9468837 ]
 [104.          81.725        0.5405441    4.986011  ]
 [105.          81.975        0.2404423    5.0243454 ]
 [106.          82.175        0.41079196   5.0644875 ]
 [107.          82.1          0.4952903    5.1068473 ]
 [108.          82.           0.5590173    5.1498337 ]
 [109.          82.275        0.5108206    5.192204  ]
 [110.          82.125        0.7126095    5.2372713 ]
 [111.          82.1          0.78262436   5.2802043 ]
 [112.          82.35         0.4626683    5.3257246 ]
 [113.          82.275        0.4088857    5.3669424 ]
 [114.          82.1          0.5618051    5.4099007 ]
 [115.          82.575005     0.570087     5.454599  ]
 [116.          82.25         0.26516476   5.4989085 ]
 [117.          82.175        0.4293897    5.541969  ]
 [118.          82.3          0.59028596   5.584575  ]
 [119.          82.275        0.3112475    5.628138  ]
 [120.          82.625        0.293151     5.6707788 ]
 [121.          82.525        0.6212387    5.7144685 ]
 [122.          82.325005     0.6993298    5.7549295 ]
 [123.          82.225        0.7725767    5.792296  ]
 [124.          82.4          0.5755439    5.832153  ]
 [125.          82.575005     0.55621487   5.873577  ]
 [126.          82.75         0.48412177   5.913778  ]
 [127.          82.625        0.30618674   5.9518385 ]
 [128.          82.75         0.60596067   5.995344  ]
 [129.          82.825005     0.36012235   6.0395923 ]
 [130.          83.025        0.3579445    6.0841813 ]
 [131.          83.1          0.35794553   6.130169  ]
 [132.          83.1          0.50311553   6.1718626 ]
 [133.          82.9          0.22360666   6.2159753 ]
 [134.          83.           0.35355338   6.258743  ]
 [135.          82.9          0.27099484   6.302475  ]
 [136.          83.225        0.2709943    6.346578  ]
 [137.          83.200005     0.51234764   6.3863654 ]
 [138.          82.925        0.6287388    6.4268265 ]
 [139.          82.85         0.38931143   6.4674926 ]
 [140.          82.85         0.2404423    6.5100646 ]
 [141.          83.3          0.57008773   6.553407  ]
 [142.          83.3          0.48088512   6.595855  ]
 [143.          83.1          0.3235541    6.640901  ]
 [144.          83.275        0.49528977   6.6804004 ]
 [145.          83.275        0.34686092   6.722956  ]
 [146.          83.3          0.7885903    6.7614565 ]
 [147.          82.950005     0.4808846    6.802456  ]
 [148.          83.025        0.18540479   6.846528  ]
 [149.          83.75         0.17677669   6.8884654 ]
 [150.          83.325005     0.33773157   6.929303  ]
 [151.          83.05         0.5968669    6.9694595 ]
 [152.          82.625        0.3852763    7.013756  ]
 [153.          83.200005     1.084695     7.058716  ]
 [154.          83.3          0.8225342    7.102121  ]
 [155.          83.125        0.53033006   7.144995  ]
 [156.          83.4          0.36869696   7.187755  ]
 [157.          83.475        0.4088857    7.232689  ]
 [158.          83.525        0.66965497   7.2774887 ]
 [159.          83.375        0.6614378    7.3216476 ]
 [160.          83.35         0.34686092   7.3684783 ]
 [161.          83.675        0.64710796   7.4126067 ]
 [162.          83.525        0.6459011    7.4585037 ]
 [163.          83.475        0.54054374   7.505254  ]
 [164.          83.475        0.62749493   7.549834  ]
 [165.          83.6          0.28504425   7.5939317 ]
 [166.          83.625        0.50775224   7.6421294 ]
 [167.          83.525        0.55480856   7.6889224 ]
 [168.          83.75         0.78561276   7.727826  ]
 [169.          84.4          0.51082045   7.7676196 ]
 [170.          84.3          0.8129801    7.8066177 ]
 [171.          83.775        0.55480874   7.846798  ]
 [172.          84.35         0.67546284   7.8912234 ]
 [173.          84.6          0.6812204    7.933474  ]
 [174.          84.225        0.54772186   7.977979  ]
 [175.          84.025        0.79745567   8.018405  ]
 [176.          84.3          0.54914707   8.059085  ]
 [177.          84.375        0.45927814   8.102724  ]
 [178.          84.1          0.55480975   8.146145  ]
 [179.          83.8          0.48088413   8.188412  ]
 [180.          84.275        0.7468686    8.230407  ]
 [181.          84.450005     0.54198766   8.271644  ]
 [182.          84.5          0.3644343    8.31456   ]
 [183.          84.575005     0.4293887    8.362103  ]
 [184.          84.1          0.8450222    8.407257  ]
 [185.          84.200005     0.75828755   8.452639  ]
 [186.          84.625        0.74477345   8.499152  ]
 [187.          84.65         0.67546284   8.544879  ]
 [188.          84.775        0.55480915   8.589953  ]
 [189.          84.700005     0.65311724   8.630279  ]
 [190.          84.925        0.48893923   8.673564  ]
 [191.          84.700005     0.61618835   8.711423  ]
 [192.          84.375        0.6789238    8.749559  ]
 [193.          84.325005     0.67661774   8.793342  ]
 [194.          84.55         0.79352796   8.836661  ]
 [195.          84.55         0.69372195   8.877373  ]
 [196.          84.775        0.72024304   8.919798  ]
 [197.          84.875        0.8705243    8.964368  ]
 [198.          85.275        1.2292026    9.011148  ]
 [199.          85.35         1.4932145    9.055769  ]
 [200.          85.5          1.0420836    9.102172  ]]
The best results: 
Epoch: 200  85.50±1.04  9.102s
--------------- Train Done! ----------------
