Using cuda:0 device
Dataset     :Photo
Epochs      :200
LR X_s      :0.01
Learn A_s   :0
LR A_s      :0.01
Conden ratio:0.25
Ridge       :5.0
Kernel      :SGNK
k           :3
L           :1
Seed        :5
The 1th Iteration:
--------------------------------------------------
The 2th Iteration:
--------------------------------------------------
The 3th Iteration:
--------------------------------------------------
The 4th Iteration:
--------------------------------------------------
The 5th Iteration:
--------------------------------------------------
[[  1.          12.475        0.05590177   0.6208193 ]
 [  2.          15.7          7.155418     0.63076586]
 [  3.          14.400001     4.3896184    0.6405888 ]
 [  4.          17.025        5.23465      0.6463188 ]
 [  5.          22.7          6.2303443    0.65677756]
 [  6.          17.550001     5.430383     0.6629868 ]
 [  7.          16.75         5.7056713    0.6698974 ]
 [  8.          16.925001     5.946769     0.67722934]
 [  9.          16.9          5.857287     0.68646264]
 [ 10.          16.625        5.4126587    0.6986191 ]
 [ 11.          16.35         4.7724795    0.70803916]
 [ 12.          16.075        4.658326     0.7146592 ]
 [ 13.          16.525        4.9595237    0.71957207]
 [ 14.          17.6          5.458222     0.7266116 ]
 [ 15.          19.300001     7.2238755    0.7349295 ]
 [ 16.          20.275        7.66353      0.74389416]
 [ 17.          21.125        7.6403537    0.7543471 ]
 [ 18.          21.7          7.427567     0.7629671 ]
 [ 19.          21.2          6.2403674    0.7708406 ]
 [ 20.          20.825        4.8287873    0.7790818 ]
 [ 21.          20.9          4.1546288    0.7882378 ]
 [ 22.          21.300001     3.5006695    0.795037  ]
 [ 23.          21.575        2.9851193    0.8012932 ]
 [ 24.          21.800001     2.48998      0.8064298 ]
 [ 25.          22.1          2.1349034    0.81781006]
 [ 26.          22.45         1.5875492    0.8242162 ]
 [ 27.          22.75         1.3020416    0.8291299 ]
 [ 28.          22.95         0.96258116   0.8335059 ]
 [ 29.          23.075        0.7735874    0.83807707]
 [ 30.          23.300001     0.57008773   0.84490454]
 [ 31.          23.45         0.6098155    0.8533859 ]
 [ 32.          23.550001     0.5562148    0.8621731 ]
 [ 33.          23.575        0.5347314    0.8689521 ]
 [ 34.          23.7          0.50466573   0.8837784 ]
 [ 35.          23.775        0.39921784   0.89283305]
 [ 36.          23.800001     0.36012137   0.906218  ]
 [ 37.          24.025        0.6020798    0.9175812 ]
 [ 38.          24.300001     0.7426725    0.9307907 ]
 [ 39.          24.575        1.0292593    0.9410378 ]
 [ 40.          24.925001     1.5900078    0.9528287 ]
 [ 41.          25.325        1.9336655    0.96282333]
 [ 42.          25.525        2.1054246    0.9707775 ]
 [ 43.          26.45         3.108205     0.98115057]
 [ 44.          27.625        4.2966194    0.9888782 ]
 [ 45.          28.9          4.950852     0.99720174]
 [ 46.          30.1          5.6398416    1.0040572 ]
 [ 47.          31.5          5.669959     1.0127057 ]
 [ 48.          33.           5.7111454    1.0222353 ]
 [ 49.          35.           5.5403347    1.0303869 ]
 [ 50.          37.2          5.5089417    1.0446867 ]
 [ 51.          38.725002     5.3219767    1.0566189 ]
 [ 52.          40.375        4.7573957    1.0666525 ]
 [ 53.          42.025        4.627026     1.0767941 ]
 [ 54.          43.25         4.2093644    1.084656  ]
 [ 55.          44.55         3.8816478    1.0962881 ]
 [ 56.          45.9          3.5853438    1.1063054 ]
 [ 57.          47.175        3.0150664    1.1173502 ]
 [ 58.          48.675        2.6963513    1.1248925 ]
 [ 59.          49.9          2.6844459    1.1385853 ]
 [ 60.          50.9          2.8068       1.1518666 ]
 [ 61.          52.100002     2.7205808    1.1640682 ]
 [ 62.          52.975002     2.8537257    1.1765078 ]
 [ 63.          53.625        3.202782     1.1905522 ]
 [ 64.          54.65         3.3347132    1.203282  ]
 [ 65.          55.25         3.4460127    1.2139779 ]
 [ 66.          56.100002     3.645845     1.2220029 ]
 [ 67.          56.825        3.8967137    1.2307004 ]
 [ 68.          57.7          3.8136268    1.238328  ]
 [ 69.          59.025        3.7116797    1.2496961 ]
 [ 70.          60.850002     3.302934     1.2605506 ]
 [ 71.          62.75         3.2331302    1.2658783 ]
 [ 72.          65.25         2.5784564    1.2715724 ]
 [ 73.          67.675        1.6830972    1.2785774 ]
 [ 74.          70.25         1.360722     1.2869372 ]
 [ 75.          72.575005     1.116635     1.2924165 ]
 [ 76.          74.175        1.1746002    1.3023655 ]
 [ 77.          75.775        1.4290516    1.3112315 ]
 [ 78.          76.575005     0.68806803   1.3215278 ]
 [ 79.          75.950005     1.7243661    1.3314126 ]
 [ 80.          77.325005     0.41079092   1.3445164 ]
 [ 81.          78.05         0.45586577   1.3587831 ]
 [ 82.          76.925        1.6022445    1.3661661 ]
 [ 83.          78.05         0.8272696    1.3740286 ]
 [ 84.          78.325005     0.66497177   1.3849485 ]
 [ 85.          77.625        0.57960117   1.3934888 ]
 [ 86.          78.325005     1.393624     1.4000112 ]
 [ 87.          78.425        0.72672206   1.4067616 ]
 [ 88.          78.25         0.7551904    1.4111832 ]
 [ 89.          77.625        2.4638014    1.4178612 ]
 [ 90.          77.950005     1.174601     1.4253647 ]
 [ 91.          76.55         3.5866506    1.4356571 ]
 [ 92.          74.975        4.7749352    1.4456745 ]
 [ 93.          72.875        3.9310462    1.4544382 ]
 [ 94.          73.625        4.023369     1.4634799 ]
 [ 95.          76.200005     5.6944323    1.4713936 ]
 [ 96.          76.3          1.7038558    1.4792974 ]
 [ 97.          77.025        2.5439878    1.4861052 ]
 [ 98.          74.875        4.532866     1.4950687 ]
 [ 99.          79.775        3.022571     1.5059687 ]
 [100.          74.1          4.347592     1.5125396 ]
 [101.          77.05         4.82069      1.5236379 ]
 [102.          75.3          3.352472     1.534252  ]
 [103.          78.5          2.9006999    1.5441284 ]
 [104.          78.5          8.975661     1.5527533 ]
 [105.          76.125        5.7601814    1.559363  ]
 [106.          76.9          8.429579     1.5645716 ]
 [107.          73.55        11.978367     1.5754391 ]
 [108.          78.325005     7.9084606    1.5890003 ]
 [109.          79.4          7.720407     1.6040732 ]
 [110.          82.275        3.8521516    1.6131295 ]
 [111.          78.75         7.0892735    1.62401   ]
 [112.          81.075005     5.7653317    1.6360893 ]
 [113.          81.375        6.2574944    1.6471379 ]
 [114.          79.375        7.493747     1.6575451 ]
 [115.          80.1          8.2856245    1.676163  ]
 [116.          76.3          6.6483083    1.6832036 ]
 [117.          76.525        6.127805     1.6889986 ]
 [118.          76.65         8.530002     1.6930954 ]
 [119.          78.9          6.746759     1.6997111 ]
 [120.          78.6          7.353464     1.7077414 ]
 [121.          78.05         7.239001     1.7131243 ]
 [122.          78.450005     6.763066     1.7206001 ]
 [123.          76.925        4.387127     1.7256869 ]
 [124.          76.175        3.891697     1.7341763 ]
 [125.          73.275        6.5903587    1.7434    ]
 [126.          71.3          9.989292     1.7520154 ]
 [127.          75.975        4.090195     1.7617329 ]
 [128.          76.125        5.6699605    1.7728516 ]
 [129.          78.4          7.3979516    1.7797651 ]
 [130.          79.3          7.8010416    1.7873402 ]
 [131.          79.075005     7.885706     1.7956375 ]
 [132.          79.675        8.159828     1.805127  ]
 [133.          81.450005     7.5842156    1.8135022 ]
 [134.          81.775        7.2910466    1.8218476 ]
 [135.          80.025        7.119736     1.8306979 ]
 [136.          79.85         6.91658      1.8378195 ]
 [137.          80.950005     6.9448733    1.8474131 ]
 [138.          82.275        7.1988497    1.8554184 ]
 [139.          83.175        7.154871     1.8623638 ]
 [140.          83.325005     5.038601     1.8687611 ]
 [141.          81.925        5.418141     1.8780953 ]
 [142.          82.375        6.2105007    1.8831981 ]
 [143.          82.175        7.6406603    1.8910326 ]
 [144.          80.125       11.738692     1.8983291 ]
 [145.          78.525       14.068305     1.9051789 ]
 [146.          77.15        15.31783      1.9144821 ]
 [147.          78.          13.424558     1.9212121 ]
 [148.          79.725       10.4841385    1.928677  ]
 [149.          82.85         5.9057703    1.9336758 ]
 [150.          79.4          9.806886     1.9383271 ]
 [151.          81.3          7.2330637    1.9447674 ]
 [152.          78.275       13.403999     1.9541796 ]
 [153.          79.200005    11.25507      1.9615921 ]
 [154.          79.525       13.501561     1.9678591 ]
 [155.          81.625       12.754594     1.9728984 ]
 [156.          82.475       10.065566     1.9789313 ]
 [157.          83.450005     8.522306     1.9880856 ]
 [158.          85.           5.853685     1.994695  ]
 [159.          82.9          8.125673     2.00264   ]
 [160.          82.8          8.479111     2.011315  ]
 [161.          83.25         9.199186     2.0214372 ]
 [162.          82.575005     9.267973     2.0318608 ]
 [163.          83.           9.686895     2.0374436 ]
 [164.          80.625        8.279775     2.0415688 ]
 [165.          79.75         8.897419     2.046166  ]
 [166.          79.675        6.919516     2.0504823 ]
 [167.          76.75         7.397213     2.0546048 ]
 [168.          76.75         8.844136     2.0601776 ]
 [169.          77.125       10.322533     2.0671937 ]
 [170.          74.950005    14.796696     2.0713096 ]
 [171.          76.925       13.461345     2.0768287 ]
 [172.          79.925        8.852348     2.0817802 ]
 [173.          80.475        8.067295     2.0882592 ]
 [174.          81.65         5.7679067    2.0962636 ]
 [175.          82.375        5.49147      2.1013863 ]
 [176.          81.05         8.797461     2.1105611 ]
 [177.          83.125        5.6492534    2.116816  ]
 [178.          83.725        5.6743665    2.1230886 ]
 [179.          83.875        5.497869     2.1296263 ]
 [180.          84.525        4.5922837    2.1368465 ]
 [181.          82.65         4.532349     2.1437507 ]
 [182.          83.200005     4.5178466    2.150907  ]
 [183.          81.175        8.091566     2.1590059 ]
 [184.          80.1         10.212738     2.1678436 ]
 [185.          79.55        11.512425     2.1742008 ]
 [186.          82.           6.877272     2.1803653 ]
 [187.          78.200005    14.153898     2.1907213 ]
 [188.          81.375        7.8506565    2.202175  ]
 [189.          81.675        7.00647      2.2120678 ]
 [190.          81.175        8.160787     2.2186296 ]
 [191.          80.450005     9.066853     2.2266665 ]
 [192.          79.75         9.171968     2.2365685 ]
 [193.          80.375        8.668819     2.2472258 ]
 [194.          81.           8.357725     2.2542865 ]
 [195.          81.35         7.7047067    2.2601106 ]
 [196.          81.375        7.26292      2.2657087 ]
 [197.          81.825005     7.013715     2.271421  ]
 [198.          82.225        6.447747     2.2763956 ]
 [199.          81.875        4.3508253    2.2816072 ]
 [200.          81.9          3.989636     2.2883718 ]]
The best results: 
Epoch: 158  85.00±5.85  1.995s
--------------- Train Done! ----------------
--------------- Save Done! ----------------
