Using cuda:0 device
Dataset     :Physics
Epochs      :200
LR X_s      :0.01
Learn A_s   :0
LR A_s      :0.01
Conden ratio:0.5
Ridge       :0.5
Kernel      :SGNK
k           :1
L           :1
Seed        :5
The 1th Iteration:
--------------------------------------------------
The 2th Iteration:
--------------------------------------------------
The 3th Iteration:
--------------------------------------------------
The 4th Iteration:
--------------------------------------------------
The 5th Iteration:
--------------------------------------------------
[[  1.          48.079998    11.981318     0.2758119 ]
 [  2.          68.44        12.120562     0.28203937]
 [  3.          79.12         6.750701     0.28676572]
 [  4.          84.200005     3.023243     0.29221758]
 [  5.          86.64         1.9768656    0.29714018]
 [  6.          87.72         1.6407309    0.30140686]
 [  7.          88.240005     1.3520372    0.30623722]
 [  8.          88.56         1.1081483    0.31070253]
 [  9.          88.920006     1.0825905    0.31533667]
 [ 10.          89.12         1.1966627    0.32047567]
 [ 11.          89.16         1.1436807    0.3264772 ]
 [ 12.          89.04         0.9633283    0.33130383]
 [ 13.          89.04         0.7266353    0.3376402 ]
 [ 14.          89.08         0.6418728    0.3454115 ]
 [ 15.          89.12         0.46043262   0.35042086]
 [ 16.          89.159996     0.38470683   0.35537004]
 [ 17.          89.24         0.47749105   0.35998818]
 [ 18.          89.36         0.35777062   0.36491606]
 [ 19.          89.36001      0.43358627   0.3715635 ]
 [ 20.          89.36         0.43358824   0.37678346]
 [ 21.          89.44         0.49799573   0.3832276 ]
 [ 22.          89.52         0.5019953    0.38883334]
 [ 23.          89.52         0.3898749    0.3965188 ]
 [ 24.          89.6          0.42426252   0.40258217]
 [ 25.          89.68         0.46043435   0.40913448]
 [ 26.          89.76         0.45606938   0.416327  ]
 [ 27.          89.8          0.6000039    0.42357412]
 [ 28.          89.76         0.5549793    0.42972955]
 [ 29.          89.76         0.5549793    0.43560526]
 [ 30.          89.68001      0.57619655   0.44154668]
 [ 31.          89.64001      0.40987918   0.44583216]
 [ 32.          89.64001      0.40987918   0.4500257 ]
 [ 33.          89.56         0.43359014   0.4543004 ]
 [ 34.          89.48         0.481664     0.45892715]
 [ 35.          89.439995     0.4335882    0.4641439 ]
 [ 36.          89.56         0.43359014   0.46890098]
 [ 37.          89.64001      0.43358973   0.47594294]
 [ 38.          89.64001      0.43358973   0.4802927 ]
 [ 39.          89.6          0.46904147   0.48518872]
 [ 40.          89.52         0.36331737   0.48948035]
 [ 41.          89.439995     0.35777417   0.49847516]
 [ 42.          89.4          0.3741682    0.5050189 ]
 [ 43.          89.48         0.41473114   0.50959265]
 [ 44.          89.48         0.36332202   0.5155879 ]
 [ 45.          89.52         0.50199443   0.5226595 ]
 [ 46.          89.56         0.4979947    0.5279632 ]
 [ 47.          89.64001      0.58991563   0.5343453 ]
 [ 48.          89.72         0.54036963   0.5401928 ]
 [ 49.          89.8          0.48989618   0.545745  ]
 [ 50.          89.8          0.48989618   0.55046743]
 [ 51.          89.880005     0.43817878   0.5580285 ]
 [ 52.          89.71999      0.41472968   0.56416565]
 [ 53.          89.64001      0.47749397   0.5683841 ]
 [ 54.          89.72         0.52153563   0.5737552 ]
 [ 55.          89.76         0.60663253   0.57968706]
 [ 56.          89.88         0.57619584   0.5847179 ]
 [ 57.          89.920006     0.5019984    0.5897007 ]
 [ 58.          89.880005     0.41472986   0.5947449 ]
 [ 59.          89.880005     0.41472986   0.59911466]
 [ 60.          89.99999      0.509904     0.6037683 ]
 [ 61.          90.119995     0.5403689    0.6083531 ]
 [ 62.          90.240005     0.55497557   0.6123833 ]
 [ 63.          90.399994     0.5291494    0.61642015]
 [ 64.          90.32         0.5932938    0.6204086 ]
 [ 65.          90.44         0.6228962    0.6243846 ]
 [ 66.          90.520004     0.5761941    0.6296889 ]
 [ 67.          90.6          0.509902     0.63372916]
 [ 68.          90.56         0.517687     0.63802123]
 [ 69.          90.52         0.5403714    0.643046  ]
 [ 70.          90.520004     0.5761936    0.6480031 ]
 [ 71.          90.520004     0.5761936    0.6523142 ]
 [ 72.          90.64001      0.57271373   0.6565595 ]
 [ 73.          90.76         0.43359044   0.6607231 ]
 [ 74.          90.840004     0.45607105   0.666029  ]
 [ 75.          90.72         0.33466363   0.67105025]
 [ 76.          90.76         0.2966478    0.6756549 ]
 [ 77.          90.71999      0.22803628   0.68094045]
 [ 78.          90.8          0.31622735   0.6872756 ]
 [ 79.          90.840004     0.3847101    0.6935719 ]
 [ 80.          90.92         0.26832828   0.69793236]
 [ 81.          91.           0.2449468    0.70302784]
 [ 82.          91.240005     0.26076752   0.70759314]
 [ 83.          91.200005     0.20000012   0.7128498 ]
 [ 84.          91.24         0.21909033   0.71735454]
 [ 85.          91.399994     0.20000076   0.721626  ]
 [ 86.          91.399994     0.20000076   0.72612405]
 [ 87.          91.479996     0.1788874    0.7315424 ]
 [ 88.          91.64         0.35777158   0.7363644 ]
 [ 89.          91.76         0.43359357   0.74161416]
 [ 90.          91.8          0.50990427   0.74654263]
 [ 91.          91.8          0.50990427   0.75151175]
 [ 92.          91.92         0.5932944    0.75750685]
 [ 93.          91.88         0.46043825   0.76389784]
 [ 94.          92.04         0.47749063   0.7708248 ]
 [ 95.          92.12         0.41472787   0.77686584]
 [ 96.          92.32         0.67230886   0.7818562 ]
 [ 97.          91.840004     0.7536574    0.7859439 ]
 [ 98.          92.36001      0.7924658    0.78985626]
 [ 99.          92.36         0.2607691    0.79383487]
 [100.          92.08001      0.41472802   0.7979287 ]
 [101.          92.200005     0.46904066   0.803955  ]
 [102.          92.4          0.1414219    0.81037253]
 [103.          92.4          0.19999917   0.8166997 ]
 [104.          92.28         0.30331692   0.8208092 ]
 [105.          92.159996     0.29664597   0.82492983]
 [106.          92.28001      0.701429     0.829397  ]
 [107.          92.           0.37416515   0.834187  ]
 [108.          92.28001      0.33466628   0.8393969 ]
 [109.          91.72         0.540371     0.84518594]
 [110.          92.28001      0.414728     0.8509456 ]
 [111.          92.           0.4242627    0.85674715]
 [112.          92.32         0.17888655   0.8618979 ]
 [113.          92.32         0.3033177    0.86667854]
 [114.          91.840004     0.32863247   0.87114966]
 [115.          92.           0.3162326    0.8754657 ]
 [116.          92.159996     0.16733424   0.87988186]
 [117.          91.920006     0.17888483   0.88569087]
 [118.          91.88         0.10954284   0.8909463 ]
 [119.          91.88         0.3033158    0.8962129 ]
 [120.          92.27999      0.17888483   0.903233  ]
 [121.          92.08         0.22803329   0.9085684 ]
 [122.          91.840004     0.35777223   0.91380185]
 [123.          91.96         0.35776648   0.9192665 ]
 [124.          92.159996     0.21908724   0.92521095]
 [125.          92.08001      0.22803445   0.9302269 ]
 [126.          92.04         0.16732946   0.937431  ]
 [127.          91.96         0.16732946   0.9441069 ]
 [128.          92.04         0.16732946   0.9483124 ]
 [129.          92.12001      0.22803557   0.9524134 ]
 [130.          92.           0.1414192    0.95809937]
 [131.          92.08         0.17888272   0.96311396]
 [132.          92.04         0.16732946   0.96836966]
 [133.          92.           0.1414192    0.9728652 ]
 [134.          92.04         0.16732946   0.9769846 ]
 [135.          92.08         0.17888272   0.98151   ]
 [136.          92.08         0.17888272   0.98584634]
 [137.          92.08         0.22803384   0.98994046]
 [138.          92.04         0.219088     0.9942382 ]
 [139.          92.04         0.08944136   0.9999706 ]
 [140.          92.08001      0.10954284   1.0043652 ]
 [141.          92.119995     0.10954284   1.0103105 ]
 [142.          92.159996     0.16733174   1.0160774 ]
 [143.          92.08         0.17888272   1.0205635 ]
 [144.          91.96001      0.16732945   1.0261139 ]
 [145.          91.88         0.10954284   1.0303633 ]
 [146.          91.96         0.21908934   1.0344938 ]
 [147.          91.96         0.08944136   1.0385834 ]
 [148.          92.           0.1414192    1.0430902 ]
 [149.          92.04         0.08944136   1.0507566 ]
 [150.          92.04         0.08944136   1.0576693 ]
 [151.          92.           0.1414192    1.0637355 ]
 [152.          91.96001      0.16732945   1.0700313 ]
 [153.          92.04         0.08944136   1.0752363 ]
 [154.          92.           0.           1.0802386 ]
 [155.          92.           0.1414192    1.0851871 ]
 [156.          92.04         0.16732946   1.0905255 ]
 [157.          92.04         0.16732946   1.0947983 ]
 [158.          92.           0.1414192    1.0989965 ]
 [159.          92.           0.1414192    1.1045474 ]
 [160.          92.           0.1414192    1.1115426 ]
 [161.          92.           0.1414192    1.1176323 ]
 [162.          92.           0.1414192    1.123408  ]
 [163.          92.04         0.16732946   1.1286955 ]
 [164.          91.96         0.08944136   1.1330699 ]
 [165.          91.96         0.08944136   1.1383388 ]
 [166.          91.96         0.08944136   1.1453203 ]
 [167.          91.96         0.08944136   1.1537914 ]
 [168.          91.920006     0.10954284   1.1619495 ]
 [169.          91.96001      0.16732945   1.1704987 ]
 [170.          92.           0.1414192    1.1781917 ]
 [171.          92.04         0.16732946   1.1829327 ]
 [172.          92.           0.1414192    1.1870896 ]
 [173.          92.           0.1414192    1.1911404 ]
 [174.          92.           0.1414192    1.1952575 ]
 [175.          91.96         0.08944136   1.1996022 ]
 [176.          91.96         0.08944136   1.2045449 ]
 [177.          91.96         0.08944136   1.2088615 ]
 [178.          91.96         0.08944136   1.2140473 ]
 [179.          91.96         0.08944136   1.2186227 ]
 [180.          92.           0.1414192    1.2236582 ]
 [181.          92.           0.1414192    1.2279114 ]
 [182.          92.           0.1414192    1.2340478 ]
 [183.          92.           0.1414192    1.2410885 ]
 [184.          92.           0.1414192    1.2473834 ]
 [185.          91.96         0.08944136   1.2529942 ]
 [186.          91.92         0.10954284   1.2571032 ]
 [187.          91.92         0.10954284   1.2612432 ]
 [188.          91.96         0.08944136   1.2660547 ]
 [189.          91.96         0.08944136   1.2715657 ]
 [190.          91.96         0.08944136   1.2772292 ]
 [191.          92.           0.1414192    1.2823247 ]
 [192.          92.           0.1414192    1.2871403 ]
 [193.          92.           0.1414192    1.2914524 ]
 [194.          92.           0.1414192    1.2971551 ]
 [195.          92.           0.1414192    1.301467  ]
 [196.          91.96         0.08944136   1.306432  ]
 [197.          92.           0.           1.3123353 ]
 [198.          92.           0.           1.3165034 ]
 [199.          92.04         0.08944136   1.3206959 ]
 [200.          92.04         0.08944136   1.3254551 ]]
The best results: 
Epoch: 102  92.40±0.14  0.810s
--------------- Train Done! ----------------
--------------- Save Done! ----------------
