Using cuda:0 device
Dataset     :Physics
Epochs      :200
LR X_s      :0.01
Learn A_s   :0
LR A_s      :0.01
Conden ratio:1.0
Ridge       :0.01
Kernel      :SGNK
k           :3
L           :1
Seed        :5
The 1th Iteration:
--------------------------------------------------
The 2th Iteration:
--------------------------------------------------
The 3th Iteration:
--------------------------------------------------
The 4th Iteration:
--------------------------------------------------
The 5th Iteration:
--------------------------------------------------
[[  1.          71.28001      7.8595176    0.27256513]
 [  2.          83.240005     4.2175803    0.27879116]
 [  3.          86.119995     1.4872811    0.28363618]
 [  4.          87.08         1.2696453    0.2890868 ]
 [  5.          87.119995     1.3386577    0.29457164]
 [  6.          87.48         1.3755008    0.30157238]
 [  7.          87.52         1.1882758    0.30639765]
 [  8.          87.56         1.0526179    0.31176162]
 [  9.          87.64         0.81731594   0.31761366]
 [ 10.          87.68         0.6723096    0.32374302]
 [ 11.          87.76         0.71274275   0.32951686]
 [ 12.          87.68         0.6261002    0.335098  ]
 [ 13.          87.8          0.5830928    0.34236214]
 [ 14.          87.92         0.5019965    0.34880868]
 [ 15.          87.96         0.51768744   0.35432371]
 [ 16.          88.04         0.51768804   0.35921142]
 [ 17.          88.24         0.43359205   0.364004  ]
 [ 18.          88.32         0.3898715    0.36875865]
 [ 19.          88.40001      0.42426538   0.37369838]
 [ 20.          88.56         0.43359068   0.38048625]
 [ 21.          88.56         0.35777396   0.3893888 ]
 [ 22.          88.6          0.50990075   0.3941082 ]
 [ 23.          88.68001      0.4604353    0.3988048 ]
 [ 24.          88.72         0.5019962    0.4045469 ]
 [ 25.          88.76         0.57271373   0.4132453 ]
 [ 26.          88.880005     0.6572665    0.4207084 ]
 [ 27.          88.840004     0.6228943    0.42675057]
 [ 28.          89.04         0.43358892   0.43147802]
 [ 29.          89.04         0.43358892   0.43644118]
 [ 30.          88.96         0.4335906    0.44228688]
 [ 31.          89.04         0.32863453   0.44669157]
 [ 32.          89.04         0.26076704   0.4512417 ]
 [ 33.          89.12001      0.22803557   0.45719084]
 [ 34.          89.159996     0.16733424   0.46439835]
 [ 35.          89.200005     0.2000014    0.47060224]
 [ 36.          89.24         0.21909045   0.47591725]
 [ 37.          89.28         0.268329     0.48141143]
 [ 38.          89.32         0.22803524   0.4864926 ]
 [ 39.          89.32         0.22803524   0.49118167]
 [ 40.          89.36001      0.16733287   0.4957331 ]
 [ 41.          89.4          0.20000076   0.50021297]
 [ 42.          89.36         0.16733234   0.5049537 ]
 [ 43.          89.44         0.26076996   0.50963265]
 [ 44.          89.44         0.26076996   0.5145332 ]
 [ 45.          89.44         0.26076996   0.5209796 ]
 [ 46.          89.44         0.26076996   0.5268721 ]
 [ 47.          89.439995     0.21909045   0.5333955 ]
 [ 48.          89.56         0.26076934   0.53862923]
 [ 49.          89.52001      0.26833186   0.54419535]
 [ 50.          89.6          0.31622735   0.54946566]
 [ 51.          89.68         0.22803602   0.5542781 ]
 [ 52.          89.76         0.26076752   0.55934834]
 [ 53.          89.76         0.26076752   0.56413865]
 [ 54.          89.8          0.24494784   0.5704984 ]
 [ 55.          89.8          0.24494784   0.5755897 ]
 [ 56.          89.840004     0.26076704   0.5812611 ]
 [ 57.          89.880005     0.30331331   0.58751583]
 [ 58.          89.880005     0.30331331   0.59229946]
 [ 59.          89.880005     0.30331331   0.59735155]
 [ 60.          89.920006     0.30331331   0.60420555]
 [ 61.          90.           0.1414192    0.6128029 ]
 [ 62.          90.04         0.16732946   0.6195445 ]
 [ 63.          90.08001      0.22803329   0.62500155]
 [ 64.          90.08001      0.22803329   0.6301582 ]
 [ 65.          90.12001      0.30331463   0.6352404 ]
 [ 66.          90.159996     0.2966447    0.6400341 ]
 [ 67.          90.2          0.28283975   0.6445496 ]
 [ 68.          90.24         0.29664612   0.6492657 ]
 [ 69.          90.24         0.29664612   0.6540013 ]
 [ 70.          90.36         0.29664943   0.6587699 ]
 [ 71.          90.44         0.21909207   0.66381615]
 [ 72.          90.44         0.21909207   0.6703245 ]
 [ 73.          90.44         0.21909207   0.67860544]
 [ 74.          90.520004     0.1788867    0.68580127]
 [ 75.          90.520004     0.22803411   0.69067305]
 [ 76.          90.56         0.26076922   0.695749  ]
 [ 77.          90.36         0.32863304   0.70058066]
 [ 78.          90.68         0.10954633   0.70715237]
 [ 79.          90.36         0.32863027   0.7129571 ]
 [ 80.          90.6          0.24495068   0.7177632 ]
 [ 81.          90.6          0.14142056   0.72421384]
 [ 82.          90.520004     0.22803329   0.7292646 ]
 [ 83.          90.52001      0.4381763    0.734425  ]
 [ 84.          90.71999      0.22803545   0.73972595]
 [ 85.          90.72         0.26832804   0.74616945]
 [ 86.          90.72         0.26832908   0.7533426 ]
 [ 87.          90.76         0.26076728   0.7588267 ]
 [ 88.          90.840004     0.3847038    0.76797485]
 [ 89.          90.72         0.54037076   0.773687  ]
 [ 90.          90.76         0.43359357   0.77874655]
 [ 91.          90.88         0.26832783   0.7840503 ]
 [ 92.          90.96         0.29664868   0.78982514]
 [ 93.          90.76         0.4979933    0.79627424]
 [ 94.          90.96001      0.45607075   0.8028046 ]
 [ 95.          91.04         0.3847092    0.8084925 ]
 [ 96.          90.920006     0.26832876   0.81333697]
 [ 97.          91.159996     0.43359017   0.8186783 ]
 [ 98.          91.           0.46904242   0.8237797 ]
 [ 99.          91.12         0.4147294    0.8288107 ]
 [100.          91.04         0.43358883   0.83630925]
 [101.          91.16         0.4335906    0.84375584]
 [102.          91.079994     0.67231      0.8494037 ]
 [103.          91.08         0.5932978    0.85925657]
 [104.          91.52         0.1788874    0.86573476]
 [105.          91.159996     0.26076752   0.87075704]
 [106.          91.119995     0.46043253   0.87598056]
 [107.          91.64         0.16733287   0.88118047]
 [108.          91.12         0.46043223   0.88870543]
 [109.          91.12001      0.46043447   0.89602417]
 [110.          91.32         0.5215354    0.9016922 ]
 [111.          91.36         0.43358907   0.9072256 ]
 [112.          91.32         0.6418768    0.91248554]
 [113.          91.200005     0.42426407   0.91911167]
 [114.          91.48         0.17888483   0.9261865 ]
 [115.          91.200005     0.67823255   0.93189853]
 [116.          91.28001      0.5403724    0.93777627]
 [117.          91.04         0.6387517    0.944347  ]
 [118.          91.44         0.75365794   0.95076925]
 [119.          91.04         0.9736529    0.9574663 ]
 [120.          91.200005     0.56568825   0.96582377]
 [121.          91.32         0.5019973    0.97273886]
 [122.          90.96         1.0526156    0.9787575 ]
 [123.          91.04         0.9939812    0.9862625 ]
 [124.          91.64001      0.49799666   0.9913004 ]
 [125.          91.240005     0.88769275   0.99699765]
 [126.          90.920006     0.8671767    1.0023701 ]
 [127.          91.68         0.38987002   1.0080587 ]
 [128.          91.36         0.7266367    1.013066  ]
 [129.          91.00001      0.7615796    1.0188926 ]
 [130.          91.48         0.38987246   1.0235862 ]
 [131.          91.64001      0.26076972   1.0289634 ]
 [132.          91.200005     0.42426252   1.0342572 ]
 [133.          91.32         0.33466756   1.0393511 ]
 [134.          91.72         0.22803377   1.046667  ]
 [135.          91.68         0.17888634   1.0528997 ]
 [136.          91.           0.61644626   1.0592059 ]
 [137.          91.64001      0.38470668   1.0645564 ]
 [138.          91.48         0.22803774   1.0732743 ]
 [139.          91.24         0.51768684   1.0799664 ]
 [140.          91.600006     0.31622836   1.0874383 ]
 [141.          91.6          0.40000057   1.0939652 ]
 [142.          91.4          0.28284737   1.0994091 ]
 [143.          91.200005     0.42426315   1.104482  ]
 [144.          91.64001      0.51768816   1.1090087 ]
 [145.          91.200005     0.64807254   1.113489  ]
 [146.          91.36         0.38470668   1.1196226 ]
 [147.          91.32         0.46044007   1.1243746 ]
 [148.          91.56         0.26076996   1.1289696 ]
 [149.          91.32         0.68702567   1.1355145 ]
 [150.          91.159996     0.32863706   1.1425934 ]
 [151.          91.4          0.40000042   1.1473624 ]
 [152.          91.56         0.29665217   1.1540236 ]
 [153.          91.32         0.5403692    1.1594834 ]
 [154.          91.240005     0.32863188   1.1647788 ]
 [155.          91.32         0.6418718    1.1699046 ]
 [156.          91.64001      0.47749537   1.175053  ]
 [157.          91.           0.69281906   1.1797698 ]
 [158.          91.24         0.53665316   1.1857074 ]
 [159.          91.68         0.22803524   1.1918026 ]
 [160.          91.40001      0.3162292    1.1982105 ]
 [161.          91.04         0.554978     1.2048298 ]
 [162.          91.36         0.1673315    1.2109383 ]
 [163.          91.6          0.24494757   1.2167552 ]
 [164.          91.           0.3464071    1.2215842 ]
 [165.          91.27999      0.4147299    1.2283624 ]
 [166.          91.439995     0.26077086   1.2331198 ]
 [167.          91.240005     0.2607686    1.2378945 ]
 [168.          91.28         0.30331463   1.2435406 ]
 [169.          91.520004     0.38987312   1.2509937 ]
 [170.          91.           0.5656824    1.2601264 ]
 [171.          91.32         0.460435     1.2664756 ]
 [172.          91.28         0.48166552   1.2726649 ]
 [173.          91.200005     0.6928213    1.2788041 ]
 [174.          91.56         0.45607173   1.2835733 ]
 [175.          90.96         0.45607075   1.2882788 ]
 [176.          91.27999      0.33466232   1.2929939 ]
 [177.          91.64001      0.16733135   1.2977713 ]
 [178.          91.24         0.5899135    1.3029343 ]
 [179.          90.799995     0.6928206    1.3084612 ]
 [180.          91.56         0.1673306    1.3131952 ]
 [181.          91.119995     0.33466005   1.3180188 ]
 [182.          91.4          0.37416396   1.3239273 ]
 [183.          91.24         0.32863286   1.3307059 ]
 [184.          91.64001      0.3286348    1.3389986 ]
 [185.          90.88         0.6572646    1.3465401 ]
 [186.          91.40001      0.3162292    1.3544474 ]
 [187.          90.84         0.97365564   1.359449  ]
 [188.          91.48         0.41473043   1.3642992 ]
 [189.          91.44         0.6693271    1.3702211 ]
 [190.          91.64001      0.6228966    1.3752149 ]
 [191.          90.96         0.62289613   1.3798189 ]
 [192.          91.32001      1.0059829    1.3853191 ]
 [193.          91.12         0.55857086   1.3923672 ]
 [194.          91.48         0.5019975    1.3989142 ]
 [195.          91.28         0.17888762   1.4035943 ]
 [196.          91.200005     0.20000172   1.4082628 ]
 [197.          91.36         0.08944349   1.4154167 ]
 [198.          91.240005     0.38470826   1.423226  ]
 [199.          91.56         0.35777283   1.4287627 ]
 [200.          90.64001      0.6066306    1.4340429 ]]
The best results: 
Epoch: 134  91.72±0.23  1.047s
--------------- Train Done! ----------------
--------------- Save Done! ----------------
