Using cuda:0 device
Dataset     :Physics
Epochs      :200
LR X_s      :0.01
Learn A_s   :0
LR A_s      :0.01
Conden ratio:0.5
Ridge       :0.5
Kernel      :SGNK
k           :2
L           :1
Seed        :5
The 1th Iteration:
--------------------------------------------------
The 2th Iteration:
--------------------------------------------------
The 3th Iteration:
--------------------------------------------------
The 4th Iteration:
--------------------------------------------------
The 5th Iteration:
--------------------------------------------------
[[  1.          52.48        16.737146     0.2592393 ]
 [  2.          72.71999     13.545922     0.2642592 ]
 [  3.          82.28         5.052922     0.27028552]
 [  4.          85.48         2.269802     0.27565598]
 [  5.          86.880005     1.7181393    0.2818645 ]
 [  6.          87.64         0.86486894   0.28669062]
 [  7.          87.92         0.79498166   0.2905766 ]
 [  8.          88.200005     0.7348461    0.29490972]
 [  9.          88.200005     0.76157975   0.30033866]
 [ 10.          88.36         0.6542149    0.30638298]
 [ 11.          88.439995     0.654215     0.310735  ]
 [ 12.          88.48         0.54037      0.31734997]
 [ 13.          88.68         0.5215394    0.32431236]
 [ 14.          88.64001      0.5727154    0.3291163 ]
 [ 15.          88.72         0.65726894   0.33360535]
 [ 16.          88.72         0.65726894   0.33851215]
 [ 17.          88.560005     0.74027205   0.34296504]
 [ 18.          88.56         0.6985721    0.34758845]
 [ 19.          88.56         0.47749108   0.35234877]
 [ 20.          88.48         0.5019914    0.35798636]
 [ 21.          88.36         0.47749168   0.36284122]
 [ 22.          88.32         0.36331826   0.36721155]
 [ 23.          88.240005     0.53665876   0.3712402 ]
 [ 24.          88.240005     0.53665876   0.3753253 ]
 [ 25.          88.28001      0.48166436   0.37941858]
 [ 26.          88.240005     0.53665876   0.3853128 ]
 [ 27.          88.36         0.6387494    0.38957745]
 [ 28.          88.44         0.6228947    0.3950646 ]
 [ 29.          88.36         0.60662836   0.40044442]
 [ 30.          88.4          0.58309346   0.4063502 ]
 [ 31.          88.520004     0.4816639    0.41101336]
 [ 32.          88.52         0.6723083    0.41566807]
 [ 33.          88.6          0.5477194    0.4208501 ]
 [ 34.          88.56         0.47749287   0.42629668]
 [ 35.          88.64001      0.49799496   0.4318331 ]
 [ 36.          88.56         0.45607167   0.43719402]
 [ 37.          88.64001      0.49799496   0.44154605]
 [ 38.          88.68001      0.50199586   0.44641224]
 [ 39.          88.600006     0.46904227   0.45099112]
 [ 40.          88.6          0.37416717   0.45559558]
 [ 41.          88.64001      0.3847097    0.46039793]
 [ 42.          88.64001      0.3847097    0.46685424]
 [ 43.          88.68         0.30331817   0.47397414]
 [ 44.          88.68         0.30331817   0.48021626]
 [ 45.          88.68         0.3033169    0.4847363 ]
 [ 46.          88.68         0.3033169    0.4896401 ]
 [ 47.          88.64001      0.29664943   0.4946855 ]
 [ 48.          88.72         0.22803551   0.50010246]
 [ 49.          88.72001      0.22803494   0.5076384 ]
 [ 50.          88.68001      0.22803628   0.51596016]
 [ 51.          88.68001      0.22803628   0.5226428 ]
 [ 52.          88.64001      0.16733135   0.5283753 ]
 [ 53.          88.72         0.2683286    0.5336222 ]
 [ 54.          88.72         0.2683286    0.54088366]
 [ 55.          88.76         0.26076794   0.5452029 ]
 [ 56.          88.840004     0.2966447    0.54936665]
 [ 57.          88.880005     0.36331528   0.55415386]
 [ 58.          89.           0.28284156   0.55832773]
 [ 59.          89.04         0.29664886   0.5635106 ]
 [ 60.          89.04         0.32863343   0.56851953]
 [ 61.          89.04         0.3286349    0.5767012 ]
 [ 62.          89.04         0.21908568   0.5831482 ]
 [ 63.          89.159996     0.2607672    0.5918812 ]
 [ 64.          89.24         0.16733325   0.5977401 ]
 [ 65.          89.200005     0.24494757   0.6028773 ]
 [ 66.          89.200005     0.28284177   0.60833997]
 [ 67.          89.36         0.35777003   0.6141683 ]
 [ 68.          89.4          0.19999981   0.6191792 ]
 [ 69.          89.439995     0.21909033   0.62434596]
 [ 70.          89.48         0.26833087   0.63018864]
 [ 71.          89.68         0.30331817   0.63441676]
 [ 72.          89.76         0.26076704   0.63943213]
 [ 73.          89.76         0.167334     0.646789  ]
 [ 74.          89.840004     0.08944136   0.65100664]
 [ 75.          89.84         0.2607685    0.656191  ]
 [ 76.          89.84         0.2607685    0.6604519 ]
 [ 77.          89.92         0.26832828   0.6652588 ]
 [ 78.          89.92         0.22803713   0.6721421 ]
 [ 79.          89.92         0.22803713   0.67789155]
 [ 80.          89.96         0.21908742   0.6844621 ]
 [ 81.          90.08001      0.3346637    0.6894495 ]
 [ 82.          90.159996     0.328637     0.69364536]
 [ 83.          90.159996     0.328637     0.69949806]
 [ 84.          90.200005     0.24494834   0.7050807 ]
 [ 85.          90.32         0.22803628   0.71045744]
 [ 86.          90.4          0.28284088   0.7158104 ]
 [ 87.          90.48         0.30331543   0.72152066]
 [ 88.          90.52         0.36331776   0.72761524]
 [ 89.          90.72         0.30331728   0.7342922 ]
 [ 90.          90.80001      0.1414219    0.7407595 ]
 [ 91.          90.92         0.17888272   0.74747306]
 [ 92.          91.12         0.22803545   0.75628686]
 [ 93.          91.16         0.16733378   0.7628792 ]
 [ 94.          91.28001      0.33466256   0.76836807]
 [ 95.          91.4          0.2449512    0.7772429 ]
 [ 96.          91.36         0.38470668   0.78312457]
 [ 97.          91.56         0.29664856   0.79127574]
 [ 98.          91.36         0.35777062   0.79901254]
 [ 99.          91.48         0.30331543   0.80520535]
 [100.          91.52001      0.1788874    0.81099397]
 [101.          91.52         0.52153325   0.8165062 ]
 [102.          91.6          0.20000076   0.8232102 ]
 [103.          91.52         0.38987365   0.82773703]
 [104.          91.439995     0.35777417   0.8327427 ]
 [105.          91.88         0.7155404    0.83801645]
 [106.          91.4          0.6480724    0.8450241 ]
 [107.          91.6          0.2449512    0.850358  ]
 [108.          91.6          0.28284425   0.85554546]
 [109.          91.6          0.5477184    0.8599076 ]
 [110.          91.840004     0.3577712    0.8650824 ]
 [111.          90.88         0.48166478   0.86953014]
 [112.          92.12         0.41472706   0.8741255 ]
 [113.          90.8          1.1916353    0.8797659 ]
 [114.          92.           0.5477244    0.88649267]
 [115.          90.68         1.0545151    0.8945538 ]
 [116.          91.880005     0.5215359    0.9005435 ]
 [117.          90.920006     1.6161683    0.906592  ]
 [118.          91.799995     0.70710635   0.91449434]
 [119.          90.72         1.1541249    0.92177963]
 [120.          91.04         1.2033304    0.9293286 ]
 [121.          91.64         0.7536593    0.937509  ]
 [122.          90.88         0.43817803   0.9452413 ]
 [123.          91.68         0.6572653    0.9510075 ]
 [124.          91.68         0.67230767   0.9566906 ]
 [125.          91.32         0.30331436   0.96412796]
 [126.          91.6          0.31622738   0.9691157 ]
 [127.          91.71999      0.48166367   0.9739565 ]
 [128.          91.6          0.31622836   0.9780138 ]
 [129.          91.32         0.46043587   0.98204404]
 [130.          91.44         0.35777244   0.9861046 ]
 [131.          91.68         0.22803612   0.9907099 ]
 [132.          91.520004     0.36332187   0.9955493 ]
 [133.          91.68         0.10954691   1.0025295 ]
 [134.          91.48         0.22803685   1.0090321 ]
 [135.          91.4          0.28284514   1.016914  ]
 [136.          91.6          0.20000076   1.0229778 ]
 [137.          91.76         0.16733454   1.0273763 ]
 [138.          91.64001      0.26076743   1.0322192 ]
 [139.          91.64001      0.16733135   1.0364165 ]
 [140.          91.72         0.22803557   1.0416542 ]
 [141.          91.72         0.22803557   1.0482424 ]
 [142.          91.68001      0.22803494   1.0546368 ]
 [143.          91.8          0.24494888   1.0605315 ]
 [144.          91.840004     0.21908684   1.0670645 ]
 [145.          91.76         0.16733378   1.0744256 ]
 [146.          91.72         0.10954737   1.0810117 ]
 [147.          91.64001      0.16733311   1.0871258 ]
 [148.          91.68         0.22803612   1.0932393 ]
 [149.          91.6          0.31622836   1.0988557 ]
 [150.          91.68         0.22803496   1.1034825 ]
 [151.          91.72001      0.22803329   1.1082363 ]
 [152.          91.72001      0.22803329   1.1135333 ]
 [153.          91.72001      0.22803329   1.1183041 ]
 [154.          91.71999      0.17888655   1.1225481 ]
 [155.          91.76         0.16733378   1.1288105 ]
 [156.          91.8          0.14142413   1.1336993 ]
 [157.          91.76         0.16733378   1.1391741 ]
 [158.          91.68001      0.26832643   1.1452789 ]
 [159.          91.72         0.26832804   1.1524693 ]
 [160.          91.71999      0.22803628   1.157761  ]
 [161.          91.72         0.22803494   1.1632317 ]
 [162.          91.68         0.30331817   1.1695491 ]
 [163.          91.71999      0.3033177    1.1769624 ]
 [164.          91.71999      0.3033177    1.1879272 ]
 [165.          91.67999      0.30331776   1.1945667 ]
 [166.          91.67999      0.30331776   1.1991615 ]
 [167.          91.67999      0.30331776   1.2034854 ]
 [168.          91.76         0.32863596   1.2085422 ]
 [169.          91.76         0.2607691    1.2145089 ]
 [170.          91.71999      0.22803628   1.2190825 ]
 [171.          91.68001      0.26832908   1.225948  ]
 [172.          91.64001      0.26076987   1.2321844 ]
 [173.          91.64001      0.26076987   1.2366675 ]
 [174.          91.71999      0.33466628   1.240919  ]
 [175.          91.64001      0.29665226   1.2450868 ]
 [176.          91.64001      0.29665226   1.2492527 ]
 [177.          91.6          0.31622717   1.253757  ]
 [178.          91.6          0.31622717   1.2591822 ]
 [179.          91.6          0.31622717   1.2664727 ]
 [180.          91.6          0.31622717   1.2722502 ]
 [181.          91.560005     0.29664844   1.2779405 ]
 [182.          91.560005     0.29664844   1.2831017 ]
 [183.          91.600006     0.31622916   1.2882264 ]
 [184.          91.560005     0.26076803   1.2929996 ]
 [185.          91.64001      0.32863405   1.297688  ]
 [186.          91.72         0.30331558   1.3019017 ]
 [187.          91.68001      0.26832908   1.3060459 ]
 [188.          91.68001      0.26832908   1.3105572 ]
 [189.          91.68001      0.26832908   1.3156947 ]
 [190.          91.68001      0.26832908   1.32175   ]
 [191.          91.68001      0.26832908   1.3265629 ]
 [192.          91.68001      0.26832908   1.3328893 ]
 [193.          91.68001      0.26832908   1.3394301 ]
 [194.          91.68001      0.26832908   1.3458279 ]
 [195.          91.68001      0.26832908   1.3509911 ]
 [196.          91.68001      0.26832908   1.3549821 ]
 [197.          91.68001      0.26832908   1.3589674 ]
 [198.          91.68001      0.26832908   1.3628995 ]
 [199.          91.64001      0.26076987   1.3674994 ]
 [200.          91.64001      0.26076987   1.3724717 ]]
The best results: 
Epoch: 112  92.12±0.41  0.874s
--------------- Train Done! ----------------
--------------- Save Done! ----------------
