Using cuda:0 device
Dataset     :Pubmed
Epochs      :200
LR X_s      :0.01
Learn A_s   :0
LR A_s      :0.01
Conden ratio:0.5
Ridge       :5.0
Kernel      :SGNK
k           :4
L           :1
Seed        :5
The 1th Iteration:
--------------------------------------------------
The 2th Iteration:
--------------------------------------------------
The 3th Iteration:
--------------------------------------------------
The 4th Iteration:
--------------------------------------------------
The 5th Iteration:
--------------------------------------------------
[[  1.          33.18        11.208346     0.5142332 ]
 [  2.          33.54        12.008455     0.5245463 ]
 [  3.          35.24        13.827618     0.53096247]
 [  4.          36.5         14.856144     0.537702  ]
 [  5.          37.460003    15.537472     0.54492486]
 [  6.          37.9         15.838403     0.55563146]
 [  7.          39.460003    17.475927     0.56412935]
 [  8.          40.66        18.42764      0.5748    ]
 [  9.          41.320004    18.821716     0.5835433 ]
 [ 10.          41.76        18.442558     0.59204334]
 [ 11.          42.4         18.386545     0.6023718 ]
 [ 12.          43.06        18.23357      0.6104504 ]
 [ 13.          44.04        18.135134     0.6213137 ]
 [ 14.          45.320004    18.161005     0.62952703]
 [ 15.          46.52        18.149296     0.637479  ]
 [ 16.          47.660004    18.14354      0.6466047 ]
 [ 17.          48.66        18.25289      0.65329266]
 [ 18.          49.74        17.943188     0.66030043]
 [ 19.          50.66        17.412294     0.66653544]
 [ 20.          51.96        16.258167     0.675909  ]
 [ 21.          53.24        14.83924      0.68468106]
 [ 22.          54.38        13.574498     0.69139034]
 [ 23.          55.440002    12.739231     0.6993984 ]
 [ 24.          56.2         11.863391     0.7058052 ]
 [ 25.          56.940002    11.224216     0.7131898 ]
 [ 26.          57.88        10.142831     0.72228646]
 [ 27.          58.7          9.494998     0.73045945]
 [ 28.          59.600002     8.537563     0.7398612 ]
 [ 29.          60.539997     7.796665     0.7520408 ]
 [ 30.          61.219997     6.9690022    0.7626607 ]
 [ 31.          61.9          6.556294     0.768721  ]
 [ 32.          62.52         6.098116     0.77638197]
 [ 33.          62.940002     5.736113     0.7832477 ]
 [ 34.          63.26         5.408143     0.7891517 ]
 [ 35.          63.74         5.0742493    0.7938861 ]
 [ 36.          64.36         4.6554265    0.79829067]
 [ 37.          64.88         4.1757627    0.8030373 ]
 [ 38.          65.22         3.8725967    0.8094862 ]
 [ 39.          65.700005     3.3511188    0.81450874]
 [ 40.          66.28         2.9354718    0.82257426]
 [ 41.          66.58         2.5859218    0.8315733 ]
 [ 42.          66.9          2.4423366    0.8407001 ]
 [ 43.          67.240005     2.3255107    0.84842014]
 [ 44.          67.420006     2.2960825    0.85594904]
 [ 45.          67.6          2.1863203    0.8637309 ]
 [ 46.          67.76         2.1314301    0.87079716]
 [ 47.          67.94         2.0007486    0.87718123]
 [ 48.          68.16         1.8862673    0.8841652 ]
 [ 49.          68.3          1.7677689    0.8912864 ]
 [ 50.          68.48         1.6946971    0.89890116]
 [ 51.          68.6          1.6688331    0.9044876 ]
 [ 52.          68.68001      1.5974977    0.9122122 ]
 [ 53.          68.82         1.4754655    0.916877  ]
 [ 54.          68.94         1.4310846    0.9214596 ]
 [ 55.          69.020004     1.3809416    0.9251429 ]
 [ 56.          69.08001      1.2597612    0.9302322 ]
 [ 57.          69.22         1.2049891    0.9374714 ]
 [ 58.          69.3          1.1895373    0.9454072 ]
 [ 59.          69.44         1.1238316    0.9521659 ]
 [ 60.          69.48         1.066302     0.9584594 ]
 [ 61.          69.46         1.0620731    0.965061  ]
 [ 62.          69.54         1.0212718    0.972212  ]
 [ 63.          69.700005     1.0630162    0.9813245 ]
 [ 64.          69.659996     1.0573537    0.9888162 ]
 [ 65.          69.700005     0.96695334   0.9982237 ]
 [ 66.          69.68001      0.8288534    1.0052918 ]
 [ 67.          69.740005     0.8532301    1.0123723 ]
 [ 68.          69.82         0.7854926    1.0204753 ]
 [ 69.          69.72         0.77265793   1.0285406 ]
 [ 70.          69.619995     0.80125016   1.0373232 ]
 [ 71.          69.6          0.72801006   1.0445992 ]
 [ 72.          69.56         0.7700642    1.0533819 ]
 [ 73.          69.52         0.7190258    1.0617012 ]
 [ 74.          69.46         0.7700643    1.070522  ]
 [ 75.          69.38         0.6978541    1.0807946 ]
 [ 76.          69.32         0.6016638    1.0909475 ]
 [ 77.          69.340004     0.5683308    1.0979022 ]
 [ 78.          69.32         0.49698928   1.1043252 ]
 [ 79.          69.26         0.39115334   1.1109151 ]
 [ 80.          69.200005     0.43588954   1.1195918 ]
 [ 81.          69.1          0.4472119    1.1276034 ]
 [ 82.          69.04         0.5319796    1.1356424 ]
 [ 83.          68.82         0.43817732   1.1453761 ]
 [ 84.          68.76         0.37815416   1.1540269 ]
 [ 85.          68.700005     0.36742216   1.1639184 ]
 [ 86.          68.700005     0.44721293   1.1712087 ]
 [ 87.          68.700005     0.4301179    1.1823797 ]
 [ 88.          68.700005     0.4636818    1.1923383 ]
 [ 89.          68.659996     0.3577696    1.2002734 ]
 [ 90.          68.68         0.37013507   1.210148  ]
 [ 91.          68.700005     0.367422     1.220376  ]
 [ 92.          68.740005     0.2966437    1.2289654 ]
 [ 93.          68.66         0.32863224   1.2348306 ]
 [ 94.          68.659996     0.4449677    1.2431544 ]
 [ 95.          68.700005     0.39999977   1.2521703 ]
 [ 96.          68.6          0.43011367   1.2638928 ]
 [ 97.          68.76         0.34351164   1.2736747 ]
 [ 98.          68.740005     0.4393184    1.2859262 ]
 [ 99.          68.840004     0.52725565   1.2990421 ]
 [100.          68.880005     0.5630294    1.3140434 ]
 [101.          68.920006     0.63796747   1.3245314 ]
 [102.          69.1          0.57878995   1.3342868 ]
 [103.          69.020004     0.6058062    1.3433259 ]
 [104.          69.4          0.6204839    1.3494396 ]
 [105.          69.08001      0.89274836   1.3542261 ]
 [106.          70.08         0.62209386   1.3587403 ]
 [107.          69.06         1.2541941    1.3640995 ]
 [108.          70.560005     1.3240088    1.3701584 ]
 [109.          69.98         2.0873437    1.3750145 ]
 [110.          69.12         3.7778292    1.378856  ]
 [111.          70.82         1.2091323    1.3854475 ]
 [112.          71.28         0.92574376   1.392544  ]
 [113.          69.840004     2.3922794    1.3993796 ]
 [114.          72.240005     1.6875999    1.4065301 ]
 [115.          69.700005     2.4083142    1.4128652 ]
 [116.          71.14001      3.6746423    1.4196566 ]
 [117.          71.9          2.3484042    1.4311342 ]
 [118.          69.8          4.0118585    1.439937  ]
 [119.          71.46         3.9035857    1.4472077 ]
 [120.          66.          11.168035     1.4543694 ]
 [121.          71.880005     2.8968961    1.461221  ]
 [122.          71.26         6.549277     1.4668952 ]
 [123.          72.9          3.328664     1.4756898 ]
 [124.          72.18         3.0019996    1.484568  ]
 [125.          73.4          1.3228743    1.4921147 ]
 [126.          71.48         3.041714     1.5012531 ]
 [127.          72.159996     4.6365957    1.5077914 ]
 [128.          70.92         8.820259     1.5196551 ]
 [129.          66.26        14.002429     1.5286473 ]
 [130.          71.26         5.5292854    1.537407  ]
 [131.          68.560005     5.9374266    1.5476679 ]
 [132.          74.200005     2.4217775    1.5555836 ]
 [133.          75.36         0.98640776   1.5671557 ]
 [134.          75.44         0.86197567   1.5794232 ]
 [135.          72.04         5.968499     1.5884668 ]
 [136.          69.58         7.6378684    1.5979673 ]
 [137.          66.02        18.079325     1.6094818 ]
 [138.          69.76        10.50181      1.619573  ]
 [139.          67.38         9.759712     1.6308718 ]
 [140.          67.32         8.747972     1.6411711 ]
 [141.          61.059998    17.001707     1.6481808 ]
 [142.          64.76        12.818463     1.6598561 ]
 [143.          66.32        11.203883     1.6695713 ]
 [144.          69.06         9.622786     1.6800785 ]
 [145.          69.62         9.814124     1.6888374 ]
 [146.          69.5          9.838444     1.6984841 ]
 [147.          69.6          9.915895     1.7086802 ]
 [148.          69.42         9.537398     1.7192367 ]
 [149.          69.420006     9.232389     1.737101  ]
 [150.          64.700005    10.456574     1.7449545 ]
 [151.          67.26         7.3336887    1.7530879 ]
 [152.          67.6          6.9573717    1.761554  ]
 [153.          68.82         6.4476337    1.7702345 ]
 [154.          69.72         6.6126413    1.7753003 ]
 [155.          70.060005     6.3704805    1.7794386 ]
 [156.          70.44         6.0714927    1.7862667 ]
 [157.          70.9          5.91735      1.7941633 ]
 [158.          71.           6.0695972    1.8063158 ]
 [159.          71.16         6.1345735    1.8175938 ]
 [160.          71.520004     5.8980513    1.8291167 ]
 [161.          72.020004     5.555807     1.8430023 ]
 [162.          72.08         5.397872     1.8538479 ]
 [163.          72.26         5.230008     1.8616947 ]
 [164.          66.98         9.673519     1.8696984 ]
 [165.          61.040005    23.125158     1.8797616 ]
 [166.          71.14         3.5359585    1.8866886 ]
 [167.          71.9          3.5686154    1.8924115 ]
 [168.          72.240005     3.7340324    1.9012142 ]
 [169.          72.32         3.508844     1.9106203 ]
 [170.          72.420006     2.9659717    1.9226534 ]
 [171.          67.659996     9.854085     1.9340099 ]
 [172.          66.439995    13.346272     1.9437836 ]
 [173.          67.82        11.00668      1.9556398 ]
 [174.          68.26        10.4701       1.9687284 ]
 [175.          68.700005    10.067025     1.9798746 ]
 [176.          69.18001      9.092139     1.9892014 ]
 [177.          70.520004     7.7618947    2.002341  ]
 [178.          68.3          5.4124846    2.0160065 ]
 [179.          66.58001      8.805511     2.033294  ]
 [180.          65.14        12.413014     2.0422447 ]
 [181.          67.          10.064044     2.0513155 ]
 [182.          67.840004     9.2365055    2.0607328 ]
 [183.          68.46001      8.849463     2.0694757 ]
 [184.          69.020004     8.4028       2.079574  ]
 [185.          69.6          8.009057     2.091375  ]
 [186.          70.12         7.4550004    2.1117456 ]
 [187.          70.76         6.362627     2.1206205 ]
 [188.          70.740005     4.5725274    2.1271944 ]
 [189.          61.          20.916859     2.1322832 ]
 [190.          65.200005    11.549244     2.1396296 ]
 [191.          66.48         9.887972     2.144995  ]
 [192.          66.8          9.508678     2.1537607 ]
 [193.          67.12         9.288272     2.1621256 ]
 [194.          67.46001      9.305539     2.1735783 ]
 [195.          67.740005     9.332896     2.1811898 ]
 [196.          67.88         9.398775     2.190626  ]
 [197.          67.8          9.3680315    2.1991603 ]
 [198.          67.82         9.358791     2.2088838 ]
 [199.          67.82001      9.4126       2.2162206 ]
 [200.          67.96         9.69938      2.2245686 ]]
The best results: 
Epoch: 134  75.44±0.86  1.579s
--------------- Train Done! ----------------
--------------- Save Done! ----------------
