Using cuda:0 device
Dataset     :Pubmed
Epochs      :200
LR X_s      :0.01
Learn A_s   :0
LR A_s      :0.01
Conden ratio:0.25
Ridge       :1.0
Kernel      :SNTK
k           :3
L           :1
Seed        :5
The 1th Iteration:
--------------------------------------------------
The 2th Iteration:
--------------------------------------------------
The 3th Iteration:
--------------------------------------------------
The 4th Iteration:
--------------------------------------------------
The 5th Iteration:
--------------------------------------------------
[[  1.          36.8         10.563617     0.36505675]
 [  2.          36.          10.089103     0.3996187 ]
 [  3.          34.079998    11.813        0.42950463]
 [  4.          34.340004    14.703164     0.46431962]
 [  5.          29.380003    13.527455     0.4996105 ]
 [  6.          24.82        10.653262     0.5329527 ]
 [  7.          20.480001     3.7963145    0.56588876]
 [  8.          18.28         0.4086567    0.5988919 ]
 [  9.          18.08         0.13038418   0.63598436]
 [ 10.          18.           0.           0.6724999 ]
 [ 11.          18.           0.           0.70690674]
 [ 12.          18.           0.           0.7406044 ]
 [ 13.          18.           0.           0.77457637]
 [ 14.          18.           0.           0.80034703]
 [ 15.          18.           0.           0.8343695 ]
 [ 16.          18.           0.           0.87077314]
 [ 17.          18.           0.           0.9052025 ]
 [ 18.          18.02         0.04472121   0.94297546]
 [ 19.          18.02         0.04472121   0.97689325]
 [ 20.          18.060001     0.13416389   1.0107597 ]
 [ 21.          18.08         0.17888546   1.0442052 ]
 [ 22.          18.1          0.22360666   1.0795287 ]
 [ 23.          18.12         0.26832786   1.1129767 ]
 [ 24.          18.18         0.40249252   1.1482754 ]
 [ 25.          18.22         0.49193496   1.184175  ]
 [ 26.          18.26         0.5813772    1.2202244 ]
 [ 27.          18.300001     0.67082036   1.254732  ]
 [ 28.          18.36         0.75033385   1.2867441 ]
 [ 29.          18.5          1.063015     1.3235959 ]
 [ 30.          18.64         1.3758634    1.3573995 ]
 [ 31.          18.800001     1.733494     1.3916746 ]
 [ 32.          18.9          1.7930418    1.4232008 ]
 [ 33.          19.1          2.0832665    1.4561676 ]
 [ 34.          19.300001     2.3706539    1.4864053 ]
 [ 35.          19.62         2.7215803    1.5195589 ]
 [ 36.          19.820002     2.820816     1.550679  ]
 [ 37.          20.140001     3.0680609    1.5813897 ]
 [ 38.          20.36         3.200469     1.6111006 ]
 [ 39.          20.660002     3.2974234    1.6474227 ]
 [ 40.          20.92         3.480948     1.6832383 ]
 [ 41.          21.340002     3.764704     1.7156368 ]
 [ 42.          21.740002     4.0740643    1.7510048 ]
 [ 43.          22.26         4.3252745    1.7860502 ]
 [ 44.          22.76         4.336819     1.8227876 ]
 [ 45.          23.22         4.703403     1.8579963 ]
 [ 46.          23.78         4.928692     1.8911583 ]
 [ 47.          24.52         5.1055856    1.9276577 ]
 [ 48.          25.179998     5.308201     1.9653813 ]
 [ 49.          25.840002     5.531095     2.0060775 ]
 [ 50.          26.48         5.902711     2.04086   ]
 [ 51.          27.08         6.0569797    2.0737925 ]
 [ 52.          28.           6.5333757    2.1110816 ]
 [ 53.          28.960001     7.180042     2.149368  ]
 [ 54.          29.9          7.80929      2.184471  ]
 [ 55.          30.679998     8.348173     2.2175262 ]
 [ 56.          31.34         8.789937     2.2517996 ]
 [ 57.          32.2          9.01055      2.2858868 ]
 [ 58.          33.08         9.663178     2.3220527 ]
 [ 59.          33.719997     9.902878     2.349404  ]
 [ 60.          34.32        10.296454     2.3809597 ]
 [ 61.          35.04        10.594952     2.4163768 ]
 [ 62.          35.74        10.897385     2.4489827 ]
 [ 63.          36.460003    11.193883     2.483472  ]
 [ 64.          36.98        11.134046     2.5128868 ]
 [ 65.          37.640003    11.276437     2.5437794 ]
 [ 66.          38.26        11.552186     2.5703862 ]
 [ 67.          38.680004    11.895463     2.5981557 ]
 [ 68.          39.16        12.057281     2.6294825 ]
 [ 69.          39.780003    12.309021     2.661996  ]
 [ 70.          40.120003    12.409554     2.695512  ]
 [ 71.          40.56        12.46447      2.727716  ]
 [ 72.          40.84        12.603689     2.7639663 ]
 [ 73.          40.940002    12.679826     2.801131  ]
 [ 74.          41.24        12.710941     2.8391263 ]
 [ 75.          41.38        12.623272     2.8783286 ]
 [ 76.          41.62        12.601866     2.9161913 ]
 [ 77.          41.86        12.571517     2.953243  ]
 [ 78.          42.04        12.556593     2.9876008 ]
 [ 79.          42.320004    12.533636     3.0229836 ]
 [ 80.          42.82        12.610194     3.0583882 ]
 [ 81.          43.          12.515991     3.0908947 ]
 [ 82.          43.260002    12.589798     3.1220334 ]
 [ 83.          43.66        12.433142     3.1575458 ]
 [ 84.          44.24        12.283036     3.1884089 ]
 [ 85.          44.74        12.320633     3.2210119 ]
 [ 86.          44.88        12.239158     3.254419  ]
 [ 87.          45.260002    12.475095     3.2908635 ]
 [ 88.          45.56        12.473893     3.3262982 ]
 [ 89.          46.14        12.385597     3.3620808 ]
 [ 90.          46.640003    12.235727     3.4002914 ]
 [ 91.          47.16        12.071579     3.437481  ]
 [ 92.          47.54        12.072615     3.4687135 ]
 [ 93.          48.120003    11.754446     3.505469  ]
 [ 94.          48.92        11.723352     3.5405087 ]
 [ 95.          49.5         11.284281     3.5732002 ]
 [ 96.          50.079998    11.156032     3.6063676 ]
 [ 97.          50.74        10.998772     3.6408622 ]
 [ 98.          51.16        10.831806     3.6725564 ]
 [ 99.          51.579998    10.775761     3.7083576 ]
 [100.          52.16        10.243926     3.7471871 ]
 [101.          52.7         10.0381775    3.7827954 ]
 [102.          53.120003     9.52586      3.8185945 ]
 [103.          53.340004     9.562582     3.8585212 ]
 [104.          53.66         9.241647     3.8932877 ]
 [105.          53.78         9.228056     3.930523  ]
 [106.          54.059998     9.105383     3.967547  ]
 [107.          54.22         9.011215     3.9980996 ]
 [108.          54.440002     9.052239     4.0295396 ]
 [109.          54.680004     9.083886     4.0629144 ]
 [110.          54.860004     8.939688     4.092253  ]
 [111.          55.579998     8.751685     4.121162  ]
 [112.          55.98         8.356256     4.152821  ]
 [113.          56.28         8.095492     4.1840377 ]
 [114.          57.320004     7.5635304    4.215864  ]
 [115.          57.46         7.1988187    4.2490144 ]
 [116.          58.68         6.7317896    4.2858477 ]
 [117.          59.040005     6.3661623    4.317762  ]
 [118.          60.440002     5.6314297    4.35242   ]
 [119.          60.320004     5.9141335    4.3911853 ]
 [120.          61.919994     5.0948       4.419182  ]
 [121.          62.26         4.6333575    4.454478  ]
 [122.          63.24         4.3603888    4.4854555 ]
 [123.          63.820004     3.759921     4.520338  ]
 [124.          65.46         3.5871985    4.560039  ]
 [125.          63.52         6.120212     4.599467  ]
 [126.          67.38         3.7532654    4.632648  ]
 [127.          60.739998    10.733031     4.665644  ]
 [128.          69.08         2.3626237    4.7021027 ]
 [129.          66.3          3.564408     4.7351413 ]
 [130.          71.38         1.3141569    4.7730064 ]
 [131.          62.219997    15.353565     4.8126388 ]
 [132.          67.04         6.593027     4.850907  ]
 [133.          67.26         7.0209       4.884951  ]
 [134.          63.96         6.8123417    4.9145966 ]
 [135.          69.54         5.3181777    4.9510856 ]
 [136.          69.4          3.650344     4.9890237 ]
 [137.          71.64001      3.1453154    5.0263634 ]
 [138.          60.2         18.483912     5.0642357 ]
 [139.          61.920002    17.338886     5.0944147 ]
 [140.          62.560005     9.67719      5.129461  ]
 [141.          65.71999      3.7658987    5.158527  ]
 [142.          63.139996    12.172838     5.191545  ]
 [143.          69.899994     1.9467925    5.22447   ]
 [144.          70.32         1.8965758    5.2621803 ]
 [145.          70.12001      3.023571     5.298955  ]
 [146.          69.579994     3.5202274    5.334972  ]
 [147.          69.44         5.029216     5.365852  ]
 [148.          68.700005     3.003332     5.3948674 ]
 [149.          67.98         7.3866096    5.4262543 ]
 [150.          64.26        17.280422     5.4584846 ]
 [151.          64.740005    11.691151     5.4961853 ]
 [152.          59.579998    10.986445     5.534172  ]
 [153.          54.059998    20.12071      5.5724726 ]
 [154.          56.840004    13.229624     5.6114626 ]
 [155.          57.919994    12.325259     5.6475997 ]
 [156.          58.9         12.442267     5.6815434 ]
 [157.          54.74        11.652596     5.720858  ]
 [158.          44.600002    15.128615     5.757683  ]
 [159.          52.600002     5.754563     5.7965655 ]
 [160.          54.24         4.4286556    5.8340626 ]
 [161.          55.920002     4.1124196    5.868477  ]
 [162.          57.540005     4.971217     5.9048653 ]
 [163.          58.4          5.87069      5.938067  ]
 [164.          59.059998     6.4119406    5.969392  ]
 [165.          59.8          7.1277633    6.001827  ]
 [166.          59.859997     7.2279334    6.0362935 ]
 [167.          60.019997     7.168821     6.06932   ]
 [168.          60.119995     7.3588033    6.107532  ]
 [169.          60.059998     7.5145187    6.143237  ]
 [170.          60.059998     7.5493712    6.1813836 ]
 [171.          59.960003     7.5791163    6.214925  ]
 [172.          59.960003     7.6021724    6.2486973 ]
 [173.          59.820004     7.515783     6.2875857 ]
 [174.          59.620003     7.369329     6.323152  ]
 [175.          59.540005     7.4265056    6.3593125 ]
 [176.          59.640003     7.4788365    6.3941593 ]
 [177.          59.540005     7.354795     6.427334  ]
 [178.          59.5          7.3317785    6.4626946 ]
 [179.          59.579998     7.419706     6.4992404 ]
 [180.          59.859997     7.8347306    6.5373597 ]
 [181.          60.28         8.02415      6.5762405 ]
 [182.          60.540005     8.0351095    6.6127496 ]
 [183.          60.66         8.288426     6.6517067 ]
 [184.          60.88         8.47508      6.6898613 ]
 [185.          61.340004     8.5658045    6.7270427 ]
 [186.          61.920002     8.8403635    6.766002  ]
 [187.          62.319996     8.817993     6.8033404 ]
 [188.          63.26         9.843678     6.8369966 ]
 [189.          63.68        10.349491     6.8750243 ]
 [190.          64.12        10.45165      6.909861  ]
 [191.          63.359997     9.181394     6.946917  ]
 [192.          58.059998    11.204373     6.983066  ]
 [193.          62.2          8.583412     7.019626  ]
 [194.          65.04        10.930829     7.056652  ]
 [195.          64.3          9.8017845    7.0912104 ]
 [196.          63.68         9.925322     7.128475  ]
 [197.          62.46         8.279071     7.166604  ]
 [198.          57.48         6.558354     7.200792  ]
 [199.          57.920002     6.406792     7.2328525 ]
 [200.          58.7          5.6533194    7.2666993 ]]
The best results: 
Epoch: 137  71.64±3.15  5.026s
--------------- Train Done! ----------------
