Using cuda:0 device
Dataset     :Pubmed
Epochs      :200
LR X_s      :0.01
Learn A_s   :0
LR A_s      :0.01
Conden ratio:0.25
Ridge       :1.0
Kernel      :SGNK
k           :4
L           :1
Seed        :5
The 1th Iteration:
--------------------------------------------------
The 2th Iteration:
--------------------------------------------------
The 3th Iteration:
--------------------------------------------------
The 4th Iteration:
--------------------------------------------------
The 5th Iteration:
--------------------------------------------------
[[  1.          33.260002     9.596248     0.45746946]
 [  2.          36.14        11.471834     0.4644866 ]
 [  3.          38.16        11.990955     0.47003087]
 [  4.          39.620003    12.023809     0.474996  ]
 [  5.          42.22        12.0891285    0.48068333]
 [  6.          44.26        12.308657     0.4882431 ]
 [  7.          46.22        12.061385     0.49516922]
 [  8.          48.539997    11.067429     0.5017304 ]
 [  9.          51.08        10.541918     0.50689113]
 [ 10.          53.02        10.406105     0.51152337]
 [ 11.          55.120003     9.292577     0.516036  ]
 [ 12.          57.019997     8.417956     0.51992816]
 [ 13.          58.5          7.4151874    0.52631855]
 [ 14.          59.620003     6.49053      0.53147864]
 [ 15.          60.72         5.6534953    0.53944224]
 [ 16.          61.9          4.7984376    0.54556715]
 [ 17.          62.739998     4.25711      0.551714  ]
 [ 18.          63.68         3.4412212    0.55797863]
 [ 19.          64.240005     3.2554567    0.5630281 ]
 [ 20.          64.840004     2.8814929    0.5686801 ]
 [ 21.          65.12         2.7086911    0.5730297 ]
 [ 22.          65.5          2.2880118    0.57725644]
 [ 23.          65.76         2.166333     0.58316207]
 [ 24.          66.200005     1.9274328    0.589441  ]
 [ 25.          66.520004     1.9601004    0.59661835]
 [ 26.          66.76         1.7966635    0.6025459 ]
 [ 27.          67.04         1.75727      0.6117614 ]
 [ 28.          67.24         1.738679     0.61962605]
 [ 29.          67.38         1.7963842    0.62606806]
 [ 30.          67.48         1.664935     0.6313327 ]
 [ 31.          67.619995     1.4686736    0.6386763 ]
 [ 32.          67.76         1.4081897    0.6449891 ]
 [ 33.          68.08001      1.1903801    0.65086865]
 [ 34.          68.200005     1.0198036    0.6590468 ]
 [ 35.          68.4          0.9669575    0.66532016]
 [ 36.          68.4          0.9617724    0.6692011 ]
 [ 37.          68.520004     0.86429167   0.67363125]
 [ 38.          68.56         0.8173138    0.6790803 ]
 [ 39.          68.58001      0.8408331    0.68323606]
 [ 40.          68.64001      0.8080855    0.6864764 ]
 [ 41.          68.700005     0.7382401    0.69108695]
 [ 42.          68.96         0.5899156    0.69832355]
 [ 43.          69.060005     0.52725863   0.70588964]
 [ 44.          69.27999      0.42071435   0.71494   ]
 [ 45.          69.3          0.5338535    0.7243399 ]
 [ 46.          69.44         0.42189842   0.7308492 ]
 [ 47.          69.52         0.37013495   0.7372435 ]
 [ 48.          69.66         0.28809476   0.7473125 ]
 [ 49.          69.66         0.39115226   0.7539588 ]
 [ 50.          69.659996     0.25099704   0.75931764]
 [ 51.          69.8          0.3240362    0.76541847]
 [ 52.          69.86         0.28809613   0.77127177]
 [ 53.          69.9          0.38078928   0.7749539 ]
 [ 54.          69.88         0.47644463   0.7797412 ]
 [ 55.          69.880005     0.54037005   0.78364724]
 [ 56.          69.9          0.64420485   0.78826815]
 [ 57.          69.840004     0.6107368    0.7914983 ]
 [ 58.          69.8          0.53851855   0.7967652 ]
 [ 59.          69.88         0.5718404    0.8025486 ]
 [ 60.          69.939995     0.5504564    0.8096842 ]
 [ 61.          69.9          0.54772204   0.814373  ]
 [ 62.          69.94         0.5683309    0.81962454]
 [ 63.          69.94         0.5549748    0.8232128 ]
 [ 64.          69.98         0.5674518    0.8260903 ]
 [ 65.          69.98         0.58051604   0.83128834]
 [ 66.          70.020004     0.5495454    0.8360798 ]
 [ 67.          70.02         0.5449761    0.8403479 ]
 [ 68.          70.12         0.5403711    0.8448149 ]
 [ 69.          70.12         0.5403711    0.84894794]
 [ 70.          70.14001      0.550454     0.85450834]
 [ 71.          70.159996     0.5504542    0.8600899 ]
 [ 72.          70.14001      0.50299054   0.8670662 ]
 [ 73.          70.04         0.48269793   0.8743393 ]
 [ 74.          70.08001      0.6300789    0.8796501 ]
 [ 75.          70.020004     0.6610624    0.884709  ]
 [ 76.          70.06         0.6268983    0.8928628 ]
 [ 77.          69.96         0.6655835    0.8989491 ]
 [ 78.          69.92         0.60992044   0.90411186]
 [ 79.          69.98         0.67231154   0.907639  ]
 [ 80.          69.96         0.6841066    0.9124603 ]
 [ 81.          69.92         0.7429673    0.9167984 ]
 [ 82.          69.9          0.6557452    0.9225464 ]
 [ 83.          69.9          0.667082     0.92590255]
 [ 84.          69.96         0.6465275    0.92917866]
 [ 85.          69.920006     0.7085209    0.9331053 ]
 [ 86.          70.12         0.6300814    0.9375488 ]
 [ 87.          70.14001      0.74364126   0.9434597 ]
 [ 88.          70.12         0.59329545   0.9499136 ]
 [ 89.          70.340004     0.7700641    0.9539834 ]
 [ 90.          70.200005     0.79056954   0.9579765 ]
 [ 91.          70.200005     0.86890703   0.9651378 ]
 [ 92.          70.3          0.842614     0.9707743 ]
 [ 93.          70.200005     1.2186053    0.9759335 ]
 [ 94.          70.48         1.0473744    0.9810091 ]
 [ 95.          70.46         1.390328     0.98581547]
 [ 96.          70.82         1.5610895    0.9894765 ]
 [ 97.          70.62         1.7753886    0.9930734 ]
 [ 98.          70.18         2.7526355    0.99625415]
 [ 99.          71.3          2.0012553    0.99968857]
 [100.          71.840004     1.3446198    1.0047342 ]
 [101.          70.48         1.4219682    1.0089879 ]
 [102.          72.98         0.8497074    1.015691  ]
 [103.          70.3          2.150579     1.0208161 ]
 [104.          72.52         2.1764655    1.0270599 ]
 [105.          71.4          3.984344     1.0312185 ]
 [106.          70.6          2.4382367    1.0390824 ]
 [107.          72.71999      3.24145      1.0448602 ]
 [108.          71.98         3.0719688    1.0499662 ]
 [109.          72.68001      3.7479358    1.0554315 ]
 [110.          72.420006     2.2775004    1.0597609 ]
 [111.          68.54         8.007687     1.0682919 ]
 [112.          73.04         2.2345       1.0723276 ]
 [113.          70.26         6.050454     1.0767592 ]
 [114.          72.36         2.4182649    1.0873922 ]
 [115.          73.38         1.6437757    1.090971  ]
 [116.          74.159996     1.2501978    1.0978314 ]
 [117.          73.04         6.0293436    1.1037481 ]
 [118.          68.06         9.254078     1.1094242 ]
 [119.          64.420006    11.105719     1.1140498 ]
 [120.          66.159996    11.701622     1.1185999 ]
 [121.          74.04         2.0647018    1.127313  ]
 [122.          75.240005     1.2054039    1.1317627 ]
 [123.          69.04        15.318552     1.1377356 ]
 [124.          74.64001      1.4621892    1.1448418 ]
 [125.          74.28001      1.2597609    1.1520365 ]
 [126.          75.           2.352658     1.1580632 ]
 [127.          74.18001      2.239867     1.1652063 ]
 [128.          71.14001      3.2715466    1.174082  ]
 [129.          64.8         11.436784     1.1816    ]
 [130.          67.700005     7.850479     1.1882157 ]
 [131.          72.           3.293928     1.1940635 ]
 [132.          72.46001      1.9308021    1.1986698 ]
 [133.          68.4          9.556675     1.2049828 ]
 [134.          72.88         1.4131532    1.2103558 ]
 [135.          72.58001      1.5155865    1.216744  ]
 [136.          73.420006     1.6208019    1.2227668 ]
 [137.          73.82         1.9588244    1.2311547 ]
 [138.          73.88         2.1335416    1.2386292 ]
 [139.          73.82         1.9318398    1.2444184 ]
 [140.          73.8          1.7131861    1.2527889 ]
 [141.          73.36         1.7868992    1.262319  ]
 [142.          73.18         1.8552641    1.2700621 ]
 [143.          73.200005     1.8234577    1.2769097 ]
 [144.          73.44         2.5095792    1.2857449 ]
 [145.          73.939995     3.103706     1.2921599 ]
 [146.          73.6          2.4010434    1.3014855 ]
 [147.          69.32        10.13346      1.3083524 ]
 [148.          73.200005     2.8991408    1.3117641 ]
 [149.          73.659996     2.4694123    1.3153964 ]
 [150.          74.02         2.5577347    1.3183501 ]
 [151.          74.5          3.2163658    1.3222827 ]
 [152.          69.82        10.29694      1.3258394 ]
 [153.          67.46        14.251771     1.3295361 ]
 [154.          65.880005    10.530765     1.3334237 ]
 [155.          67.159996    13.872021     1.3377659 ]
 [156.          74.56         0.8933084    1.3429505 ]
 [157.          75.56         2.273324     1.3471111 ]
 [158.          75.3          2.0554843    1.3530183 ]
 [159.          75.27999      1.2557864    1.3581364 ]
 [160.          75.4          1.3000013    1.3658952 ]
 [161.          75.46         1.2778901    1.3768089 ]
 [162.          75.56         1.818794     1.384455  ]
 [163.          75.5          1.3057576    1.3910719 ]
 [164.          70.619995    10.024569     1.397404  ]
 [165.          72.6          6.183445     1.4034675 ]
 [166.          74.920006     1.5319936    1.4093332 ]
 [167.          74.82         2.004248     1.4123302 ]
 [168.          75.18         2.0933206    1.4173073 ]
 [169.          75.6          2.4505095    1.4216391 ]
 [170.          75.36         2.4151602    1.427269  ]
 [171.          70.84         9.315473     1.4337753 ]
 [172.          68.82         9.627149     1.4395056 ]
 [173.          65.4         11.6586895    1.4447773 ]
 [174.          65.240005    12.015116     1.4483695 ]
 [175.          66.96         9.872082     1.4527985 ]
 [176.          67.26         9.683128     1.4570392 ]
 [177.          67.700005     9.446166     1.4626331 ]
 [178.          67.72         9.474809     1.4671608 ]
 [179.          67.96         9.191737     1.4708071 ]
 [180.          67.94         9.349764     1.474625  ]
 [181.          68.1          9.279279     1.4782231 ]
 [182.          68.18001      9.142595     1.4815098 ]
 [183.          68.38         9.02646      1.4855189 ]
 [184.          68.659996     8.318835     1.4910485 ]
 [185.          68.98         7.937696     1.4978291 ]
 [186.          69.28         7.393372     1.5019381 ]
 [187.          69.72         6.903044     1.5061295 ]
 [188.          70.200005     6.3312726    1.5112345 ]
 [189.          70.56         5.887528     1.5170156 ]
 [190.          70.86         5.3738227    1.5244315 ]
 [191.          71.240005     5.0450993    1.5274781 ]
 [192.          71.56         4.8448944    1.5330092 ]
 [193.          71.939995     4.5692434    1.5378488 ]
 [194.          72.06         4.392382     1.5419149 ]
 [195.          72.36         4.4162216    1.5471504 ]
 [196.          72.840004     4.2700124    1.5538696 ]
 [197.          73.5          4.209513     1.5618742 ]
 [198.          74.119995     4.3176394    1.5684751 ]
 [199.          74.5          4.530453     1.574583  ]
 [200.          69.840004     8.822302     1.5812081 ]]
The best results: 
Epoch: 169  75.60±2.45  1.422s
--------------- Train Done! ----------------
--------------- Save Done! ----------------
