Using cuda:0 device
Dataset     :Pubmed
Epochs      :200
LR X_s      :0.01
Learn A_s   :1
LR A_s      :0.01
Conden ratio:0.25
Ridge       :0.001
Kernel      :SGNK
k           :2
L           :1
Seed        :5
The 1th Iteration:
--------------------------------------------------
The 2th Iteration:
--------------------------------------------------
The 3th Iteration:
--------------------------------------------------
The 4th Iteration:
--------------------------------------------------
The 5th Iteration:
--------------------------------------------------
[[  1.          32.079998    12.768594     0.2417215 ]
 [  2.          32.180004    12.49408      0.24561973]
 [  3.          32.460003    12.34354      0.24955969]
 [  4.          32.820004    12.04147      0.25363126]
 [  5.          32.620003    12.237524     0.25765872]
 [  6.          33.06        12.282833     0.26185343]
 [  7.          32.94        12.365801     0.26622635]
 [  8.          33.2         12.382851     0.27062836]
 [  9.          33.74        13.0574875    0.27510247]
 [ 10.          33.920002    13.16898      0.2794652 ]
 [ 11.          33.94        12.868877     0.2842493 ]
 [ 12.          33.960003    13.245867     0.28897998]
 [ 13.          34.44        13.850921     0.2936979 ]
 [ 14.          34.72        14.1406145    0.29881692]
 [ 15.          34.600002    14.4048605    0.3037897 ]
 [ 16.          34.66        14.345138     0.3083035 ]
 [ 17.          34.02        13.9712925    0.31292892]
 [ 18.          34.34        14.12066      0.3171478 ]
 [ 19.          34.02        13.111331     0.3213912 ]
 [ 20.          35.64        14.261241     0.3258117 ]
 [ 21.          35.140003    13.689704     0.33028355]
 [ 22.          36.079998    14.458977     0.33518687]
 [ 23.          36.320004    14.529865     0.3402482 ]
 [ 24.          36.68        14.54328      0.3453672 ]
 [ 25.          37.06        14.556717     0.3504425 ]
 [ 26.          37.16        14.52422      0.35555553]
 [ 27.          37.980003    15.052974     0.3621865 ]
 [ 28.          38.3         15.382944     0.36715102]
 [ 29.          38.579998    15.59766      0.37209353]
 [ 30.          39.940002    16.2112       0.37727353]
 [ 31.          40.540005    16.623869     0.3825183 ]
 [ 32.          40.620003    16.626997     0.38777563]
 [ 33.          40.66        16.61048      0.39347553]
 [ 34.          40.760002    16.516447     0.39835215]
 [ 35.          40.36        16.946474     0.40323263]
 [ 36.          40.420002    17.121098     0.40858388]
 [ 37.          40.460003    17.09336      0.4147791 ]
 [ 38.          37.760002    15.198289     0.41870448]
 [ 39.          37.68        15.516507     0.42313662]
 [ 40.          37.859997    15.861211     0.42696437]
 [ 41.          38.859997    15.6073065    0.43084955]
 [ 42.          38.74        13.33128      0.4349117 ]
 [ 43.          38.8         13.466254     0.43851158]
 [ 44.          38.74        13.667041     0.44223472]
 [ 45.          40.          11.196205     0.4473445 ]
 [ 46.          42.079998    10.379884     0.4509866 ]
 [ 47.          40.96         9.766679     0.4546213 ]
 [ 48.          40.859997     9.815956     0.45830265]
 [ 49.          41.859997    10.775573     0.46243057]
 [ 50.          42.420002    11.417836     0.46705323]
 [ 51.          41.620003    12.280757     0.47124004]
 [ 52.          41.46        12.6884985    0.4752756 ]
 [ 53.          41.7         13.746455     0.4793912 ]
 [ 54.          41.74        13.944999     0.48360515]
 [ 55.          42.94        15.490902     0.4879411 ]
 [ 56.          42.8         15.570163     0.49230024]
 [ 57.          42.          16.513481     0.4966716 ]
 [ 58.          41.94        16.03147      0.5011563 ]
 [ 59.          42.66        17.065403     0.5057398 ]
 [ 60.          42.3         16.935467     0.51054466]
 [ 61.          42.5         16.943584     0.5154435 ]
 [ 62.          42.100002    16.088352     0.5205497 ]
 [ 63.          43.02        17.567072     0.5257346 ]
 [ 64.          41.820004    15.628243     0.53087646]
 [ 65.          42.040005    15.720147     0.5363341 ]
 [ 66.          42.26        15.801993     0.54177606]
 [ 67.          42.100002    15.863323     0.5475064 ]
 [ 68.          41.540005    15.637231     0.55379593]
 [ 69.          41.760002    15.495903     0.5588252 ]
 [ 70.          41.88        15.6487055    0.5644042 ]
 [ 71.          41.7         15.211836     0.5695766 ]
 [ 72.          38.460003    16.59753      0.5747106 ]
 [ 73.          38.320004    16.74879      0.57996887]
 [ 74.          38.2         16.669733     0.58449084]
 [ 75.          37.86        16.441957     0.5890834 ]
 [ 76.          37.9         16.308279     0.5936871 ]
 [ 77.          38.84        18.062613     0.5983998 ]
 [ 78.          38.620003    18.085133     0.60333097]
 [ 79.          38.22        18.079187     0.6086767 ]
 [ 80.          37.16        17.777317     0.6136551 ]
 [ 81.          37.24        17.837547     0.6187603 ]
 [ 82.          36.16        17.851974     0.62433296]
 [ 83.          35.079998    17.921412     0.6305699 ]
 [ 84.          36.38        20.188662     0.63571274]
 [ 85.          36.18        19.493254     0.6411303 ]
 [ 86.          34.920002    20.362022     0.6465352 ]
 [ 87.          35.320004    20.213041     0.6518666 ]
 [ 88.          35.440002    20.516653     0.6572214 ]
 [ 89.          36.16        21.044666     0.66300035]
 [ 90.          36.52        21.145498     0.6687458 ]
 [ 91.          36.7         21.305515     0.6742552 ]
 [ 92.          37.52        21.446608     0.679709  ]
 [ 93.          39.079998    21.912485     0.6857132 ]
 [ 94.          39.16        21.862364     0.6919777 ]
 [ 95.          39.5         21.92681      0.69737357]
 [ 96.          39.620003    22.023668     0.70329875]
 [ 97.          38.84        20.927685     0.70871717]
 [ 98.          38.960003    20.888348     0.7138337 ]
 [ 99.          39.84        21.873112     0.71887696]
 [100.          39.9         21.673372     0.72415775]
 [101.          39.46        21.152729     0.72944516]
 [102.          39.100002    20.935974     0.7345657 ]
 [103.          38.760002    20.290834     0.73976463]
 [104.          38.94        20.29256      0.7448946 ]
 [105.          39.059998    20.266302     0.7496638 ]
 [106.          39.48        19.966146     0.7549399 ]
 [107.          39.920002    20.657856     0.7609062 ]
 [108.          39.5         21.229109     0.76546955]
 [109.          39.82        21.425148     0.7698613 ]
 [110.          40.02        21.42865      0.77399987]
 [111.          39.920002    21.407755     0.778388  ]
 [112.          39.600002    20.720642     0.7831205 ]
 [113.          40.08        20.557894     0.7868511 ]
 [114.          41.36        21.767363     0.79432845]
 [115.          41.060005    21.004953     0.7996571 ]
 [116.          41.359997    20.667196     0.8045063 ]
 [117.          41.66        20.402525     0.8085417 ]
 [118.          41.7         19.965971     0.8128559 ]
 [119.          41.38        19.795885     0.81786156]
 [120.          41.420002    19.508896     0.8220478 ]
 [121.          41.18        18.648378     0.8259533 ]
 [122.          46.28        19.056679     0.8295142 ]
 [123.          45.579998    18.026566     0.8330065 ]
 [124.          46.100002    17.927214     0.836912  ]
 [125.          46.52        17.685503     0.8404188 ]
 [126.          46.9         17.40704      0.844109  ]
 [127.          47.28        17.330233     0.84816694]
 [128.          47.74        17.489796     0.8518648 ]
 [129.          49.120003    18.439007     0.85537493]
 [130.          49.36        18.534912     0.8589153 ]
 [131.          49.46        18.718254     0.8624315 ]
 [132.          49.54        18.848158     0.86598074]
 [133.          49.52        18.918428     0.869541  ]
 [134.          49.579998    19.15599      0.87318754]
 [135.          46.640003    17.27145      0.8767695 ]
 [136.          46.7         17.35425      0.8804283 ]
 [137.          47.66        17.49137      0.8840195 ]
 [138.          47.780003    17.48119      0.8875235 ]
 [139.          47.960003    17.215199     0.89128464]
 [140.          48.120003    17.048225     0.89499044]
 [141.          48.120003    16.74028      0.89873755]
 [142.          48.040005    16.251707     0.9028608 ]
 [143.          48.28        16.149673     0.90644264]
 [144.          47.820004    16.518988     0.91002655]
 [145.          47.          16.405336     0.9136757 ]
 [146.          45.38        16.760578     0.9180021 ]
 [147.          46.54        17.846933     0.92297345]
 [148.          46.140003    17.584028     0.92683476]
 [149.          46.56        17.640097     0.9308111 ]
 [150.          46.260002    17.948065     0.9353514 ]
 [151.          43.98        19.198101     0.9396993 ]
 [152.          44.260002    18.81975      0.943849  ]
 [153.          44.440002    18.359278     0.9476412 ]
 [154.          44.          17.524267     0.9516887 ]
 [155.          43.940002    16.960337     0.9552299 ]
 [156.          46.02        16.502333     0.95865387]
 [157.          47.5         17.364044     0.96195763]
 [158.          48.96        15.491064     0.9652681 ]
 [159.          49.88        13.449239     0.96872085]
 [160.          47.04        15.292744     0.9720775 ]
 [161.          47.18        16.480202     0.975935  ]
 [162.          46.820004    16.593582     0.9807296 ]
 [163.          46.079998    16.904793     0.9840782 ]
 [164.          46.78        17.532455     0.9873776 ]
 [165.          46.56        17.47378      0.99064636]
 [166.          47.9         16.199228     0.99399865]
 [167.          48.          16.328962     0.9974309 ]
 [168.          48.08        16.567045     1.0007758 ]
 [169.          49.24        16.810652     1.0040814 ]
 [170.          50.16        16.97389      1.0074743 ]
 [171.          50.66        18.23069      1.0111094 ]
 [172.          52.24        17.542175     1.0146211 ]
 [173.          52.600002    17.956194     1.0180928 ]
 [174.          52.74        18.957664     1.0215818 ]
 [175.          52.9         19.499102     1.0258616 ]
 [176.          52.559998    20.143559     1.0294665 ]
 [177.          52.639996    21.31872      1.0349346 ]
 [178.          52.38        21.287483     1.039286  ]
 [179.          52.100002    21.209787     1.0431589 ]
 [180.          51.76        21.529352     1.0471734 ]
 [181.          51.219997    22.071632     1.050815  ]
 [182.          50.8         21.948463     1.0544558 ]
 [183.          51.059998    21.664557     1.0581759 ]
 [184.          56.74        19.13382      1.062087  ]
 [185.          56.44        20.534067     1.0658998 ]
 [186.          56.840004    20.596191     1.0697135 ]
 [187.          56.859997    20.431423     1.0737972 ]
 [188.          57.02        20.160406     1.0779936 ]
 [189.          56.579998    20.757696     1.0816777 ]
 [190.          56.26        20.439009     1.0853567 ]
 [191.          55.8         20.218433     1.0889634 ]
 [192.          55.72        20.447422     1.0929695 ]
 [193.          57.620003    16.684034     1.0966972 ]
 [194.          57.440002    16.321398     1.1006178 ]
 [195.          57.579998    15.915307     1.1042022 ]
 [196.          57.620003    15.786291     1.1078875 ]
 [197.          55.119995    19.877298     1.1115605 ]
 [198.          53.620003    18.898201     1.1152323 ]
 [199.          54.46        19.01402      1.1189077 ]
 [200.          53.28        18.798325     1.1226752 ]]
The best results: 
Epoch: 193  57.62±16.68  1.097s
--------------- Train Done! ----------------
