Using cuda:0 device
Dataset     :Pubmed
Epochs      :200
LR X_s      :0.01
Learn A_s   :0
LR A_s      :0.01
Conden ratio:1.0
Ridge       :0.5
Kernel      :SGNK
k           :2
L           :1
Seed        :5
The 1th Iteration:
--------------------------------------------------
The 2th Iteration:
--------------------------------------------------
The 3th Iteration:
--------------------------------------------------
The 4th Iteration:
--------------------------------------------------
The 5th Iteration:
--------------------------------------------------
[[  1.          48.100002     8.073103     0.49618563]
 [  2.          59.3          6.3245554    0.50755537]
 [  3.          65.14001      5.2557592    0.51551294]
 [  4.          67.96         4.748475     0.52794445]
 [  5.          69.48         4.283927     0.53754   ]
 [  6.          70.08         3.6175969    0.54794663]
 [  7.          70.82         3.2828317    0.556364  ]
 [  8.          71.14001      2.7682123    0.56459445]
 [  9.          71.42         2.4641433    0.57114   ]
 [ 10.          71.58001      1.9867057    0.5770628 ]
 [ 11.          71.66         1.5565971    0.58167976]
 [ 12.          71.52         1.6346279    0.5868477 ]
 [ 13.          71.68         1.4481021    0.59239596]
 [ 14.          71.700005     1.2144954    0.5968139 ]
 [ 15.          71.92         1.1166914    0.6026973 ]
 [ 16.          71.84         1.1216067    0.6084997 ]
 [ 17.          71.8          0.9380833    0.61438835]
 [ 18.          71.9          0.8803417    0.6199966 ]
 [ 19.          72.02         0.84970635   0.6251711 ]
 [ 20.          72.14001      0.9762155    0.63046515]
 [ 21.          72.159996     0.89330786   0.6358955 ]
 [ 22.          72.119995     0.9257448    0.6422402 ]
 [ 23.          72.020004     0.8843105    0.6489354 ]
 [ 24.          72.200005     0.87178236   0.6548318 ]
 [ 25.          72.200005     0.7874014    0.66195226]
 [ 26.          72.32         0.704982     0.6692145 ]
 [ 27.          72.18001      0.7791015    0.6769629 ]
 [ 28.          72.340004     0.86197513   0.68346006]
 [ 29.          72.36         0.7893015    0.6927635 ]
 [ 30.          72.200005     0.636396     0.7009422 ]
 [ 31.          72.18001      0.6099165    0.71446884]
 [ 32.          72.119995     0.653451     0.72254753]
 [ 33.          72.12         0.58480895   0.7358726 ]
 [ 34.          72.14001      0.559464     0.7469325 ]
 [ 35.          72.06         0.6465293    0.7589151 ]
 [ 36.          72.14001      0.56832945   0.7682023 ]
 [ 37.          72.119995     0.57619274   0.77668065]
 [ 38.          72.14         0.594138     0.78619707]
 [ 39.          72.08         0.6418714    0.79476285]
 [ 40.          72.04         0.6066274    0.8042435 ]
 [ 41.          71.96         0.58137834   0.81450427]
 [ 42.          71.920006     0.5718387    0.8248283 ]
 [ 43.          71.840004     0.5176841    0.8378205 ]
 [ 44.          71.880005     0.4549712    0.84885544]
 [ 45.          71.880005     0.54954255   0.8602992 ]
 [ 46.          71.82         0.5215387    0.87611943]
 [ 47.          71.78         0.5357256    0.89017624]
 [ 48.          71.840004     0.56391394   0.901536  ]
 [ 49.          71.8          0.5522658    0.9134537 ]
 [ 50.          71.76         0.4615162    0.9286364 ]
 [ 51.          71.78         0.4658343    0.9380113 ]
 [ 52.          71.86         0.43932068   0.94617397]
 [ 53.          71.92         0.44384575   0.9569974 ]
 [ 54.          72.06         0.5319759    0.9674759 ]
 [ 55.          72.159996     0.4979949    0.97572803]
 [ 56.          72.36         0.6348228    0.98260254]
 [ 57.          72.3          0.6244991    0.99198836]
 [ 58.          72.340004     0.6655802    1.0027698 ]
 [ 59.          72.38         0.7328039    1.0108155 ]
 [ 60.          72.36         0.61073345   1.0184535 ]
 [ 61.          72.46         0.5941362    1.0245104 ]
 [ 62.          72.46         0.60249513   1.0295055 ]
 [ 63.          72.380005     0.48166338   1.0352578 ]
 [ 64.          72.420006     0.5540755    1.042687  ]
 [ 65.          72.54         0.52249336   1.048829  ]
 [ 66.          72.659996     0.5319781    1.0563575 ]
 [ 67.          72.64001      0.5770616    1.0637242 ]
 [ 68.          72.76         0.5319781    1.0701054 ]
 [ 69.          72.76         0.46152017   1.0768098 ]
 [ 70.          72.86001      0.69137496   1.0850884 ]
 [ 71.          72.920006     0.50199664   1.0918188 ]
 [ 72.          73.060005     0.5504537    1.101531  ]
 [ 73.          73.12         0.6099165    1.1106087 ]
 [ 74.          73.340004     0.5941324    1.1209347 ]
 [ 75.          73.420006     0.56302965   1.1318731 ]
 [ 76.          73.6          0.5049768    1.1446402 ]
 [ 77.          73.48         0.41472977   1.1505712 ]
 [ 78.          73.9          0.39370164   1.1553878 ]
 [ 79.          73.96001      0.30495965   1.1626282 ]
 [ 80.          74.340004     0.45607173   1.1704702 ]
 [ 81.          74.64001      0.5594624    1.1780643 ]
 [ 82.          74.920006     0.66106194   1.1844937 ]
 [ 83.          75.4          0.43011886   1.1916691 ]
 [ 84.          75.22         0.7981236    1.2027146 ]
 [ 85.          75.08         1.3553591    1.2131264 ]
 [ 86.          76.4          1.1467348    1.224749  ]
 [ 87.          71.92         3.1499186    1.2328786 ]
 [ 88.          75.659996     1.7038211    1.2427585 ]
 [ 89.          74.700005     3.432927     1.2538728 ]
 [ 90.          74.46001      1.5915431    1.2632513 ]
 [ 91.          77.9          0.48476648   1.2735351 ]
 [ 92.          74.1          2.029778     1.2820501 ]
 [ 93.          76.200005     1.857419     1.2902392 ]
 [ 94.          76.520004     2.443768     1.2997124 ]
 [ 95.          77.71999      1.3917594    1.3123013 ]
 [ 96.          77.68001      0.75960416   1.317791  ]
 [ 97.          75.76         1.2095459    1.3242327 ]
 [ 98.          76.4          2.0248463    1.33012   ]
 [ 99.          78.           1.8587631    1.3347237 ]
 [100.          77.21999      0.8167023    1.3399583 ]
 [101.          75.8          2.9690084    1.3445452 ]
 [102.          70.920006     1.9005274    1.353739  ]
 [103.          76.520004     2.3721306    1.3603232 ]
 [104.          75.96         2.0427911    1.3668915 ]
 [105.          75.02001      2.5073853    1.3774203 ]
 [106.          73.579994     5.697983     1.3845822 ]
 [107.          73.86         3.8442173    1.3925238 ]
 [108.          75.82         1.19875      1.3999953 ]
 [109.          76.4          1.9506398    1.4072589 ]
 [110.          76.3          1.6046821    1.4155209 ]
 [111.          77.44         2.056209     1.4264725 ]
 [112.          75.36         3.473183     1.4372282 ]
 [113.          76.06         2.0452392    1.4495229 ]
 [114.          78.46001      0.3911521    1.45784   ]
 [115.          77.38         1.525449     1.4638304 ]
 [116.          77.76         0.6188692    1.4692535 ]
 [117.          76.920006     2.1229677    1.477116  ]
 [118.          77.159996     1.22597      1.4873306 ]
 [119.          75.76         1.441527     1.4964225 ]
 [120.          74.88         2.2286742    1.5079613 ]
 [121.          77.04         3.7152371    1.5143381 ]
 [122.          76.94         2.4089427    1.5214928 ]
 [123.          76.54         2.882362     1.5263329 ]
 [124.          75.8          5.600891     1.5308363 ]
 [125.          77.22         3.172855     1.5380249 ]
 [126.          77.26         0.9126888    1.5465994 ]
 [127.          73.46         5.9496193    1.5528314 ]
 [128.          75.78         3.0873911    1.5585766 ]
 [129.          76.54         2.0935605    1.5656843 ]
 [130.          76.34         4.9257464    1.5720112 ]
 [131.          77.74         1.0830507    1.5789174 ]
 [132.          76.71999      3.043353     1.5838724 ]
 [133.          77.12         1.584927     1.5892428 ]
 [134.          76.08         4.4217653    1.5966225 ]
 [135.          76.920006     2.454995     1.6028244 ]
 [136.          77.200005     0.9899486    1.6104481 ]
 [137.          77.020004     0.9959916    1.6218548 ]
 [138.          77.9          0.46904087   1.6322689 ]
 [139.          77.76         1.0139061    1.6396573 ]
 [140.          76.439995     2.648208     1.649524  ]
 [141.          77.200005     1.5540277    1.6576061 ]
 [142.          77.86         1.1458638    1.6658045 ]
 [143.          78.44         0.60663027   1.6764504 ]
 [144.          77.98         0.79812425   1.6877743 ]
 [145.          77.340004     1.3483331    1.7037201 ]
 [146.          75.42         2.6376104    1.7235215 ]
 [147.          73.340004     3.3523152    1.734034  ]
 [148.          75.18         1.9227564    1.7445818 ]
 [149.          75.3          4.7963524    1.750652  ]
 [150.          75.17999      4.640259     1.759539  ]
 [151.          78.02         1.3845606    1.7679462 ]
 [152.          77.78001      1.713768     1.774338  ]
 [153.          76.78         0.81055343   1.7812287 ]
 [154.          75.72         4.9292       1.793017  ]
 [155.          77.36001      1.6149325    1.8013391 ]
 [156.          76.740005     1.6024979    1.8104931 ]
 [157.          75.58001      2.6508503    1.8188641 ]
 [158.          74.78001      5.8139467    1.8276428 ]
 [159.          77.27999      1.3367894    1.8342997 ]
 [160.          77.700005     0.9974954    1.8429976 ]
 [161.          78.38         0.3114489    1.8544617 ]
 [162.          78.3          0.54772055   1.8659028 ]
 [163.          78.28001      1.2755402    1.8767918 ]
 [164.          77.9          0.484771     1.8879359 ]
 [165.          78.18         0.68337417   1.8942102 ]
 [166.          78.21999      0.56745005   1.9003159 ]
 [167.          77.08001      2.274204     1.9062821 ]
 [168.          75.159996     6.6413846    1.9125847 ]
 [169.          76.76         3.7480674    1.9200732 ]
 [170.          75.520004     3.0914392    1.9304581 ]
 [171.          77.4          1.140175     1.9369968 ]
 [172.          77.5          1.6896737    1.9468584 ]
 [173.          77.26         1.8105239    1.9564408 ]
 [174.          77.04         4.294531     1.9630982 ]
 [175.          77.6          2.4279625    1.9753897 ]
 [176.          76.82         0.8642926    1.9864839 ]
 [177.          75.58         2.0705097    1.9938147 ]
 [178.          75.020004     3.3093827    2.0023236 ]
 [179.          75.04         4.380979     2.0096815 ]
 [180.          77.32         0.87578505   2.0170765 ]
 [181.          76.840004     2.5026004    2.0231252 ]
 [182.          77.04         1.7213368    2.0295415 ]
 [183.          77.119995     3.4607778    2.0340097 ]
 [184.          77.1          3.0141325    2.0393522 ]
 [185.          77.74         1.092245     2.0456254 ]
 [186.          77.920006     0.50695133   2.0516922 ]
 [187.          76.76         1.5306872    2.0578928 ]
 [188.          78.14001      0.6107355    2.0653896 ]
 [189.          78.36         0.52249855   2.0722914 ]
 [190.          76.82         1.6976446    2.0799937 ]
 [191.          77.659996     2.3638926    2.0877645 ]
 [192.          77.56         1.4892944    2.0952363 ]
 [193.          77.32001      0.74632496   2.1008594 ]
 [194.          76.18001      3.8887       2.1054726 ]
 [195.          77.82         1.4307314    2.1117046 ]
 [196.          77.52         0.6833773    2.118518  ]
 [197.          78.06         0.6985731    2.1238916 ]
 [198.          76.36         2.3617773    2.1301107 ]
 [199.          76.58001      3.0202646    2.1389287 ]
 [200.          78.32         0.90939647   2.1458871 ]]
The best results: 
Epoch: 114  78.46±0.39  1.458s
--------------- Train Done! ----------------
--------------- Save Done! ----------------
