Using cuda:0 device
Dataset     :Citeseer
Epochs      :200
LR X_s      :0.01
Learn A_s   :0
LR A_s      :0.01
Conden ratio:0.25
Ridge       :10.0
Kernel      :SGNK
k           :1
L           :1
Seed        :5
The 1th Iteration:
--------------------------------------------------
The 2th Iteration:
--------------------------------------------------
The 3th Iteration:
--------------------------------------------------
The 4th Iteration:
--------------------------------------------------
The 5th Iteration:
--------------------------------------------------
[[  1.          19.6          2.7477255    0.49523073]
 [  2.          19.76         2.7969632    0.50107455]
 [  3.          20.84         2.4316657    0.5096633 ]
 [  4.          23.82         3.4795113    0.5193874 ]
 [  5.          23.859999     2.3839042    0.52575445]
 [  6.          23.6          2.8106945    0.53288937]
 [  7.          23.62         3.948671     0.53910404]
 [  8.          23.880001     4.6660476    0.5457999 ]
 [  9.          23.920002     5.3950906    0.5565484 ]
 [ 10.          24.160002     6.1929793    0.56586665]
 [ 11.          24.4          6.660705     0.5752148 ]
 [ 12.          24.619999     7.1124535    0.58667165]
 [ 13.          24.859999     7.4325633    0.5959105 ]
 [ 14.          25.2          7.727548     0.60546136]
 [ 15.          25.460001     7.801795     0.61348796]
 [ 16.          25.539999     7.7057123    0.62044495]
 [ 17.          25.679998     7.774124     0.6264982 ]
 [ 18.          25.9          7.8345394    0.63607526]
 [ 19.          26.220001     7.775089     0.64745   ]
 [ 20.          26.520002     7.7144012    0.6560143 ]
 [ 21.          26.86         7.743578     0.6616522 ]
 [ 22.          27.179998     7.6939583    0.66575855]
 [ 23.          27.539999     7.6025       0.6723961 ]
 [ 24.          27.88         7.6188574    0.6787689 ]
 [ 25.          28.220001     7.5204387    0.6830259 ]
 [ 26.          28.520002     7.6057215    0.6883081 ]
 [ 27.          28.9          7.5904546    0.6928729 ]
 [ 28.          29.160002     7.4607644    0.6996634 ]
 [ 29.          29.5          7.193747     0.70540816]
 [ 30.          29.88         6.9539194    0.7102255 ]
 [ 31.          30.14         6.840906     0.715686  ]
 [ 32.          30.58         6.5594974    0.72430915]
 [ 33.          30.88         6.413813     0.731694  ]
 [ 34.          31.300001     6.3059497    0.7390834 ]
 [ 35.          31.64         6.209508     0.74413663]
 [ 36.          32.24         6.073138     0.75072813]
 [ 37.          32.52         5.9369183    0.7562367 ]
 [ 38.          32.8          5.8664303    0.7613639 ]
 [ 39.          33.16         5.860289     0.7685072 ]
 [ 40.          33.4          5.9367495    0.77620554]
 [ 41.          33.8          5.894913     0.7897941 ]
 [ 42.          34.18         5.871286     0.80247325]
 [ 43.          34.66         5.6730065    0.8127696 ]
 [ 44.          34.78         5.5513062    0.8235373 ]
 [ 45.          35.18         5.575124     0.8372016 ]
 [ 46.          35.48         5.66895      0.8518252 ]
 [ 47.          36.08         5.792841     0.8664379 ]
 [ 48.          36.420002     5.7120047    0.8825264 ]
 [ 49.          36.760002     5.611862     0.89673823]
 [ 50.          37.24         5.716031     0.90703535]
 [ 51.          37.760002     5.832495     0.9133194 ]
 [ 52.          38.08         5.969255     0.92071265]
 [ 53.          38.460003     6.0644865    0.9272221 ]
 [ 54.          38.92         5.994331     0.9342203 ]
 [ 55.          39.4          5.888972     0.94370216]
 [ 56.          39.72         6.010158     0.95314705]
 [ 57.          40.14         5.9542418    0.96035767]
 [ 58.          40.7          5.821942     0.96749896]
 [ 59.          40.96         5.6914845    0.97709864]
 [ 60.          41.3          5.6643634    0.98605233]
 [ 61.          41.74         5.7587323    0.99712867]
 [ 62.          42.059998     5.913797     1.0041462 ]
 [ 63.          42.34         5.8722224    1.0114502 ]
 [ 64.          42.88         5.9310203    1.0214266 ]
 [ 65.          43.18         5.950798     1.0293738 ]
 [ 66.          43.559998     5.7842884    1.0363182 ]
 [ 67.          43.9          5.9464273    1.0454614 ]
 [ 68.          44.12         6.0478935    1.0512308 ]
 [ 69.          44.66         6.303412     1.0557593 ]
 [ 70.          45.18         6.3739314    1.0627805 ]
 [ 71.          45.540005     6.4060903    1.0689436 ]
 [ 72.          46.040005     6.457011     1.0751988 ]
 [ 73.          46.28         6.4056234    1.081251  ]
 [ 74.          46.54         6.3932004    1.0873358 ]
 [ 75.          46.960003     6.3645897    1.0915121 ]
 [ 76.          47.460003     6.391636     1.0972843 ]
 [ 77.          47.84         6.5175157    1.103678  ]
 [ 78.          48.2          6.560869     1.1118468 ]
 [ 79.          48.540005     6.65605      1.1209278 ]
 [ 80.          48.859997     6.727035     1.129837  ]
 [ 81.          49.28         6.660856     1.1400521 ]
 [ 82.          49.68         6.5059204    1.1487134 ]
 [ 83.          50.02         6.408745     1.1593819 ]
 [ 84.          50.48         6.0874467    1.1713177 ]
 [ 85.          50.74         6.0525193    1.1823056 ]
 [ 86.          51.08         5.957097     1.1926911 ]
 [ 87.          51.359997     5.86285      1.1987787 ]
 [ 88.          51.859997     5.795948     1.2061672 ]
 [ 89.          52.46         5.6650677    1.2137398 ]
 [ 90.          52.9          5.6404777    1.2203897 ]
 [ 91.          53.420002     5.770355     1.2255782 ]
 [ 92.          53.819996     5.7824726    1.2319447 ]
 [ 93.          54.340004     5.679613     1.2390604 ]
 [ 94.          54.600002     5.629831     1.2473947 ]
 [ 95.          54.9          5.517699     1.2549177 ]
 [ 96.          55.48         5.3138504    1.261787  ]
 [ 97.          55.96         5.1125345    1.2677084 ]
 [ 98.          56.619995     5.1794786    1.273893  ]
 [ 99.          57.140003     4.8696003    1.278888  ]
 [100.          57.68         4.485197     1.2859739 ]
 [101.          57.820004     4.4617248    1.2934675 ]
 [102.          58.319996     3.768554     1.2994101 ]
 [103.          58.859997     3.6101234    1.3059081 ]
 [104.          59.600002     3.3488803    1.3121632 ]
 [105.          60.080006     2.936324     1.3176743 ]
 [106.          60.52         2.9080918    1.3233491 ]
 [107.          61.059998     2.8553474    1.3302523 ]
 [108.          61.359997     3.0484436    1.3372344 ]
 [109.          61.620003     2.8534198    1.3435901 ]
 [110.          62.100002     2.47184      1.3503145 ]
 [111.          62.540005     2.311493     1.3566262 ]
 [112.          62.9          2.2416513    1.3653994 ]
 [113.          63.16         2.1208472    1.3730456 ]
 [114.          63.28         2.0717149    1.3782974 ]
 [115.          63.4          2.263847     1.3865479 ]
 [116.          63.5          1.9608669    1.3944497 ]
 [117.          63.579998     1.9816654    1.4053233 ]
 [118.          63.76         1.8981588    1.4160463 ]
 [119.          63.9          1.7190113    1.4260454 ]
 [120.          63.9          1.6155491    1.4354254 ]
 [121.          64.08         1.6902647    1.4448712 ]
 [122.          64.22         1.6961719    1.4534771 ]
 [123.          64.38         1.5990615    1.4614575 ]
 [124.          64.54         1.5372053    1.4679676 ]
 [125.          64.5          1.5280721    1.474108  ]
 [126.          64.72         1.3971417    1.4787836 ]
 [127.          64.76         1.3831118    1.4852917 ]
 [128.          64.98         1.281405     1.4896841 ]
 [129.          65.28         1.331166     1.4958147 ]
 [130.          65.6          1.232883     1.5033915 ]
 [131.          65.64001      1.2481973    1.5094553 ]
 [132.          65.68         1.130045     1.5161372 ]
 [133.          65.94         1.0064782    1.523033  ]
 [134.          66.020004     0.9628109    1.5283936 ]
 [135.          66.22         0.9731372    1.534795  ]
 [136.          66.5          0.951311     1.5403318 ]
 [137.          66.78001      1.0848953    1.547558  ]
 [138.          66.98         1.1344643    1.5538579 ]
 [139.          67.08         1.0568813    1.5625012 ]
 [140.          67.26         1.0237199    1.5677844 ]
 [141.          67.520004     1.0134127    1.5759984 ]
 [142.          67.54         1.0139049    1.5839701 ]
 [143.          67.86001      0.9633281    1.5899516 ]
 [144.          67.92         0.85264164   1.5965626 ]
 [145.          68.44         0.915424     1.6038697 ]
 [146.          68.1          0.848528     1.611496  ]
 [147.          69.1          0.94868046   1.6210979 ]
 [148.          68.68001      0.80436105   1.6284916 ]
 [149.          69.36         0.63874745   1.6348286 ]
 [150.          69.18001      0.97570497   1.6405137 ]
 [151.          69.340004     0.38470834   1.644458  ]
 [152.          69.58         1.255787     1.6493908 ]
 [153.          69.           0.9027762    1.6533568 ]
 [154.          70.36001      0.43358877   1.6592413 ]
 [155.          69.06         0.99899936   1.6643606 ]
 [156.          70.4          0.39370027   1.6712605 ]
 [157.          69.86001      0.8049849    1.6767393 ]
 [158.          68.76         1.2401626    1.6831493 ]
 [159.          70.700005     0.25495008   1.6899012 ]
 [160.          69.06         0.7569689    1.6980438 ]
 [161.          69.920006     0.9093967    1.7056767 ]
 [162.          70.54         1.3315425    1.7133198 ]
 [163.          68.68001      1.7555624    1.7229891 ]
 [164.          69.96         1.0430738    1.7314758 ]
 [165.          70.32         1.2833552    1.739336  ]
 [166.          66.560005     1.5899702    1.7469857 ]
 [167.          69.96         1.2817938    1.7587547 ]
 [168.          69.76         1.1081533    1.7711967 ]
 [169.          66.18         1.5401297    1.7839657 ]
 [170.          69.44         1.5372036    1.7975487 ]
 [171.          69.86         1.8201644    1.8077677 ]
 [172.          66.420006     1.1388623    1.814648  ]
 [173.          67.           2.2682567    1.8309273 ]
 [174.          68.64001      2.1732483    1.8418564 ]
 [175.          65.58         3.6670134    1.8493496 ]
 [176.          67.72         2.3134394    1.8590723 ]
 [177.          68.           3.014133     1.8670695 ]
 [178.          67.36001      1.167479     1.8765042 ]
 [179.          66.94         2.2467754    1.8849207 ]
 [180.          67.54         3.7474003    1.8936065 ]
 [181.          65.48         4.4347515    1.9038346 ]
 [182.          67.18001      2.5801144    1.9111664 ]
 [183.          67.94         2.1870084    1.9223915 ]
 [184.          65.62         3.748601     1.9303635 ]
 [185.          62.66         7.64284      1.9394616 ]
 [186.          68.1          2.1177812    1.9515578 ]
 [187.          66.14001      3.4982853    1.9617426 ]
 [188.          66.159996     2.3479786    1.974033  ]
 [189.          67.94         1.2501998    1.981018  ]
 [190.          67.920006     1.0616032    1.9885628 ]
 [191.          66.64001      2.5006013    1.9970051 ]
 [192.          66.340004     1.3849156    2.00409   ]
 [193.          65.78         2.8804493    2.0112836 ]
 [194.          67.240005     1.8187892    2.019458  ]
 [195.          66.48         2.4570303    2.026377  ]
 [196.          66.8          1.1113077    2.0362945 ]
 [197.          66.02         1.2716109    2.047867  ]
 [198.          66.98         1.1734543    2.054049  ]
 [199.          66.9          0.44721445   2.0614803 ]
 [200.          65.22         3.1602206    2.0727172 ]]
The best results: 
Epoch: 159  70.70±0.25  1.690s
--------------- Train Done! ----------------
--------------- Save Done! ----------------
