Using cuda:0 device
Dataset     :Citeseer
Epochs      :200
LR X_s      :0.01
Learn A_s   :0
LR A_s      :0.01
Conden ratio:0.25
Ridge       :5.0
Kernel      :SNTK
k           :5
L           :1
Seed        :5
The 1th Iteration:
--------------------------------------------------
The 2th Iteration:
--------------------------------------------------
The 3th Iteration:
--------------------------------------------------
The 4th Iteration:
--------------------------------------------------
The 5th Iteration:
--------------------------------------------------
[[  1.          17.039999     5.6469464    0.49190685]
 [  2.          15.280001     6.5354424    0.52922726]
 [  3.          15.5          6.2980165    0.56823105]
 [  4.          17.039999     6.662432     0.6076595 ]
 [  5.          15.580001     7.7105126    0.65019387]
 [  6.          16.1          7.857481     0.6922934 ]
 [  7.          16.320002     7.9700694    0.7381689 ]
 [  8.          16.7          8.2304325    0.7866267 ]
 [  9.          16.800001     8.312039     0.83231145]
 [ 10.          17.039999     8.528658     0.879303  ]
 [ 11.          17.26         8.751457     0.92532486]
 [ 12.          17.36         8.85991      0.9733853 ]
 [ 13.          17.460001     8.972625     1.0210212 ]
 [ 14.          17.480001     8.995666     1.0655199 ]
 [ 15.          17.380001     8.882116     1.10667   ]
 [ 16.          17.300001     8.794317     1.147513  ]
 [ 17.          17.300001     8.794317     1.185174  ]
 [ 18.          17.300001     8.789482     1.2233908 ]
 [ 19.          17.38         8.866059     1.2666823 ]
 [ 20.          17.359999     8.84466      1.3144567 ]
 [ 21.          17.34         8.823435     1.351878  ]
 [ 22.          17.34         8.823435     1.3887919 ]
 [ 23.          17.34         8.823435     1.4272051 ]
 [ 24.          17.32         8.802386     1.4662602 ]
 [ 25.          17.320002     8.796136     1.5053189 ]
 [ 26.          17.320002     8.796136     1.5448534 ]
 [ 27.          17.300001     8.77582      1.585455  ]
 [ 28.          17.300001     8.77582      1.6277161 ]
 [ 29.          17.28         8.755684     1.6708218 ]
 [ 30.          17.28         8.755684     1.716223  ]
 [ 31.          17.28         8.755684     1.767224  ]
 [ 32.          17.300001     8.77582      1.8130115 ]
 [ 33.          17.300001     8.77582      1.8590084 ]
 [ 34.          17.300001     8.77582      1.905625  ]
 [ 35.          17.28         8.755684     1.9516524 ]
 [ 36.          17.300001     8.77582      1.9992472 ]
 [ 37.          17.300001     8.77582      2.0432973 ]
 [ 38.          17.300001     8.77582      2.0900095 ]
 [ 39.          17.26         8.735731     2.12957   ]
 [ 40.          17.26         8.735731     2.1747887 ]
 [ 41.          17.26         8.735731     2.2206848 ]
 [ 42.          17.26         8.735731     2.2620692 ]
 [ 43.          17.26         8.735731     2.304439  ]
 [ 44.          17.26         8.735731     2.3445396 ]
 [ 45.          17.26         8.735731     2.3804407 ]
 [ 46.          17.26         8.735731     2.4250915 ]
 [ 47.          17.26         8.735731     2.464082  ]
 [ 48.          17.26         8.735731     2.5016882 ]
 [ 49.          17.28         8.708444     2.5452745 ]
 [ 50.          17.300001     8.634524     2.5903692 ]
 [ 51.          17.4          8.501765     2.6297774 ]
 [ 52.          17.5          8.372873     2.6697834 ]
 [ 53.          17.64         8.199268     2.7144692 ]
 [ 54.          17.84         7.9242034    2.762656  ]
 [ 55.          18.060001     7.691749     2.8062265 ]
 [ 56.          18.300001     7.466927     2.8474305 ]
 [ 57.          18.679998     7.1789274    2.8910215 ]
 [ 58.          19.           7.007496     2.9306438 ]
 [ 59.          19.32         6.8856378    2.9726121 ]
 [ 60.          19.779999     6.8444867    3.0199506 ]
 [ 61.          20.060001     6.929863     3.0673425 ]
 [ 62.          20.44         7.132532     3.1161528 ]
 [ 63.          20.520002     7.1872807    3.1639845 ]
 [ 64.          20.660002     7.292668     3.206042  ]
 [ 65.          20.660002     7.292668     3.248661  ]
 [ 66.          20.64         7.2768817    3.2898018 ]
 [ 67.          20.76         7.375162     3.332911  ]
 [ 68.          20.86         7.4634447    3.3760445 ]
 [ 69.          20.800001     7.4097915    3.421418  ]
 [ 70.          20.7          7.324957     3.4698906 ]
 [ 71.          20.74         7.114984     3.507565  ]
 [ 72.          20.960001     6.5056133    3.547238  ]
 [ 73.          21.340002     5.6624203    3.587045  ]
 [ 74.          21.820002     4.355112     3.6244113 ]
 [ 75.          22.34         3.0212586    3.666308  ]
 [ 76.          23.2          1.2942177    3.708059  ]
 [ 77.          23.720001     0.54497695   3.7528584 ]
 [ 78.          23.94         0.7368848    3.7918222 ]
 [ 79.          24.039999     0.91268784   3.8374348 ]
 [ 80.          24.14         1.1058929    3.8814073 ]
 [ 81.          24.18         1.2214748    3.9247346 ]
 [ 82.          24.060001     1.0876577    3.9655576 ]
 [ 83.          23.92         0.8757853    4.0092406 ]
 [ 84.          23.92         0.83486533   4.0565624 ]
 [ 85.          23.9          0.7937261    4.100531  ]
 [ 86.          23.82         0.6340347    4.1480947 ]
 [ 87.          23.84         0.5412953    4.19566   ]
 [ 88.          23.880003     0.5630283    4.2420096 ]
 [ 89.          23.86         0.5272575    4.287101  ]
 [ 90.          23.82         0.47644526   4.329239  ]
 [ 91.          23.78         0.40865663   4.3754573 ]
 [ 92.          23.76         0.37815416   4.4253793 ]
 [ 93.          23.74         0.35071403   4.468437  ]
 [ 94.          23.76         0.34351197   4.508419  ]
 [ 95.          23.84         0.37148416   4.5531273 ]
 [ 96.          23.86         0.33615476   4.591495  ]
 [ 97.          23.900002     0.3391174    4.6340795 ]
 [ 98.          23.94         0.2607681    4.6769824 ]
 [ 99.          23.960001     0.25099763   4.718692  ]
 [100.          23.96         0.25099736   4.7595663 ]
 [101.          24.02         0.4086562    4.8027725 ]
 [102.          24.02         0.36331767   4.846147  ]
 [103.          24.12         0.47644532   4.8848786 ]
 [104.          24.220001     0.5495454    4.925477  ]
 [105.          24.38         0.6379654    4.9703956 ]
 [106.          24.560001     0.73688465   5.012365  ]
 [107.          24.58         0.70498127   5.055857  ]
 [108.          24.800001     0.7745971    5.099109  ]
 [109.          25.           0.6284906    5.148376  ]
 [110.          25.14         0.7021392    5.19361   ]
 [111.          25.279999     0.8136332    5.237371  ]
 [112.          25.6          0.9192384    5.279227  ]
 [113.          25.679998     0.93648213   5.326032  ]
 [114.          25.62         0.8584876    5.367757  ]
 [115.          25.720001     0.78230435   5.408689  ]
 [116.          25.779999     0.7224958    5.450158  ]
 [117.          25.840002     0.7733045    5.4894867 ]
 [118.          25.7          0.53851664   5.531782  ]
 [119.          25.7          0.587367     5.5760245 ]
 [120.          25.420002     0.5449772    5.615965  ]
 [121.          25.1          0.70000005   5.659387  ]
 [122.          25.08         0.8642913    5.7011905 ]
 [123.          25.02         1.1031775    5.7429276 ]
 [124.          24.9          1.2529968    5.7829666 ]
 [125.          25.08         1.6192595    5.821429  ]
 [126.          25.26         1.8474307    5.862012  ]
 [127.          25.64         2.0403433    5.907634  ]
 [128.          26.300001     2.1260295    5.950757  ]
 [129.          26.720001     2.2297978    5.9958663 ]
 [130.          27.319998     2.4066572    6.040027  ]
 [131.          27.520002     2.4600816    6.084354  ]
 [132.          27.9          2.461707     6.130812  ]
 [133.          28.520002     2.1487207    6.1774797 ]
 [134.          29.22         1.7253983    6.22702   ]
 [135.          29.559998     1.7700282    6.272269  ]
 [136.          30.12         1.731185     6.3143983 ]
 [137.          30.58         1.8102485    6.3576345 ]
 [138.          31.14         1.5899677    6.402893  ]
 [139.          31.62         1.2637243    6.4494386 ]
 [140.          32.2          1.2083056    6.4946246 ]
 [141.          32.44         1.0990903    6.539417  ]
 [142.          32.72         1.2132605    6.580686  ]
 [143.          32.96         1.3315403    6.621878  ]
 [144.          33.320004     1.3026891    6.664846  ]
 [145.          33.72         1.1734563    6.7047477 ]
 [146.          33.960003     1.0830513    6.739222  ]
 [147.          34.260002     0.9813255    6.775824  ]
 [148.          34.48         0.91487694   6.814571  ]
 [149.          34.66         0.8443934    6.8578806 ]
 [150.          34.8          0.7348483    6.8981524 ]
 [151.          35.260006     0.85615367   6.936588  ]
 [152.          35.66         0.9607283    6.97837   ]
 [153.          35.820004     0.84380174   7.0178337 ]
 [154.          36.2          1.2165533    7.060019  ]
 [155.          36.840004     1.2421774    7.1043715 ]
 [156.          37.3          1.6093504    7.152069  ]
 [157.          38.04         1.8022223    7.195909  ]
 [158.          38.82         1.726847     7.241577  ]
 [159.          39.72         1.9460227    7.28892   ]
 [160.          40.7          1.9039435    7.336053  ]
 [161.          41.48         1.9537145    7.3831606 ]
 [162.          42.359997     1.761533     7.4280143 ]
 [163.          43.16         1.572576     7.474319  ]
 [164.          44.040005     1.9969978    7.518448  ]
 [165.          44.36         1.4909718    7.560399  ]
 [166.          45.2          1.7818534    7.600415  ]
 [167.          45.760002     1.8849401    7.63628   ]
 [168.          46.359997     1.9654524    7.678476  ]
 [169.          46.94         1.2759302    7.721405  ]
 [170.          47.700005     0.9721111    7.764965  ]
 [171.          47.460003     1.3427564    7.8045907 ]
 [172.          47.94         0.9964944    7.8463783 ]
 [173.          48.68         0.9311279    7.885202  ]
 [174.          48.460003     0.7092234    7.9274554 ]
 [175.          49.040005     0.642651     7.968146  ]
 [176.          49.420002     0.3898721    8.00703   ]
 [177.          49.26         1.0502363    8.049552  ]
 [178.          49.7          0.9137816    8.093515  ]
 [179.          50.180004     1.8539149    8.138263  ]
 [180.          50.4          1.632483     8.180717  ]
 [181.          50.94         1.5693958    8.223195  ]
 [182.          51.940002     3.3694203    8.267621  ]
 [183.          51.76         2.1663344    8.313296  ]
 [184.          53.600002     2.8178012    8.36012   ]
 [185.          53.940002     2.6015391    8.404488  ]
 [186.          52.7          2.6711433    8.451723  ]
 [187.          55.840004     3.5851073    8.497894  ]
 [188.          57.           1.2942162    8.544986  ]
 [189.          55.580006     2.0092292    8.596232  ]
 [190.          56.940002     2.7790272    8.6413555 ]
 [191.          58.280006     1.5319917    8.683574  ]
 [192.          58.3          1.9078783    8.728418  ]
 [193.          58.26         1.7529975    8.768098  ]
 [194.          59.239998     0.26076692   8.810149  ]
 [195.          59.359997     1.1823704    8.852207  ]
 [196.          59.600002     2.3302372    8.896123  ]
 [197.          59.580006     2.1370525    8.939103  ]
 [198.          58.620003     2.144062     8.982833  ]
 [199.          57.46         1.4943231    9.029235  ]
 [200.          59.340004     0.92897743   9.065629  ]]
The best results: 
Epoch: 196  59.60±2.33  8.896s
--------------- Train Done! ----------------
