Using cuda:0 device
Dataset     :Citeseer
Epochs      :200
LR X_s      :0.01
Learn A_s   :0
LR A_s      :0.01
Conden ratio:0.5
Ridge       :1.0
Kernel      :SGNK
k           :2
L           :1
Seed        :5
The 1th Iteration:
--------------------------------------------------
The 2th Iteration:
--------------------------------------------------
The 3th Iteration:
--------------------------------------------------
The 4th Iteration:
--------------------------------------------------
The 5th Iteration:
--------------------------------------------------
[[  1.          23.42         4.4262853    0.61236954]
 [  2.          31.220001     5.880221     0.6262532 ]
 [  3.          38.96         6.855873     0.6390755 ]
 [  4.          44.219997     6.478194     0.6499999 ]
 [  5.          48.94         6.5282464    0.65988547]
 [  6.          52.040005     5.8337812    0.6675471 ]
 [  7.          54.600002     5.3174253    0.6780545 ]
 [  8.          56.859997     4.598696     0.69044626]
 [  9.          58.040005     4.492549     0.70074147]
 [ 10.          59.059998     4.320068     0.7092175 ]
 [ 11.          60.           3.8749185    0.7171471 ]
 [ 12.          60.94         3.4362767    0.72779495]
 [ 13.          61.619995     3.4390395    0.7384207 ]
 [ 14.          62.140003     2.7573552    0.7504882 ]
 [ 15.          62.519997     2.6243083    0.7596235 ]
 [ 16.          62.840004     2.295212     0.77352446]
 [ 17.          63.079998     2.3784451    0.7836192 ]
 [ 18.          63.3          2.3674874    0.7943587 ]
 [ 19.          63.600002     2.2124662    0.8064793 ]
 [ 20.          63.859997     2.162868     0.8192801 ]
 [ 21.          64.1          2.0186636    0.8323712 ]
 [ 22.          64.44         2.05134      0.83824223]
 [ 23.          64.5          1.8479718    0.844425  ]
 [ 24.          64.6          1.8439081    0.8496935 ]
 [ 25.          64.88         1.4872789    0.8559276 ]
 [ 26.          65.1          1.3509254    0.8657627 ]
 [ 27.          65.36         1.0968126    0.8798933 ]
 [ 28.          65.6          0.99999875   0.88917446]
 [ 29.          65.86         0.89050263   0.89819825]
 [ 30.          65.9          0.91378      0.9080438 ]
 [ 31.          66.           1.0488062    0.9139587 ]
 [ 32.          66.06         0.9710819    0.92016125]
 [ 33.          66.14         0.9071982    0.92443514]
 [ 34.          66.380005     0.93648124   0.92877334]
 [ 35.          66.420006     0.8136327    0.9452076 ]
 [ 36.          66.6          0.6633217    0.9542023 ]
 [ 37.          66.58001      0.6300783    0.96635276]
 [ 38.          66.78         0.6180593    0.97686815]
 [ 39.          66.82         0.67230684   0.9843092 ]
 [ 40.          66.840004     0.84142774   0.9916917 ]
 [ 41.          66.9          0.8717782    0.9979829 ]
 [ 42.          67.06         0.9659187    1.0109613 ]
 [ 43.          67.200005     0.78740066   1.0157022 ]
 [ 44.          67.3          0.7106313    1.0263833 ]
 [ 45.          67.36         0.8792034    1.0377661 ]
 [ 46.          67.4          0.80311996   1.0459988 ]
 [ 47.          67.420006     0.7661554    1.0565766 ]
 [ 48.          67.579994     0.6457571    1.0685339 ]
 [ 49.          67.6          0.6519214    1.077824  ]
 [ 50.          67.8          0.6041513    1.0902631 ]
 [ 51.          67.92         0.53104025   1.1140554 ]
 [ 52.          68.14001      0.3507145    1.128426  ]
 [ 53.          68.16         0.46151718   1.1413379 ]
 [ 54.          68.159996     0.5272573    1.1479286 ]
 [ 55.          68.22         0.5263063    1.153304  ]
 [ 56.          68.44         0.51768714   1.1597311 ]
 [ 57.          68.48         0.48166212   1.165387  ]
 [ 58.          68.4          0.40000036   1.1706225 ]
 [ 59.          68.42         0.460435     1.1827202 ]
 [ 60.          68.54         0.3286326    1.1899842 ]
 [ 61.          68.659996     0.27928603   1.198758  ]
 [ 62.          68.82         0.29495832   1.2115856 ]
 [ 63.          68.9          0.30000123   1.2217251 ]
 [ 64.          69.08         0.28635707   1.2271729 ]
 [ 65.          69.18001      0.31144843   1.2371935 ]
 [ 66.          69.240005     0.48269975   1.2447875 ]
 [ 67.          69.420006     0.5630273    1.2500883 ]
 [ 68.          69.58         0.43243647   1.2577616 ]
 [ 69.          69.78001      0.59749603   1.2656142 ]
 [ 70.          69.98         0.5357253    1.2763082 ]
 [ 71.          70.26         0.5899146    1.2851925 ]
 [ 72.          70.380005     0.4658298    1.2945778 ]
 [ 73.          70.520004     0.56302404   1.3031456 ]
 [ 74.          70.700005     0.46368256   1.3128004 ]
 [ 75.          70.9          0.44721586   1.3227063 ]
 [ 76.          70.96         0.3646937    1.3345242 ]
 [ 77.          70.98         0.34205696   1.3443413 ]
 [ 78.          71.06         0.38470852   1.353081  ]
 [ 79.          71.1          0.4690405    1.359091  ]
 [ 80.          71.1          0.4795832    1.3646628 ]
 [ 81.          71.14         0.3974935    1.3720106 ]
 [ 82.          71.18         0.37013522   1.3788216 ]
 [ 83.          71.26         0.2509987    1.3900069 ]
 [ 84.          71.200005     0.47433808   1.4032061 ]
 [ 85.          71.26         0.4098803    1.4148659 ]
 [ 86.          71.18         0.43817806   1.4222212 ]
 [ 87.          71.24         0.5412927    1.4277552 ]
 [ 88.          71.12         0.6220931    1.4339253 ]
 [ 89.          71.           0.5873689    1.4429883 ]
 [ 90.          71.020004     0.47643992   1.4514292 ]
 [ 91.          71.04         0.2701861    1.4604036 ]
 [ 92.          71.12         0.3768278    1.4696728 ]
 [ 93.          71.26         0.40372527   1.4758644 ]
 [ 94.          71.32001      0.63007945   1.4856198 ]
 [ 95.          70.9          0.79687047   1.4981575 ]
 [ 96.          71.72         0.46043435   1.5184658 ]
 [ 97.          71.08001      0.4764426    1.526262  ]
 [ 98.          71.44         0.5458952    1.5353876 ]
 [ 99.          71.44         0.95812523   1.5452973 ]
 [100.          71.159996     1.0382675    1.5547757 ]
 [101.          71.420006     0.90939444   1.5622383 ]
 [102.          71.18001      0.93914795   1.572222  ]
 [103.          70.78         1.0568799    1.5791974 ]
 [104.          70.98         1.423729     1.588662  ]
 [105.          70.64001      1.5789254    1.5970589 ]
 [106.          70.58         1.2049896    1.604123  ]
 [107.          71.54         1.1282706    1.6117347 ]
 [108.          70.02         0.9338104    1.6183499 ]
 [109.          70.520004     0.9093937    1.6252432 ]
 [110.          71.12         0.39623323   1.6336406 ]
 [111.          68.700005     1.226785     1.6410893 ]
 [112.          70.54         1.8352108    1.6462288 ]
 [113.          70.21999      2.1158903    1.6510235 ]
 [114.          69.1          2.9924905    1.6589787 ]
 [115.          70.06         1.3390275    1.6690158 ]
 [116.          69.659996     0.9989991    1.6788044 ]
 [117.          69.28         0.5932962    1.6881841 ]
 [118.          69.76         2.1290855    1.6999247 ]
 [119.          69.560005     2.1663342    1.711245  ]
 [120.          69.32         0.9884328    1.7225798 ]
 [121.          68.56         3.030346     1.7326638 ]
 [122.          68.26         2.4244587    1.7433285 ]
 [123.          69.920006     1.6559005    1.752807  ]
 [124.          67.44         4.1289225    1.7655543 ]
 [125.          68.66         2.321207     1.7785234 ]
 [126.          68.04         1.730029     1.7865858 ]
 [127.          69.119995     2.228675     1.7971371 ]
 [128.          69.04         0.59832954   1.8087612 ]
 [129.          69.08001      0.6260982    1.816411  ]
 [130.          68.44         1.2218847    1.828158  ]
 [131.          68.86         0.4219012    1.8372096 ]
 [132.          68.98         0.5761955    1.8435444 ]
 [133.          69.200005     1.034407     1.8549458 ]
 [134.          68.18         2.0029998    1.8629223 ]
 [135.          68.420006     1.8700262    1.8733025 ]
 [136.          70.1          0.6244986    1.8846711 ]
 [137.          67.98         2.475278     1.8958749 ]
 [138.          68.06         1.4892957    1.9049679 ]
 [139.          68.5          1.0606582    1.9131724 ]
 [140.          67.56         1.6979383    1.9239963 ]
 [141.          68.28001      1.134463     1.9339135 ]
 [142.          67.659996     1.2641202    1.9430237 ]
 [143.          66.619995     2.4610984    1.9503899 ]
 [144.          69.06         0.712742     1.9604219 ]
 [145.          66.58001      1.9588261    1.9714774 ]
 [146.          68.82         1.86467      1.981411  ]
 [147.          68.14001      1.2541924    1.9894612 ]
 [148.          67.920006     1.156288     1.9970917 ]
 [149.          67.94         1.3501838    2.003512  ]
 [150.          69.119995     1.0109428    2.0096738 ]
 [151.          67.82         2.0290384    2.014893  ]
 [152.          68.56         0.795614     2.0218046 ]
 [153.          66.200005     5.3366656    2.030644  ]
 [154.          69.18         0.6457583    2.0406196 ]
 [155.          68.38         1.4855996    2.0588741 ]
 [156.          67.6          2.4849534    2.070662  ]
 [157.          68.700005     1.1269432    2.0846832 ]
 [158.          68.740005     1.1545563    2.0935345 ]
 [159.          68.54         1.1523901    2.1023617 ]
 [160.          68.619995     0.8467596    2.1120892 ]
 [161.          69.14         1.0526142    2.1238987 ]
 [162.          69.36         0.74363506   2.1332142 ]
 [163.          67.659996     3.219159     2.1426785 ]
 [164.          69.3          0.6324549    2.1564522 ]
 [165.          67.76         2.1835744    2.1748767 ]
 [166.          68.840004     0.82036287   2.1875112 ]
 [167.          68.38         1.0329565    2.2008522 ]
 [168.          68.42         0.8983326    2.2101429 ]
 [169.          68.96         0.8502919    2.2178116 ]
 [170.          68.9          0.707107     2.2271135 ]
 [171.          68.5          0.89442825   2.2376153 ]
 [172.          68.340004     0.8961041    2.2551603 ]
 [173.          68.26         1.0212734    2.266865  ]
 [174.          68.54         0.80187505   2.2776127 ]
 [175.          68.240005     0.7733055    2.287821  ]
 [176.          68.119995     0.90939575   2.2987626 ]
 [177.          68.3          0.992474     2.310619  ]
 [178.          68.38         0.90664      2.3225925 ]
 [179.          68.26         0.7635421    2.3323748 ]
 [180.          67.92         0.79498273   2.3441913 ]
 [181.          67.920006     0.7328029    2.3507507 ]
 [182.          67.78001      0.5585713    2.360752  ]
 [183.          67.9          0.7681106    2.3726366 ]
 [184.          67.68001      0.57619137   2.386649  ]
 [185.          67.6          0.2915512    2.396457  ]
 [186.          67.619995     0.6058032    2.4040935 ]
 [187.          67.68         0.6870209    2.4165251 ]
 [188.          67.560005     0.5770617    2.4260159 ]
 [189.          67.48         0.60580367   2.4336512 ]
 [190.          67.68001      0.73280716   2.4425645 ]
 [191.          67.9          0.8185328    2.4504886 ]
 [192.          67.76         0.8532318    2.465179  ]
 [193.          67.82         0.97570753   2.4754922 ]
 [194.          67.78         1.1054413    2.4841402 ]
 [195.          67.48         0.831867     2.491752  ]
 [196.          67.700005     0.717639     2.4991086 ]
 [197.          67.880005     0.84970826   2.5043886 ]
 [198.          67.94         0.96591914   2.5110688 ]
 [199.          67.82         0.83785546   2.5164654 ]
 [200.          67.920006     0.6978525    2.5259728 ]]
The best results: 
Epoch: 96  71.72±0.46  1.518s
--------------- Train Done! ----------------
--------------- Save Done! ----------------
