Using cuda:0 device
Dataset     :Citeseer
Epochs      :200
LR X_s      :0.01
Learn A_s   :0
LR A_s      :0.01
Conden ratio:0.25
Ridge       :0.01
Kernel      :SNTK
k           :1
L           :1
Seed        :5
The 1th Iteration:
--------------------------------------------------
The 2th Iteration:
--------------------------------------------------
The 3th Iteration:
--------------------------------------------------
The 4th Iteration:
--------------------------------------------------
The 5th Iteration:
--------------------------------------------------
[[  1.          18.560001     6.363804     0.44561574]
 [  2.          18.18         6.333009     0.48232332]
 [  3.          17.52         6.956795     0.52295667]
 [  4.          18.           7.4461403    0.5598151 ]
 [  5.          17.279999     7.2468615    0.5942911 ]
 [  6.          17.300001     6.948021     0.6324343 ]
 [  7.          17.68         6.799412     0.67231965]
 [  8.          18.44         6.788078     0.71295714]
 [  9.          19.14         6.7766514    0.7512186 ]
 [ 10.          19.94         6.774437     0.7879691 ]
 [ 11.          20.460001     6.686404     0.82554066]
 [ 12.          21.28         5.9276476    0.8601208 ]
 [ 13.          22.           5.0616198    0.89441746]
 [ 14.          22.880001     3.853829     0.92782634]
 [ 15.          23.42         2.9936602    0.967908  ]
 [ 16.          23.86         2.3340945    1.0064585 ]
 [ 17.          24.28         1.8308458    1.0441535 ]
 [ 18.          24.58         0.9471008    1.0822601 ]
 [ 19.          24.7          0.9565561    1.119462  ]
 [ 20.          24.68         0.9859008    1.1564616 ]
 [ 21.          24.7          0.78102523   1.196974  ]
 [ 22.          24.7          0.80311865   1.2325023 ]
 [ 23.          24.82         0.72594815   1.2688067 ]
 [ 24.          24.86         0.5770615    1.3070971 ]
 [ 25.          24.94         0.49799636   1.3524725 ]
 [ 26.          25.02         0.65726703   1.3939104 ]
 [ 27.          25.08         0.6610604    1.4350395 ]
 [ 28.          25.039999     0.4722281    1.4768275 ]
 [ 29.          25.100002     0.52440417   1.5158471 ]
 [ 30.          25.08         0.5403705    1.5561022 ]
 [ 31.          25.12         0.571839     1.593074  ]
 [ 32.          25.22         0.43817833   1.6293682 ]
 [ 33.          25.160002     0.41593277   1.6683323 ]
 [ 34.          25.300001     0.43011644   1.7051529 ]
 [ 35.          25.32         0.4549722    1.7429819 ]
 [ 36.          25.58         0.6300798    1.7767165 ]
 [ 37.          25.74         0.64265025   1.8092511 ]
 [ 38.          25.959997     0.75365794   1.8454663 ]
 [ 39.          26.300001     0.632456     1.8784579 ]
 [ 40.          26.48         0.6760179    1.9105141 ]
 [ 41.          26.88         0.6723097    1.9483376 ]
 [ 42.          27.279999     0.8584866    1.9860424 ]
 [ 43.          27.76         1.0014983    2.019907  ]
 [ 44.          27.920002     0.8584872    2.0541577 ]
 [ 45.          28.36         0.808084     2.0896862 ]
 [ 46.          28.800001     0.9974967    2.127028  ]
 [ 47.          29.320002     0.96540135   2.1637554 ]
 [ 48.          29.7          0.8514697    2.202036  ]
 [ 49.          30.12         1.0158738    2.2400565 ]
 [ 50.          30.420002     1.1476063    2.2789164 ]
 [ 51.          30.64         1.033441     2.3155837 ]
 [ 52.          30.9          1.0885763    2.3550968 ]
 [ 53.          31.380003     1.1166931    2.3966954 ]
 [ 54.          31.679998     1.1122055    2.4386497 ]
 [ 55.          32.18         1.1497824    2.4788227 ]
 [ 56.          32.72         1.3103441    2.5169268 ]
 [ 57.          33.18         1.1189286    2.5547898 ]
 [ 58.          33.7          1.046424     2.5926836 ]
 [ 59.          33.820004     0.84380025   2.6300843 ]
 [ 60.          34.18         0.9011106    2.670141  ]
 [ 61.          34.36         1.1171383    2.708965  ]
 [ 62.          34.320004     1.3423865    2.751495  ]
 [ 63.          34.34         1.5915402    2.78557   ]
 [ 64.          34.579998     1.6346257    2.819863  ]
 [ 65.          35.           1.8960482    2.8516963 ]
 [ 66.          35.34         2.0132067    2.8922842 ]
 [ 67.          35.84         2.0634918    2.929313  ]
 [ 68.          36.420002     2.1867785    2.9623673 ]
 [ 69.          37.4          2.3864188    3.0021408 ]
 [ 70.          38.3          2.3738148    3.0376654 ]
 [ 71.          39.24         2.7978551    3.0712383 ]
 [ 72.          40.559998     3.1197762    3.111221  ]
 [ 73.          42.3          3.7795508    3.149471  ]
 [ 74.          43.98         4.007119     3.1840444 ]
 [ 75.          45.34         4.2158046    3.2215085 ]
 [ 76.          46.920002     4.2693086    3.2576337 ]
 [ 77.          48.36         4.639288     3.2983854 ]
 [ 78.          49.600002     4.494441     3.3432374 ]
 [ 79.          50.980003     4.3871384    3.3855655 ]
 [ 80.          52.16         4.6090136    3.4292703 ]
 [ 81.          53.2          4.3777843    3.473941  ]
 [ 82.          54.079998     4.437568     3.517802  ]
 [ 83.          54.96         4.298024     3.5552907 ]
 [ 84.          55.7          4.115216     3.5947893 ]
 [ 85.          56.48         3.828446     3.6332417 ]
 [ 86.          57.3          3.637993     3.6686485 ]
 [ 87.          57.8          3.2984846    3.7080579 ]
 [ 88.          58.46         3.1317708    3.747364  ]
 [ 89.          58.8          2.6814184    3.780888  ]
 [ 90.          59.4          2.6201148    3.8127384 ]
 [ 91.          59.940002     2.589015     3.8509927 ]
 [ 92.          60.4          2.2627413    3.8809755 ]
 [ 93.          60.8          2.012462     3.9180126 ]
 [ 94.          61.239998     2.0132072    3.950322  ]
 [ 95.          61.640003     2.0119634    3.9850163 ]
 [ 96.          61.96         2.1384568    4.0137076 ]
 [ 97.          62.320004     1.7725704    4.04796   ]
 [ 98.          62.719997     1.6037451    4.0837493 ]
 [ 99.          63.040005     1.3427589    4.1217036 ]
 [100.          63.28         1.0545138    4.15566   ]
 [101.          64.           0.86890656   4.1910753 ]
 [102.          63.940002     0.65421647   4.2287135 ]
 [103.          64.64001      0.94762695   4.2643204 ]
 [104.          65.159996     1.0737777    4.301805  ]
 [105.          64.54         1.1081522    4.340291  ]
 [106.          65.3          1.4439522    4.3819685 ]
 [107.          66.46         0.5683306    4.4257755 ]
 [108.          65.46         0.83246714   4.4679565 ]
 [109.          66.32         1.362721     4.5075197 ]
 [110.          67.18001      0.7694182    4.546772  ]
 [111.          66.020004     0.90111035   4.5883155 ]
 [112.          67.340004     1.3722245    4.6249166 ]
 [113.          67.           1.7818513    4.6643085 ]
 [114.          66.46         1.6364603    4.705513  ]
 [115.          67.21999      1.1945691    4.749027  ]
 [116.          67.68         2.4201262    4.7861986 ]
 [117.          67.48         0.9203272    4.8264923 ]
 [118.          68.700005     0.98234665   4.8650293 ]
 [119.          66.44         2.8927486    4.9048576 ]
 [120.          66.920006     1.5139375    4.942918  ]
 [121.          68.26         1.238145     4.9821525 ]
 [122.          65.840004     1.6712247    5.0171566 ]
 [123.          66.62         1.3682066    5.0512805 ]
 [124.          68.26         1.6056151    5.089261  ]
 [125.          67.22         2.5781763    5.1214433 ]
 [126.          67.5          0.9513113    5.1586013 ]
 [127.          67.32         3.1172106    5.1954765 ]
 [128.          67.8          0.78740156   5.231384  ]
 [129.          65.22         3.616212     5.2672944 ]
 [130.          66.56         1.9073513    5.306339  ]
 [131.          66.560005     2.8395445    5.3441267 ]
 [132.          66.42         2.312358     5.3810973 ]
 [133.          67.200005     2.5109744    5.4179387 ]
 [134.          66.200005     2.1702516    5.452862  ]
 [135.          62.68         7.5403557    5.492275  ]
 [136.          67.54         1.1610345    5.525632  ]
 [137.          65.82         2.5371234    5.560028  ]
 [138.          62.100002     4.71699      5.5982165 ]
 [139.          65.5          3.8658762    5.634697  ]
 [140.          67.48         2.2731051    5.673511  ]
 [141.          62.639996     4.705105     5.716724  ]
 [142.          64.06         3.483245     5.7578654 ]
 [143.          65.68         2.9166758    5.7984796 ]
 [144.          66.44         3.243146     5.837092  ]
 [145.          65.36         2.870193     5.877502  ]
 [146.          65.64001      2.9185607    5.9127254 ]
 [147.          67.840004     0.87349707   5.9493074 ]
 [148.          66.36         1.9882122    5.987354  ]
 [149.          65.04         3.7447267    6.0309534 ]
 [150.          66.94         0.8988862    6.0696807 ]
 [151.          67.200005     2.5278442    6.1081686 ]
 [152.          65.740005     3.071319     6.1480174 ]
 [153.          65.66         2.1835756    6.1878047 ]
 [154.          66.920006     0.732801     6.222816  ]
 [155.          64.82         1.9690089    6.2575464 ]
 [156.          64.5          2.2147236    6.2928705 ]
 [157.          66.420006     1.4855947    6.323587  ]
 [158.          65.96         2.9245524    6.356334  ]
 [159.          65.5          2.395829     6.394294  ]
 [160.          63.440002     2.3922803    6.4298587 ]
 [161.          64.76         3.0046635    6.465895  ]
 [162.          66.340004     0.786128     6.5031676 ]
 [163.          65.340004     1.38311      6.5383525 ]
 [164.          65.82         1.864674     6.5715127 ]
 [165.          65.5          4.151507     6.61146   ]
 [166.          67.340004     1.3427575    6.650505  ]
 [167.          64.4          3.0265496    6.6871376 ]
 [168.          63.559998     3.496141     6.7268825 ]
 [169.          65.880005     2.3295918    6.7650223 ]
 [170.          65.5          2.4606907    6.8093276 ]
 [171.          65.740005     3.5458431    6.8461723 ]
 [172.          65.08         4.1408925    6.883392  ]
 [173.          63.940002     3.4253478    6.9219484 ]
 [174.          66.04         2.6632693    6.9579096 ]
 [175.          65.76         3.5338366    6.9962564 ]
 [176.          65.26         3.1149633    7.036138  ]
 [177.          65.740005     2.2963016    7.07155   ]
 [178.          64.740005     3.077012     7.1130204 ]
 [179.          65.76         0.9762197    7.1558166 ]
 [180.          66.8          2.6608267    7.196895  ]
 [181.          66.           1.9836835    7.233928  ]
 [182.          66.98         1.5238118    7.2727013 ]
 [183.          65.9          2.5238864    7.307757  ]
 [184.          65.64001      1.0597197    7.345525  ]
 [185.          66.5          1.4370095    7.3778048 ]
 [186.          67.48         1.6130722    7.410103  ]
 [187.          67.020004     1.666433     7.4477344 ]
 [188.          65.18001      0.8757866    7.4887238 ]
 [189.          65.82         0.66483194   7.5230827 ]
 [190.          64.98         3.1586385    7.561966  ]
 [191.          64.38         4.2375693    7.600235  ]
 [192.          65.62         1.4669737    7.6317306 ]
 [193.          66.200005     1.6170963    7.6678653 ]
 [194.          66.420006     2.2818828    7.7042146 ]
 [195.          63.3          5.744997     7.738498  ]
 [196.          65.52         1.8308469    7.773309  ]
 [197.          66.56         0.8142472    7.8073173 ]
 [198.          66.36         1.8187896    7.8490257 ]
 [199.          66.14001      1.9819179    7.8858933 ]
 [200.          65.68         2.0413241    7.928228  ]]
The best results: 
Epoch: 118  68.70±0.98  4.865s
--------------- Train Done! ----------------
