Using cuda:0 device
Dataset     :Citeseer
Epochs      :200
LR X_s      :0.01
Learn A_s   :0
LR A_s      :0.01
Conden ratio:1.0
Ridge       :0.01
Kernel      :SNTK
k           :2
L           :1
Seed        :5
The 1th Iteration:
--------------------------------------------------
The 2th Iteration:
--------------------------------------------------
The 3th Iteration:
--------------------------------------------------
The 4th Iteration:
--------------------------------------------------
The 5th Iteration:
--------------------------------------------------
[[  1.          17.039999     4.9907913    0.4495824 ]
 [  2.          21.460001     2.18472      0.4893182 ]
 [  3.          24.02         0.73280245   0.5319472 ]
 [  4.          24.26         0.37815315   0.57877064]
 [  5.          24.460001     0.33615452   0.6208481 ]
 [  6.          24.279999     0.30331436   0.6623599 ]
 [  7.          24.24         0.23021711   0.70011663]
 [  8.          24.200003     0.15811343   0.7415952 ]
 [  9.          24.24         0.13416345   0.784784  ]
 [ 10.          24.300001     0.07070994   0.82366484]
 [ 11.          24.380001     0.14832404   0.8620369 ]
 [ 12.          24.460001     0.16733187   0.9009948 ]
 [ 13.          24.44         0.25099757   0.9400986 ]
 [ 14.          24.42         0.28635573   0.98355085]
 [ 15.          24.38         0.29495698   1.0198469 ]
 [ 16.          24.420002     0.39623258   1.0623658 ]
 [ 17.          24.560001     0.37148386   1.1057577 ]
 [ 18.          24.74         0.5366567    1.1474602 ]
 [ 19.          24.9          0.561248     1.1897181 ]
 [ 20.          25.12         0.47644556   1.2362546 ]
 [ 21.          25.42         0.5761948    1.2813535 ]
 [ 22.          25.779999     0.58051723   1.3268685 ]
 [ 23.          26.160002     0.6503849    1.3700615 ]
 [ 24.          26.780003     1.094075     1.4124069 ]
 [ 25.          27.679998     1.6619265    1.4594055 ]
 [ 26.          28.060001     1.8338484    1.5019999 ]
 [ 27.          28.540003     1.6979393    1.5443314 ]
 [ 28.          29.160002     1.3758637    1.582619  ]
 [ 29.          29.659998     1.4432598    1.6221484 ]
 [ 30.          30.12         1.3553597    1.662167  ]
 [ 31.          30.6          1.2509993    1.7040303 ]
 [ 32.          30.86         1.0139036    1.7447954 ]
 [ 33.          31.24         1.3164347    1.7845687 ]
 [ 34.          31.640003     1.3575708    1.8256676 ]
 [ 35.          31.98         1.3535141    1.8589728 ]
 [ 36.          32.420002     1.3217412    1.898243  ]
 [ 37.          32.920002     1.0329578    1.9364146 ]
 [ 38.          33.359997     0.9316642    1.9760456 ]
 [ 39.          33.600002     0.9974975    2.0136626 ]
 [ 40.          33.78         0.9038802    2.0551605 ]
 [ 41.          34.02         0.77910113   2.0990884 ]
 [ 42.          33.920002     0.64961517   2.140104  ]
 [ 43.          34.16         0.66932696   2.1827664 ]
 [ 44.          34.139996     0.5366567    2.223725  ]
 [ 45.          34.34         0.676757     2.269467  ]
 [ 46.          34.420002     0.7661598    2.3162148 ]
 [ 47.          34.94         1.1058931    2.362601  ]
 [ 48.          35.2          1.1224974    2.4080951 ]
 [ 49.          35.7          1.1090541    2.4553888 ]
 [ 50.          36.14         1.2992305    2.5014236 ]
 [ 51.          36.78         1.2457927    2.5455291 ]
 [ 52.          37.24         1.143678     2.590786  ]
 [ 53.          37.84         1.0737778    2.63337   ]
 [ 54.          38.46         0.9964928    2.675191  ]
 [ 55.          39.04         1.1588788    2.7158465 ]
 [ 56.          39.5          0.9027745    2.7609818 ]
 [ 57.          40.           0.68190897   2.8012624 ]
 [ 58.          40.600002     0.75828826   2.844344  ]
 [ 59.          41.24         0.79561305   2.8867855 ]
 [ 60.          42.04         0.7266358    2.9300168 ]
 [ 61.          43.22         1.0207834    2.9744375 ]
 [ 62.          44.579998     1.1670483    3.0160594 ]
 [ 63.          46.32         1.1189272    3.0585895 ]
 [ 64.          47.8          1.2922847    3.1015382 ]
 [ 65.          49.719997     1.1166917    3.1432893 ]
 [ 66.          51.52         1.1519552    3.1865542 ]
 [ 67.          53.140003     0.90719306   3.2279797 ]
 [ 68.          54.559998     1.0899527    3.2673538 ]
 [ 69.          55.859997     0.6107378    3.3093114 ]
 [ 70.          56.8          0.42426428   3.355812  ]
 [ 71.          57.640003     0.43931803   3.397976  ]
 [ 72.          58.22         0.41472855   3.4410348 ]
 [ 73.          59.120003     0.3114478    3.4820855 ]
 [ 74.          59.640003     0.27928478   3.5231056 ]
 [ 75.          60.519997     0.22803287   3.569075  ]
 [ 76.          61.140003     0.35071295   3.6136582 ]
 [ 77.          61.98         0.37013412   3.6562088 ]
 [ 78.          62.540005     0.4722284    3.695697  ]
 [ 79.          63.26         0.343511     3.7320707 ]
 [ 80.          63.980007     0.4324357    3.7768219 ]
 [ 81.          64.38         0.5805169    3.8170273 ]
 [ 82.          64.740005     0.3781542    3.8561418 ]
 [ 83.          64.96         0.4277857    3.894163  ]
 [ 84.          65.3          0.4301168    3.9276016 ]
 [ 85.          65.72         0.268329     3.9698617 ]
 [ 86.          65.9          0.3937014    4.0105844 ]
 [ 87.          66.240005     0.15166102   4.0498123 ]
 [ 88.          66.48         0.3962342    4.08481   ]
 [ 89.          66.6          0.33911723   4.1225905 ]
 [ 90.          66.659996     0.62690115   4.1626296 ]
 [ 91.          66.740005     0.4335893    4.203781  ]
 [ 92.          66.92         0.22803108   4.2445645 ]
 [ 93.          67.200005     0.41833      4.2851906 ]
 [ 94.          67.26         0.32863227   4.3268676 ]
 [ 95.          66.8          0.6000039    4.3658776 ]
 [ 96.          66.9          0.76811427   4.4084687 ]
 [ 97.          67.76         0.62689465   4.450885  ]
 [ 98.          67.740005     0.81424814   4.49292   ]
 [ 99.          67.9          0.199999     4.535199  ]
 [100.          67.71999      0.5630283    4.57291   ]
 [101.          68.36         0.94233555   4.6190963 ]
 [102.          68.48         0.46583232   4.6614947 ]
 [103.          68.740005     0.8619751    4.702165  ]
 [104.          68.619995     0.3271089    4.7405357 ]
 [105.          69.159996     0.89888877   4.781572  ]
 [106.          68.32         0.6457562    4.822015  ]
 [107.          69.159996     0.87063      4.863711  ]
 [108.          69.86001      0.8905055    4.904062  ]
 [109.          69.060005     0.95812327   4.9429355 ]
 [110.          68.52         0.6833748    4.9802217 ]
 [111.          69.44         0.92086804   5.0140963 ]
 [112.          68.88         1.658917     5.050612  ]
 [113.          68.920006     0.6906521    5.091589  ]
 [114.          70.020004     0.967988     5.1324205 ]
 [115.          69.520004     0.9011119    5.169603  ]
 [116.          69.240005     1.2340971    5.204647  ]
 [117.          69.62         0.9705625    5.243328  ]
 [118.          69.979996     0.661059     5.2831936 ]
 [119.          69.26         0.80187356   5.3238525 ]
 [120.          69.27999      0.93648267   5.367729  ]
 [121.          69.1          1.0392284    5.4105234 ]
 [122.          67.92         1.4025002    5.45102   ]
 [123.          67.96001      1.4876149    5.49243   ]
 [124.          67.94         1.768614     5.5345826 ]
 [125.          67.94         1.7784823    5.5798225 ]
 [126.          67.700005     1.5443447    5.6222286 ]
 [127.          67.9          0.8154767    5.663485  ]
 [128.          67.1          1.3171961    5.709625  ]
 [129.          67.22         1.3553611    5.7515416 ]
 [130.          67.659996     1.2680689    5.7948275 ]
 [131.          67.48         1.1211587    5.8371563 ]
 [132.          67.020004     0.6870241    5.8772044 ]
 [133.          67.32         0.858487     5.91386   ]
 [134.          66.88         1.6254191    5.9521966 ]
 [135.          66.420006     1.4720727    5.990767  ]
 [136.          66.5          0.72801185   6.031752  ]
 [137.          66.659996     0.7197208    6.0739923 ]
 [138.          66.58         0.57619655   6.1162987 ]
 [139.          66.92         1.293056     6.158544  ]
 [140.          67.21999      1.3103436    6.198977  ]
 [141.          67.44         0.78294474   6.2371645 ]
 [142.          67.32         1.0894979    6.278913  ]
 [143.          66.92         1.6021873    6.3192415 ]
 [144.          66.9          1.1022717    6.356968  ]
 [145.          67.740005     1.0064794    6.3970017 ]
 [146.          67.44         1.0358555    6.439688  ]
 [147.          67.700005     0.9137823    6.483433  ]
 [148.          67.98         0.53572434   6.5284777 ]
 [149.          68.060005     0.598333     6.572784  ]
 [150.          68.04         0.86197406   6.6177077 ]
 [151.          68.44         0.41593373   6.665851  ]
 [152.          68.08001      0.98336214   6.7118545 ]
 [153.          68.1          0.6041517    6.7518816 ]
 [154.          67.9          0.4472156    6.7971454 ]
 [155.          68.32         0.28635597   6.844269  ]
 [156.          68.21999      0.4438435    6.8869257 ]
 [157.          68.54         0.81731194   6.927013  ]
 [158.          68.14001      0.77974385   6.965404  ]
 [159.          68.26         0.52249473   7.0120034 ]
 [160.          67.8          1.0559375    7.0540247 ]
 [161.          67.82         1.1861699    7.093857  ]
 [162.          67.78001      1.194571     7.132051  ]
 [163.          68.06         0.7536566    7.1744027 ]
 [164.          67.740005     0.5272574    7.215543  ]
 [165.          67.06         0.52249724   7.2594347 ]
 [166.          67.08         1.2617457    7.299839  ]
 [167.          67.72         1.4515507    7.3386397 ]
 [168.          68.28001      1.4131514    7.379304  ]
 [169.          68.76         1.0310168    7.4218903 ]
 [170.          68.38         1.3292838    7.4644175 ]
 [171.          67.96         1.0526153    7.5088778 ]
 [172.          67.71999      1.1344614    7.5536942 ]
 [173.          68.28         0.42661238   7.5963593 ]
 [174.          68.72         1.1519562    7.6423364 ]
 [175.          68.659996     1.2401624    7.683841  ]
 [176.          68.68001      1.5089768    7.7265563 ]
 [177.          68.82         1.0779595    7.7701006 ]
 [178.          68.48         1.1861719    7.812398  ]
 [179.          68.04         0.7300706    7.855523  ]
 [180.          68.06         0.58566344   7.8978233 ]
 [181.          68.3          0.4358874    7.941591  ]
 [182.          67.659996     1.4152683    7.981617  ]
 [183.          68.3          0.43011665   8.018538  ]
 [184.          68.240005     0.15165897   8.062154  ]
 [185.          67.58001      0.8105549    8.1027355 ]
 [186.          67.68         0.8871297    8.140176  ]
 [187.          67.8          1.3322922    8.180597  ]
 [188.          67.72         1.5578818    8.218043  ]
 [189.          68.240005     1.2198359    8.257686  ]
 [190.          67.98         1.1606061    8.298311  ]
 [191.          67.740005     1.0310186    8.344763  ]
 [192.          67.740005     1.19499      8.38028   ]
 [193.          67.82         1.0497643    8.421439  ]
 [194.          67.5          0.6819079    8.466598  ]
 [195.          67.54         0.9989971    8.509914  ]
 [196.          67.560005     0.9762181    8.551871  ]
 [197.          67.68         0.92303854   8.600565  ]
 [198.          67.78001      0.91214144   8.646735  ]
 [199.          67.8          1.0074706    8.690761  ]
 [200.          67.4          0.7035639    8.733049  ]]
The best results: 
Epoch: 114  70.02±0.97  5.132s
--------------- Train Done! ----------------
