Using cuda:0 device
Dataset     :Citeseer
Epochs      :200
LR X_s      :0.01
Learn A_s   :0
LR A_s      :0.01
Conden ratio:0.25
Ridge       :0.1
Kernel      :SNTK
k           :4
L           :1
Seed        :5
The 1th Iteration:
--------------------------------------------------
The 2th Iteration:
--------------------------------------------------
The 3th Iteration:
--------------------------------------------------
The 4th Iteration:
--------------------------------------------------
The 5th Iteration:
--------------------------------------------------
[[  1.          18.2          6.1465435    0.36967355]
 [  2.          20.14         7.202986     0.4007258 ]
 [  3.          18.           8.000313     0.4314497 ]
 [  4.          18.660002     7.0702195    0.46052217]
 [  5.          19.34         6.863527     0.48913285]
 [  6.          19.84         6.876991     0.523478  ]
 [  7.          20.44         7.132882     0.55118495]
 [  8.          20.859999     7.180042     0.5809385 ]
 [  9.          20.86         7.0528717    0.6113728 ]
 [ 10.          21.14         6.7222013    0.639494  ]
 [ 11.          22.039999     5.0162735    0.6664772 ]
 [ 12.          22.779999     3.510982     0.698735  ]
 [ 13.          23.160002     2.6206863    0.7308941 ]
 [ 14.          23.539999     1.6979403    0.7609875 ]
 [ 15.          23.96         0.7893035    0.7955455 ]
 [ 16.          24.300001     0.5916082    0.83284867]
 [ 17.          24.32         0.5630269    0.86826485]
 [ 18.          24.380001     0.6180616    0.9012119 ]
 [ 19.          24.36         0.6066302    0.9336178 ]
 [ 20.          24.380001     0.6220929    0.9681141 ]
 [ 21.          24.380003     0.5761946    0.9971887 ]
 [ 22.          24.520002     0.48682636   1.0320845 ]
 [ 23.          24.539999     0.45055476   1.0667496 ]
 [ 24.          24.58         0.5019956    1.0988384 ]
 [ 25.          24.58         0.54037017   1.1282122 ]
 [ 26.          24.62         0.6260993    1.1575998 ]
 [ 27.          24.6          0.62048453   1.1895741 ]
 [ 28.          24.64         0.5941386    1.2242731 ]
 [ 29.          24.720001     0.6058052    1.2613525 ]
 [ 30.          24.740002     0.65038496   1.3002806 ]
 [ 31.          24.779999     0.58051693   1.3292382 ]
 [ 32.          24.82         0.6140033    1.3603208 ]
 [ 33.          24.800001     0.6204835    1.3951588 ]
 [ 34.          24.880001     0.6140032    1.4267485 ]
 [ 35.          25.020002     0.68337375   1.4603206 ]
 [ 36.          25.039999     0.6693278    1.4886492 ]
 [ 37.          25.           0.7071067    1.5182688 ]
 [ 38.          24.980001     0.7293835    1.5499092 ]
 [ 39.          25.           0.7681148    1.5841373 ]
 [ 40.          25.08         0.6906521    1.6156845 ]
 [ 41.          25.039999     0.66932774   1.6511024 ]
 [ 42.          25.1          0.644205     1.6820883 ]
 [ 43.          25.22         0.55407554   1.7163237 ]
 [ 44.          25.279999     0.5674503    1.7512344 ]
 [ 45.          25.380003     0.47644553   1.7842137 ]
 [ 46.          25.44         0.40987796   1.8196995 ]
 [ 47.          25.36         0.3209366    1.8542948 ]
 [ 48.          25.52         0.46583235   1.8832287 ]
 [ 49.          25.759998     0.92357916   1.9168948 ]
 [ 50.          26.2          1.4212672    1.9491951 ]
 [ 51.          26.64         1.6712269    1.9822025 ]
 [ 52.          27.279999     1.6843395    2.0151176 ]
 [ 53.          28.160002     1.7372401    2.046933  ]
 [ 54.          29.300001     1.3729527    2.077386  ]
 [ 55.          29.84         1.1013628    2.111469  ]
 [ 56.          30.440002     0.79246473   2.1455925 ]
 [ 57.          31.020002     0.9148766    2.175366  ]
 [ 58.          31.800001     0.94868475   2.2115078 ]
 [ 59.          32.16         0.801873     2.2473314 ]
 [ 60.          32.8          0.60827696   2.282219  ]
 [ 61.          33.           0.81853664   2.313807  ]
 [ 62.          33.16         0.5770617    2.341888  ]
 [ 63.          33.420002     0.5019963    2.3693817 ]
 [ 64.          33.74         0.69137484   2.4000738 ]
 [ 65.          34.22         0.7529936    2.4332426 ]
 [ 66.          34.420002     1.1903776    2.4586704 ]
 [ 67.          34.54         1.474111     2.4921265 ]
 [ 68.          34.859997     1.7357999    2.5296369 ]
 [ 69.          35.28         1.887326     2.5614376 ]
 [ 70.          35.820004     2.221935     2.5960565 ]
 [ 71.          36.66         2.4006243    2.631251  ]
 [ 72.          37.26         2.4541817    2.6631923 ]
 [ 73.          38.040005     2.6034598    2.6895058 ]
 [ 74.          38.98         2.5173395    2.713894  ]
 [ 75.          40.079998     2.7949955    2.7445877 ]
 [ 76.          41.3          3.09435      2.7753766 ]
 [ 77.          42.420002     3.1300159    2.807327  ]
 [ 78.          43.52         3.6629226    2.837941  ]
 [ 79.          44.7          3.822957     2.8675342 ]
 [ 80.          45.68         3.8596635    2.9012592 ]
 [ 81.          46.52         3.5814803    2.9363453 ]
 [ 82.          47.46         3.3627377    2.9703383 ]
 [ 83.          48.600002     3.3578258    3.0021355 ]
 [ 84.          49.579998     3.352909     3.037258  ]
 [ 85.          50.620003     3.4017642    3.070175  ]
 [ 86.          51.46         3.416578     3.1019497 ]
 [ 87.          52.8          3.3815677    3.1342435 ]
 [ 88.          53.74         3.1429288    3.164421  ]
 [ 89.          54.66         2.6773121    3.2036736 ]
 [ 90.          55.540005     2.3426483    3.2359388 ]
 [ 91.          56.24         2.1442952    3.2655594 ]
 [ 92.          56.560005     1.9047308    3.2927258 ]
 [ 93.          56.9          1.8560715    3.321802  ]
 [ 94.          57.160004     1.7980545    3.3542595 ]
 [ 95.          57.600002     1.6628293    3.3872933 ]
 [ 96.          57.96         1.7910888    3.417841  ]
 [ 97.          58.420002     1.6946982    3.4480724 ]
 [ 98.          58.859997     1.4258324    3.482191  ]
 [ 99.          59.119995     1.4446461    3.5098846 ]
 [100.          59.559998     1.567801     3.5368812 ]
 [101.          59.840004     1.5404546    3.566995  ]
 [102.          60.340004     1.495994     3.6006782 ]
 [103.          60.940002     1.3408971    3.6262634 ]
 [104.          61.38         1.1476073    3.6552536 ]
 [105.          61.38         1.5927941    3.6858437 ]
 [106.          62.059998     0.9396793    3.715456  ]
 [107.          62.140003     1.1991673    3.75111   ]
 [108.          62.18         0.92032564   3.785631  ]
 [109.          63.079998     0.9418094    3.8213437 ]
 [110.          63.2          0.99999845   3.8582685 ]
 [111.          63.5          0.47434086   3.893065  ]
 [112.          63.860004     0.829458     3.9317684 ]
 [113.          64.020004     0.51186067   3.9622822 ]
 [114.          64.16         0.4449729    3.9915173 ]
 [115.          64.38         0.9909613    4.0234427 ]
 [116.          64.3          0.65191984   4.056812  ]
 [117.          64.52         0.24899682   4.089438  ]
 [118.          64.840004     1.0334417    4.1232376 ]
 [119.          65.28         1.2417748    4.1511917 ]
 [120.          65.5          0.32403857   4.1837335 ]
 [121.          65.58001      1.2853024    4.216352  ]
 [122.          66.1          1.093164     4.247963  ]
 [123.          67.3          1.541104     4.2760005 ]
 [124.          65.700005     1.2549934    4.3042717 ]
 [125.          67.060005     1.4363163    4.3269014 ]
 [126.          66.740005     1.1717504    4.3517113 ]
 [127.          66.340004     2.553037     4.38255   ]
 [128.          68.48         2.6109376    4.410482  ]
 [129.          68.18         1.3682102    4.4465575 ]
 [130.          65.740005     1.6697279    4.4759455 ]
 [131.          68.64         1.0502388    4.5052614 ]
 [132.          67.9          1.6477262    4.5368915 ]
 [133.          66.1          2.520912     4.5666404 ]
 [134.          68.72         1.6330973    4.5943313 ]
 [135.          67.659996     2.1858644    4.622551  ]
 [136.          66.06         3.158796     4.6525736 ]
 [137.          69.28         1.7340698    4.685783  ]
 [138.          67.18001      0.93648094   4.7242813 ]
 [139.          65.3          1.4577372    4.754887  ]
 [140.          67.88         2.038873     4.790548  ]
 [141.          68.240005     1.738674     4.8269672 ]
 [142.          66.           2.0149455    4.865617  ]
 [143.          67.54         2.3265846    4.9061017 ]
 [144.          68.8          2.4443808    4.9380145 ]
 [145.          68.08         2.0017493    4.9777846 ]
 [146.          67.14001      1.779886     5.0093474 ]
 [147.          68.94         1.3011526    5.040654  ]
 [148.          68.82001      0.649614     5.0783877 ]
 [149.          67.04         2.8254209    5.1122956 ]
 [150.          67.8          1.3038404    5.146788  ]
 [151.          68.58         1.100909     5.1791453 ]
 [152.          68.060005     2.2656105    5.20845   ]
 [153.          67.08001      1.9305425    5.234257  ]
 [154.          68.56         2.3222833    5.2677307 ]
 [155.          68.08001      2.3091118    5.297588  ]
 [156.          68.159996     1.5241388    5.3217063 ]
 [157.          65.82         2.1637905    5.3477397 ]
 [158.          65.56         2.9585476    5.375763  ]
 [159.          68.119995     1.5482222    5.4070616 ]
 [160.          66.020004     2.7752476    5.4411645 ]
 [161.          66.06         1.6727221    5.4709787 ]
 [162.          67.72         1.6724224    5.5035257 ]
 [163.          66.46         2.8165586    5.5383124 ]
 [164.          68.520004     2.6640193    5.5744753 ]
 [165.          69.200005     2.7083192    5.6083    ]
 [166.          67.4          2.0481727    5.6436906 ]
 [167.          66.82         2.5489233    5.6828933 ]
 [168.          66.479996     2.2465513    5.7216287 ]
 [169.          67.6          1.3546197    5.757709  ]
 [170.          67.68001      2.459064     5.7956643 ]
 [171.          68.56         2.197271     5.8304915 ]
 [172.          68.420006     1.4078351    5.8666077 ]
 [173.          66.86         4.24417      5.9004416 ]
 [174.          68.38         1.1882795    5.9362836 ]
 [175.          67.159996     1.5453156    5.9719424 ]
 [176.          67.3          1.4966646    6.0013275 ]
 [177.          67.3          1.7146397    6.033689  ]
 [178.          66.88         2.5123692    6.0576525 ]
 [179.          68.9          0.68919927   6.0876436 ]
 [180.          68.58         1.5674812    6.11601   ]
 [181.          66.3          1.606235     6.142395  ]
 [182.          66.240005     2.472448     6.170935  ]
 [183.          67.740005     0.91268677   6.1978145 ]
 [184.          66.5          2.1272042    6.2249055 ]
 [185.          65.26         2.5559728    6.2547035 ]
 [186.          65.5          2.609598     6.288882  ]
 [187.          63.48         5.9855666    6.3206835 ]
 [188.          63.879993     7.1071777    6.351729  ]
 [189.          65.58         1.7426993    6.381702  ]
 [190.          66.8          3.0894988    6.415363  ]
 [191.          68.38         1.05688      6.449524  ]
 [192.          68.76         1.6410357    6.4841866 ]
 [193.          68.46         1.8649404    6.521375  ]
 [194.          68.119995     2.5606635    6.5566797 ]
 [195.          67.420006     1.9357175    6.590238  ]
 [196.          67.56         0.9502637    6.6231027 ]
 [197.          67.060005     1.4046365    6.6548705 ]
 [198.          67.020004     2.2653933    6.688453  ]
 [199.          67.96         1.3221178    6.7206697 ]
 [200.          67.659996     1.6727207    6.755568  ]]
The best results: 
Epoch: 137  69.28±1.73  4.686s
--------------- Train Done! ----------------
