Using cuda:0 device
Dataset     :Citeseer
Epochs      :200
LR X_s      :0.01
Learn A_s   :0
LR A_s      :0.01
Conden ratio:0.25
Ridge       :0.01
Kernel      :SGNK
k           :1
L           :1
Seed        :5
The 1th Iteration:
--------------------------------------------------
The 2th Iteration:
--------------------------------------------------
The 3th Iteration:
--------------------------------------------------
The 4th Iteration:
--------------------------------------------------
The 5th Iteration:
--------------------------------------------------
[[  1.          21.800001     3.5679123    0.5552985 ]
 [  2.          27.759998     4.26298      0.56203145]
 [  3.          33.28         4.177559     0.56944054]
 [  4.          38.24         4.523605     0.57679504]
 [  5.          42.16         4.5092125    0.58201784]
 [  6.          45.48         4.6461797    0.58789814]
 [  7.          48.24         4.6554255    0.5934523 ]
 [  8.          50.340004     4.509767     0.5992438 ]
 [  9.          53.019997     4.574602     0.607707  ]
 [ 10.          54.620003     4.3648605    0.61685693]
 [ 11.          56.100002     4.362912     0.6294389 ]
 [ 12.          57.079998     4.3911276    0.63809323]
 [ 13.          58.040005     4.344306     0.64781445]
 [ 14.          58.600002     4.2807703    0.6583263 ]
 [ 15.          59.4          4.333015     0.6665721 ]
 [ 16.          60.22         4.299652     0.67614454]
 [ 17.          60.559998     4.244171     0.686911  ]
 [ 18.          61.100002     4.487761     0.69775933]
 [ 19.          61.440002     4.6166015    0.7071913 ]
 [ 20.          61.320004     4.5543385    0.71627396]
 [ 21.          61.52         4.4302373    0.7284995 ]
 [ 22.          62.02         4.383721     0.73778415]
 [ 23.          62.46         4.36898      0.7464563 ]
 [ 24.          62.480007     4.540043     0.7585561 ]
 [ 25.          63.059998     4.3489103    0.76933885]
 [ 26.          63.540005     4.134369     0.77987736]
 [ 27.          63.940002     3.8148396    0.7935074 ]
 [ 28.          64.159996     3.7017553    0.8035758 ]
 [ 29.          64.58         3.4593346    0.8128666 ]
 [ 30.          65.18         3.1236193    0.821661  ]
 [ 31.          65.240005     3.0810723    0.8282456 ]
 [ 32.          65.54         2.9330876    0.8349493 ]
 [ 33.          65.82         2.781545     0.8416899 ]
 [ 34.          66.200005     2.6786194    0.8502161 ]
 [ 35.          66.700005     2.234948     0.8595175 ]
 [ 36.          67.14001      2.1349475    0.8698245 ]
 [ 37.          67.44         1.7008845    0.87863797]
 [ 38.          67.98         1.7195917    0.89051324]
 [ 39.          68.28         1.7253958    0.90181124]
 [ 40.          68.340004     1.2739699    0.9121658 ]
 [ 41.          68.62         1.1077017    0.9212147 ]
 [ 42.          68.6          0.78102356   0.9310145 ]
 [ 43.          68.68001      0.80746305   0.94269985]
 [ 44.          68.98         0.6723086    0.949364  ]
 [ 45.          69.240005     0.6542163    0.95658153]
 [ 46.          69.119995     0.8318655    0.9621941 ]
 [ 47.          69.380005     0.75960535   0.9665974 ]
 [ 48.          69.700005     0.61237174   0.97102594]
 [ 49.          69.740005     0.61073697   0.9759669 ]
 [ 50.          70.02         0.6648315    0.9845156 ]
 [ 51.          69.98         0.6572673    0.99205685]
 [ 52.          70.08         0.704981     0.99801636]
 [ 53.          70.1          0.8306624    1.0026859 ]
 [ 54.          70.159996     0.5504536    1.0079464 ]
 [ 55.          70.420006     0.59749544   1.0119833 ]
 [ 56.          70.54         0.65421695   1.0168725 ]
 [ 57.          70.72         0.78549397   1.0227064 ]
 [ 58.          70.62         0.76616096   1.0285605 ]
 [ 59.          70.44         0.6107357    1.0336144 ]
 [ 60.          70.340004     0.68044055   1.0387839 ]
 [ 61.          70.32         0.7628902    1.0479935 ]
 [ 62.          70.420006     0.65726656   1.053739  ]
 [ 63.          70.32         0.54954433   1.0603207 ]
 [ 64.          70.380005     0.50199693   1.0690097 ]
 [ 65.          70.38         0.49193314   1.0788678 ]
 [ 66.          70.44         0.4335899    1.0873715 ]
 [ 67.          70.54         0.36469576   1.0953178 ]
 [ 68.          70.58001      0.25884524   1.1022319 ]
 [ 69.          70.740005     0.33615366   1.1099461 ]
 [ 70.          70.56         0.3781506    1.1177244 ]
 [ 71.          70.48         0.5403672    1.1233667 ]
 [ 72.          70.54         0.57271475   1.1305621 ]
 [ 73.          70.26         0.35071567   1.1398628 ]
 [ 74.          70.36         1.0064789    1.1454877 ]
 [ 75.          69.88         0.49193242   1.1526426 ]
 [ 76.          70.159996     0.76026225   1.1644384 ]
 [ 77.          70.399994     0.93005127   1.17549   ]
 [ 78.          69.71999      0.31144756   1.1906302 ]
 [ 79.          70.240005     0.59413606   1.2036334 ]
 [ 80.          69.88         0.516722     1.2129763 ]
 [ 81.          69.56         0.320936     1.221728  ]
 [ 82.          70.18001      0.8074669    1.2267488 ]
 [ 83.          69.58         0.68702257   1.2346185 ]
 [ 84.          69.76         0.24083099   1.2396958 ]
 [ 85.          69.939995     0.7536578    1.2467575 ]
 [ 86.          69.840004     1.207479     1.2522901 ]
 [ 87.          69.56         0.36469078   1.257349  ]
 [ 88.          69.88         0.5215377    1.2636874 ]
 [ 89.          68.98         0.65726805   1.2690586 ]
 [ 90.          70.18         1.3103431    1.2782121 ]
 [ 91.          68.520004     1.1432421    1.2876414 ]
 [ 92.          68.72         0.9148788    1.2958939 ]
 [ 93.          69.26         0.9099446    1.3054862 ]
 [ 94.          68.68001      1.3516649    1.3125509 ]
 [ 95.          68.54         1.0163666    1.3182467 ]
 [ 96.          68.6          0.8514695    1.3270868 ]
 [ 97.          68.659996     1.1545576    1.3376614 ]
 [ 98.          68.78         0.5761936    1.344281  ]
 [ 99.          68.54         0.86775446   1.3495903 ]
 [100.          68.6          0.77136517   1.356806  ]
 [101.          69.           0.79687124   1.3636962 ]
 [102.          68.04         0.92897946   1.3717431 ]
 [103.          68.86         0.55045354   1.3819932 ]
 [104.          68.44         0.27018383   1.391797  ]
 [105.          68.380005     0.21679537   1.3985697 ]
 [106.          68.22         0.71902734   1.4035752 ]
 [107.          68.94         0.6188682    1.4114681 ]
 [108.          68.36         0.62689716   1.4215717 ]
 [109.          68.54         0.15165552   1.4307817 ]
 [110.          68.54         0.77006364   1.4398683 ]
 [111.          68.520004     0.38987166   1.4483148 ]
 [112.          68.200005     0.58736813   1.4572234 ]
 [113.          68.04         0.1140158    1.4644642 ]
 [114.          68.520004     0.4438462    1.4725258 ]
 [115.          67.92         0.6300795    1.4810847 ]
 [116.          68.64001      0.86486876   1.4866763 ]
 [117.          67.96         0.5128386    1.4963909 ]
 [118.          68.17999      0.59749454   1.505557  ]
 [119.          68.200005     0.90277374   1.5132855 ]
 [120.          68.44         0.2302166    1.5205188 ]
 [121.          67.9          0.4582568    1.527521  ]
 [122.          68.3          0.4062015    1.5344836 ]
 [123.          67.8          0.40620348   1.5420939 ]
 [124.          68.46001      0.5412952    1.5518802 ]
 [125.          67.880005     0.62208927   1.5603129 ]
 [126.          68.           0.54772234   1.570216  ]
 [127.          68.06         0.6877511    1.580376  ]
 [128.          68.34         0.42778566   1.5865401 ]
 [129.          68.           0.33166143   1.5931594 ]
 [130.          67.920006     0.69065356   1.5991448 ]
 [131.          68.1          0.50990164   1.6067641 ]
 [132.          68.18         0.626098     1.617606  ]
 [133.          67.82         0.16431874   1.626878  ]
 [134.          67.71999      0.53572136   1.6396226 ]
 [135.          68.119995     0.80436236   1.6478552 ]
 [136.          67.82         0.39623126   1.6570415 ]
 [137.          68.           0.38079035   1.6658748 ]
 [138.          68.240005     0.46152085   1.6774056 ]
 [139.          68.           0.49497607   1.6858282 ]
 [140.          67.880005     0.4324347    1.6980885 ]
 [141.          68.020004     0.47644836   1.7163266 ]
 [142.          68.21999      0.24899833   1.7288742 ]
 [143.          67.96         0.279288     1.7426289 ]
 [144.          67.880005     0.14832364   1.7683128 ]
 [145.          67.78         0.51185936   1.7827466 ]
 [146.          67.82001      0.7886726    1.7940263 ]
 [147.          67.86001      0.5941401    1.8045666 ]
 [148.          67.96         0.5128353    1.817771  ]
 [149.          67.9          0.3240371    1.829163  ]
 [150.          67.98         0.41472757   1.8445266 ]
 [151.          68.12         0.42071483   1.8566637 ]
 [152.          67.94         0.31304985   1.8684479 ]
 [153.          68.           0.30000052   1.8819323 ]
 [154.          68.1          0.5099019    1.8944758 ]
 [155.          68.06         0.48270103   1.9060501 ]
 [156.          68.020004     0.40865687   1.9205128 ]
 [157.          68.08001      0.37013242   1.9294966 ]
 [158.          68.08         0.6180609    1.939011  ]
 [159.          67.96         0.32093555   1.9491943 ]
 [160.          67.979996     0.33466455   1.9594873 ]
 [161.          68.1          0.264574     1.9660854 ]
 [162.          68.1          0.46368146   1.9769264 ]
 [163.          67.9          0.49999744   1.9837849 ]
 [164.          68.           0.22361007   1.9889706 ]
 [165.          68.18         0.37013173   1.9967448 ]
 [166.          68.08001      0.414729     2.00473   ]
 [167.          68.08001      0.43817785   2.0146465 ]
 [168.          68.020004     0.35637093   2.0203216 ]
 [169.          67.98         0.4969889    2.0270526 ]
 [170.          68.020004     0.43817616   2.0404632 ]
 [171.          67.9          0.48476768   2.04858   ]
 [172.          67.94         0.4098792    2.057986  ]
 [173.          68.           0.2449468    2.0643938 ]
 [174.          68.           0.3535524    2.0742085 ]
 [175.          68.04         0.40987805   2.0798538 ]
 [176.          67.98         0.32710838   2.0926476 ]
 [177.          68.04         0.36469024   2.103255  ]
 [178.          68.           0.43011665   2.1117787 ]
 [179.          67.939995     0.36469197   2.1219957 ]
 [180.          67.920006     0.3114491    2.129524  ]
 [181.          67.96         0.39115104   2.1362755 ]
 [182.          67.98         0.35637093   2.1500542 ]
 [183.          67.920006     0.27748975   2.1590583 ]
 [184.          67.94         0.4098758    2.1718073 ]
 [185.          67.9          0.35355446   2.1896923 ]
 [186.          67.88         0.38987258   2.2020714 ]
 [187.          68.           0.34641102   2.2170591 ]
 [188.          67.98         0.37013498   2.2282026 ]
 [189.          67.82         0.3898741    2.2443902 ]
 [190.          67.840004     0.4393176    2.2587888 ]
 [191.          67.9          0.35355386   2.26872   ]
 [192.          67.92         0.35637122   2.2811494 ]
 [193.          67.9          0.3674248    2.2922127 ]
 [194.          67.880005     0.39623317   2.303383  ]
 [195.          67.9          0.33166376   2.3157556 ]
 [196.          67.94         0.4037312    2.3252864 ]
 [197.          67.96         0.37815234   2.3382678 ]
 [198.          67.92         0.42071214   2.3486848 ]
 [199.          67.86         0.41593286   2.3626223 ]
 [200.          67.840004     0.43358898   2.3749692 ]]
The best results: 
Epoch: 69  70.74±0.34  1.110s
--------------- Train Done! ----------------
--------------- Save Done! ----------------
