Using cuda:0 device
Dataset     :Citeseer
Epochs      :200
LR X_s      :0.01
Learn A_s   :0
LR A_s      :0.01
Conden ratio:1.0
Ridge       :1.0
Kernel      :SNTK
k           :1
L           :1
Seed        :5
The 1th Iteration:
--------------------------------------------------
The 2th Iteration:
--------------------------------------------------
The 3th Iteration:
--------------------------------------------------
The 4th Iteration:
--------------------------------------------------
The 5th Iteration:
--------------------------------------------------
[[  1.          15.92         7.7718725    0.46360332]
 [  2.          16.08         7.9402146    0.5057042 ]
 [  3.          16.5          8.105863     0.5483496 ]
 [  4.          17.94         9.25327      0.5912031 ]
 [  5.          18.12         9.050526     0.62951547]
 [  6.          18.22         7.50613      0.67592484]
 [  7.          19.420002     6.018056     0.71975297]
 [  8.          20.62         4.6381025    0.76018184]
 [  9.          22.1          2.859196     0.80292743]
 [ 10.          23.12         1.7711576    0.8445876 ]
 [ 11.          23.82         1.3663813    0.8862855 ]
 [ 12.          24.179998     0.9884338    0.92618465]
 [ 13.          24.44         0.8018731    0.97104543]
 [ 14.          24.62         0.7563067    1.0179142 ]
 [ 15.          24.76         0.80187273   1.0657437 ]
 [ 16.          24.679998     0.72594756   1.1114295 ]
 [ 17.          24.66         0.6730529    1.153546  ]
 [ 18.          24.62         0.6220931    1.1963533 ]
 [ 19.          24.74         0.66932815   1.2358779 ]
 [ 20.          24.84         0.70213944   1.278428  ]
 [ 21.          24.82         0.653452     1.3193272 ]
 [ 22.          24.84         0.6804408    1.3703965 ]
 [ 23.          24.9          0.68920267   1.4139515 ]
 [ 24.          25.000002     0.6284902    1.4552029 ]
 [ 25.          25.020002     0.65726656   1.4960601 ]
 [ 26.          25.1          0.6204837    1.5411683 ]
 [ 27.          25.160002     0.65802747   1.5859734 ]
 [ 28.          25.2          0.69641966   1.6250967 ]
 [ 29.          25.16         0.65038437   1.665761  ]
 [ 30.          25.18         0.63007927   1.7071091 ]
 [ 31.          25.28         0.6058056    1.7507979 ]
 [ 32.          25.300001     0.6442047    1.7961241 ]
 [ 33.          25.300001     0.58736706   1.8373181 ]
 [ 34.          25.300001     0.6442047    1.8801428 ]
 [ 35.          25.34         0.7368851    1.9210999 ]
 [ 36.          25.36         0.66558206   1.9705353 ]
 [ 37.          25.340002     0.6693283    2.0106044 ]
 [ 38.          25.340002     0.6693283    2.0513222 ]
 [ 39.          25.5          0.8031194    2.0936956 ]
 [ 40.          25.6          0.7745974    2.1337879 ]
 [ 41.          25.74         0.6348229    2.1770833 ]
 [ 42.          26.           0.60415286   2.2183778 ]
 [ 43.          26.179998     0.61400354   2.2633276 ]
 [ 44.          26.359999     0.7368856    2.3056247 ]
 [ 45.          26.540003     0.8443931    2.348296  ]
 [ 46.          26.74         0.95550984   2.3903942 ]
 [ 47.          26.98         1.130044     2.4327972 ]
 [ 48.          27.2          1.2349089    2.479616  ]
 [ 49.          27.460001     1.4363143    2.5243652 ]
 [ 50.          27.779999     1.7079232    2.5722713 ]
 [ 51.          28.2          1.7044059    2.618495  ]
 [ 52.          28.5          1.873499     2.6660879 ]
 [ 53.          28.98         1.7767949    2.7133787 ]
 [ 54.          29.240004     1.755847     2.7592356 ]
 [ 55.          29.5          1.8096964    2.8060102 ]
 [ 56.          29.76         1.9346834    2.8530643 ]
 [ 57.          30.           1.8828168    2.8989906 ]
 [ 58.          30.48         1.8349391    2.9440894 ]
 [ 59.          30.98         1.8376615    2.9880464 ]
 [ 60.          31.64         1.6318692    3.0309026 ]
 [ 61.          31.820002     1.554671     3.0719788 ]
 [ 62.          32.18         1.5254506    3.1135776 ]
 [ 63.          32.4          1.6170969    3.1597278 ]
 [ 64.          32.579998     1.5801904    3.2013466 ]
 [ 65.          32.600002     1.6446894    3.2415066 ]
 [ 66.          32.859997     1.7558473    3.2819836 ]
 [ 67.          33.14         1.7529964    3.325489  ]
 [ 68.          33.14         1.5709876    3.3696034 ]
 [ 69.          33.620003     1.5006665    3.4171448 ]
 [ 70.          33.859997     1.4758042    3.46218   ]
 [ 71.          33.88         1.6739185    3.5045955 ]
 [ 72.          34.22         1.7166836    3.5516267 ]
 [ 73.          34.52         1.8753655    3.5940225 ]
 [ 74.          34.9          1.7621007    3.6370988 ]
 [ 75.          35.34         1.8555325    3.6811135 ]
 [ 76.          35.88         1.6053036    3.724385  ]
 [ 77.          36.420002     1.7498572    3.767105  ]
 [ 78.          37.059998     2.069541     3.8109207 ]
 [ 79.          38.320004     2.3594499    3.8525674 ]
 [ 80.          39.52         3.082531     3.8966522 ]
 [ 81.          41.38         3.378905     3.9411163 ]
 [ 82.          43.56         3.4825273    3.9855828 ]
 [ 83.          45.480003     3.3818624    4.0278955 ]
 [ 84.          47.320004     3.352909     4.0756125 ]
 [ 85.          49.5          3.3158708    4.120487  ]
 [ 86.          51.100002     3.2596018    4.1655345 ]
 [ 87.          52.4          3.2695563    4.212303  ]
 [ 88.          53.540005     3.253153     4.2599955 ]
 [ 89.          54.840004     3.2508464    4.3042107 ]
 [ 90.          55.940002     3.2354295    4.3443694 ]
 [ 91.          57.059998     3.0541766    4.3879848 ]
 [ 92.          57.76         3.0713186    4.432117  ]
 [ 93.          58.080006     3.0069928    4.479931  ]
 [ 94.          58.540005     2.7336793    4.5238094 ]
 [ 95.          59.320004     2.3231432    4.569034  ]
 [ 96.          59.96         2.028053     4.6151114 ]
 [ 97.          60.639996     1.4976658    4.657894  ]
 [ 98.          61.180004     1.4601374    4.701547  ]
 [ 99.          61.74         1.4135056    4.7461576 ]
 [100.          62.680004     1.6739186    4.7887774 ]
 [101.          63.140003     1.6425607    4.8326335 ]
 [102.          63.66         1.7008811    4.878373  ]
 [103.          63.820004     1.3953508    4.9254203 ]
 [104.          64.08         1.3773165    4.972258  ]
 [105.          64.48         1.4703742    5.0138307 ]
 [106.          64.64001      1.3867218    5.0594773 ]
 [107.          64.9          1.1180354    5.0997186 ]
 [108.          65.200005     1.0535644    5.147696  ]
 [109.          65.4          1.0931616    5.1921654 ]
 [110.          65.659996     1.1458604    5.232334  ]
 [111.          65.96         1.0454692    5.272912  ]
 [112.          66.08         1.0963547    5.317945  ]
 [113.          66.119995     1.325513     5.3633432 ]
 [114.          66.26         1.4028527    5.405932  ]
 [115.          66.38         1.6932226    5.4522033 ]
 [116.          66.44         1.6040528    5.497713  ]
 [117.          66.380005     2.047441     5.544559  ]
 [118.          67.           0.9617706    5.5885377 ]
 [119.          66.42         1.7005931    5.633431  ]
 [120.          66.48         1.4446473    5.6800637 ]
 [121.          67.38         0.86139244   5.7207694 ]
 [122.          66.78         1.7268466    5.762354  ]
 [123.          66.3          1.3765898    5.8086257 ]
 [124.          67.38         0.8526433    5.854718  ]
 [125.          67.56         1.6425573    5.8995104 ]
 [126.          67.58         1.5023342    5.9455504 ]
 [127.          67.04         1.1907996    5.989302  ]
 [128.          68.240005     1.0310215    6.035393  ]
 [129.          67.08001      1.14324      6.0817065 ]
 [130.          68.14         0.864866     6.1265664 ]
 [131.          67.62         0.676018     6.1731124 ]
 [132.          68.06         1.238143     6.2160006 ]
 [133.          67.659996     1.238144     6.259654  ]
 [134.          67.700005     1.9583142    6.2999573 ]
 [135.          67.520004     1.1882777    6.3476763 ]
 [136.          67.6          1.6340123    6.3896346 ]
 [137.          67.78001      3.7851024    6.4309793 ]
 [138.          67.68001      2.765322     6.472287  ]
 [139.          67.14001      1.5693945    6.517225  ]
 [140.          66.659996     3.0319977    6.5594635 ]
 [141.          68.119995     1.6177164    6.59901   ]
 [142.          67.700005     1.7248175    6.638677  ]
 [143.          68.159996     1.9138968    6.6838603 ]
 [144.          68.28         1.3590415    6.725273  ]
 [145.          67.3          1.8920903    6.770368  ]
 [146.          66.68         1.4342225    6.815892  ]
 [147.          66.54         2.8324893    6.8594193 ]
 [148.          66.1          2.4392633    6.9049096 ]
 [149.          64.8          2.6019216    6.9565277 ]
 [150.          62.96         6.05665      6.999335  ]
 [151.          65.98         4.113634     7.0415087 ]
 [152.          66.380005     3.041709     7.0871058 ]
 [153.          64.94         3.932304     7.134935  ]
 [154.          66.32         1.1966614    7.1782985 ]
 [155.          65.62         1.9357178    7.223554  ]
 [156.          64.98         3.73457      7.2704782 ]
 [157.          66.62         1.7598302    7.312346  ]
 [158.          67.18         1.0059813    7.357231  ]
 [159.          66.62         2.6780586    7.401909  ]
 [160.          67.08         1.4289843    7.446016  ]
 [161.          65.76         4.780483     7.48867   ]
 [162.          64.64001      2.1196702    7.533485  ]
 [163.          66.           3.6013877    7.576468  ]
 [164.          66.54         1.9679948    7.6189113 ]
 [165.          66.14001      2.6415899    7.662165  ]
 [166.          66.4          2.4341326    7.70049   ]
 [167.          65.52         2.5994253    7.740059  ]
 [168.          65.82         2.2873564    7.7808    ]
 [169.          66.44         0.41593364   7.821895  ]
 [170.          66.46         2.7600732    7.867927  ]
 [171.          66.920006     1.5674816    7.9106326 ]
 [172.          66.1          2.316248     7.955841  ]
 [173.          67.04         2.6434793    8.001521  ]
 [174.          67.94         1.1458647    8.048291  ]
 [175.          66.76         1.3794936    8.092165  ]
 [176.          63.72         3.528033     8.140197  ]
 [177.          63.560005     4.766865     8.187342  ]
 [178.          65.740005     2.7582588    8.229639  ]
 [179.          61.859997     9.358577     8.270771  ]
 [180.          65.3          1.9786366    8.31043   ]
 [181.          65.58         1.8376595    8.352701  ]
 [182.          65.04         2.5165465    8.395086  ]
 [183.          63.98         3.570294     8.437987  ]
 [184.          67.159996     1.8201671    8.480536  ]
 [185.          67.18         1.9395893    8.5218935 ]
 [186.          65.78         1.6483326    8.563743  ]
 [187.          65.56         1.6905617    8.604491  ]
 [188.          66.82         1.6769032    8.644213  ]
 [189.          66.8          2.8521914    8.684752  ]
 [190.          66.96         3.0046647    8.726281  ]
 [191.          66.68         2.024104     8.769427  ]
 [192.          66.340004     1.6561992    8.812099  ]
 [193.          66.3          1.6431688    8.853299  ]
 [194.          64.58         3.628636     8.900344  ]
 [195.          64.68         3.907939     8.943291  ]
 [196.          67.48         1.0568814    8.988033  ]
 [197.          67.46         1.94628      9.035956  ]
 [198.          65.44         4.229421     9.078646  ]
 [199.          66.920006     1.6902667    9.120793  ]
 [200.          67.200005     1.5280713    9.167791  ]]
The best results: 
Epoch: 144  68.28±1.36  6.725s
--------------- Train Done! ----------------
