Using cuda:0 device
Dataset     :Citeseer
Epochs      :200
LR X_s      :0.01
Learn A_s   :0
LR A_s      :0.01
Conden ratio:1.0
Ridge       :0.5
Kernel      :SGNK
k           :2
L           :1
Seed        :5
The 1th Iteration:
--------------------------------------------------
The 2th Iteration:
--------------------------------------------------
The 3th Iteration:
--------------------------------------------------
The 4th Iteration:
--------------------------------------------------
The 5th Iteration:
--------------------------------------------------
[[  1.          30.44         4.048827     0.43177244]
 [  2.          43.620003     4.327471     0.44111943]
 [  3.          51.940002     3.599027     0.44849586]
 [  4.          57.22         3.5428803    0.4578486 ]
 [  5.          59.88         3.2437637    0.4661644 ]
 [  6.          61.72         2.7417157    0.47444722]
 [  7.          62.619995     2.4813297    0.48281416]
 [  8.          63.600002     2.1920319    0.49012658]
 [  9.          64.12         1.8952565    0.5001806 ]
 [ 10.          64.56         1.5420777    0.5100631 ]
 [ 11.          65.020004     1.4289838    0.5254128 ]
 [ 12.          65.3          1.2609532    0.542129  ]
 [ 13.          65.58         1.2275991    0.5583269 ]
 [ 14.          65.86         1.0212725    0.56635666]
 [ 15.          66.12         1.0848974    0.5749919 ]
 [ 16.          66.46         0.98893785   0.5886468 ]
 [ 17.          66.64001      1.0691122    0.6001545 ]
 [ 18.          66.8          0.9137819    0.6116694 ]
 [ 19.          66.8          0.9617672    0.6216985 ]
 [ 20.          66.840004     0.6268974    0.62863505]
 [ 21.          66.94         0.71972      0.6404168 ]
 [ 22.          66.98         0.7661606    0.6539131 ]
 [ 23.          67.060005     0.7092241    0.6658911 ]
 [ 24.          67.3          0.6819076    0.680025  ]
 [ 25.          67.48         0.5449761    0.6928445 ]
 [ 26.          67.520004     0.6379665    0.7054305 ]
 [ 27.          67.420006     0.8166999    0.7145368 ]
 [ 28.          67.240005     0.6877479    0.72385174]
 [ 29.          67.380005     0.69785297   0.73368454]
 [ 30.          67.340004     0.7733026    0.7413442 ]
 [ 31.          67.560005     0.7127427    0.7531683 ]
 [ 32.          67.58         0.72249365   0.7619307 ]
 [ 33.          67.560005     0.6767577    0.7698625 ]
 [ 34.          67.380005     0.8378534    0.77851003]
 [ 35.          67.4          0.8031187    0.78740364]
 [ 36.          67.340004     0.8264384    0.7943214 ]
 [ 37.          67.26         0.84734684   0.8028601 ]
 [ 38.          67.6          0.8215823    0.81037635]
 [ 39.          67.68001      0.6572659    0.81574327]
 [ 40.          67.86001      0.5983302    0.8209495 ]
 [ 41.          67.9          0.5431406    0.8284171 ]
 [ 42.          67.880005     0.6833733    0.8366847 ]
 [ 43.          67.9          0.73484534   0.84315187]
 [ 44.          67.9          0.82764655   0.8520172 ]
 [ 45.          68.04         0.6730547    0.86108273]
 [ 46.          68.159996     0.7503335    0.8687053 ]
 [ 47.          68.21999      0.7120383    0.87789434]
 [ 48.          68.439995     0.47749406   0.88836986]
 [ 49.          68.54         0.37815148   0.9000314 ]
 [ 50.          68.700005     0.1581171    0.91346896]
 [ 51.          68.94         0.2880981    0.9243868 ]
 [ 52.          69.200005     0.18708342   0.93690217]
 [ 53.          69.27999      0.27748793   0.9451294 ]
 [ 54.          69.38         0.30331546   0.95225143]
 [ 55.          69.54         0.2880981    0.95993155]
 [ 56.          69.840004     0.28809592   0.9675402 ]
 [ 57.          70.           0.4472119    0.97853535]
 [ 58.          70.1          0.5000003    0.9902567 ]
 [ 59.          70.1          0.5958195    0.9986474 ]
 [ 60.          70.18001      0.6496139    1.0068079 ]
 [ 61.          70.26         0.5899138    1.0174879 ]
 [ 62.          70.5          0.4847661    1.0270747 ]
 [ 63.          70.46         0.47749308   1.036567  ]
 [ 64.          70.54         0.46151748   1.0457418 ]
 [ 65.          70.740005     0.4560699    1.0532497 ]
 [ 66.          70.82         0.46583062   1.062307  ]
 [ 67.          71.020004     0.25884366   1.0733238 ]
 [ 68.          71.020004     0.31144997   1.0879698 ]
 [ 69.          70.98         0.31144965   1.1015341 ]
 [ 70.          71.02         0.37682703   1.1195147 ]
 [ 71.          71.159996     0.3361534    1.1313695 ]
 [ 72.          71.3          0.4582591    1.13853   ]
 [ 73.          71.4          0.28284177   1.1449364 ]
 [ 74.          71.420006     0.25884393   1.1504526 ]
 [ 75.          71.4          0.29154858   1.1571072 ]
 [ 76.          71.36         0.24083102   1.1646696 ]
 [ 77.          71.42         0.17888528   1.1795515 ]
 [ 78.          71.380005     0.23874602   1.1900352 ]
 [ 79.          71.36         0.08943944   1.2017986 ]
 [ 80.          71.36         0.11401803   1.2154353 ]
 [ 81.          71.36         0.16733174   1.2230424 ]
 [ 82.          71.4          0.15811388   1.2352135 ]
 [ 83.          71.32         0.16431883   1.2459254 ]
 [ 84.          71.04         0.23021676   1.2579195 ]
 [ 85.          71.56         0.16732888   1.2655845 ]
 [ 86.          70.58         0.40865508   1.2725948 ]
 [ 87.          71.5          0.2915489    1.2799073 ]
 [ 88.          71.36         0.30495828   1.2868662 ]
 [ 89.          70.8          0.73143506   1.2946047 ]
 [ 90.          71.439995     1.2561874    1.3049135 ]
 [ 91.          70.48         1.6422533    1.3163022 ]
 [ 92.          70.5          1.8261989    1.3322023 ]
 [ 93.          70.840004     0.6542169    1.3411587 ]
 [ 94.          70.28         1.103178     1.3512505 ]
 [ 95.          70.62         0.6457541    1.361366  ]
 [ 96.          70.420006     0.4658298    1.3701397 ]
 [ 97.          70.4          1.3247622    1.3805622 ]
 [ 98.          70.21999      1.4429138    1.3906378 ]
 [ 99.          68.58         2.1405613    1.3993214 ]
 [100.          69.659996     0.9659188    1.4108586 ]
 [101.          69.14         1.8716273    1.4213489 ]
 [102.          68.98         1.6589215    1.4301364 ]
 [103.          68.56         1.3575711    1.442022  ]
 [104.          69.3          1.083973     1.4527937 ]
 [105.          69.36         0.5504523    1.4605936 ]
 [106.          69.4          0.96953726   1.4755294 ]
 [107.          68.86         1.0945308    1.487361  ]
 [108.          69.9          0.4847708    1.4965228 ]
 [109.          69.22         0.5630318    1.5022745 ]
 [110.          68.700005     1.5540271    1.5096177 ]
 [111.          69.54         1.1148998    1.5158831 ]
 [112.          67.920006     2.5626159    1.5348189 ]
 [113.          69.56         0.57271373   1.5472507 ]
 [114.          68.420006     1.0709817    1.5624461 ]
 [115.          67.76         0.88204116   1.571137  ]
 [116.          69.54         1.0064813    1.580005  ]
 [117.          69.119995     1.1233884    1.5888656 ]
 [118.          68.58001      1.0709761    1.5991453 ]
 [119.          68.420006     1.7137653    1.6100792 ]
 [120.          68.46         1.0922447    1.6231098 ]
 [121.          68.840004     1.2541931    1.6334132 ]
 [122.          68.8          1.1895416    1.6414798 ]
 [123.          68.76         1.1304818    1.6499081 ]
 [124.          68.8          1.104536     1.6569179 ]
 [125.          69.06         0.6268992    1.6657648 ]
 [126.          68.88         0.9833622    1.6760432 ]
 [127.          68.38         1.0256686    1.6868352 ]
 [128.          68.1          0.8124018    1.6937507 ]
 [129.          68.380005     0.6180591    1.7011389 ]
 [130.          68.46         0.97621787   1.7131146 ]
 [131.          68.560005     1.119373     1.7236267 ]
 [132.          68.14001      0.7733025    1.7323922 ]
 [133.          68.3          0.4743432    1.7409943 ]
 [134.          68.240005     0.38470808   1.7524182 ]
 [135.          67.96         0.7635435    1.765118  ]
 [136.          67.700005     0.6403131    1.7766802 ]
 [137.          67.920006     0.3962312    1.7868141 ]
 [138.          66.94         2.8780205    1.7948169 ]
 [139.          68.22         0.9628065    1.8035488 ]
 [140.          68.28         0.9284395    1.8087552 ]
 [141.          68.420006     0.672309     1.8139542 ]
 [142.          68.46001      0.40987945   1.822146  ]
 [143.          68.08001      0.34928578   1.8327068 ]
 [144.          68.18         0.49193546   1.8440335 ]
 [145.          68.340004     0.47222936   1.8543829 ]
 [146.          68.399994     0.4062031    1.8611021 ]
 [147.          68.240005     0.8619751    1.867096  ]
 [148.          68.119995     1.11445      1.8757563 ]
 [149.          68.           0.7842209    1.8854986 ]
 [150.          68.060005     0.5941382    1.8937855 ]
 [151.          68.200005     0.55226827   1.9030865 ]
 [152.          68.420006     0.62209296   1.9128408 ]
 [153.          68.44         0.6268974    1.923796  ]
 [154.          68.22         0.6016608    1.9327115 ]
 [155.          68.1          0.56568444   1.9486189 ]
 [156.          67.82         0.7823039    1.9634987 ]
 [157.          67.88         0.6140033    1.9765568 ]
 [158.          68.14001      0.5770615    1.9880494 ]
 [159.          68.18001      0.4438456    2.0013695 ]
 [160.          68.200005     0.34640926   2.0147042 ]
 [161.          68.14001      0.37815374   2.0277069 ]
 [162.          68.159996     0.36469033   2.0362346 ]
 [163.          68.18         0.511859     2.042844  ]
 [164.          68.12         0.7563081    2.0524023 ]
 [165.          68.1          0.6123721    2.06231   ]
 [166.          68.04         0.8414243    2.069432  ]
 [167.          67.840004     0.7569691    2.0772846 ]
 [168.          67.9          0.63639855   2.0888324 ]
 [169.          67.98         0.40865415   2.1024742 ]
 [170.          67.94         0.35777217   2.1151626 ]
 [171.          68.020004     0.29495615   2.127551  ]
 [172.          68.1          0.47434387   2.142     ]
 [173.          68.           0.50989944   2.1533968 ]
 [174.          68.14001      0.49799547   2.162748  ]
 [175.          68.06         0.43359068   2.1692412 ]
 [176.          68.14         0.328633     2.1800377 ]
 [177.          68.1          0.35355395   2.1890714 ]
 [178.          68.1          0.3240357    2.2011855 ]
 [179.          68.08001      0.4147282    2.2125397 ]
 [180.          68.060005     0.27018353   2.219892  ]
 [181.          68.02001      0.19235341   2.227035  ]
 [182.          67.920006     0.17888431   2.2369554 ]
 [183.          68.04         0.36469185   2.2454977 ]
 [184.          68.18001      0.47645006   2.2551095 ]
 [185.          68.22         0.5215374    2.2657666 ]
 [186.          68.14001      0.3781538    2.276856  ]
 [187.          68.12         0.25884235   2.285212  ]
 [188.          68.12         0.31144863   2.294315  ]
 [189.          68.06         0.24083167   2.3049772 ]
 [190.          68.02001      0.21679376   2.3170643 ]
 [191.          68.060005     0.2701839    2.3240323 ]
 [192.          68.04         0.27928153   2.3304214 ]
 [193.          68.14001      0.32863083   2.3359704 ]
 [194.          68.1          0.31622344   2.3467906 ]
 [195.          68.18001      0.27748904   2.355151  ]
 [196.          68.14001      0.32863343   2.365739  ]
 [197.          68.12         0.31937474   2.3779638 ]
 [198.          68.14001      0.2607691    2.39093   ]
 [199.          68.159996     0.2880978    2.3993633 ]
 [200.          68.1          0.3807872    2.40776   ]]
The best results: 
Epoch: 85  71.56±0.17  1.266s
--------------- Train Done! ----------------
--------------- Save Done! ----------------
