Using cuda:0 device
Dataset     :Citeseer
Epochs      :200
LR X_s      :0.01
Learn A_s   :1
LR A_s      :0.01
Conden ratio:1.0
Ridge       :0.01
Kernel      :SGNK
k           :1
L           :1
Seed        :5
The 1th Iteration:
--------------------------------------------------
The 2th Iteration:
--------------------------------------------------
The 3th Iteration:
--------------------------------------------------
The 4th Iteration:
--------------------------------------------------
The 5th Iteration:
--------------------------------------------------
[[  1.          20.5          3.5686128    0.25702786]
 [  2.          25.140001     4.5158606    0.26453742]
 [  3.          30.680002     5.0410314    0.27147222]
 [  4.          35.100002     5.01747      0.27903262]
 [  5.          40.100002     5.409713     0.2858151 ]
 [  6.          43.660004     5.0890083    0.29341322]
 [  7.          45.86         4.618225     0.30222574]
 [  8.          48.120003     4.5411453    0.31018668]
 [  9.          50.059998     4.2635665    0.3191633 ]
 [ 10.          51.48         4.181746     0.32768488]
 [ 11.          53.079998     3.7936804    0.3357248 ]
 [ 12.          54.3          3.5227828    0.34453136]
 [ 13.          54.72         3.6560898    0.35246   ]
 [ 14.          55.460003     3.3276117    0.36001596]
 [ 15.          56.26         3.2300143    0.367694  ]
 [ 16.          56.9          3.2695582    0.37570992]
 [ 17.          57.780006     2.9456747    0.38369322]
 [ 18.          58.38         3.0695283    0.39174843]
 [ 19.          58.840004     2.866705     0.39889604]
 [ 20.          59.4          2.7820852    0.40607888]
 [ 21.          59.72         2.6808581    0.41397926]
 [ 22.          60.120003     3.0152946    0.42120942]
 [ 23.          60.540005     2.864087     0.43018124]
 [ 24.          60.88         2.7941012    0.43816996]
 [ 25.          61.28         2.5400784    0.4471221 ]
 [ 26.          61.719997     2.6901662    0.45413184]
 [ 27.          62.140003     2.5822449    0.46224126]
 [ 28.          62.340004     2.5628102    0.46916547]
 [ 29.          62.480007     2.6649573    0.4760928 ]
 [ 30.          62.940002     2.371287     0.48386827]
 [ 31.          63.26         2.3479805    0.4921154 ]
 [ 32.          63.620003     2.4159858    0.4996285 ]
 [ 33.          63.7          2.414542     0.50734633]
 [ 34.          64.08         2.2774978    0.51592386]
 [ 35.          64.34         2.3104072    0.5245667 ]
 [ 36.          64.46         2.2578738    0.53301483]
 [ 37.          64.520004     2.0945158    0.5412177 ]
 [ 38.          64.560005     2.032977     0.5501595 ]
 [ 39.          64.54         1.9857008    0.5582244 ]
 [ 40.          64.72         2.089738     0.56571573]
 [ 41.          65.060005     2.036665     0.57339156]
 [ 42.          65.12         1.9434516    0.5799582 ]
 [ 43.          65.200005     2.0952334    0.5877959 ]
 [ 44.          65.520004     1.8376597    0.59572715]
 [ 45.          65.76         1.7052842    0.60232484]
 [ 46.          65.96         1.485933     0.61052287]
 [ 47.          66.08001      1.3863617    0.6179563 ]
 [ 48.          66.28         1.4307342    0.6239883 ]
 [ 49.          66.48         1.4923108    0.63099045]
 [ 50.          66.64         1.589968     0.6374876 ]
 [ 51.          66.740005     1.3575722    0.6450563 ]
 [ 52.          66.840004     1.4152752    0.65133566]
 [ 53.          66.9          1.2227018    0.65839064]
 [ 54.          66.8          1.234909     0.6658463 ]
 [ 55.          66.82         1.1649029    0.67284167]
 [ 56.          66.82         1.0986344    0.679444  ]
 [ 57.          66.98         1.0756371    0.6874816 ]
 [ 58.          67.1          0.9695361    0.69388115]
 [ 59.          67.1          0.8774978    0.7003541 ]
 [ 60.          67.06         0.88204336   0.7065882 ]
 [ 61.          67.240005     0.74699134   0.71284467]
 [ 62.          67.44         0.70922583   0.7203467 ]
 [ 63.          67.420006     0.8318674    0.7274495 ]
 [ 64.          67.439995     0.8706337    0.73389566]
 [ 65.          67.68         0.8757852    0.74033576]
 [ 66.          67.8          0.6204829    0.7468563 ]
 [ 67.          68.08001      0.6572667    0.75345606]
 [ 68.          68.28001      0.6610549    0.7600132 ]
 [ 69.          68.340004     0.661816     0.7670012 ]
 [ 70.          68.54         0.7503312    0.7742026 ]
 [ 71.          68.82001      0.66858035   0.7814769 ]
 [ 72.          68.880005     0.7190249    0.7886457 ]
 [ 73.          68.82         0.8348661    0.7953745 ]
 [ 74.          69.14001      0.8735008    0.80289096]
 [ 75.          69.26         0.7162429    0.80959225]
 [ 76.          69.4          0.78102636   0.8167456 ]
 [ 77.          69.420006     0.79498327   0.8246582 ]
 [ 78.          69.54         0.9581233    0.83197004]
 [ 79.          69.72001      0.7918335    0.8395428 ]
 [ 80.          69.840004     0.7797455    0.84619826]
 [ 81.          70.04         0.56833005   0.8532389 ]
 [ 82.          69.94         0.5683296    0.85997486]
 [ 83.          69.94         0.59413576   0.8674474 ]
 [ 84.          70.060005     0.3646902    0.8743907 ]
 [ 85.          70.12         0.4438485    0.881292  ]
 [ 86.          70.240005     0.3847085    0.8880319 ]
 [ 87.          70.26         0.32863188   0.89512426]
 [ 88.          70.36         0.3130488    0.9020178 ]
 [ 89.          70.44         0.4560694    0.91233486]
 [ 90.          70.28         0.36331955   0.9207136 ]
 [ 91.          70.340004     0.3781548    0.9282075 ]
 [ 92.          70.44         0.49294809   0.93546057]
 [ 93.          70.48         0.4868273    0.9425831 ]
 [ 94.          70.38         0.31937525   0.9501719 ]
 [ 95.          70.4          0.46368006   0.9575705 ]
 [ 96.          70.5          0.53851765   0.96617013]
 [ 97.          70.4          0.70710903   0.9753874 ]
 [ 98.          70.36         0.6949785    0.9830292 ]
 [ 99.          70.06         0.64653397   0.99144727]
 [100.          69.84         0.6387461    1.0000219 ]
 [101.          69.92         0.6300776    1.0088965 ]
 [102.          69.72         0.5495433    1.0174606 ]
 [103.          69.82         0.47644687   1.026049  ]
 [104.          69.840004     0.23021682   1.0351685 ]
 [105.          69.840004     0.18165915   1.0442506 ]
 [106.          69.700005     0.4062031    1.0527998 ]
 [107.          69.840004     0.4505568    1.0610945 ]
 [108.          69.82         0.5167188    1.0696791 ]
 [109.          69.700005     0.25495082   1.0777351 ]
 [110.          69.659996     0.6348217    1.0869662 ]
 [111.          69.700005     0.5958193    1.0948342 ]
 [112.          69.62         0.6906514    1.1020936 ]
 [113.          69.64         0.763544     1.1092719 ]
 [114.          69.56         0.6804399    1.1165355 ]
 [115.          69.6          0.5787939    1.124718  ]
 [116.          69.6          0.5787939    1.1320006 ]
 [117.          69.58001      0.24899925   1.1380839 ]
 [118.          69.76         0.21908946   1.1446995 ]
 [119.          69.6          0.37416658   1.1508732 ]
 [120.          69.5          0.30822095   1.1584952 ]
 [121.          69.5          0.33166143   1.165302  ]
 [122.          69.5          0.38729924   1.1721829 ]
 [123.          69.380005     0.31144637   1.1789736 ]
 [124.          69.42         0.3563703    1.186221  ]
 [125.          69.62         0.4024891    1.1925176 ]
 [126.          69.68         0.5630306    1.1991035 ]
 [127.          69.5          0.5147838    1.206026  ]
 [128.          69.38         0.39623356   1.2133923 ]
 [129.          69.32         0.40865996   1.2209    ]
 [130.          68.9          0.7000019    1.2286894 ]
 [131.          69.           0.7314386    1.2359928 ]
 [132.          68.82         0.756308     1.2432928 ]
 [133.          68.82         0.8136306    1.2509696 ]
 [134.          68.86         0.59413856   1.260048  ]
 [135.          68.920006     0.62609947   1.2689836 ]
 [136.          69.020004     0.34205037   1.2783532 ]
 [137.          69.04         0.2302177    1.2864974 ]
 [138.          68.88         0.6016664    1.2943234 ]
 [139.          68.86         0.6024961    1.302102  ]
 [140.          68.58001      0.5449773    1.3104523 ]
 [141.          68.659996     0.38470814   1.3181733 ]
 [142.          68.42         0.49193767   1.3256311 ]
 [143.          68.48         0.5069512    1.3351799 ]
 [144.          68.48         0.82885367   1.3450867 ]
 [145.          68.54         0.98132586   1.357637  ]
 [146.          68.6          1.2708265    1.3683809 ]
 [147.          68.78         1.2316648    1.3772615 ]
 [148.          68.76         1.0945321    1.3851107 ]
 [149.          68.64         0.94233775   1.3938255 ]
 [150.          68.58         0.6534526    1.401653  ]
 [151.          68.64001      0.55497825   1.4092531 ]
 [152.          68.42         0.6220934    1.4166033 ]
 [153.          68.420006     1.0329578    1.4233965 ]
 [154.          68.32         1.1454278    1.4310293 ]
 [155.          68.           1.294218     1.4378119 ]
 [156.          67.76         1.3164351    1.4445331 ]
 [157.          67.71999      1.3160527    1.4513949 ]
 [158.          67.840004     1.0597156    1.4583218 ]
 [159.          68.420006     0.65345436   1.4653133 ]
 [160.          68.78         0.6220943    1.4723703 ]
 [161.          68.740005     0.8294567    1.4790109 ]
 [162.          69.06         0.9607262    1.4857687 ]
 [163.          68.880005     0.87578374   1.4922322 ]
 [164.          68.700005     0.86890996   1.4987763 ]
 [165.          68.700005     0.82461953   1.5051603 ]
 [166.          68.3          0.556776     1.5114002 ]
 [167.          68.52         0.8613908    1.5175575 ]
 [168.          68.159996     0.82036394   1.5242509 ]
 [169.          67.840004     1.1760148    1.5322002 ]
 [170.          67.48         1.2557846    1.5399078 ]
 [171.          67.21999      1.096356     1.5458668 ]
 [172.          67.04         1.3221198    1.5527413 ]
 [173.          66.9          1.0368245    1.5593104 ]
 [174.          67.06         0.63087195   1.5662396 ]
 [175.          67.4          0.79686916   1.5749896 ]
 [176.          67.78         1.020785     1.5815659 ]
 [177.          67.98         1.0825888    1.5887699 ]
 [178.          68.42         0.7758882    1.5951262 ]
 [179.          68.54         0.72318554   1.6014836 ]
 [180.          68.71999      0.4549718    1.6078871 ]
 [181.          68.74         0.25099823   1.6145607 ]
 [182.          68.78001      0.22803551   1.6207951 ]
 [183.          68.58         0.19235191   1.6270237 ]
 [184.          68.14001      0.35071263   1.633878  ]
 [185.          68.08         0.56302804   1.6405073 ]
 [186.          67.8          0.5385141    1.6473744 ]
 [187.          67.48         0.5357202    1.6539487 ]
 [188.          67.44         0.6503866    1.6597149 ]
 [189.          67.1          0.92466384   1.6667069 ]
 [190.          66.94         1.258175     1.6733516 ]
 [191.          66.659996     1.2541946    1.6805457 ]
 [192.          66.68         1.0134103    1.6871519 ]
 [193.          67.02         0.69064987   1.6937834 ]
 [194.          67.14001      0.61887074   1.7003758 ]
 [195.          67.32         0.6220898    1.7071959 ]
 [196.          67.5          0.7314341    1.7141526 ]
 [197.          67.64001      1.0358573    1.7210118 ]
 [198.          67.619995     1.0848963    1.7281693 ]
 [199.          67.700005     1.019801     1.7355508 ]
 [200.          67.68         0.8438012    1.7431405 ]]
The best results: 
Epoch: 96  70.50±0.54  0.966s
--------------- Train Done! ----------------
