Using cuda:0 device
Dataset     :Citeseer
Epochs      :200
LR X_s      :0.01
Learn A_s   :0
LR A_s      :0.01
Conden ratio:1.0
Ridge       :10.0
Kernel      :SNTK
k           :2
L           :1
Seed        :5
The 1th Iteration:
--------------------------------------------------
The 2th Iteration:
--------------------------------------------------
The 3th Iteration:
--------------------------------------------------
The 4th Iteration:
--------------------------------------------------
The 5th Iteration:
--------------------------------------------------
[[  1.          14.94         6.917225     0.45894095]
 [  2.          14.94         6.917225     0.49890858]
 [  3.          14.94         6.917225     0.5355199 ]
 [  4.          16.2          8.108021     0.57621396]
 [  5.          16.460001     8.450326     0.6191927 ]
 [  6.          15.94         7.7941008    0.66092074]
 [  7.          15.94         7.7941008    0.7040795 ]
 [  8.          15.94         7.7941008    0.7470238 ]
 [  9.          15.94         7.7941008    0.79063874]
 [ 10.          15.94         7.7941008    0.83200437]
 [ 11.          15.94         7.7941008    0.8775698 ]
 [ 12.          15.94         7.7941008    0.9229803 ]
 [ 13.          16.           7.8160095    0.96936095]
 [ 14.          16.2          7.905062     1.0124062 ]
 [ 15.          16.6          8.15414      1.0557495 ]
 [ 16.          15.420001     7.7001305    1.0972003 ]
 [ 17.          14.860001     7.861806     1.1413082 ]
 [ 18.          15.2          7.770457     1.181619  ]
 [ 19.          15.400001     7.7511287    1.2234995 ]
 [ 20.          15.62         7.759639     1.26031   ]
 [ 21.          16.           7.8472924    1.2944243 ]
 [ 22.          16.26         7.9591455    1.3292156 ]
 [ 23.          16.460001     8.07267      1.3683655 ]
 [ 24.          16.7          8.238932     1.4075955 ]
 [ 25.          16.94         8.437594     1.4494302 ]
 [ 26.          17.12         8.60186      1.4867445 ]
 [ 27.          17.300001     8.781515     1.5274792 ]
 [ 28.          17.420002     8.904606     1.5658509 ]
 [ 29.          17.5          8.992219     1.6050023 ]
 [ 30.          17.64         9.136082     1.6483134 ]
 [ 31.          17.7          9.185041     1.6929649 ]
 [ 32.          17.7          9.185041     1.7360013 ]
 [ 33.          17.76         9.247053     1.77994   ]
 [ 34.          17.779999     9.269951     1.8250993 ]
 [ 35.          17.779999     9.269951     1.8690598 ]
 [ 36.          17.800001     9.293008     1.9145416 ]
 [ 37.          17.86         9.355907     1.9590193 ]
 [ 38.          17.84         9.33263      2.0031583 ]
 [ 39.          17.800001     9.286549     2.047156  ]
 [ 40.          17.82         9.301451     2.089136  ]
 [ 41.          17.779999     9.256187     2.1289966 ]
 [ 42.          17.800001     9.278739     2.1687882 ]
 [ 43.          17.820002     9.293922     2.205365  ]
 [ 44.          17.84         9.316544     2.2445195 ]
 [ 45.          17.84         9.316544     2.2818048 ]
 [ 46.          17.840002     9.309296     2.3192742 ]
 [ 47.          17.840002     9.309296     2.36015   ]
 [ 48.          17.9          9.362959     2.396416  ]
 [ 49.          17.880001     9.34061      2.432224  ]
 [ 50.          17.96         9.269736     2.4643273 ]
 [ 51.          18.060001     9.179489     2.5038774 ]
 [ 52.          18.179998     8.977027     2.5445035 ]
 [ 53.          18.26         8.877106     2.5885296 ]
 [ 54.          18.28         8.674503     2.6279352 ]
 [ 55.          18.4          8.534343     2.6685498 ]
 [ 56.          18.44         8.406724     2.7097557 ]
 [ 57.          18.58         8.378663     2.7549431 ]
 [ 58.          18.74         8.1156025    2.7986052 ]
 [ 59.          18.98         7.818376     2.8417375 ]
 [ 60.          19.26         7.458083     2.8861425 ]
 [ 61.          19.480001     7.183801     2.9308488 ]
 [ 62.          19.720001     6.944206     2.9752584 ]
 [ 63.          20.140001     6.475184     3.018897  ]
 [ 64.          20.68         5.9491177    3.0633655 ]
 [ 65.          21.           5.7087655    3.1060426 ]
 [ 66.          21.4          5.406478     3.1465473 ]
 [ 67.          21.64         5.1378994    3.1897964 ]
 [ 68.          21.9          4.6743994    3.2312362 ]
 [ 69.          22.26         4.0973163    3.2742963 ]
 [ 70.          22.740002     3.2875524    3.3148172 ]
 [ 71.          23.04         2.8866935    3.3560922 ]
 [ 72.          23.44         2.3702316    3.3901544 ]
 [ 73.          23.800001     1.8027747    3.4332788 ]
 [ 74.          24.039999     1.3557292    3.4775727 ]
 [ 75.          24.24         1.2720065    3.5155838 ]
 [ 76.          24.44         1.1326957    3.5578206 ]
 [ 77.          24.52         0.94973725   3.59665   ]
 [ 78.          24.74         0.8080841    3.6383095 ]
 [ 79.          24.819998     0.76615995   3.677044  ]
 [ 80.          24.960001     0.95026374   3.7172394 ]
 [ 81.          25.02         0.9934787    3.7640514 ]
 [ 82.          25.039999     1.0310187    3.8097456 ]
 [ 83.          25.12         1.2132596    3.854489  ]
 [ 84.          25.12         1.2676749    3.8965905 ]
 [ 85.          25.14         1.26412      3.941796  ]
 [ 86.          25.200003     1.3322916    3.9890442 ]
 [ 87.          25.22         1.3349158    4.035625  ]
 [ 88.          25.180002     1.3179535    4.0782714 ]
 [ 89.          25.12         1.3217415    4.123259  ]
 [ 90.          25.2          1.4352701    4.170011  ]
 [ 91.          25.1          1.3114878    4.2097154 ]
 [ 92.          25.           1.2186061    4.2481103 ]
 [ 93.          24.960001     1.2177851    4.288644  ]
 [ 94.          24.880001     1.173457     4.3288755 ]
 [ 95.          24.880001     1.1945717    4.371981  ]
 [ 96.          24.779999     1.0449885    4.413672  ]
 [ 97.          24.800001     1.0770335    4.4580383 ]
 [ 98.          24.68         0.9038811    4.500933  ]
 [ 99.          24.64         0.8792048    4.539009  ]
 [100.          24.62         0.85557073   4.5765414 ]
 [101.          24.6          0.8336671    4.613295  ]
 [102.          24.6          0.8154756    4.6513696 ]
 [103.          24.6          0.7905701    4.691396  ]
 [104.          24.58         0.73280305   4.7343826 ]
 [105.          24.560001     0.71972245   4.7777967 ]
 [106.          24.64         0.7602635    4.8242507 ]
 [107.          24.66         0.7368855    4.869481  ]
 [108.          24.679998     0.73280305   4.916467  ]
 [109.          24.660002     0.6985701    4.9620166 ]
 [110.          24.660002     0.6985701    5.004278  ]
 [111.          24.679998     0.73280305   5.0460114 ]
 [112.          24.679998     0.73280305   5.0913424 ]
 [113.          24.720001     0.7085199    5.135296  ]
 [114.          24.76         0.6841055    5.179844  ]
 [115.          24.82         0.6760177    5.2210445 ]
 [116.          24.920002     0.6140038    5.2646556 ]
 [117.          24.920002     0.55407673   5.3047996 ]
 [118.          25.1          0.5338541    5.345054  ]
 [119.          25.2          0.7106333    5.3816032 ]
 [120.          25.5          0.7382411    5.4187794 ]
 [121.          25.779999     0.7596049    5.4580135 ]
 [122.          26.1          0.8336665    5.494743  ]
 [123.          26.36         1.0014989    5.533092  ]
 [124.          26.88         1.4720733    5.566936  ]
 [125.          27.24         1.7169741    5.6045914 ]
 [126.          27.64         1.8836133    5.6443887 ]
 [127.          27.720001     1.868689     5.686026  ]
 [128.          28.           1.9091887    5.729175  ]
 [129.          28.5          1.8814882    5.7687054 ]
 [130.          28.74         1.9086645    5.8102756 ]
 [131.          28.800001     1.8055474    5.854833  ]
 [132.          29.320002     1.6902659    5.8999014 ]
 [133.          29.640003     1.7271365    5.9414554 ]
 [134.          29.6          2.           5.9829135 ]
 [135.          29.520002     2.3435023    6.0261846 ]
 [136.          28.800001     2.2169793    6.0703154 ]
 [137.          28.1          2.324866     6.115418  ]
 [138.          27.48         2.7142222    6.1669917 ]
 [139.          26.920002     2.7435377    6.2095847 ]
 [140.          26.36         2.5105774    6.2521167 ]
 [141.          25.86         2.6707675    6.2918324 ]
 [142.          25.56         2.3265858    6.3289165 ]
 [143.          25.           2.2405355    6.3659263 ]
 [144.          24.68         2.2884493    6.407646  ]
 [145.          24.58         2.386839     6.446388  ]
 [146.          24.6          2.3926966    6.485172  ]
 [147.          24.76         2.634957     6.5224833 ]
 [148.          24.9          2.696294     6.5576186 ]
 [149.          25.220001     2.8039258    6.596475  ]
 [150.          25.6          2.5573425    6.6376762 ]
 [151.          26.24         2.8483334    6.6753373 ]
 [152.          27.1          2.6239288    6.7164917 ]
 [153.          27.98         2.5791473    6.7558503 ]
 [154.          28.800001     2.5787592    6.8030305 ]
 [155.          29.26         2.5657358    6.8489337 ]
 [156.          29.84         2.3319526    6.8913856 ]
 [157.          30.38         2.02904      6.937079  ]
 [158.          30.959997     1.8716304    6.979175  ]
 [159.          31.800001     2.016185     7.021934  ]
 [160.          32.4          2.0591269    7.067642  ]
 [161.          32.86         1.8994731    7.1101127 ]
 [162.          33.539997     1.9667226    7.1528955 ]
 [163.          34.16         1.8091422    7.196182  ]
 [164.          34.739998     1.7700274    7.2389207 ]
 [165.          35.120003     1.5959318    7.2797027 ]
 [166.          35.84         1.2581717    7.3266997 ]
 [167.          36.600002     1.2062335    7.373099  ]
 [168.          37.4          1.4679909    7.4126596 ]
 [169.          37.940002     1.432829     7.4560294 ]
 [170.          38.24         1.3501858    7.491939  ]
 [171.          38.920002     0.93648314   7.527719  ]
 [172.          39.54         0.9449869    7.564627  ]
 [173.          40.24         1.3464767    7.6046395 ]
 [174.          41.04         1.4223222    7.6475253 ]
 [175.          41.68         1.373681     7.686275  ]
 [176.          42.4          1.5524174    7.724138  ]
 [177.          43.359997     1.7444189    7.7619257 ]
 [178.          44.400005     1.7000018    7.8056903 ]
 [179.          45.3          1.7507143    7.8466125 ]
 [180.          46.           1.5684388    7.889457  ]
 [181.          46.64         1.5614097    7.9306374 ]
 [182.          47.16         1.163185     7.973952  ]
 [183.          47.719997     0.90387875   8.0180235 ]
 [184.          47.84         0.5319772    8.062394  ]
 [185.          48.24         0.5941386    8.109994  ]
 [186.          48.68         0.5069521    8.15436   ]
 [187.          49.           0.4415877    8.197185  ]
 [188.          49.320004     0.6058059    8.245254  ]
 [189.          49.820004     0.7224953    8.290293  ]
 [190.          50.540005     0.6913757    8.333066  ]
 [191.          51.18         0.9523655    8.380481  ]
 [192.          52.140003     1.1928967    8.422523  ]
 [193.          53.059998     1.1414915    8.46535   ]
 [194.          53.680004     1.2049905    8.506371  ]
 [195.          54.68         0.7661587    8.545527  ]
 [196.          55.559998     0.8734986    8.575635  ]
 [197.          56.16         1.1282728    8.614852  ]
 [198.          56.46         0.7127418    8.657718  ]
 [199.          57.52         0.8927483    8.69962   ]
 [200.          57.980007     0.96798813   8.740381  ]]
The best results: 
Epoch: 200  57.98±0.97  8.740s
--------------- Train Done! ----------------
