Using cuda:0 device
Dataset     :Citeseer
Epochs      :200
LR X_s      :0.01
Learn A_s   :0
LR A_s      :0.01
Conden ratio:0.5
Ridge       :0.1
Kernel      :SGNK
k           :5
L           :1
Seed        :5
The 1th Iteration:
--------------------------------------------------
The 2th Iteration:
--------------------------------------------------
The 3th Iteration:
--------------------------------------------------
The 4th Iteration:
--------------------------------------------------
The 5th Iteration:
--------------------------------------------------
[[  1.          28.98         6.3286643    0.27558675]
 [  2.          42.600002     5.7428207    0.28264132]
 [  3.          49.64         5.3682394    0.2891926 ]
 [  4.          55.02         4.1493363    0.29498026]
 [  5.          58.359997     4.141618     0.29972044]
 [  6.          60.74         3.6562262    0.30550137]
 [  7.          62.320004     3.1971867    0.31145263]
 [  8.          62.96         2.9770799    0.31770292]
 [  9.          63.419994     2.794994     0.32312313]
 [ 10.          63.940002     2.6763775    0.33064342]
 [ 11.          64.56         2.609214     0.33675733]
 [ 12.          64.76         2.1137655    0.34163833]
 [ 13.          65.22         1.8281138    0.34656653]
 [ 14.          65.700005     1.6355422    0.3516235 ]
 [ 15.          66.020004     1.6452975    0.35651836]
 [ 16.          66.439995     1.4099646    0.3621246 ]
 [ 17.          66.740005     1.2259663    0.3671114 ]
 [ 18.          66.92         1.0281065    0.37216273]
 [ 19.          67.08001      0.8613952    0.3777666 ]
 [ 20.          67.18001      0.8043616    0.3828807 ]
 [ 21.          67.44         0.6804411    0.39038467]
 [ 22.          67.619995     0.4969913    0.39608595]
 [ 23.          67.700005     0.52440417   0.40151334]
 [ 24.          67.74         0.6387478    0.4067671 ]
 [ 25.          67.840004     0.36469293   0.41145644]
 [ 26.          68.08         0.48682955   0.4161009 ]
 [ 27.          68.1          0.62047976   0.42060477]
 [ 28.          68.18         0.5932981    0.42635924]
 [ 29.          68.22         0.7463203    0.43208495]
 [ 30.          68.5          0.707106     0.4382015 ]
 [ 31.          68.46         0.7569673    0.44296977]
 [ 32.          68.54         0.73688644   0.44830933]
 [ 33.          68.68         0.5403717    0.4543759 ]
 [ 34.          68.76         0.3974929    0.4596481 ]
 [ 35.          68.88         0.349286     0.46557164]
 [ 36.          69.           0.21213195   0.4723494 ]
 [ 37.          69.119995     0.13038455   0.47922394]
 [ 38.          69.18         0.13038528   0.485061  ]
 [ 39.          69.240005     0.15165864   0.4895935 ]
 [ 40.          69.17999      0.08366769   0.49509454]
 [ 41.          69.21999      0.22803499   0.5027415 ]
 [ 42.          69.32         0.23874697   0.5085812 ]
 [ 43.          69.34         0.296648     0.513145  ]
 [ 44.          69.32         0.27748892   0.5190403 ]
 [ 45.          69.32         0.2588428    0.52385014]
 [ 46.          69.32         0.17888798   0.52857834]
 [ 47.          69.46         0.29664856   0.5334472 ]
 [ 48.          69.520004     0.2588454    0.5380003 ]
 [ 49.          69.68001      0.27748975   0.5427536 ]
 [ 50.          69.82         0.21679522   0.5480003 ]
 [ 51.          69.86         0.37815434   0.552604  ]
 [ 52.          69.88         0.34205344   0.5569718 ]
 [ 53.          69.920006     0.23874487   0.56125146]
 [ 54.          70.           0.2645765    0.56656975]
 [ 55.          70.06         0.19493243   0.57257515]
 [ 56.          70.060005     0.20736331   0.5786769 ]
 [ 57.          70.18001      0.22803494   0.58370346]
 [ 58.          70.3          0.22360736   0.5887794 ]
 [ 59.          70.32         0.22803618   0.5933389 ]
 [ 60.          70.36         0.27018887   0.59837943]
 [ 61.          70.44         0.26076916   0.60372335]
 [ 62.          70.5          0.27386245   0.6088215 ]
 [ 63.          70.64001      0.19493642   0.6157885 ]
 [ 64.          71.           0.24494965   0.62131   ]
 [ 65.          71.159996     0.39115262   0.6270395 ]
 [ 66.          71.3          0.46368188   0.6325225 ]
 [ 67.          71.32         0.35637245   0.6378359 ]
 [ 68.          71.28         0.3492867    0.6429545 ]
 [ 69.          71.340004     0.26076704   0.6488437 ]
 [ 70.          71.5          0.33911806   0.6564968 ]
 [ 71.          71.5          0.27386186   0.66556555]
 [ 72.          71.479996     0.3114486    0.67066973]
 [ 73.          71.54         0.1816587    0.6752581 ]
 [ 74.          71.6          0.36742374   0.6809435 ]
 [ 75.          71.68001      0.38987225   0.6861324 ]
 [ 76.          71.659996     0.37815234   0.69506514]
 [ 77.          71.64         0.49800098   0.702688  ]
 [ 78.          71.659996     0.7021409    0.7088646 ]
 [ 79.          71.119995     1.4973295    0.7142708 ]
 [ 80.          72.4          1.2629328    0.7197963 ]
 [ 81.          71.42         0.66857916   0.725485  ]
 [ 82.          71.159996     0.8173129    0.73066306]
 [ 83.          71.88         0.78549045   0.7372193 ]
 [ 84.          71.64001      0.5029908    0.7433302 ]
 [ 85.          71.420006     0.9934829    0.74960303]
 [ 86.          71.58         1.0256717    0.75415885]
 [ 87.          71.62         0.39623117   0.7616551 ]
 [ 88.          71.21999      0.74632305   0.7688378 ]
 [ 89.          70.78         0.87863016   0.77369374]
 [ 90.          71.26         0.56833076   0.7784059 ]
 [ 91.          70.560005     0.27018544   0.78395754]
 [ 92.          70.78001      0.396232     0.7897229 ]
 [ 93.          70.72         1.1388617    0.7947874 ]
 [ 94.          70.26         0.71273935   0.80024415]
 [ 95.          70.5          0.5338535    0.8049149 ]
 [ 96.          70.18001      1.4394449    0.81240714]
 [ 97.          69.6          0.77459985   0.8185339 ]
 [ 98.          69.76         0.9864069    0.82344675]
 [ 99.          69.96         0.5319769    0.8284324 ]
 [100.          69.840004     0.5319764    0.83497185]
 [101.          69.700005     1.002497     0.8416876 ]
 [102.          69.36         0.8820416    0.847456  ]
 [103.          69.22         1.3292851    0.8535356 ]
 [104.          69.560005     0.77006745   0.8591305 ]
 [105.          69.8          1.1467345    0.86398333]
 [106.          68.82         1.1755852    0.86950606]
 [107.          69.54         0.7893033    0.87524366]
 [108.          68.240005     0.5079362    0.881703  ]
 [109.          69.48         1.3442513    0.8894209 ]
 [110.          68.6          2.051828     0.8949236 ]
 [111.          68.86         1.5820858    0.8997511 ]
 [112.          69.5          0.5656847    0.9045936 ]
 [113.          69.840004     1.0737782    0.91074985]
 [114.          69.840004     0.80808496   0.91715735]
 [115.          69.26         0.8049842    0.92378753]
 [116.          69.42         1.0256679    0.92949134]
 [117.          68.78001      1.073312     0.9349945 ]
 [118.          69.21999      1.3479605    0.9401621 ]
 [119.          69.02         0.9984982    0.9460665 ]
 [120.          68.8          1.0271306    0.95283186]
 [121.          68.54         1.7458525    0.9587483 ]
 [122.          68.520004     0.8258316    0.96506625]
 [123.          68.48         0.88147664   0.97049373]
 [124.          69.26         0.77006745   0.9753334 ]
 [125.          67.96         0.9555116    0.98022395]
 [126.          68.71999      1.0232296    0.9851063 ]
 [127.          68.26         0.5983294    0.9899662 ]
 [128.          69.020004     1.8726948    0.9947815 ]
 [129.          68.54         0.76354223   0.9995745 ]
 [130.          68.340004     0.7300672    1.004555  ]
 [131.          67.82         0.4604353    1.0099229 ]
 [132.          68.28001      0.9011068    1.0159228 ]
 [133.          67.88         0.82280004   1.0223655 ]
 [134.          68.64001      0.65802604   1.0275129 ]
 [135.          67.420006     2.690167     1.0325369 ]
 [136.          68.12         0.834865     1.0379003 ]
 [137.          68.3          1.1597382    1.0439717 ]
 [138.          68.14001      1.3794937    1.0499951 ]
 [139.          67.38         1.4601352    1.0552307 ]
 [140.          68.4          0.768117     1.0618948 ]
 [141.          68.700005     1.0723832    1.067767  ]
 [142.          69.22         0.8526384    1.0736046 ]
 [143.          68.54         1.0667703    1.0791653 ]
 [144.          67.48         1.2070609    1.0857468 ]
 [145.          67.700005     0.992475     1.0920117 ]
 [146.          68.08001      1.0305315    1.0983772 ]
 [147.          67.880005     0.70143      1.1044787 ]
 [148.          67.72         0.8288529    1.1110314 ]
 [149.          67.78         1.1344627    1.1178716 ]
 [150.          67.86         1.1631857    1.1245335 ]
 [151.          68.340004     0.27928442   1.1314461 ]
 [152.          67.58001      0.59329534   1.1377376 ]
 [153.          67.86         0.7368859    1.1440686 ]
 [154.          67.8          1.250997     1.1514683 ]
 [155.          67.6          1.0344068    1.158334  ]
 [156.          67.6          1.0198056    1.1647632 ]
 [157.          67.6          1.0931628    1.1710052 ]
 [158.          67.64001      0.59413695   1.1779436 ]
 [159.          67.38         0.7949823    1.1848196 ]
 [160.          67.200005     1.1135516    1.1917034 ]
 [161.          67.5          0.6633235    1.1984367 ]
 [162.          67.240005     1.1588795    1.2062861 ]
 [163.          67.64         0.86775696   1.2134231 ]
 [164.          67.1          1.2020823    1.2207953 ]
 [165.          67.46         0.70922446   1.2275614 ]
 [166.          66.700005     0.9082949    1.2346414 ]
 [167.          66.92         0.5019946    1.2418958 ]
 [168.          67.28         0.58481103   1.2489471 ]
 [169.          67.240005     0.8988845    1.2556186 ]
 [170.          67.060005     0.65802693   1.2625024 ]
 [171.          67.54         1.1260546    1.2707347 ]
 [172.          67.94         0.72318995   1.27803   ]
 [173.          66.659996     1.2601616    1.2838982 ]
 [174.          66.740005     0.9889395    1.2900851 ]
 [175.          67.72         1.2194245    1.2964213 ]
 [176.          67.68         0.7362032    1.3030739 ]
 [177.          67.240005     0.49294797   1.3093138 ]
 [178.          66.76         0.8384522    1.3162898 ]
 [179.          66.86001      0.71273786   1.322759  ]
 [180.          67.42         0.67970526   1.3279685 ]
 [181.          67.159996     0.90166694   1.3344812 ]
 [182.          66.840004     1.092248     1.3409516 ]
 [183.          67.06         0.84143174   1.3473811 ]
 [184.          67.08001      0.46583235   1.3553244 ]
 [185.          67.119995     0.25884157   1.3614482 ]
 [186.          66.48         0.7259471    1.366541  ]
 [187.          66.6          0.5612499    1.372838  ]
 [188.          66.4          0.15811388   1.3805971 ]
 [189.          67.119995     0.6340344    1.3857182 ]
 [190.          67.           0.77782005   1.3920664 ]
 [191.          66.82         0.52630615   1.3977108 ]
 [192.          66.840004     0.38470995   1.4046954 ]
 [193.          66.4          0.80312115   1.4095271 ]
 [194.          66.659996     0.65038395   1.4151278 ]
 [195.          67.14001      0.75033206   1.4217428 ]
 [196.          67.14001      0.7893036    1.4272296 ]
 [197.          66.62001      0.83785194   1.4336241 ]
 [198.          66.619995     0.5890683    1.4390173 ]
 [199.          66.18         0.82583386   1.4445547 ]
 [200.          66.32         0.752995     1.4502338 ]]
The best results: 
Epoch: 80  72.40±1.26  0.720s
--------------- Train Done! ----------------
