Using cuda:0 device
Dataset     :Citeseer
Epochs      :200
LR X_s      :0.01
Learn A_s   :1
LR A_s      :0.01
Conden ratio:0.25
Ridge       :1.0
Kernel      :SGNK
k           :4
L           :1
Seed        :5
The 1th Iteration:
--------------------------------------------------
The 2th Iteration:
--------------------------------------------------
The 3th Iteration:
--------------------------------------------------
The 4th Iteration:
--------------------------------------------------
The 5th Iteration:
--------------------------------------------------
[[  1.          13.459999     5.280909     0.27401873]
 [  2.          13.459999     5.280909     0.28028327]
 [  3.          13.459999     5.280909     0.28572813]
 [  4.          14.459999     6.669933     0.29226023]
 [  5.          14.459999     6.669933     0.3007105 ]
 [  6.          14.459999     6.669933     0.3072515 ]
 [  7.          14.459999     6.669933     0.31439444]
 [  8.          14.459999     6.669933     0.32064462]
 [  9.          14.459999     6.669933     0.32776615]
 [ 10.          14.459999     6.669933     0.3350664 ]
 [ 11.          14.459999     6.669933     0.34168154]
 [ 12.          14.459999     6.669933     0.3489165 ]
 [ 13.          14.459999     6.669933     0.35739088]
 [ 14.          14.459999     6.669933     0.36426815]
 [ 15.          14.459999     6.669933     0.37066278]
 [ 16.          14.459999     6.669933     0.37782103]
 [ 17.          14.459999     6.669933     0.38502312]
 [ 18.          14.459999     6.669933     0.3924361 ]
 [ 19.          14.459999     6.669933     0.39915323]
 [ 20.          14.459999     6.669933     0.4051089 ]
 [ 21.          14.459999     6.669933     0.411566  ]
 [ 22.          14.459999     6.669933     0.4179216 ]
 [ 23.          14.459999     6.669933     0.4243308 ]
 [ 24.          14.459999     6.669933     0.43038496]
 [ 25.          14.459999     6.669933     0.43736798]
 [ 26.          14.459999     6.669933     0.44309345]
 [ 27.          14.459999     6.669933     0.44903755]
 [ 28.          14.459999     6.669933     0.45522434]
 [ 29.          14.459999     6.669933     0.46122375]
 [ 30.          14.459999     6.669933     0.4675292 ]
 [ 31.          14.459999     6.669933     0.47478476]
 [ 32.          14.459999     6.669933     0.48151404]
 [ 33.          14.459999     6.669933     0.48828384]
 [ 34.          14.459999     6.669933     0.49518833]
 [ 35.          14.459999     6.669933     0.50199884]
 [ 36.          14.459999     6.669933     0.5092796 ]
 [ 37.          14.459999     6.669933     0.5177402 ]
 [ 38.          14.459999     6.669933     0.5238661 ]
 [ 39.          14.459999     6.669933     0.5306684 ]
 [ 40.          14.459999     6.669933     0.5369457 ]
 [ 41.          14.459999     6.669933     0.5439048 ]
 [ 42.          14.459999     6.669933     0.5501323 ]
 [ 43.          14.459999     6.669933     0.55638546]
 [ 44.          14.459999     6.669933     0.5628337 ]
 [ 45.          14.459999     6.669933     0.5693885 ]
 [ 46.          14.459999     6.669933     0.5766432 ]
 [ 47.          14.459999     6.669933     0.5839839 ]
 [ 48.          14.459999     6.669933     0.590569  ]
 [ 49.          14.459999     6.669933     0.59768134]
 [ 50.          14.459999     6.669933     0.6052759 ]
 [ 51.          14.459999     6.669933     0.6132118 ]
 [ 52.          14.459999     6.669933     0.62060714]
 [ 53.          14.459999     6.669933     0.627677  ]
 [ 54.          14.459999     6.669933     0.6357323 ]
 [ 55.          14.459999     6.669933     0.64387727]
 [ 56.          14.459999     6.669933     0.65058696]
 [ 57.          14.459999     6.669933     0.65748847]
 [ 58.          14.459999     6.669933     0.6644718 ]
 [ 59.          14.459999     6.669933     0.6711292 ]
 [ 60.          14.459999     6.669933     0.67791957]
 [ 61.          14.459999     6.669933     0.6854702 ]
 [ 62.          14.459999     6.669933     0.6923704 ]
 [ 63.          14.459999     6.669933     0.7004477 ]
 [ 64.          14.459999     6.669933     0.708214  ]
 [ 65.          14.459999     6.669933     0.7152834 ]
 [ 66.          14.459999     6.669933     0.7234221 ]
 [ 67.          14.459999     6.669933     0.73060465]
 [ 68.          14.579999     6.521656     0.7364304 ]
 [ 69.          17.42         6.186437     0.7427511 ]
 [ 70.          17.539999     6.3141117    0.7491002 ]
 [ 71.          17.539999     6.3141117    0.7557706 ]
 [ 72.          17.539999     6.3141117    0.7623873 ]
 [ 73.          17.539999     6.3141117    0.76849174]
 [ 74.          17.539999     6.3141117    0.7751961 ]
 [ 75.          17.539999     6.3141117    0.78145134]
 [ 76.          17.539999     6.3141117    0.7883201 ]
 [ 77.          17.539999     6.3141117    0.79572856]
 [ 78.          17.539999     6.3141117    0.80210954]
 [ 79.          17.539999     6.3141117    0.8086757 ]
 [ 80.          17.539999     6.3141117    0.8162376 ]
 [ 81.          17.539999     6.3141117    0.82372075]
 [ 82.          17.5          6.3198104    0.8311726 ]
 [ 83.          18.72         6.70388      0.83818763]
 [ 84.          18.58         6.6039386    0.8447073 ]
 [ 85.          18.679998     6.6739798    0.8510189 ]
 [ 86.          18.76         6.79176      0.85807914]
 [ 87.          18.779999     6.7507043    0.8649092 ]
 [ 88.          19.179998     5.9407077    0.87136596]
 [ 89.          20.08         4.2440553    0.8779149 ]
 [ 90.          20.24         3.9734123    0.8852394 ]
 [ 91.          20.580002     3.4513762    0.89415914]
 [ 92.          20.64         3.3686793    0.9015325 ]
 [ 93.          20.62         3.39588      0.9112698 ]
 [ 94.          20.62         3.39588      0.9183729 ]
 [ 95.          20.62         3.39588      0.9250757 ]
 [ 96.          20.62         3.39588      0.9317393 ]
 [ 97.          20.62         3.39588      0.938275  ]
 [ 98.          20.62         3.39588      0.9448032 ]
 [ 99.          20.62         3.39588      0.9513776 ]
 [100.          20.62         3.39588      0.95915335]
 [101.          20.62         3.39588      0.9657742 ]
 [102.          20.62         3.39588      0.9740246 ]
 [103.          20.64         3.4143817    0.9802839 ]
 [104.          20.64         3.4143817    0.9886263 ]
 [105.          20.64         3.4143817    0.99483454]
 [106.          20.660002     3.4326382    1.0010725 ]
 [107.          20.660002     3.4326382    1.0064806 ]
 [108.          20.68         3.405438     1.0133411 ]
 [109.          20.700003     3.3786097    1.0188364 ]
 [110.          20.7          3.4234493    1.0248828 ]
 [111.          20.7          3.4234493    1.032176  ]
 [112.          20.7          3.4234493    1.037454  ]
 [113.          20.7          3.4234493    1.0427006 ]
 [114.          20.74         3.4143813    1.0478332 ]
 [115.          20.720001     3.3988235    1.0532368 ]
 [116.          20.84         3.5139723    1.0584078 ]
 [117.          21.1          3.4835324    1.0632662 ]
 [118.          21.36         3.584411     1.0684003 ]
 [119.          21.68         3.4773555    1.0733188 ]
 [120.          22.72         3.4113047    1.0781416 ]
 [121.          23.96         3.4231567    1.0829779 ]
 [122.          25.04         3.5837135    1.087896  ]
 [123.          26.5          3.6256034    1.092934  ]
 [124.          27.62         2.9166765    1.0986186 ]
 [125.          28.539999     2.993827     1.1036457 ]
 [126.          29.040003     2.8754134    1.1104573 ]
 [127.          29.48         2.6593237    1.1173433 ]
 [128.          29.74         2.2908516    1.1231886 ]
 [129.          30.26         1.8875911    1.1296088 ]
 [130.          30.48         1.8899738    1.1358454 ]
 [131.          30.459997     1.8689568    1.1419791 ]
 [132.          30.36         1.6712276    1.1480541 ]
 [133.          30.159998     1.7242389    1.1542597 ]
 [134.          30.08         1.7935995    1.1609706 ]
 [135.          29.520002     1.9421637    1.1685219 ]
 [136.          28.800001     2.4124682    1.1748079 ]
 [137.          28.539999     2.912558     1.1818972 ]
 [138.          28.679998     2.531206     1.1885443 ]
 [139.          29.12         2.5587113    1.1953343 ]
 [140.          29.36         2.3617792    1.202645  ]
 [141.          29.959997     2.0305169    1.208901  ]
 [142.          30.4          1.609348     1.215655  ]
 [143.          30.84         1.6056149    1.2218386 ]
 [144.          30.619999     1.3160546    1.2283906 ]
 [145.          30.320002     1.3479614    1.2354778 ]
 [146.          30.059998     1.3575717    1.2427229 ]
 [147.          29.98         1.5974979    1.2491827 ]
 [148.          29.779999     1.8212636    1.2562158 ]
 [149.          30.           1.9170294    1.2627966 ]
 [150.          30.4          1.635543     1.2695637 ]
 [151.          30.88         1.6037457    1.2763495 ]
 [152.          31.08         1.9408762    1.2833338 ]
 [153.          31.179998     1.934425     1.2908796 ]
 [154.          31.14         1.9282113    1.2979621 ]
 [155.          31.300001     2.1783023    1.3058919 ]
 [156.          31.48         2.4873679    1.3136146 ]
 [157.          31.4          2.5228956    1.3207606 ]
 [158.          31.34         2.3670657    1.3275973 ]
 [159.          31.179998     1.7796062    1.3352773 ]
 [160.          31.059998     1.6786903    1.3426203 ]
 [161.          30.659998     1.1104056    1.3498085 ]
 [162.          30.5          1.2747545    1.3580254 ]
 [163.          30.840002     1.622652     1.3660921 ]
 [164.          31.24         1.8146625    1.3764154 ]
 [165.          31.1          1.8560709    1.3834895 ]
 [166.          31.           1.6248072    1.390844  ]
 [167.          30.640003     1.2218834    1.398322  ]
 [168.          30.960001     1.4825648    1.4054724 ]
 [169.          31.           1.5684384    1.4126056 ]
 [170.          31.320002     1.7584083    1.4200356 ]
 [171.          31.26         1.7184291    1.4284216 ]
 [172.          31.36         1.7008827    1.4358935 ]
 [173.          31.14         1.4842504    1.4448038 ]
 [174.          31.300001     1.8934096    1.4519278 ]
 [175.          30.84         1.9995       1.459764  ]
 [176.          31.060001     2.2634046    1.4664682 ]
 [177.          31.08         2.0166802    1.4735281 ]
 [178.          30.920002     2.2774992    1.4805946 ]
 [179.          31.36         1.8889145    1.4877234 ]
 [180.          31.160002     2.540276     1.4952691 ]
 [181.          31.44         1.8406523    1.503306  ]
 [182.          31.520002     1.340523     1.5112882 ]
 [183.          31.420002     1.1755854    1.5200663 ]
 [184.          32.04         1.314535     1.5287675 ]
 [185.          31.840002     1.7256889    1.5355027 ]
 [186.          31.44         1.624193     1.5417198 ]
 [187.          31.48         1.3330424    1.5494044 ]
 [188.          31.34         2.1326036    1.5554318 ]
 [189.          31.36         1.8875916    1.561319  ]
 [190.          31.34         2.0707483    1.5667557 ]
 [191.          32.079998     1.643776     1.5727389 ]
 [192.          32.420002     1.7282938    1.5791222 ]
 [193.          32.36         2.0378914    1.5861105 ]
 [194.          32.079998     1.776795     1.5930413 ]
 [195.          32.36         1.7008821    1.6004685 ]
 [196.          32.18         2.2642877    1.6066926 ]
 [197.          32.18         2.1556904    1.6124462 ]
 [198.          32.340004     1.8528358    1.6191882 ]
 [199.          32.24         1.7812924    1.6251156 ]
 [200.          32.420002     1.810249     1.631031  ]]
The best results: 
Epoch: 192  32.42±1.73  1.579s
--------------- Train Done! ----------------
