Using cuda:0 device
Dataset     :Computers
Epochs      :200
LR X_s      :0.01
Learn A_s   :1
LR A_s      :0.01
Conden ratio:0.5
Ridge       :0.001
Kernel      :SGNK
k           :3
L           :1
Seed        :5
The 1th Iteration:
--------------------------------------------------
The 2th Iteration:
--------------------------------------------------
The 3th Iteration:
--------------------------------------------------
The 4th Iteration:
--------------------------------------------------
The 5th Iteration:
--------------------------------------------------
[[  1.          10.580001     0.9833616    0.2529973 ]
 [  2.          11.74         1.8297538    0.2595945 ]
 [  3.          13.5          2.2483327    0.266385  ]
 [  4.          13.38         2.5459776    0.27304122]
 [  5.          13.540001     2.2187839    0.28066906]
 [  6.          14.04         2.8032126    0.28757077]
 [  7.          14.280001     2.74627      0.2949666 ]
 [  8.          14.339999     2.619733     0.3026341 ]
 [  9.          14.24         2.2322636    0.30953488]
 [ 10.          15.320002     3.1300163    0.31754968]
 [ 11.          15.18         2.5232918    0.32614848]
 [ 12.          16.02         2.5203173    0.33468515]
 [ 13.          16.320002     2.413918     0.3414608 ]
 [ 14.          16.48         2.404579     0.3487729 ]
 [ 15.          16.380001     2.331738     0.35600743]
 [ 16.          16.560001     2.4663737    0.36310244]
 [ 17.          17.560001     2.964456     0.37110946]
 [ 18.          17.84         3.1365585    0.37744498]
 [ 19.          17.800001     3.0903072    0.38470697]
 [ 20.          18.28         3.5209372    0.39177418]
 [ 21.          18.7          3.817721     0.39792296]
 [ 22.          20.2          3.9780645    0.4056777 ]
 [ 23.          20.9          3.7523327    0.41255996]
 [ 24.          21.9          3.858108     0.4185937 ]
 [ 25.          22.94         4.558838     0.42465383]
 [ 26.          23.26         5.282329     0.4309195 ]
 [ 27.          23.520002     5.4186716    0.4371884 ]
 [ 28.          23.94         5.8743505    0.44384122]
 [ 29.          24.74         5.365445     0.45158812]
 [ 30.          25.9          4.4435344    0.4596168 ]
 [ 31.          27.7          4.188079     0.46757513]
 [ 32.          28.820002     3.7619147    0.4740564 ]
 [ 33.          30.059998     4.5916224    0.48355943]
 [ 34.          30.220001     4.9002047    0.49034053]
 [ 35.          30.62         5.4522467    0.49669996]
 [ 36.          31.08         4.668191     0.50364965]
 [ 37.          32.260002     3.7467308    0.5104289 ]
 [ 38.          33.120003     3.9474056    0.51709026]
 [ 39.          33.9          4.068784     0.52345127]
 [ 40.          33.72         4.8028126    0.5304112 ]
 [ 41.          34.340004     5.111068     0.53621006]
 [ 42.          34.56         5.534709     0.5422199 ]
 [ 43.          34.540005     5.6460605    0.548398  ]
 [ 44.          34.859997     5.7582965    0.5543957 ]
 [ 45.          35.579998     6.082105     0.56049615]
 [ 46.          36.22         5.811798     0.5671377 ]
 [ 47.          37.2          5.771049     0.57294333]
 [ 48.          37.04         6.0048327    0.57909524]
 [ 49.          37.859997     5.9078755    0.5855366 ]
 [ 50.          37.88         5.3886       0.5917003 ]
 [ 51.          38.48         4.6407976    0.5978646 ]
 [ 52.          37.98         3.9619439    0.60403717]
 [ 53.          38.100002     3.9198205    0.6105018 ]
 [ 54.          38.18         4.104511     0.61664724]
 [ 55.          38.98         3.4564426    0.6232015 ]
 [ 56.          39.36         3.2245936    0.62972015]
 [ 57.          39.84         3.1069286    0.63696784]
 [ 58.          40.84         3.4129167    0.6440132 ]
 [ 59.          41.320004     3.8009205    0.6502332 ]
 [ 60.          42.260002     4.083257     0.6566419 ]
 [ 61.          42.68         5.1290364    0.66368276]
 [ 62.          43.2          5.179768     0.66983724]
 [ 63.          42.84         4.950555     0.67709225]
 [ 64.          43.54         4.015969     0.68467754]
 [ 65.          44.56         3.5823174    0.69091994]
 [ 66.          45.54         2.7318492    0.69730806]
 [ 67.          46.66         2.3723407    0.7030186 ]
 [ 68.          47.86         2.2467759    0.70876443]
 [ 69.          48.5          3.174116     0.7158136 ]
 [ 70.          49.24         3.1309755    0.72194207]
 [ 71.          49.94         2.3287344    0.72909224]
 [ 72.          49.8          2.6580076    0.73529947]
 [ 73.          49.420002     2.268701     0.74233043]
 [ 74.          49.820004     1.9201558    0.7492258 ]
 [ 75.          50.760002     1.799445     0.7553956 ]
 [ 76.          51.040005     2.185863     0.7611227 ]
 [ 77.          51.5          2.4505103    0.7694134 ]
 [ 78.          52.72         1.9408784    0.77534413]
 [ 79.          53.519997     2.2906342    0.7815811 ]
 [ 80.          54.540005     2.8745444    0.78838456]
 [ 81.          54.739998     3.950064     0.795077  ]
 [ 82.          54.840004     4.111326     0.80162334]
 [ 83.          55.640003     4.5937986    0.80867064]
 [ 84.          56.72         4.2949967    0.81480074]
 [ 85.          57.16         3.987856     0.82065964]
 [ 86.          57.98         4.2996507    0.82651824]
 [ 87.          58.600002     4.5863953    0.83218974]
 [ 88.          58.619995     4.2903366    0.8379963 ]
 [ 89.          58.640003     4.102805     0.8448213 ]
 [ 90.          59.24         3.2807007    0.85087436]
 [ 91.          59.059998     1.281795     0.85651267]
 [ 92.          59.2          1.1832153    0.86268276]
 [ 93.          58.8          2.49299      0.869343  ]
 [ 94.          59.26         2.804995     0.87616676]
 [ 95.          60.26         2.0415695    0.8825491 ]
 [ 96.          60.119995     1.626961     0.89035416]
 [ 97.          60.76         2.6717043    0.8974935 ]
 [ 98.          61.340004     2.5125694    0.9046652 ]
 [ 99.          62.28         2.8908477    0.9107216 ]
 [100.          62.02         2.930358     0.9169819 ]
 [101.          62.380005     3.3244555    0.9239193 ]
 [102.          62.440002     3.378314     0.92945385]
 [103.          61.859997     4.2152095    0.93522406]
 [104.          61.920002     5.2997174    0.94060534]
 [105.          61.76         6.8016906    0.9460177 ]
 [106.          61.98         7.513122     0.9515832 ]
 [107.          62.26         7.8668933    0.95726264]
 [108.          62.4          8.00125      0.9640822 ]
 [109.          63.66         6.1804523    0.9699041 ]
 [110.          63.319996     4.2304845    0.97625524]
 [111.          63.859997     3.1437228    0.98302764]
 [112.          64.46001      2.7428093    0.9915461 ]
 [113.          65.14001      2.187007     0.99951327]
 [114.          65.1          2.140095     1.0059286 ]
 [115.          64.06         1.9957451    1.012488  ]
 [116.          63.66         2.8439417    1.0188296 ]
 [117.          63.16         3.9771879    1.024886  ]
 [118.          62.920002     4.428544     1.0317086 ]
 [119.          63.38         4.2079687    1.0384382 ]
 [120.          64.840004     4.281705     1.0457214 ]
 [121.          66.           4.507218     1.0526065 ]
 [122.          66.08001      4.6762147    1.0585731 ]
 [123.          65.96         4.721016     1.0646187 ]
 [124.          65.659996     4.688603     1.0702273 ]
 [125.          65.200005     4.1755238    1.0758017 ]
 [126.          65.68001      4.172767     1.0815389 ]
 [127.          65.22         4.632708     1.087862  ]
 [128.          65.38         5.830265     1.0935036 ]
 [129.          65.740005     5.878179     1.100653  ]
 [130.          65.96         5.7587323    1.1062993 ]
 [131.          66.18001      5.042516     1.1136925 ]
 [132.          66.88         4.395681     1.120418  ]
 [133.          66.64         4.395796     1.1265564 ]
 [134.          67.26         3.7138915    1.1328486 ]
 [135.          67.58001      3.6772282    1.1393412 ]
 [136.          67.56         3.738716     1.1450121 ]
 [137.          67.659996     3.307267     1.1509863 ]
 [138.          67.920006     3.6711044    1.1575749 ]
 [139.          67.56         4.0728364    1.1635736 ]
 [140.          67.76         5.292726     1.169714  ]
 [141.          67.380005     5.3438783    1.1751572 ]
 [142.          67.82         7.0268803    1.1806309 ]
 [143.          67.840004     7.4500384    1.1871033 ]
 [144.          67.36         8.374541     1.1929604 ]
 [145.          67.8          8.990831     1.1985652 ]
 [146.          67.880005     8.920594     1.2049179 ]
 [147.          68.12         8.10475      1.2104975 ]
 [148.          68.520004     7.6083517    1.2163159 ]
 [149.          68.6          7.403381     1.2224318 ]
 [150.          68.159996     7.970447     1.2281675 ]
 [151.          68.14001      8.362595     1.2341179 ]
 [152.          67.98         8.367613     1.2406017 ]
 [153.          68.740005     8.130067     1.2474378 ]
 [154.          69.740005     7.9380693    1.2542944 ]
 [155.          69.82         7.825405     1.2618235 ]
 [156.          69.94         7.511856     1.2678369 ]
 [157.          68.82         7.1897135    1.2753547 ]
 [158.          68.54         6.2516413    1.2808573 ]
 [159.          68.4          6.3745604    1.2866625 ]
 [160.          68.54         6.368516     1.2937452 ]
 [161.          69.020004     6.3069015    1.2992806 ]
 [162.          69.46         6.461269     1.3050537 ]
 [163.          70.06         5.886256     1.3104781 ]
 [164.          69.920006     6.622087     1.3166596 ]
 [165.          69.84         6.6225395    1.3240589 ]
 [166.          69.44         6.958665     1.3297246 ]
 [167.          69.6          6.6098413    1.3351774 ]
 [168.          69.88         7.1750965    1.340743  ]
 [169.          70.32001      6.867822     1.3473386 ]
 [170.          70.4          6.292457     1.3531394 ]
 [171.          70.6          5.9257927    1.3585495 ]
 [172.          70.36         5.9483604    1.3641957 ]
 [173.          70.54         5.8968616    1.3702958 ]
 [174.          70.740005     5.765239     1.3760715 ]
 [175.          70.98         6.1860332    1.3820345 ]
 [176.          71.54         6.23161      1.388714  ]
 [177.          72.240005     6.492533     1.395381  ]
 [178.          72.840004     6.5404873    1.4015236 ]
 [179.          73.08001      6.7184095    1.4079331 ]
 [180.          73.060005     6.4442205    1.4145788 ]
 [181.          72.54         6.1051636    1.420518  ]
 [182.          72.520004     5.7538695    1.4265133 ]
 [183.          72.020004     5.867451     1.4327059 ]
 [184.          71.78001      5.651723     1.4403735 ]
 [185.          71.56         5.244802     1.4467038 ]
 [186.          71.340004     5.5729713    1.4540685 ]
 [187.          71.3          6.0286818    1.461686  ]
 [188.          71.700005     6.3217854    1.4694064 ]
 [189.          72.28001      6.2323356    1.4769131 ]
 [190.          72.340004     6.436462     1.4853185 ]
 [191.          71.96         6.7270303    1.4944619 ]
 [192.          71.92         6.197338     1.502231  ]
 [193.          72.28         5.7824764    1.5092258 ]
 [194.          72.54         5.767843     1.5162611 ]
 [195.          73.24         5.5401287    1.5238026 ]
 [196.          73.4          5.5682163    1.5318918 ]
 [197.          74.26         4.9857793    1.5407776 ]
 [198.          74.44         4.8675456    1.5478357 ]
 [199.          74.68         5.061327     1.5544672 ]
 [200.          74.46         5.1790957    1.5611416 ]]
The best results: 
Epoch: 199  74.68±5.06  1.554s
--------------- Train Done! ----------------
