Using cuda:0 device
Dataset     :Computers
Epochs      :200
LR X_s      :0.01
Learn A_s   :0
LR A_s      :0.01
Conden ratio:0.25
Ridge       :0.001
Kernel      :SNTK
k           :4
L           :1
Seed        :5
The 1th Iteration:
--------------------------------------------------
The 2th Iteration:
--------------------------------------------------
The 3th Iteration:
--------------------------------------------------
The 4th Iteration:
--------------------------------------------------
The 5th Iteration:
--------------------------------------------------
[[  1.          15.460001     4.2991858    0.36002716]
 [  2.          18.44         5.7300086    0.39424148]
 [  3.          24.62         4.7251463    0.43336463]
 [  4.          28.34         0.8414277    0.47400942]
 [  5.          29.300001     0.7382414    0.5126924 ]
 [  6.          29.159998     0.850294     0.5468275 ]
 [  7.          29.7          1.2389507    0.58025646]
 [  8.          31.6          3.135284     0.61615497]
 [  9.          33.8          3.6891725    0.64811033]
 [ 10.          35.18         3.0914402    0.6834968 ]
 [ 11.          36.68         1.5155855    0.72007763]
 [ 12.          38.140003     0.58991605   0.7500147 ]
 [ 13.          39.66         3.3306148    0.784519  ]
 [ 14.          41.140003     3.662376     0.81548023]
 [ 15.          43.98         3.588454     0.84555495]
 [ 16.          45.760002     2.7153275    0.8797728 ]
 [ 17.          46.52         1.3535147    0.9145195 ]
 [ 18.          47.920002     1.1882749    0.9458912 ]
 [ 19.          48.28         1.7195928    0.9777412 ]
 [ 20.          48.7          2.5874698    1.0089988 ]
 [ 21.          49.14         3.3908703    1.0410385 ]
 [ 22.          49.4          2.7404382    1.0778211 ]
 [ 23.          49.36         2.4161954    1.1157213 ]
 [ 24.          49.600002     2.6804864    1.1559428 ]
 [ 25.          50.320004     2.8455236    1.1930326 ]
 [ 26.          51.440002     2.6857038    1.2308333 ]
 [ 27.          52.38         3.12282      1.2692317 ]
 [ 28.          53.280006     3.0687122    1.3100413 ]
 [ 29.          54.180004     3.1107876    1.3509579 ]
 [ 30.          55.02         3.2259877    1.393398  ]
 [ 31.          56.9          3.2870965    1.433232  ]
 [ 32.          59.02         4.3996587    1.4690841 ]
 [ 33.          60.66         4.4224415    1.503468  ]
 [ 34.          61.76         4.375842     1.5320772 ]
 [ 35.          62.26         4.5058866    1.5618029 ]
 [ 36.          62.480007     4.6724744    1.5956501 ]
 [ 37.          62.419994     4.4561186    1.6259145 ]
 [ 38.          62.16         4.440495     1.65854   ]
 [ 39.          62.420002     4.456121     1.6856047 ]
 [ 40.          62.74         4.618767     1.7163025 ]
 [ 41.          63.26         3.9214795    1.7424282 ]
 [ 42.          64.08001      3.431765     1.7773966 ]
 [ 43.          64.54         3.090794     1.8092817 ]
 [ 44.          64.76         2.7364204    1.841012  ]
 [ 45.          64.82         2.7234173    1.871691  ]
 [ 46.          64.9          2.6655204    1.9036549 ]
 [ 47.          64.700005     2.4617085    1.9354609 ]
 [ 48.          64.74         2.490582     1.9708115 ]
 [ 49.          64.8          2.5806997    2.011564  ]
 [ 50.          65.020004     2.535153     2.0487049 ]
 [ 51.          65.200005     2.4166102    2.0876455 ]
 [ 52.          65.21999      2.4772973    2.1275613 ]
 [ 53.          65.14001      2.2108824    2.1626592 ]
 [ 54.          65.86         0.7266381    2.1987064 ]
 [ 55.          66.240005     0.24083218   2.2389753 ]
 [ 56.          66.46         0.32093477   2.2726674 ]
 [ 57.          66.64001      0.47222817   2.2972896 ]
 [ 58.          66.659996     0.43931887   2.328058  ]
 [ 59.          66.86         0.41593257   2.360176  ]
 [ 60.          67.12         0.31145233   2.3880398 ]
 [ 61.          67.28001      0.29495475   2.4203713 ]
 [ 62.          67.48         0.1483217    2.4473605 ]
 [ 63.          67.72         0.25884473   2.4748416 ]
 [ 64.          68.04         0.49799708   2.502737  ]
 [ 65.          68.200005     0.6999994    2.5337489 ]
 [ 66.          68.3          0.7968706    2.5628936 ]
 [ 67.          68.5          1.0222524    2.595505  ]
 [ 68.          68.96         1.1844829    2.6253774 ]
 [ 69.          69.78001      1.5155872    2.657763  ]
 [ 70.          70.920006     2.5331793    2.6916068 ]
 [ 71.          71.659996     3.0385854    2.725919  ]
 [ 72.          72.12         3.1633844    2.7602196 ]
 [ 73.          72.64001      3.08107      2.8026273 ]
 [ 74.          73.04         3.1484914    2.8353574 ]
 [ 75.          73.71999      2.7031443    2.8741012 ]
 [ 76.          74.240005     2.1489518    2.9120114 ]
 [ 77.          74.96         1.0990921    2.9467046 ]
 [ 78.          75.14001      1.089957     2.9836142 ]
 [ 79.          75.26         0.8384507    3.025042  ]
 [ 80.          75.439995     0.81731373   3.064801  ]
 [ 81.          75.71999      0.7049809    3.1015174 ]
 [ 82.          75.8          0.46904278   3.1438644 ]
 [ 83.          75.96001      0.30495965   3.1781518 ]
 [ 84.          76.14001      0.25099814   3.213431  ]
 [ 85.          76.62         0.37013248   3.2455933 ]
 [ 86.          76.72         0.7496663    3.2746017 ]
 [ 87.          76.520004     0.6058046    3.2987046 ]
 [ 88.          76.68         0.46583456   3.3280613 ]
 [ 89.          76.54         0.4277857    3.3530152 ]
 [ 90.          77.14001      0.30496073   3.3825672 ]
 [ 91.          77.4          0.53851515   3.4133604 ]
 [ 92.          77.32         0.4086558    3.4439552 ]
 [ 93.          77.979996     0.68701875   3.4718366 ]
 [ 94.          78.3          1.3546221    3.5026758 ]
 [ 95.          78.08001      0.83486605   3.5367863 ]
 [ 96.          77.71999      0.52630746   3.573403  ]
 [ 97.          77.4          0.44721347   3.609665  ]
 [ 98.          77.86         0.62289643   3.645023  ]
 [ 99.          78.1          0.7745975    3.680761  ]
 [100.          78.56         0.75365937   3.722725  ]
 [101.          78.82         0.99849707   3.7611973 ]
 [102.          79.04         0.86487085   3.8008847 ]
 [103.          78.72         1.0059816    3.8368194 ]
 [104.          79.           0.85146797   3.8698692 ]
 [105.          79.58         0.6610597    3.9084363 ]
 [106.          79.21999      0.75960624   3.9433992 ]
 [107.          78.56         0.8414285    3.9779    ]
 [108.          79.32         0.48682544   4.0094895 ]
 [109.          79.26         1.1414905    4.04365   ]
 [110.          78.48         1.4166855    4.0761833 ]
 [111.          79.12         0.90388036   4.108896  ]
 [112.          78.880005     1.7137702    4.1440015 ]
 [113.          78.52         2.030271     4.177665  ]
 [114.          79.14001      1.9437081    4.208019  ]
 [115.          78.72         1.5738481    4.2375073 ]
 [116.          77.740005     2.1173081    4.264339  ]
 [117.          78.659996     1.4170414    4.2907248 ]
 [118.          78.56         0.92086834   4.3233795 ]
 [119.          78.380005     0.5540758    4.356824  ]
 [120.          78.72         0.72594875   4.390451  ]
 [121.          78.700005     1.3601493    4.4274745 ]
 [122.          78.48         1.3065217    4.468297  ]
 [123.          78.1          0.8746433    4.5066066 ]
 [124.          78.1          0.5744558    4.5439215 ]
 [125.          78.44         0.5128369    4.5838165 ]
 [126.          78.22         0.5449781    4.6200113 ]
 [127.          78.159996     0.46690342   4.6579905 ]
 [128.          77.98         0.40865645   4.6945505 ]
 [129.          78.920006     0.7791033    4.727103  ]
 [130.          79.159996     0.9864092    4.76519   ]
 [131.          79.6          1.1045364    4.800069  ]
 [132.          79.659996     1.0114356    4.8373256 ]
 [133.          79.28001      1.0733143    4.8713756 ]
 [134.          79.24         0.8502941    4.908448  ]
 [135.          79.18         0.87578773   4.9413996 ]
 [136.          79.04         0.9316645    4.9760685 ]
 [137.          78.98         1.0010016    5.015348  ]
 [138.          79.12         0.80436474   5.0529985 ]
 [139.          79.4          0.72456867   5.079887  ]
 [140.          79.58         0.69065255   5.1093526 ]
 [141.          79.5          0.49497578   5.1371913 ]
 [142.          79.64001      0.21908858   5.165732  ]
 [143.          78.78001      1.7555617    5.1990795 ]
 [144.          78.94         1.2700404    5.228483  ]
 [145.          77.920006     1.2397596    5.258362  ]
 [146.          78.           1.0793511    5.292162  ]
 [147.          77.86         1.1674765    5.3282504 ]
 [148.          78.21999      0.97826356   5.3649516 ]
 [149.          78.6          0.81547296   5.401687  ]
 [150.          78.92         0.7463223    5.435725  ]
 [151.          79.14001      0.6877474    5.469857  ]
 [152.          78.78         0.8584865    5.5062404 ]
 [153.          78.94         0.70213974   5.5410824 ]
 [154.          79.04         0.65802366   5.5769434 ]
 [155.          78.9          0.35355574   5.6123085 ]
 [156.          79.04         0.43932036   5.651161  ]
 [157.          79.159996     0.47222996   5.6868067 ]
 [158.          79.04         0.2701855    5.7200494 ]
 [159.          78.92         0.64575577   5.759225  ]
 [160.          78.86         0.74026436   5.7946024 ]
 [161.          78.84         0.9449863    5.8292546 ]
 [162.          79.04         0.94763047   5.8623915 ]
 [163.          78.9          0.883173     5.896428  ]
 [164.          78.99999      0.8602352    5.9303474 ]
 [165.          78.420006     0.9679851    5.963817  ]
 [166.          78.4          0.99247056   5.992937  ]
 [167.          78.4          1.1291599    6.0267253 ]
 [168.          77.86001      2.0194046    6.0561533 ]
 [169.          79.020004     1.2357209    6.08807   ]
 [170.          79.240005     1.413505     6.1203265 ]
 [171.          79.1          1.1597438    6.1545353 ]
 [172.          79.939995     1.3145322    6.1863832 ]
 [173.          79.72         1.2637239    6.222542  ]
 [174.          79.54         0.7092255    6.2580476 ]
 [175.          79.18001      0.7362081    6.2940836 ]
 [176.          79.18001      0.7694162    6.3305063 ]
 [177.          79.08001      1.0256727    6.3642488 ]
 [178.          79.02         1.0986352    6.398918  ]
 [179.          79.46         0.9659181    6.4357715 ]
 [180.          79.56         1.0089606    6.4700646 ]
 [181.          79.62         1.1519548    6.5097804 ]
 [182.          79.1          1.0793511    6.5433664 ]
 [183.          79.380005     0.8871314    6.5815887 ]
 [184.          78.840004     1.3974968    6.619249  ]
 [185.          78.8          1.8748336    6.654664  ]
 [186.          78.9          1.8601063    6.6887407 ]
 [187.          78.76         2.0403438    6.720157  ]
 [188.          77.72         2.2532213    6.7483478 ]
 [189.          78.28001      1.2557852    6.784234  ]
 [190.          78.340004     1.1193733    6.810716  ]
 [191.          79.           0.7348465    6.84399   ]
 [192.          79.700005     1.0464226    6.8688173 ]
 [193.          79.92         1.2029119    6.896297  ]
 [194.          79.880005     1.219425     6.9266143 ]
 [195.          80.04         1.3183337    6.9642367 ]
 [196.          79.8          0.9486807    6.9979324 ]
 [197.          79.86001      1.1371005    7.0239143 ]
 [198.          79.6          1.1810998    7.05587   ]
 [199.          79.88         1.1300454    7.0882044 ]
 [200.          79.42         1.4411821    7.1198907 ]]
The best results: 
Epoch: 195  80.04±1.32  6.964s
--------------- Train Done! ----------------
