Using cuda:0 device
Dataset     :Computers
Epochs      :200
LR X_s      :0.01
Learn A_s   :0
LR A_s      :0.01
Conden ratio:0.25
Ridge       :0.1
Kernel      :SGNK
k           :2
L           :1
Seed        :5
The 1th Iteration:
--------------------------------------------------
The 2th Iteration:
--------------------------------------------------
The 3th Iteration:
--------------------------------------------------
The 4th Iteration:
--------------------------------------------------
The 5th Iteration:
--------------------------------------------------
[[  1.          19.539999     5.763072     0.50352234]
 [  2.          31.420002     8.703849     0.5219958 ]
 [  3.          38.74         6.931667     0.52985483]
 [  4.          40.88         4.184137     0.5379358 ]
 [  5.          41.98         2.4324877    0.545929  ]
 [  6.          42.8          2.6153388    0.5540774 ]
 [  7.          43.600002     2.992492     0.5607754 ]
 [  8.          44.180004     3.1316128    0.56597924]
 [  9.          44.38         2.7123787    0.5714002 ]
 [ 10.          45.14         2.311492     0.5770092 ]
 [ 11.          45.7          2.0639772    0.5844676 ]
 [ 12.          46.320004     2.1533687    0.59274346]
 [ 13.          47.           2.1817424    0.6031591 ]
 [ 14.          47.960003     2.301738     0.61196053]
 [ 15.          49.02         2.1924877    0.6190004 ]
 [ 16.          50.02         2.0668821    0.6249159 ]
 [ 17.          50.86         1.9217174    0.6329916 ]
 [ 18.          51.820004     2.0265725    0.6421592 ]
 [ 19.          52.98         1.9408777    0.65075684]
 [ 20.          53.880005     1.8673512    0.6614217 ]
 [ 21.          54.760006     2.0598538    0.67359287]
 [ 22.          55.480007     1.91102      0.6805167 ]
 [ 23.          56.480007     1.8130072    0.68701845]
 [ 24.          57.440002     1.6501508    0.69349796]
 [ 25.          58.340004     1.5501618    0.7008662 ]
 [ 26.          59.02         1.3809415    0.7138147 ]
 [ 27.          59.859997     1.342759     0.7217192 ]
 [ 28.          60.76         1.5852443    0.7321437 ]
 [ 29.          61.420002     1.6828538    0.7383541 ]
 [ 30.          61.840004     1.8836122    0.74548984]
 [ 31.          62.78         2.1087918    0.7544577 ]
 [ 32.          63.5          2.3323805    0.76441234]
 [ 33.          64.22         2.703146     0.77538663]
 [ 34.          65.4          3.163858     0.78842497]
 [ 35.          66.44         3.6432128    0.7988675 ]
 [ 36.          67.420006     3.9983761    0.8056783 ]
 [ 37.          68.36         4.456792     0.81221753]
 [ 38.          69.22         4.6558566    0.81881756]
 [ 39.          70.04         4.6008677    0.824125  ]
 [ 40.          71.26         4.11619      0.8308405 ]
 [ 41.          72.5          3.7887993    0.8378507 ]
 [ 42.          73.8          3.3904283    0.8422394 ]
 [ 43.          75.4          2.9171896    0.84706986]
 [ 44.          76.200005     2.657067     0.8521285 ]
 [ 45.          77.06         2.2600896    0.8574671 ]
 [ 46.          77.78         1.843097     0.86310464]
 [ 47.          78.52         1.6392062    0.86895066]
 [ 48.          79.08001      1.6053035    0.8740061 ]
 [ 49.          79.46001      1.4943234    0.87990725]
 [ 50.          79.920006     1.3141519    0.8878588 ]
 [ 51.          80.56         1.2601599    0.8981227 ]
 [ 52.          81.200005     1.077034     0.9056229 ]
 [ 53.          81.619995     0.78549564   0.91264707]
 [ 54.          81.96         0.68410546   0.9174051 ]
 [ 55.          82.26         0.55045336   0.92652553]
 [ 56.          82.71999      0.39623293   0.93459684]
 [ 57.          82.98         0.41472587   0.9464993 ]
 [ 58.          83.240005     0.43931755   0.95786756]
 [ 59.          83.42         0.4147277    0.96730375]
 [ 60.          84.08001      0.42071247   0.9718582 ]
 [ 61.          83.9          0.30822167   0.9766413 ]
 [ 62.          83.619995     0.33466357   0.9839739 ]
 [ 63.          84.3          0.5049731    1.0056576 ]
 [ 64.          84.520004     0.2774893    1.0153573 ]
 [ 65.          84.020004     0.47644368   1.0240333 ]
 [ 66.          84.340004     0.568331     1.0341262 ]
 [ 67.          84.46         0.2880981    1.0465491 ]
 [ 68.          84.18001      0.55407405   1.0586598 ]
 [ 69.          84.58001      0.14832465   1.0685388 ]
 [ 70.          84.740005     0.42778736   1.0746746 ]
 [ 71.          84.659996     0.37815496   1.079117  ]
 [ 72.          84.340004     0.59413534   1.0864645 ]
 [ 73.          84.58         0.4658317    1.0922986 ]
 [ 74.          84.82         0.23874843   1.1018134 ]
 [ 75.          84.64001      1.0853574    1.1129334 ]
 [ 76.          84.68001      0.30331567   1.1239475 ]
 [ 77.          84.34         0.7197212    1.1318058 ]
 [ 78.          85.04         0.59413964   1.1384068 ]
 [ 79.          84.68001      0.531035     1.1462754 ]
 [ 80.          84.520004     0.35637185   1.1551903 ]
 [ 81.          84.54         0.3507173    1.1647568 ]
 [ 82.          84.78         0.54954576   1.173675  ]
 [ 83.          84.840004     0.27018562   1.1826628 ]
 [ 84.          84.5          1.1597389    1.1888592 ]
 [ 85.          85.12         0.54954267   1.1994371 ]
 [ 86.          84.26         1.3575703    1.2060045 ]
 [ 87.          84.72001      0.51185983   1.2112064 ]
 [ 88.          84.52         0.44384724   1.2176565 ]
 [ 89.          85.020004     0.3492851    1.2360896 ]
 [ 90.          85.3          0.38730043   1.2425946 ]
 [ 91.          85.14         0.68044055   1.2495514 ]
 [ 92.          85.04         0.36469173   1.2559485 ]
 [ 93.          84.98         0.6300774    1.2618178 ]
 [ 94.          85.32         0.41472465   1.2689708 ]
 [ 95.          85.020004     0.27749178   1.2796544 ]
 [ 96.          84.92         0.2683279    1.2866563 ]
 [ 97.          85.159996     0.51768696   1.2976611 ]
 [ 98.          85.240005     0.53665644   1.3077774 ]
 [ 99.          85.44         0.40987742   1.3165764 ]
 [100.          85.38         0.37682956   1.3245175 ]
 [101.          85.28         0.476443     1.3315722 ]
 [102.          85.32         0.14832544   1.3385936 ]
 [103.          85.32         0.1923558    1.3460296 ]
 [104.          85.36001      0.47749096   1.3542798 ]
 [105.          85.5          0.5787888    1.3633304 ]
 [106.          85.32001      0.52153426   1.3741459 ]
 [107.          85.71999      0.5805176    1.3846328 ]
 [108.          85.34         0.5128377    1.3937148 ]
 [109.          85.04         0.83546287   1.4042343 ]
 [110.          85.36         0.4159333    1.4146475 ]
 [111.          85.32         0.22803496   1.4248743 ]
 [112.          85.5          0.79057306   1.4335841 ]
 [113.          85.439995     0.18165982   1.4410871 ]
 [114.          85.3          0.65191686   1.4470153 ]
 [115.          85.62         0.5215341    1.455397  ]
 [116.          85.340004     0.7127419    1.4644507 ]
 [117.          85.58         0.2588452    1.4723791 ]
 [118.          85.58         0.34204844   1.4828991 ]
 [119.          85.200005     0.52440417   1.4940811 ]
 [120.          85.54         0.59413475   1.5041307 ]
 [121.          85.74         0.46152064   1.512073  ]
 [122.          85.340004     0.45055526   1.5236542 ]
 [123.          85.659996     0.4615197    1.5307063 ]
 [124.          85.64001      0.4037329    1.5361584 ]
 [125.          85.66         0.5319787    1.5440086 ]
 [126.          85.21999      0.38340378   1.5560545 ]
 [127.          85.16         0.16733246   1.5672373 ]
 [128.          85.380005     0.6496153    1.5744108 ]
 [129.          85.46         0.5594606    1.580807  ]
 [130.          85.58001      0.34928668   1.586672  ]
 [131.          85.28         0.34205163   1.5912825 ]
 [132.          85.38         0.5540798    1.5984281 ]
 [133.          85.68         0.72594804   1.605814  ]
 [134.          85.46         0.46151966   1.613439  ]
 [135.          85.04         0.39115262   1.6221468 ]
 [136.          85.3          0.5244046    1.6291558 ]
 [137.          85.4          0.28284222   1.636797  ]
 [138.          85.64         0.6767558    1.6437933 ]
 [139.          85.62         0.19235325   1.650148  ]
 [140.          85.520004     0.39623252   1.6581093 ]
 [141.          85.439995     0.26077056   1.665226  ]
 [142.          85.3          0.52440244   1.6768883 ]
 [143.          85.54         0.4878504    1.6868374 ]
 [144.          85.119995     1.8349398    1.695014  ]
 [145.          84.28         1.8019441    1.7043873 ]
 [146.          84.619995     1.0802779    1.7132638 ]
 [147.          84.1          2.3345234    1.7206669 ]
 [148.          84.28         1.752714     1.7263212 ]
 [149.          85.200005     0.5700842    1.7341412 ]
 [150.          85.08         0.6978525    1.7404498 ]
 [151.          84.840004     1.4081903    1.7472519 ]
 [152.          84.740005     1.7052833    1.7579689 ]
 [153.          84.58001      1.032957     1.7684399 ]
 [154.          85.06         0.72318786   1.7829956 ]
 [155.          85.26         0.5128347    1.7961782 ]
 [156.          85.32         0.78549504   1.8103247 ]
 [157.          85.12         1.1519539    1.8199023 ]
 [158.          85.           0.52440363   1.8342768 ]
 [159.          85.32         0.4207128    1.8460871 ]
 [160.          85.240005     0.65802824   1.8533548 ]
 [161.          85.420006     0.63796353   1.8612156 ]
 [162.          85.659996     0.6308716    1.8717775 ]
 [163.          85.36         0.37815222   1.8795632 ]
 [164.          85.04         1.3049884    1.8877579 ]
 [165.          85.26         1.0737795    1.8982414 ]
 [166.          85.36001      0.58137435   1.9096025 ]
 [167.          84.94         0.65421736   1.9202403 ]
 [168.          85.16         0.89050424   1.9302105 ]
 [169.          84.880005     1.3535142    1.9412934 ]
 [170.          85.22         0.3898732    1.9531202 ]
 [171.          85.04         0.48270142   1.9648955 ]
 [172.          85.21999      0.6140027    1.9762744 ]
 [173.          85.62001      0.87578386   1.9920715 ]
 [174.          85.64         0.59413904   2.0035224 ]
 [175.          85.48         0.43243366   2.0176516 ]
 [176.          85.30001      0.8631343    2.0273194 ]
 [177.          85.28         0.5069508    2.035968  ]
 [178.          85.659996     0.3209342    2.0442913 ]
 [179.          85.96         0.4219006    2.0571811 ]
 [180.          85.420006     0.16431442   2.074485  ]
 [181.          85.32         0.46583474   2.0943735 ]
 [182.          85.38         0.78549385   2.1092556 ]
 [183.          85.4          0.38078886   2.1213682 ]
 [184.          85.380005     0.39622983   2.1336167 ]
 [185.          85.240005     0.54129434   2.1449993 ]
 [186.          85.6          0.8246209    2.1510415 ]
 [187.          85.27999      0.65345234   2.1605384 ]
 [188.          85.18001      0.33466166   2.1745193 ]
 [189.          85.12         0.21679574   2.1873207 ]
 [190.          85.020004     0.5495476    2.201122  ]
 [191.          85.18         0.60166526   2.215321  ]
 [192.          85.560005     0.32863447   2.2234461 ]
 [193.          85.560005     0.36469296   2.2298245 ]
 [194.          85.62001      0.31937504   2.238093  ]
 [195.          85.44         0.5412937    2.2470481 ]
 [196.          85.56         0.5029909    2.2579253 ]
 [197.          85.560005     0.6188704    2.2726095 ]
 [198.          85.48         0.23874812   2.2912247 ]
 [199.          85.380005     0.2949543    2.304484  ]
 [200.          85.42         0.3114474    2.3176699 ]]
The best results: 
Epoch: 179  85.96±0.42  2.057s
--------------- Train Done! ----------------
--------------- Save Done! ----------------
