Using cuda:0 device
Dataset     :Computers
Epochs      :200
LR X_s      :0.01
Learn A_s   :0
LR A_s      :0.01
Conden ratio:1.0
Ridge       :0.001
Kernel      :SNTK
k           :3
L           :1
Seed        :5
The 1th Iteration:
--------------------------------------------------
The 2th Iteration:
--------------------------------------------------
The 3th Iteration:
--------------------------------------------------
The 4th Iteration:
--------------------------------------------------
The 5th Iteration:
--------------------------------------------------
[[  1.          19.800001     8.715791     0.35257044]
 [  2.          26.36         5.235742     0.38792577]
 [  3.          34.68         8.739107     0.42357755]
 [  4.          39.04         6.9406767    0.46385342]
 [  5.          41.079998     5.1212306    0.5013215 ]
 [  6.          43.780003     2.919246     0.5420969 ]
 [  7.          48.02         1.5089748    0.58693177]
 [  8.          52.2          4.683482     0.62755615]
 [  9.          54.100002     5.9548287    0.67001766]
 [ 10.          53.74         6.3736176    0.71393037]
 [ 11.          57.48         4.349368     0.7546864 ]
 [ 12.          58.540005     4.9957995    0.7942073 ]
 [ 13.          59.579998     5.2165117    0.8368015 ]
 [ 14.          61.059998     4.025916     0.878848  ]
 [ 15.          62.72         3.3252082    0.91939545]
 [ 16.          63.579998     2.779748     0.95806867]
 [ 17.          64.52         2.4893775    1.0015405 ]
 [ 18.          65.21999      2.6901681    1.0422395 ]
 [ 19.          65.26         2.9381957    1.0760069 ]
 [ 20.          64.82         3.0036635    1.1140057 ]
 [ 21.          64.920006     2.8225875    1.1473919 ]
 [ 22.          65.3          2.4939935    1.1843076 ]
 [ 23.          65.619995     2.3263695    1.2208424 ]
 [ 24.          65.6          2.2494452    1.2540337 ]
 [ 25.          65.6          2.2169793    1.2930357 ]
 [ 26.          66.200005     2.0396066    1.335024  ]
 [ 27.          66.71999      1.5626893    1.3747926 ]
 [ 28.          66.86         1.6349298    1.41654   ]
 [ 29.          67.18001      1.7824136    1.4593085 ]
 [ 30.          67.54         1.8091447    1.4965653 ]
 [ 31.          67.76         1.8928814    1.5341402 ]
 [ 32.          68.18         1.8539172    1.5781167 ]
 [ 33.          68.64         1.4258336    1.6212647 ]
 [ 34.          69.48         1.5466074    1.6650574 ]
 [ 35.          70.14001      2.3136551    1.7060177 ]
 [ 36.          70.82         2.3573284    1.7471184 ]
 [ 37.          71.420006     3.0408862    1.7939876 ]
 [ 38.          71.8          3.0536866    1.8389473 ]
 [ 39.          72.48         3.2042155    1.881585  ]
 [ 40.          72.84         3.4282646    1.9252173 ]
 [ 41.          72.98         3.438313     1.967844  ]
 [ 42.          73.380005     3.1987484    2.011119  ]
 [ 43.          74.08001      3.0768507    2.045526  ]
 [ 44.          74.240005     2.992157     2.079474  ]
 [ 45.          74.36         3.041051     2.1124475 ]
 [ 46.          74.64         3.086745     2.147813  ]
 [ 47.          74.86         3.161172     2.1869073 ]
 [ 48.          75.200005     3.3324134    2.2274883 ]
 [ 49.          75.200005     3.3136067    2.2684546 ]
 [ 50.          75.28001      3.4795134    2.30524   ]
 [ 51.          75.32001      3.4687202    2.3411202 ]
 [ 52.          75.54         3.7017562    2.382392  ]
 [ 53.          75.58         3.6968918    2.424342  ]
 [ 54.          75.76         3.5061362    2.4689488 ]
 [ 55.          75.72         3.3581262    2.5066292 ]
 [ 56.          75.78         3.1948407    2.5465336 ]
 [ 57.          75.66         3.081072     2.5871327 ]
 [ 58.          75.64001      3.1698601    2.6290681 ]
 [ 59.          75.76         3.2183838    2.6701896 ]
 [ 60.          75.76         3.1445186    2.7076757 ]
 [ 61.          75.68001      3.0654535    2.7515218 ]
 [ 62.          75.68001      3.097094     2.7914212 ]
 [ 63.          75.8          3.215589     2.8340764 ]
 [ 64.          75.94         3.3989716    2.8752716 ]
 [ 65.          75.96001      3.504715     2.916971  ]
 [ 66.          75.920006     3.3640745    2.9541204 ]
 [ 67.          76.           3.2303278    2.9931    ]
 [ 68.          76.159996     2.9846263    3.0319946 ]
 [ 69.          76.520004     2.766225     3.0676444 ]
 [ 70.          76.64001      2.6168687    3.105034  ]
 [ 71.          76.56         2.4501019    3.1428318 ]
 [ 72.          76.700005     2.5739055    3.177533  ]
 [ 73.          76.74         2.5185297    3.2180955 ]
 [ 74.          76.78001      2.5955725    3.259774  ]
 [ 75.          76.78         2.5528417    3.3037808 ]
 [ 76.          76.82         2.5063908    3.3455849 ]
 [ 77.          76.88         2.4803236    3.3884475 ]
 [ 78.          76.98         2.5723548    3.4301708 ]
 [ 79.          76.78         2.422188     3.4722424 ]
 [ 80.          76.700005     2.3632603    3.5145435 ]
 [ 81.          76.76         2.6519794    3.5593247 ]
 [ 82.          77.22         2.8190417    3.6034257 ]
 [ 83.          77.18         2.8586714    3.6473396 ]
 [ 84.          77.           2.8240047    3.6907394 ]
 [ 85.          76.74         2.710717     3.7332323 ]
 [ 86.          76.72         2.6733885    3.7747445 ]
 [ 87.          76.76         2.6688952    3.8189569 ]
 [ 88.          77.32         2.7086902    3.8596478 ]
 [ 89.          77.3          2.7838821    3.903344  ]
 [ 90.          77.560005     0.9762201    3.9423387 ]
 [ 91.          77.18         0.5310372    3.9820633 ]
 [ 92.          77.04         0.67675257   4.022805  ]
 [ 93.          77.14001      0.18165842   4.0568657 ]
 [ 94.          77.28         0.14832672   4.099516  ]
 [ 95.          77.340004     0.9607299    4.137021  ]
 [ 96.          78.200005     1.1554246    4.177661  ]
 [ 97.          78.21999      0.941804     4.222238  ]
 [ 98.          78.1          0.92466223   4.2625175 ]
 [ 99.          77.78         0.8983345    4.305538  ]
 [100.          77.42         0.9230404    4.348463  ]
 [101.          77.72         0.5761962    4.386615  ]
 [102.          77.86         0.726636     4.4329133 ]
 [103.          78.1          0.79372597   4.4748116 ]
 [104.          77.74         0.58991635   4.5202155 ]
 [105.          78.1          0.83665913   4.5684295 ]
 [106.          77.92         0.690652     4.617136  ]
 [107.          78.200005     0.64031      4.6605096 ]
 [108.          78.28         1.0497634    4.706615  ]
 [109.          78.14001      0.7765319    4.7541504 ]
 [110.          78.159996     0.57271403   4.800365  ]
 [111.          78.08001      1.1945723    4.8385234 ]
 [112.          78.88         1.0497572    4.8765864 ]
 [113.          79.32         1.0756414    4.913045  ]
 [114.          79.380005     0.85848534   4.951464  ]
 [115.          79.32         0.7886692    4.994828  ]
 [116.          78.82         0.690652     5.031668  ]
 [117.          78.64001      0.86197627   5.0658174 ]
 [118.          78.42         1.0848949    5.1013627 ]
 [119.          78.5          1.1597432    5.140088  ]
 [120.          78.54         0.884874     5.176824  ]
 [121.          78.98         0.66105956   5.219593  ]
 [122.          78.62         0.34928367   5.2616763 ]
 [123.          78.46         0.87063354   5.2984347 ]
 [124.          78.340004     0.7368855    5.343273  ]
 [125.          78.5          0.6782325    5.383607  ]
 [126.          78.58         0.6833726    5.422691  ]
 [127.          78.4          0.49497336   5.465337  ]
 [128.          78.3          0.681907     5.505137  ]
 [129.          78.26         0.74026924   5.548485  ]
 [130.          78.44         0.5272582    5.5900607 ]
 [131.          78.56         0.52249366   5.6324644 ]
 [132.          78.5          0.9165154    5.67269   ]
 [133.          78.18         0.67601633   5.7178736 ]
 [134.          78.18         0.13038503   5.7627025 ]
 [135.          78.44         0.6188707    5.806453  ]
 [136.          78.340004     0.76354474   5.845734  ]
 [137.          78.12         0.7791007    5.887584  ]
 [138.          78.48         0.8105561    5.9292293 ]
 [139.          78.64001      0.5856627    5.967923  ]
 [140.          78.58001      0.7563039    6.0095353 ]
 [141.          78.36         0.82946      6.0487723 ]
 [142.          78.12001      0.63796484   6.095113  ]
 [143.          78.           0.40620184   6.134769  ]
 [144.          78.240005     0.4277867    6.1756387 ]
 [145.          78.4          0.5700863    6.2123466 ]
 [146.          78.700005     0.37416613   6.2505736 ]
 [147.          78.86         0.4929522    6.291733  ]
 [148.          78.6          0.46904013   6.329583  ]
 [149.          78.68001      0.23874626   6.3720984 ]
 [150.          78.96         0.6580252    6.4117403 ]
 [151.          79.28         0.43818045   6.450537  ]
 [152.          79.020004     0.3271061    6.489844  ]
 [153.          78.64001      0.2073641    6.5302043 ]
 [154.          78.82         0.44384882   6.5728564 ]
 [155.          78.420006     0.49699247   6.613954  ]
 [156.          79.04         1.114896     6.65471   ]
 [157.          78.78001      0.7596031    6.697778  ]
 [158.          78.880005     0.8871293    6.7398515 ]
 [159.          78.72         0.5215353    6.7799716 ]
 [160.          78.700005     0.68920046   6.814473  ]
 [161.          78.8          0.8093214    6.8574953 ]
 [162.          78.94         0.65802366   6.9052157 ]
 [163.          78.94         0.7266323    6.944217  ]
 [164.          78.96         1.0039905    6.9821258 ]
 [165.          78.82001      1.2872456    7.0216575 ]
 [166.          78.659996     1.1393       7.063171  ]
 [167.          78.98         0.687025     7.106701  ]
 [168.          79.48         0.6906528    7.1465454 ]
 [169.          79.159996     0.67675817   7.188026  ]
 [170.          79.58         1.1819475    7.2291565 ]
 [171.          79.36         0.7127407    7.2718062 ]
 [172.          79.46         0.7829438    7.3098903 ]
 [173.          79.56         1.00648      7.3445315 ]
 [174.          79.5          0.38729906   7.382221  ]
 [175.          79.46         1.0237169    7.4215736 ]
 [176.          79.439995     1.361249     7.4630837 ]
 [177.          79.82         1.6843388    7.4997187 ]
 [178.          79.6          1.0747095    7.5368624 ]
 [179.          79.78         0.9038783    7.5789065 ]
 [180.          79.619995     0.683377     7.618271  ]
 [181.          79.46         0.52725756   7.6519213 ]
 [182.          79.740005     0.9685027    7.686522  ]
 [183.          79.58         1.0779592    7.7249866 ]
 [184.          79.8          0.5196143    7.761328  ]
 [185.          79.8          0.54772377   7.798885  ]
 [186.          79.9          0.46367893   7.838849  ]
 [187.          80.14001      0.51768667   7.880005  ]
 [188.          80.18         0.5215345    7.9204926 ]
 [189.          80.58         0.5263088    7.9569016 ]
 [190.          80.42         0.6870232    7.996218  ]
 [191.          80.420006     0.74296665   8.038245  ]
 [192.          80.46         1.0667704    8.083183  ]
 [193.          80.76         0.70922625   8.118499  ]
 [194.          80.54         0.6804414    8.158969  ]
 [195.          80.14         0.6730508    8.198965  ]
 [196.          80.119995     0.9654027    8.23867   ]
 [197.          80.02         0.88713026   8.278689  ]
 [198.          79.74         0.8018738    8.317034  ]
 [199.          79.4          1.146732     8.357461  ]
 [200.          80.020004     1.0917863    8.398767  ]]
The best results: 
Epoch: 193  80.76±0.71  8.118s
--------------- Train Done! ----------------
