Using cuda:0 device
Dataset     :Computers
Epochs      :200
LR X_s      :0.01
Learn A_s   :0
LR A_s      :0.01
Conden ratio:0.25
Ridge       :0.001
Kernel      :SNTK
k           :5
L           :1
Seed        :5
The 1th Iteration:
--------------------------------------------------
The 2th Iteration:
--------------------------------------------------
The 3th Iteration:
--------------------------------------------------
The 4th Iteration:
--------------------------------------------------
The 5th Iteration:
--------------------------------------------------
[[  1.          15.160001     4.7437325    0.36832687]
 [  2.          19.02         5.817817     0.40586504]
 [  3.          24.279999     4.2868404    0.43996292]
 [  4.          28.279999     0.89554405   0.47675666]
 [  5.          29.14         0.7092247    0.5149967 ]
 [  6.          28.86         0.6580274    0.55278116]
 [  7.          29.48         1.3935567    0.591098  ]
 [  8.          31.36         3.7467315    0.6315987 ]
 [  9.          33.86         3.7380476    0.66587806]
 [ 10.          35.340004     3.2723088    0.6997285 ]
 [ 11.          37.120003     1.3516647    0.72993344]
 [ 12.          37.66         0.6426518    0.76899713]
 [ 13.          38.66         1.9856992    0.80232155]
 [ 14.          40.320004     3.9143322    0.8335131 ]
 [ 15.          43.28         3.9187996    0.862122  ]
 [ 16.          45.4          3.40147      0.89750385]
 [ 17.          46.86         1.3315412    0.93260574]
 [ 18.          48.16         1.2095453    0.96398795]
 [ 19.          48.280003     1.3718598    0.9943115 ]
 [ 20.          48.339996     1.5517731    1.0304438 ]
 [ 21.          48.420002     1.6679338    1.0644013 ]
 [ 22.          48.4          1.5700322    1.0998278 ]
 [ 23.          48.8          1.5540285    1.1395533 ]
 [ 24.          48.98         1.8552624    1.1760142 ]
 [ 25.          48.98         1.8444518    1.2135639 ]
 [ 26.          49.5          1.9899744    1.2491385 ]
 [ 27.          51.18         2.3679113    1.2877041 ]
 [ 28.          52.359997     3.0088205    1.3288383 ]
 [ 29.          53.24         3.0762       1.369929  ]
 [ 30.          53.920002     3.4324918    1.4122276 ]
 [ 31.          54.46         3.209828     1.4541947 ]
 [ 32.          56.           2.2572105    1.4951258 ]
 [ 33.          57.66         2.892749     1.5295057 ]
 [ 34.          59.9          3.3889527    1.5683218 ]
 [ 35.          61.02         3.8790472    1.603426  ]
 [ 36.          61.68         4.258755     1.6277409 ]
 [ 37.          62.040005     4.394656     1.6565975 ]
 [ 38.          62.16         4.503109     1.688125  ]
 [ 39.          62.           4.5760245    1.7184544 ]
 [ 40.          62.           4.60489      1.7531731 ]
 [ 41.          61.96         4.503665     1.7888931 ]
 [ 42.          62.420002     4.2810025    1.8204707 ]
 [ 43.          63.22         3.564687     1.85122   ]
 [ 44.          63.580006     3.2104533    1.8875059 ]
 [ 45.          64.04         2.917703     1.9165363 ]
 [ 46.          64.48         2.81727      1.952268  ]
 [ 47.          64.48         2.5907524    1.9887661 ]
 [ 48.          64.26         2.4623141    2.025515  ]
 [ 49.          64.119995     2.272004     2.0629303 ]
 [ 50.          64.26         2.3447816    2.0994136 ]
 [ 51.          64.42         2.3252957    2.137592  ]
 [ 52.          64.5          2.3151672    2.1720202 ]
 [ 53.          64.5          2.1529064    2.2108173 ]
 [ 54.          65.18         0.5540737    2.2479692 ]
 [ 55.          65.32         0.32710794   2.2865846 ]
 [ 56.          65.4          0.38729545   2.3224158 ]
 [ 57.          65.6          0.47434214   2.356854  ]
 [ 58.          65.659996     0.52725744   2.3891633 ]
 [ 59.          65.700005     0.45276615   2.4219346 ]
 [ 60.          65.68         0.40865645   2.4566164 ]
 [ 61.          65.840004     0.46151477   2.4870498 ]
 [ 62.          66.12         0.35637036   2.5119836 ]
 [ 63.          66.21999      0.23874769   2.5382423 ]
 [ 64.          66.26         0.21909033   2.5726328 ]
 [ 65.          66.48         0.17888483   2.6052504 ]
 [ 66.          66.82         0.2588457    2.6350188 ]
 [ 67.          67.14001      0.47749105   2.6676188 ]
 [ 68.          67.32         0.5310403    2.7058294 ]
 [ 69.          67.44         0.57706237   2.737353  ]
 [ 70.          67.64001      0.7334852    2.7672908 ]
 [ 71.          67.82         0.6610605    2.8012247 ]
 [ 72.          67.88         0.6833758    2.836018  ]
 [ 73.          68.28001      0.95236367   2.8731358 ]
 [ 74.          68.8          1.5165743    2.9158933 ]
 [ 75.          69.14         1.7980546    2.9497707 ]
 [ 76.          69.98         2.5053935    2.9849443 ]
 [ 77.          70.700005     3.1646483    3.0236597 ]
 [ 78.          70.96         3.3065076    3.0618937 ]
 [ 79.          71.420006     3.349179     3.1025186 ]
 [ 80.          72.06         3.0631704    3.1421545 ]
 [ 81.          72.86001      2.6763775    3.1818912 ]
 [ 82.          73.58001      1.6254221    3.2192886 ]
 [ 83.          74.48         0.8584873    3.2600617 ]
 [ 84.          73.68         2.7188246    3.2978387 ]
 [ 85.          74.04         2.7226818    3.3321502 ]
 [ 86.          74.18         1.9524345    3.3725655 ]
 [ 87.          74.58         1.4754673    3.4050412 ]
 [ 88.          75.46001      0.72318685   3.4366918 ]
 [ 89.          75.420006     0.57619333   3.4682424 ]
 [ 90.          75.42         0.69065      3.5058115 ]
 [ 91.          75.72         0.78549474   3.5326557 ]
 [ 92.          75.44         1.2421789    3.5626163 ]
 [ 93.          75.68         1.5352532    3.5946786 ]
 [ 94.          75.439995     1.4758046    3.6244226 ]
 [ 95.          75.12         2.0486603    3.6596985 ]
 [ 96.          75.5          1.773415     3.6945534 ]
 [ 97.          75.700005     1.7014707    3.730906  ]
 [ 98.          75.94         1.5469322    3.7667534 ]
 [ 99.          75.86         0.96072733   3.8036935 ]
 [100.          76.6          0.79686874   3.838118  ]
 [101.          77.4          0.96695346   3.8695347 ]
 [102.          77.04         1.2280062    3.9109414 ]
 [103.          77.520004     0.722497     3.9493432 ]
 [104.          76.98         0.88430643   3.9931476 ]
 [105.          77.28         1.5089717    4.032298  ]
 [106.          77.520004     1.7555629    4.073555  ]
 [107.          77.32         1.2657034    4.117359  ]
 [108.          76.5          1.7102621    4.1499634 ]
 [109.          76.54         2.0194044    4.1860824 ]
 [110.          76.04         1.8582262    4.2203674 ]
 [111.          76.86         1.5883963    4.2580934 ]
 [112.          77.68         1.5865064    4.2946277 ]
 [113.          77.84         1.8742985    4.328717  ]
 [114.          78.08         1.5498382    4.3662543 ]
 [115.          78.020004     1.3103426    4.39918   ]
 [116.          78.32001      1.3442442    4.434877  ]
 [117.          77.880005     0.8927462    4.465938  ]
 [118.          77.71999      1.1734564    4.4952693 ]
 [119.          76.8          0.8276455    4.5271964 ]
 [120.          77.71999      1.0034906    4.5642023 ]
 [121.          77.840004     0.6188683    4.602897  ]
 [122.          77.96         0.68775237   4.642463  ]
 [123.          77.72         0.98589945   4.6707516 ]
 [124.          78.159996     0.95289123   4.70618   ]
 [125.          77.68001      0.804362     4.7388635 ]
 [126.          77.5          0.8631348    4.77424   ]
 [127.          77.6          0.8888189    4.8130407 ]
 [128.          77.44         1.0691113    4.8517947 ]
 [129.          77.4          1.1291606    4.8909783 ]
 [130.          77.4          1.1335776    4.927545  ]
 [131.          77.56         1.1696159    4.9637733 ]
 [132.          78.42         0.56302756   5.0020847 ]
 [133.          78.46         0.76354307   5.037905  ]
 [134.          78.06         0.9181519    5.0780168 ]
 [135.          78.3          0.64420503   5.1190085 ]
 [136.          78.64001      0.93968046   5.1532335 ]
 [137.          78.           0.4301126    5.1872864 ]
 [138.          77.82         0.20493962   5.2224045 ]
 [139.          77.8          0.9192395    5.2574563 ]
 [140.          77.16         0.6426517    5.287333  ]
 [141.          77.740005     0.74026966   5.314167  ]
 [142.          77.68001      1.2557864    5.3441978 ]
 [143.          77.4          0.7516649    5.3783026 ]
 [144.          78.18         1.0616058    5.417786  ]
 [145.          77.9          1.5572433    5.4545493 ]
 [146.          77.64001      1.2660956    5.491485  ]
 [147.          78.22001      1.3553627    5.5267725 ]
 [148.          78.76         1.1610332    5.560944  ]
 [149.          79.           1.1489125    5.5929246 ]
 [150.          78.76         0.9396816    5.627764  ]
 [151.          78.619995     0.6833758    5.663351  ]
 [152.          78.159996     1.3126276    5.701956  ]
 [153.          78.240005     1.5372034    5.7370677 ]
 [154.          78.04         0.76354474   5.7780433 ]
 [155.          77.920006     1.2735775    5.816589  ]
 [156.          77.68001      1.0848972    5.8569293 ]
 [157.          77.54         0.782943     5.897937  ]
 [158.          78.36         0.51283604   5.93572   ]
 [159.          78.5          0.18708307   5.973554  ]
 [160.          78.420006     0.31144637   6.0114284 ]
 [161.          78.32001      0.57183856   6.0473647 ]
 [162.          78.46001      0.56391525   6.0848765 ]
 [163.          78.28001      0.5974955    6.1229215 ]
 [164.          78.700005     0.8185366    6.155191  ]
 [165.          78.920006     0.74632597   6.1934185 ]
 [166.          78.44         0.90719527   6.2269464 ]
 [167.          78.68001      0.7362081    6.2576556 ]
 [168.          78.920006     0.9338087    6.287447  ]
 [169.          77.78         1.8965755    6.320583  ]
 [170.          77.96         1.6133828    6.3524985 ]
 [171.          78.08         1.7640864    6.389534  ]
 [172.          77.920006     1.4060555    6.4270897 ]
 [173.          78.18         1.1903768    6.4579616 ]
 [174.          78.44         1.0784259    6.4963555 ]
 [175.          78.62         1.5546699    6.535457  ]
 [176.          78.14001      1.4707143    6.57414   ]
 [177.          77.340004     1.5962447    6.616565  ]
 [178.          77.48         1.2029126    6.6616397 ]
 [179.          77.32         1.5482231    6.703941  ]
 [180.          77.86001      1.2074767    6.7440295 ]
 [181.          78.200005     0.5612469    6.780179  ]
 [182.          78.12         0.89274925   6.8214173 ]
 [183.          78.28         0.7362056    6.8650866 ]
 [184.          78.44         0.85029477   6.90293   ]
 [185.          78.64001      0.93166494   6.9398074 ]
 [186.          78.86         1.2601587    6.9750934 ]
 [187.          79.18         1.5287249    7.0076537 ]
 [188.          78.98         1.6468166    7.042707  ]
 [189.          79.18         1.6130722    7.0731797 ]
 [190.          79.340004     1.6087248    7.1107593 ]
 [191.          79.46001      1.5208553    7.140425  ]
 [192.          79.12001      1.3627182    7.174138  ]
 [193.          78.920006     1.296919     7.204066  ]
 [194.          78.920006     1.0663034    7.234714  ]
 [195.          79.240005     0.7956112    7.267676  ]
 [196.          79.4          0.6819105    7.305179  ]
 [197.          79.62         0.7259493    7.3365693 ]
 [198.          79.84         0.98132485   7.372638  ]
 [199.          79.82         0.90388244   7.4101    ]
 [200.          79.659996     0.9016677    7.4442787 ]]
The best results: 
Epoch: 198  79.84±0.98  7.373s
--------------- Train Done! ----------------
