Using cuda:0 device
Dataset     :Computers
Epochs      :200
LR X_s      :0.01
Learn A_s   :0
LR A_s      :0.01
Conden ratio:0.25
Ridge       :0.1
Kernel      :SNTK
k           :5
L           :1
Seed        :5
The 1th Iteration:
--------------------------------------------------
The 2th Iteration:
--------------------------------------------------
The 3th Iteration:
--------------------------------------------------
The 4th Iteration:
--------------------------------------------------
The 5th Iteration:
--------------------------------------------------
[[  1.          15.900001     3.5092735    0.3646582 ]
 [  2.          18.1          5.3586373    0.40026623]
 [  3.          23.76         4.147047     0.4373756 ]
 [  4.          27.98         0.967988     0.47572294]
 [  5.          28.7          0.29154813   0.518016  ]
 [  6.          28.76         0.6308723    0.5546445 ]
 [  7.          28.88         0.34205323   0.5837771 ]
 [  8.          29.660002     1.8077605    0.61784834]
 [  9.          31.1          3.7275996    0.6515227 ]
 [ 10.          33.320004     3.8061802    0.6844298 ]
 [ 11.          35.359997     3.018774     0.71591514]
 [ 12.          37.16         1.2280076    0.75387996]
 [ 13.          37.74         0.6228959    0.7910683 ]
 [ 14.          37.940002     0.45055467   0.8301426 ]
 [ 15.          39.66         3.130975     0.86564904]
 [ 16.          41.8          4.438469     0.9007748 ]
 [ 17.          43.86         4.142221     0.94054693]
 [ 18.          45.74         2.6005754    0.9719734 ]
 [ 19.          47.440002     0.40373275   1.0029987 ]
 [ 20.          47.680004     0.30331582   1.0388111 ]
 [ 21.          47.74         0.3130487    1.0799595 ]
 [ 22.          47.800003     0.22360574   1.1134104 ]
 [ 23.          47.8          0.10000038   1.1488804 ]
 [ 24.          47.8          0.12247574   1.1849704 ]
 [ 25.          47.8          0.15811428   1.221453  ]
 [ 26.          47.96         0.550453     1.2603743 ]
 [ 27.          48.64         1.3758651    1.2989466 ]
 [ 28.          49.040005     1.5946783    1.3407913 ]
 [ 29.          49.160004     1.4993328    1.3775944 ]
 [ 30.          50.600002     2.1656404    1.4157085 ]
 [ 31.          51.78         2.6677706    1.4494238 ]
 [ 32.          52.7          3.225678     1.4864662 ]
 [ 33.          52.74         2.9500847    1.5179262 ]
 [ 34.          52.840004     2.3158145    1.5516516 ]
 [ 35.          54.880005     0.61400425   1.5878118 ]
 [ 36.          56.080006     1.9057804    1.6266307 ]
 [ 37.          57.2          2.2660546    1.666336  ]
 [ 38.          58.7          3.3593156    1.7041777 ]
 [ 39.          59.980007     3.58148      1.7407669 ]
 [ 40.          60.9          3.7114682    1.7789303 ]
 [ 41.          61.180004     3.862253     1.8178616 ]
 [ 42.          61.600002     4.1539145    1.8570035 ]
 [ 43.          61.760006     4.412824     1.8945751 ]
 [ 44.          61.859997     4.4696746    1.9323168 ]
 [ 45.          62.100002     4.5480757    1.967762  ]
 [ 46.          62.579998     4.330936     2.0044637 ]
 [ 47.          63.140003     3.6671512    2.0388908 ]
 [ 48.          63.619995     3.358124     2.071186  ]
 [ 49.          64.3          3.1496027    2.1091366 ]
 [ 50.          64.5          2.952964     2.1445153 ]
 [ 51.          64.5          2.7676704    2.1830459 ]
 [ 52.          64.52         2.6109364    2.2197747 ]
 [ 53.          64.5          2.5612485    2.2577226 ]
 [ 54.          64.340004     2.4151611    2.2955272 ]
 [ 55.          64.340004     2.2995667    2.3285654 ]
 [ 56.          64.48         2.1004772    2.3646097 ]
 [ 57.          65.240005     0.61886847   2.403178  ]
 [ 58.          65.38         0.47644746   2.4388406 ]
 [ 59.          65.46         0.4393195    2.4767785 ]
 [ 60.          65.44         0.47749653   2.5135949 ]
 [ 61.          65.54         0.5029936    2.5518234 ]
 [ 62.          65.6          0.73484665   2.5854461 ]
 [ 63.          65.54         0.68775016   2.6206348 ]
 [ 64.          65.700005     0.5830961    2.656231  ]
 [ 65.          65.840004     0.49294993   2.6995544 ]
 [ 66.          65.9          0.4847699    2.7304935 ]
 [ 67.          65.96         0.30496103   2.760393  ]
 [ 68.          66.159996     0.35777086   2.7941864 ]
 [ 69.          66.28         0.21679288   2.8285594 ]
 [ 70.          66.4          0.2236041    2.860569  ]
 [ 71.          66.78         0.2167942    2.8957126 ]
 [ 72.          67.119995     0.3271052    2.9241855 ]
 [ 73.          67.3          0.35354757   2.9666927 ]
 [ 74.          67.6          0.50497484   3.004957  ]
 [ 75.          67.840004     0.4979923    3.0429208 ]
 [ 76.          67.9          0.57878995   3.0788527 ]
 [ 77.          68.159996     0.7861277    3.1177325 ]
 [ 78.          68.340004     0.887693     3.1525    ]
 [ 79.          68.62         1.2153194    3.1899827 ]
 [ 80.          68.76         1.4188026    3.222609  ]
 [ 81.          69.18         1.9305452    3.257775  ]
 [ 82.          69.840004     2.6178238    3.296522  ]
 [ 83.          70.4          2.8178012    3.339656  ]
 [ 84.          70.72         2.9727108    3.3763692 ]
 [ 85.          71.48         3.3078697    3.411801  ]
 [ 86.          72.           3.3800864    3.446633  ]
 [ 87.          72.34         3.0615366    3.4858162 ]
 [ 88.          73.04         2.6005793    3.519846  ]
 [ 89.          73.740005     1.8256514    3.550097  ]
 [ 90.          74.060005     1.7572694    3.5805824 ]
 [ 91.          74.36         1.5388312    3.6083863 ]
 [ 92.          74.82         0.5019968    3.6393583 ]
 [ 93.          75.21999      0.8043635    3.6704805 ]
 [ 94.          75.36         0.4979988    3.70266   ]
 [ 95.          75.6          0.38729873   3.7356403 ]
 [ 96.          75.54         0.52725613   3.7693474 ]
 [ 97.          75.56         0.5224944    3.8069742 ]
 [ 98.          75.8          0.75166523   3.843856  ]
 [ 99.          75.9          0.55226654   3.8809547 ]
 [100.          75.96         0.36469132   3.9162376 ]
 [101.          76.12001      0.23874615   3.9527366 ]
 [102.          76.200005     0.42426434   3.9879544 ]
 [103.          76.200005     0.58309156   4.022426  ]
 [104.          76.14001      0.50793755   4.058754  ]
 [105.          76.8          0.4123096    4.0882277 ]
 [106.          76.659996     0.6693282    4.124254  ]
 [107.          76.76         0.48785165   4.163405  ]
 [108.          76.96001      0.6655817    4.205442  ]
 [109.          76.9          0.83665997   4.242241  ]
 [110.          77.           0.79687023   4.2784076 ]
 [111.          77.14001      0.9343461    4.315299  ]
 [112.          77.1          1.0295652    4.3495994 ]
 [113.          77.380005     0.7981252    4.382492  ]
 [114.          77.740005     0.6580262    4.4177628 ]
 [115.          77.700005     0.47958273   4.4560432 ]
 [116.          77.840004     0.42190072   4.4866853 ]
 [117.          78.240005     0.15165947   4.522063  ]
 [118.          77.979996     0.4438486    4.5557437 ]
 [119.          77.54         0.40373707   4.5951147 ]
 [120.          77.56         0.7436419    4.629931  ]
 [121.          78.04         0.70568794   4.6656814 ]
 [122.          78.1          0.7176355    4.70241   ]
 [123.          78.32001      0.8318641    4.740038  ]
 [124.          78.32         0.65345037   4.7825103 ]
 [125.          78.6          0.6928194    4.817197  ]
 [126.          78.44         0.7987472    4.8589563 ]
 [127.          78.42         0.9121388    4.8939834 ]
 [128.          78.54         0.55045235   4.9291115 ]
 [129.          78.32         0.92032874   4.967476  ]
 [130.          78.3          1.1357816    5.0009604 ]
 [131.          78.14001      1.0212761    5.039075  ]
 [132.          77.86         1.0597142    5.074923  ]
 [133.          78.119995     1.327404     5.113008  ]
 [134.          78.12         1.1189296    5.153787  ]
 [135.          78.           1.2549895    5.1949534 ]
 [136.          77.8          1.048811     5.2356424 ]
 [137.          77.6          0.91923994   5.270206  ]
 [138.          77.82         0.7529938    5.304252  ]
 [139.          78.12         1.0825921    5.3416696 ]
 [140.          78.04         1.3049909    5.3757496 ]
 [141.          78.18         1.0917878    5.410249  ]
 [142.          77.94         0.62289506   5.446537  ]
 [143.          77.840004     0.6024961    5.482155  ]
 [144.          77.939995     1.2837427    5.5133686 ]
 [145.          77.880005     1.3026903    5.54892   ]
 [146.          78.32         0.7463222    5.581577  ]
 [147.          77.86         0.29664788   5.6183257 ]
 [148.          78.26         0.65421706   5.649839  ]
 [149.          78.44         0.976217     5.68824   ]
 [150.          78.44         0.8648722    5.724296  ]
 [151.          78.46         0.76354384   5.7622337 ]
 [152.          77.88         1.3367884    5.798908  ]
 [153.          78.48         1.3065248    5.835157  ]
 [154.          78.96         0.8384486    5.8769813 ]
 [155.          79.32         0.57183737   5.915671  ]
 [156.          79.060005     0.78294355   5.952973  ]
 [157.          78.88         0.78549355   5.9915934 ]
 [158.          78.86         0.9449864    6.0313725 ]
 [159.          78.76         0.92358005   6.070799  ]
 [160.          78.939995     0.90719163   6.104896  ]
 [161.          78.380005     0.81669784   6.141207  ]
 [162.          78.56         0.7861297    6.1772156 ]
 [163.          78.420006     1.0686427    6.211638  ]
 [164.          78.6          1.3546195    6.245463  ]
 [165.          78.46         0.9476266    6.276125  ]
 [166.          78.78         1.160603     6.3050265 ]
 [167.          78.72         0.9011125    6.3420844 ]
 [168.          79.159996     0.58565855   6.375867  ]
 [169.          79.32         0.5215387    6.40747   ]
 [170.          79.22001      0.38987097   6.4398117 ]
 [171.          79.58001      0.27748573   6.475715  ]
 [172.          79.54         0.20736447   6.508354  ]
 [173.          79.18001      0.21679501   6.5461917 ]
 [174.          79.200005     0.60827744   6.583915  ]
 [175.          79.240005     0.54129344   6.6223903 ]
 [176.          79.34         0.4037329    6.659569  ]
 [177.          79.159996     0.2880987    6.6969514 ]
 [178.          79.240005     0.4449738    6.7354174 ]
 [179.          79.08         0.2863592    6.7758813 ]
 [180.          79.44         0.8049831    6.8191104 ]
 [181.          79.26         0.4722303    6.8581314 ]
 [182.          78.9          0.29154935   6.895494  ]
 [183.          79.06         0.8763538    6.932224  ]
 [184.          79.46001      0.78930354   6.9678392 ]
 [185.          79.5          0.543139     7.001985  ]
 [186.          79.46         0.4826969    7.0340934 ]
 [187.          79.22001      0.37013194   7.071322  ]
 [188.          78.98         1.0256699    7.1048007 ]
 [189.          78.9          1.1811014    7.1416078 ]
 [190.          79.12         0.9628084    7.1780543 ]
 [191.          79.36         0.76354283   7.213517  ]
 [192.          79.22         0.77588373   7.248307  ]
 [193.          79.32         0.8074661    7.283878  ]
 [194.          79.54         0.6655839    7.31642   ]
 [195.          79.54         0.77653176   7.355607  ]
 [196.          79.21999      0.9757046    7.3905106 ]
 [197.          79.159996     1.352034     7.4261813 ]
 [198.          79.560005     1.3164331    7.457986  ]
 [199.          80.1          0.9300518    7.4990625 ]
 [200.          79.71999      0.7918338    7.535032  ]]
The best results: 
Epoch: 199  80.10±0.93  7.499s
--------------- Train Done! ----------------
