Using cuda:0 device
Dataset     :Computers
Epochs      :200
LR X_s      :0.01
Learn A_s   :0
LR A_s      :0.01
Conden ratio:0.5
Ridge       :10.0
Kernel      :SGNK
k           :5
L           :1
Seed        :5
The 1th Iteration:
--------------------------------------------------
The 2th Iteration:
--------------------------------------------------
The 3th Iteration:
--------------------------------------------------
The 4th Iteration:
--------------------------------------------------
The 5th Iteration:
--------------------------------------------------
[[  1.          13.24         7.1332316    0.25600815]
 [  2.          11.940001     4.282289     0.26110083]
 [  3.          11.62         3.566791     0.26583192]
 [  4.          11.400001     3.0191054    0.27118754]
 [  5.          12.580001     5.4357147    0.27683172]
 [  6.          14.860001     8.1995735    0.28258154]
 [  7.          15.4800005    8.403988     0.2889361 ]
 [  8.          15.72         8.424488     0.29396805]
 [  9.          15.840001     8.272424     0.29898244]
 [ 10.          17.6          6.780486     0.30560088]
 [ 11.          18.840002     5.923091     0.31108403]
 [ 12.          18.24         4.6875362    0.31661603]
 [ 13.          17.92         4.427979     0.3235868 ]
 [ 14.          17.92         4.427979     0.3292749 ]
 [ 15.          17.74         4.3402762    0.33447877]
 [ 16.          17.6          4.2807713    0.34028777]
 [ 17.          17.279999     4.139082     0.34675938]
 [ 18.          16.72         3.951835     0.35394683]
 [ 19.          15.82         3.6690598    0.36062413]
 [ 20.          14.660001     3.4997141    0.36673632]
 [ 21.          13.56         3.3155694    0.37216005]
 [ 22.          12.16         2.9022405    0.37812415]
 [ 23.          11.34         2.4130898    0.38408476]
 [ 24.          11.0199995    2.2818854    0.39291263]
 [ 25.          10.56         1.2521981    0.3990514 ]
 [ 26.          10.34         0.760263     0.40685034]
 [ 27.          10.18         0.40249214   0.41241294]
 [ 28.          10.080001     0.17888528   0.4177382 ]
 [ 29.          10.0199995    0.0447216    0.42301288]
 [ 30.          10.0199995    0.0447216    0.42887545]
 [ 31.          10.0199995    0.0447216    0.43428674]
 [ 32.          10.0199995    0.0447216    0.43958998]
 [ 33.          10.0199995    0.0447216    0.44551453]
 [ 34.          10.0199995    0.0447216    0.45137858]
 [ 35.          10.0199995    0.0447216    0.45685703]
 [ 36.          10.0199995    0.0447216    0.46366236]
 [ 37.          10.0199995    0.0447216    0.46989337]
 [ 38.          10.04         0.05477235   0.47588068]
 [ 39.          10.080001     0.04472153   0.48155823]
 [ 40.          10.1          0.0707105    0.48668137]
 [ 41.          10.120001     0.04472103   0.49256903]
 [ 42.          10.16         0.0894426    0.49926057]
 [ 43.          10.3          0.39370042   0.5073928 ]
 [ 44.          10.52         0.88430786   0.51331544]
 [ 45.          10.940001     1.8229097    0.5189532 ]
 [ 46.          11.52         2.900345     0.5243577 ]
 [ 47.          12.28         3.1538863    0.5310904 ]
 [ 48.          13.960001     2.778129     0.53704304]
 [ 49.          16.22         2.120613     0.54423875]
 [ 50.          17.920002     0.9884326    0.5493455 ]
 [ 51.          18.76         0.79561275   0.5540782 ]
 [ 52.          19.4          0.5916078    0.5595874 ]
 [ 53.          19.78         0.97570497   0.564831  ]
 [ 54.          20.5          1.2510002    0.57091564]
 [ 55.          21.44         2.0057418    0.5754752 ]
 [ 56.          22.4          2.4300203    0.58073676]
 [ 57.          23.28         2.4345424    0.58871996]
 [ 58.          24.6          2.4423351    0.59955084]
 [ 59.          25.34         2.4337218    0.60783786]
 [ 60.          26.159998     2.216529     0.6155736 ]
 [ 61.          27.040003     1.5946791    0.6221866 ]
 [ 62.          27.6          1.2349088    0.6290999 ]
 [ 63.          28.08         1.112204     0.63401264]
 [ 64.          28.4          0.8803411    0.63887167]
 [ 65.          28.920002     0.61806154   0.64493686]
 [ 66.          29.320002     0.78549325   0.6519725 ]
 [ 67.          30.7          1.3619832    0.659136  ]
 [ 68.          31.94         1.6102798    0.6642153 ]
 [ 69.          33.52         1.2696459    0.66923946]
 [ 70.          35.260002     1.2739717    0.67547655]
 [ 71.          36.94         1.4188039    0.68404543]
 [ 72.          38.72         1.3442467    0.6887091 ]
 [ 73.          40.2          1.1895381    0.6934862 ]
 [ 74.          41.3          0.7713637    0.69829226]
 [ 75.          42.08         0.356371     0.7033989 ]
 [ 76.          42.64         0.41593257   0.70788044]
 [ 77.          43.460003     0.74363893   0.7143048 ]
 [ 78.          45.72         1.0473771    0.72055906]
 [ 79.          47.74         1.1458637    0.72590965]
 [ 80.          49.820004     0.5540753    0.73252076]
 [ 81.          50.66         0.18166041   0.73943084]
 [ 82.          51.7          0.33911574   0.7455633 ]
 [ 83.          52.100002     0.19999775   0.75032854]
 [ 84.          52.920002     0.29495746   0.7555916 ]
 [ 85.          53.5          0.5385172    0.7609138 ]
 [ 86.          53.76         0.5941375    0.7662921 ]
 [ 87.          53.7          0.29154718   0.77281255]
 [ 88.          53.640003     0.68410474   0.7810267 ]
 [ 89.          54.640003     0.6426509    0.7882162 ]
 [ 90.          55.2          0.88034034   0.7949554 ]
 [ 91.          54.4          1.0793519    0.80259293]
 [ 92.          54.74         0.92086935   0.80976164]
 [ 93.          56.46         3.3080196    0.8162491 ]
 [ 94.          57.74         2.3447804    0.8216942 ]
 [ 95.          55.3          1.5652474    0.82867163]
 [ 96.          59.100002     3.3637772    0.83476794]
 [ 97.          60.2          2.4758835    0.84341997]
 [ 98.          58.119995     2.7589843    0.85154194]
 [ 99.          57.719997     6.6893177    0.85898703]
 [100.          60.420002     4.2269382    0.8666693 ]
 [101.          59.180004     8.628847     0.8726539 ]
 [102.          63.140003     5.831636     0.8791731 ]
 [103.          63.           9.915393     0.8838736 ]
 [104.          61.22         9.870768     0.88891643]
 [105.          64.26         5.209893     0.8961407 ]
 [106.          62.139996     5.3859034    0.9032823 ]
 [107.          62.980007     6.5396485    0.90803546]
 [108.          65.18         7.4489594    0.9141224 ]
 [109.          63.66         4.8900905    0.92121106]
 [110.          65.439995     4.735293     0.9274084 ]
 [111.          66.700005     3.2457652    0.93286496]
 [112.          67.64001      6.284745     0.9383629 ]
 [113.          68.36         4.9626603    0.94493353]
 [114.          69.579994     2.4933913    0.9506443 ]
 [115.          69.3          4.6727924    0.95550174]
 [116.          67.700005     5.873244     0.9607882 ]
 [117.          68.3          3.5972211    0.96556395]
 [118.          70.28         4.424591     0.97068673]
 [119.          70.48         4.5301223    0.97652036]
 [120.          71.42         3.888703     0.9819817 ]
 [121.          71.12         2.973549     0.98753166]
 [122.          72.56         4.063003     0.99268925]
 [123.          72.5          4.089621     0.9974909 ]
 [124.          73.840004     4.1088915    1.0023661 ]
 [125.          74.28001      4.927171     1.00816   ]
 [126.          75.32         3.4881227    1.0149326 ]
 [127.          72.200005     5.77668      1.021345  ]
 [128.          72.159996     7.612685     1.0263264 ]
 [129.          70.32        12.443353     1.0314106 ]
 [130.          67.88        17.067719     1.036496  ]
 [131.          66.6         15.841242     1.0435488 ]
 [132.          67.08        16.909967     1.0483688 ]
 [133.          64.8         14.544931     1.056716  ]
 [134.          62.940002    14.930271     1.0629141 ]
 [135.          65.920006    15.141896     1.0689259 ]
 [136.          60.940002    17.264645     1.0740405 ]
 [137.          62.52        13.627435     1.080265  ]
 [138.          64.44        12.787613     1.0855387 ]
 [139.          64.52        12.937234     1.0917813 ]
 [140.          64.82        12.245285     1.0977668 ]
 [141.          65.78        13.3246765    1.1032616 ]
 [142.          66.52        14.164814     1.1094055 ]
 [143.          63.72        14.872693     1.1146678 ]
 [144.          63.22        11.792882     1.1201547 ]
 [145.          65.28001     10.830836     1.1258539 ]
 [146.          65.18         9.536614     1.1314183 ]
 [147.          62.72         8.763106     1.1362423 ]
 [148.          61.7          9.378962     1.1408112 ]
 [149.          63.46         8.780261     1.1457427 ]
 [150.          64.82         9.362265     1.1510863 ]
 [151.          65.64001      8.776844     1.1555827 ]
 [152.          64.71999      9.13028      1.1622357 ]
 [153.          64.58         9.942682     1.1671892 ]
 [154.          64.64001      9.474863     1.1720632 ]
 [155.          65.46         8.790218     1.1768917 ]
 [156.          65.9          8.401786     1.1823179 ]
 [157.          65.68         8.406964     1.1873683 ]
 [158.          65.880005     9.109449     1.1923193 ]
 [159.          66.4         10.39904      1.1973063 ]
 [160.          66.88        10.620122     1.2030152 ]
 [161.          67.5         10.436476     1.2082844 ]
 [162.          67.72        10.39192      1.2129855 ]
 [163.          69.54        12.609642     1.2177778 ]
 [164.          69.46        11.319142     1.2233788 ]
 [165.          70.46        10.162331     1.2286154 ]
 [166.          70.86        10.467714     1.2346754 ]
 [167.          71.56        11.462243     1.2396328 ]
 [168.          70.54        11.312737     1.2447577 ]
 [169.          69.520004    10.632826     1.250267  ]
 [170.          69.82        10.117659     1.2553161 ]
 [171.          70.659996    10.667848     1.26015   ]
 [172.          68.76         9.388984     1.2647272 ]
 [173.          67.619995     9.633899     1.2695721 ]
 [174.          67.56         8.65754      1.2767808 ]
 [175.          66.94         8.035735     1.2825034 ]
 [176.          64.98         7.056699     1.2882991 ]
 [177.          67.28         7.431151     1.2947395 ]
 [178.          66.840004     7.6434937    1.300409  ]
 [179.          67.22         5.4370966    1.306897  ]
 [180.          68.8          6.895288     1.3121209 ]
 [181.          68.38         6.8725533    1.317644  ]
 [182.          69.38         7.3285093    1.3231413 ]
 [183.          70.44         7.491529     1.328521  ]
 [184.          70.22         6.4916825    1.3349475 ]
 [185.          69.82         7.2098536    1.3412632 ]
 [186.          69.920006     8.310658     1.3468798 ]
 [187.          69.36         8.0878315    1.3516473 ]
 [188.          69.78         8.1891365    1.3572935 ]
 [189.          70.56         7.454062     1.3623164 ]
 [190.          70.9          7.090839     1.3671869 ]
 [191.          71.36         6.729635     1.3725294 ]
 [192.          71.48         6.785055     1.3800128 ]
 [193.          71.82         7.247209     1.3857802 ]
 [194.          71.74         7.145139     1.3921089 ]
 [195.          71.740005     6.8748064    1.3974669 ]
 [196.          72.200005     7.620696     1.4034587 ]
 [197.          72.28001      7.479106     1.4092865 ]
 [198.          72.659996     7.0336995    1.4157912 ]
 [199.          73.82         6.181183     1.4220566 ]
 [200.          73.560005     6.742996     1.4276059 ]]
The best results: 
Epoch: 126  75.32±3.49  1.015s
--------------- Train Done! ----------------
