Using cuda:0 device
Dataset     :Computers
Epochs      :200
LR X_s      :0.01
Learn A_s   :1
LR A_s      :0.01
Conden ratio:1.0
Ridge       :10.0
Kernel      :SGNK
k           :1
L           :1
Seed        :5
The 1th Iteration:
--------------------------------------------------
The 2th Iteration:
--------------------------------------------------
The 3th Iteration:
--------------------------------------------------
The 4th Iteration:
--------------------------------------------------
The 5th Iteration:
--------------------------------------------------
[[  1.          10.420001     2.0957098    0.29543218]
 [  2.          10.           0.           0.31061053]
 [  3.          10.0199995    0.0447216    0.3324518 ]
 [  4.          10.900001     2.0124612    0.3526883 ]
 [  5.          10.12         0.26832834   0.36883613]
 [  6.          10.           0.           0.38588238]
 [  7.          10.           0.           0.41937596]
 [  8.          10.           0.           0.45413047]
 [  9.          10.           0.           0.47913858]
 [ 10.          11.6          3.522073     0.50075346]
 [ 11.          11.760001     3.5571058    0.51630586]
 [ 12.          12.           4.472136     0.5315172 ]
 [ 13.          10.           0.           0.55109423]
 [ 14.          10.           0.           0.5763786 ]
 [ 15.          10.           0.           0.6021564 ]
 [ 16.          10.           0.           0.63132787]
 [ 17.          10.           0.           0.654049  ]
 [ 18.          10.           0.           0.6775878 ]
 [ 19.          10.           0.           0.6988131 ]
 [ 20.          10.           0.           0.7256605 ]
 [ 21.          10.           0.           0.7495992 ]
 [ 22.          10.           0.           0.7769613 ]
 [ 23.          10.           0.           0.80673164]
 [ 24.          10.           0.           0.82884884]
 [ 25.          10.           0.           0.84366554]
 [ 26.          10.           0.           0.86270905]
 [ 27.          10.           0.           0.8792538 ]
 [ 28.          10.           0.           0.89982283]
 [ 29.          10.           0.           0.9187855 ]
 [ 30.          10.           0.           0.938086  ]
 [ 31.          10.           0.           0.9549309 ]
 [ 32.          10.           0.           0.969783  ]
 [ 33.          10.           0.           0.9864851 ]
 [ 34.          10.           0.           1.0087211 ]
 [ 35.          10.           0.           1.0259383 ]
 [ 36.          10.           0.           1.0534552 ]
 [ 37.          10.           0.           1.0746802 ]
 [ 38.          10.           0.           1.0989218 ]
 [ 39.          10.           0.           1.1195433 ]
 [ 40.          10.           0.           1.1381688 ]
 [ 41.          10.           0.           1.1562246 ]
 [ 42.          10.           0.           1.1721157 ]
 [ 43.          10.           0.           1.189599  ]
 [ 44.          10.           0.           1.2091411 ]
 [ 45.          10.           0.           1.2211694 ]
 [ 46.          10.           0.           1.2359552 ]
 [ 47.          10.           0.           1.2606448 ]
 [ 48.          10.           0.           1.2842804 ]
 [ 49.          10.           0.           1.3175883 ]
 [ 50.          10.           0.           1.336775  ]
 [ 51.          10.           0.           1.3533767 ]
 [ 52.          10.           0.           1.3741816 ]
 [ 53.          10.           0.           1.3897837 ]
 [ 54.          10.           0.           1.4068078 ]
 [ 55.          10.           0.           1.4206346 ]
 [ 56.          10.           0.           1.4365948 ]
 [ 57.          10.           0.           1.4555858 ]
 [ 58.          10.           0.           1.4702265 ]
 [ 59.          10.           0.           1.4837483 ]
 [ 60.          10.           0.           1.4976634 ]
 [ 61.          10.           0.           1.5128577 ]
 [ 62.          10.           0.           1.5317086 ]
 [ 63.          10.           0.           1.5444889 ]
 [ 64.          10.           0.           1.561409  ]
 [ 65.          10.           0.           1.5779513 ]
 [ 66.          10.           0.           1.5979996 ]
 [ 67.          10.           0.           1.622564  ]
 [ 68.          10.           0.           1.6439202 ]
 [ 69.          10.           0.           1.6631536 ]
 [ 70.          10.           0.           1.6784896 ]
 [ 71.          10.           0.           1.6925942 ]
 [ 72.          10.           0.           1.7073252 ]
 [ 73.          10.           0.           1.7271613 ]
 [ 74.          10.           0.           1.7461869 ]
 [ 75.          10.           0.           1.7655886 ]
 [ 76.          10.           0.           1.7822742 ]
 [ 77.          10.           0.           1.8108352 ]
 [ 78.          10.           0.           1.8370857 ]
 [ 79.          10.           0.           1.8611472 ]
 [ 80.          10.           0.           1.8885853 ]
 [ 81.          10.           0.           1.9143285 ]
 [ 82.          10.           0.           1.9494088 ]
 [ 83.          10.04         0.05477235   1.9710495 ]
 [ 84.          10.080001     0.08366603   1.9940016 ]
 [ 85.          10.12         0.16431665   2.0121102 ]
 [ 86.          10.2          0.23452084   2.031258  ]
 [ 87.          10.339999     0.33615428   2.0499983 ]
 [ 88.          10.56         0.709225     2.0669754 ]
 [ 89.          11.04         1.350185     2.0870175 ]
 [ 90.          11.74         1.8174156    2.1084878 ]
 [ 91.          12.979999     2.6357167    2.1278327 ]
 [ 92.          14.3          3.624224     2.1499498 ]
 [ 93.          16.060001     4.751105     2.1719148 ]
 [ 94.          18.2          5.21632      2.19756   ]
 [ 95.          20.52         5.4366355    2.2173295 ]
 [ 96.          22.26         5.246237     2.2426376 ]
 [ 97.          24.22         4.226938     2.2622013 ]
 [ 98.          25.720001     3.2995458    2.2837853 ]
 [ 99.          26.94         2.575461     2.3047287 ]
 [100.          27.720001     2.0474381    2.3276703 ]
 [101.          28.38         1.4567074    2.3525033 ]
 [102.          28.859999     1.2033293    2.378088  ]
 [103.          28.98         1.2930588    2.399079  ]
 [104.          28.9          1.7958279    2.4415538 ]
 [105.          28.919998     2.1370537    2.471712  ]
 [106.          29.380003     2.940578     2.5047364 ]
 [107.          30.58         5.4398527    2.5305378 ]
 [108.          30.520002     5.421439     2.5657818 ]
 [109.          30.540003     4.947018     2.6001961 ]
 [110.          31.64         3.8474667    2.6364892 ]
 [111.          33.48         3.4105716    2.6636124 ]
 [112.          37.4          4.610857     2.6896741 ]
 [113.          41.22         5.39231      2.712871  ]
 [114.          45.66         5.9843965    2.7342486 ]
 [115.          49.3          4.154516     2.7558725 ]
 [116.          51.540005     3.5486612    2.7814066 ]
 [117.          54.559998     5.3849797    2.8059003 ]
 [118.          59.440002     6.8310323    2.8271732 ]
 [119.          61.079998     5.1717515    2.8536193 ]
 [120.          61.2          6.5188193    2.8782966 ]
 [121.          60.840004     7.0030713    2.8993268 ]
 [122.          55.859997     3.3649652    2.914414  ]
 [123.          61.600002     5.7528224    2.9286687 ]
 [124.          62.66         3.7680242    2.9430895 ]
 [125.          62.640003     8.626009     2.9647043 ]
 [126.          63.7          9.334344     2.9839165 ]
 [127.          55.76        11.52662      3.006314  ]
 [128.          57.320004    16.557083     3.031368  ]
 [129.          61.540005     5.975199     3.0536716 ]
 [130.          62.2          5.643135     3.0772192 ]
 [131.          63.46         4.620931     3.0993235 ]
 [132.          68.32         2.6975923    3.1273062 ]
 [133.          67.52         4.8966312    3.158962  ]
 [134.          60.24        12.641322     3.1876938 ]
 [135.          65.82         9.122883     3.2180276 ]
 [136.          62.619995     8.802953     3.2428672 ]
 [137.          64.9          7.793908     3.2596035 ]
 [138.          64.98         5.383959     3.2776525 ]
 [139.          63.579998     3.876468     3.302014  ]
 [140.          64.82         6.2231035    3.3245697 ]
 [141.          66.020004     7.372043     3.3451512 ]
 [142.          66.8          6.981762     3.367458  ]
 [143.          68.46001      7.4439907    3.3851917 ]
 [144.          68.44         6.1207023    3.408694  ]
 [145.          68.380005     5.663657     3.4341218 ]
 [146.          68.200005     5.764981     3.4512544 ]
 [147.          67.340004     6.437625     3.4707565 ]
 [148.          66.700005     7.450503     3.4888852 ]
 [149.          67.04         7.0059266    3.5051506 ]
 [150.          70.420006     6.172682     3.5226426 ]
 [151.          71.14001      5.1320543    3.5393105 ]
 [152.          72.740005     5.0381565    3.5617142 ]
 [153.          72.700005     4.3692102    3.5915654 ]
 [154.          69.21999      4.885897     3.613963  ]
 [155.          68.94         8.448553     3.6315095 ]
 [156.          63.7         11.864444     3.6460454 ]
 [157.          67.86         9.849011     3.658561  ]
 [158.          68.9          6.0394545    3.670964  ]
 [159.          69.28001      5.5364256    3.683946  ]
 [160.          71.42         3.449203     3.7009938 ]
 [161.          70.659996     7.8633947    3.7183588 ]
 [162.          70.38         7.827326     3.7350755 ]
 [163.          71.619995     2.9827878    3.7546997 ]
 [164.          70.38         5.5594053    3.776041  ]
 [165.          71.1          4.6113997    3.7932968 ]
 [166.          72.1          5.1918216    3.8137207 ]
 [167.          72.340004     4.6570387    3.8534431 ]
 [168.          71.520004     5.836692     3.8874605 ]
 [169.          70.64001      8.223625     3.9127629 ]
 [170.          71.54         6.619894     3.9311187 ]
 [171.          72.12         4.811649     3.945392  ]
 [172.          73.06         4.366121     3.9603512 ]
 [173.          73.520004     3.388509     3.973272  ]
 [174.          75.1          3.5064209    3.989306  ]
 [175.          74.920006     3.7359033    4.0106273 ]
 [176.          74.18         4.054874     4.0264907 ]
 [177.          74.22001      4.4846406    4.0412664 ]
 [178.          75.4          5.9774585    4.0612717 ]
 [179.          75.64001      6.014397     4.0752463 ]
 [180.          73.94         4.8834414    4.096002  ]
 [181.          74.06         3.9035897    4.1135545 ]
 [182.          75.54         3.2469993    4.129979  ]
 [183.          75.74         4.1620927    4.14274   ]
 [184.          70.48         4.314743     4.1557407 ]
 [185.          71.880005     4.5953236    4.1689935 ]
 [186.          74.619995     5.302547     4.178871  ]
 [187.          75.700005     6.1733313    4.1939225 ]
 [188.          74.36         6.7633553    4.2113123 ]
 [189.          72.740005     5.6451735    4.2303424 ]
 [190.          72.56         6.6413846    4.2533183 ]
 [191.          73.02         6.2846622    4.27535   ]
 [192.          72.28         6.6364136    4.295546  ]
 [193.          71.78001      7.6326294    4.315149  ]
 [194.          73.58001      7.6750917    4.335263  ]
 [195.          74.3          7.094716     4.356824  ]
 [196.          70.520004     1.6828548    4.3761425 ]
 [197.          70.840004     3.9690044    4.402927  ]
 [198.          72.36001      4.3804092    4.430206  ]
 [199.          74.16         5.421067     4.4525886 ]
 [200.          75.200005     5.592407     4.470779  ]]
The best results: 
Epoch: 183  75.74±4.16  4.143s
--------------- Train Done! ----------------
