Using cuda:0 device
Dataset     :Computers
Epochs      :200
LR X_s      :0.01
Learn A_s   :1
LR A_s      :0.01
Conden ratio:0.5
Ridge       :5.0
Kernel      :SGNK
k           :2
L           :1
Seed        :5
The 1th Iteration:
--------------------------------------------------
The 2th Iteration:
--------------------------------------------------
The 3th Iteration:
--------------------------------------------------
The 4th Iteration:
--------------------------------------------------
The 5th Iteration:
--------------------------------------------------
[[  1.          10.           0.           0.26990697]
 [  2.          10.           0.           0.27784085]
 [  3.          10.           0.           0.2850019 ]
 [  4.          10.           0.           0.2922051 ]
 [  5.          10.           0.           0.29888558]
 [  6.          10.           0.           0.3053834 ]
 [  7.          10.           0.           0.31180397]
 [  8.          10.           0.           0.3188575 ]
 [  9.          10.           0.           0.32462928]
 [ 10.          10.           0.           0.3317945 ]
 [ 11.          10.           0.           0.33872563]
 [ 12.          10.           0.           0.3446189 ]
 [ 13.          10.           0.           0.35052067]
 [ 14.          10.           0.           0.35743746]
 [ 15.          10.           0.           0.36365548]
 [ 16.          10.           0.           0.37020096]
 [ 17.          10.           0.           0.37589717]
 [ 18.          10.           0.           0.38185626]
 [ 19.           9.96         0.08944264   0.3877603 ]
 [ 20.          10.           0.           0.39435145]
 [ 21.          10.           0.           0.40032592]
 [ 22.          10.           0.           0.4061489 ]
 [ 23.          10.           0.           0.41310593]
 [ 24.          10.           0.           0.4197037 ]
 [ 25.          10.           0.           0.42593694]
 [ 26.          10.           0.           0.4330308 ]
 [ 27.          10.           0.           0.43984792]
 [ 28.          10.           0.           0.44656286]
 [ 29.          10.           0.           0.4534169 ]
 [ 30.          10.           0.           0.46002156]
 [ 31.          10.           0.           0.46745092]
 [ 32.          10.           0.           0.47446704]
 [ 33.          10.           0.           0.4812873 ]
 [ 34.          10.           0.           0.48814318]
 [ 35.          10.           0.           0.49491206]
 [ 36.          10.           0.           0.50177455]
 [ 37.          10.           0.           0.5094299 ]
 [ 38.          10.           0.           0.5159886 ]
 [ 39.          10.           0.           0.5227112 ]
 [ 40.          10.           0.           0.52955526]
 [ 41.          10.           0.           0.5360087 ]
 [ 42.          10.           0.           0.54288834]
 [ 43.          10.           0.           0.5500037 ]
 [ 44.          10.           0.           0.55745167]
 [ 45.          10.           0.           0.5640245 ]
 [ 46.          10.           0.           0.57111883]
 [ 47.          10.           0.           0.5778085 ]
 [ 48.          10.           0.           0.5856325 ]
 [ 49.          10.           0.           0.592711  ]
 [ 50.          10.           0.           0.6009044 ]
 [ 51.          10.           0.           0.6095594 ]
 [ 52.          10.           0.           0.6175249 ]
 [ 53.          10.           0.           0.62555176]
 [ 54.          10.           0.           0.63360924]
 [ 55.          10.           0.           0.6414365 ]
 [ 56.          10.           0.           0.6493819 ]
 [ 57.          10.           0.           0.65816355]
 [ 58.          10.           0.           0.66667897]
 [ 59.          10.           0.           0.6745849 ]
 [ 60.          10.           0.           0.68203384]
 [ 61.          10.           0.           0.6892797 ]
 [ 62.          10.           0.           0.69575924]
 [ 63.          10.           0.           0.70349956]
 [ 64.          10.           0.           0.7114571 ]
 [ 65.          10.           0.           0.7197512 ]
 [ 66.          10.           0.           0.72686476]
 [ 67.          10.           0.           0.7335278 ]
 [ 68.          10.           0.           0.7410894 ]
 [ 69.          10.           0.           0.74749047]
 [ 70.          10.           0.           0.75566477]
 [ 71.          10.           0.           0.7628861 ]
 [ 72.          10.           0.           0.7694143 ]
 [ 73.          10.           0.           0.7768189 ]
 [ 74.          10.           0.           0.78509754]
 [ 75.          10.           0.           0.7927771 ]
 [ 76.          10.           0.           0.79888576]
 [ 77.          10.           0.           0.80543774]
 [ 78.          10.           0.           0.812335  ]
 [ 79.          10.           0.           0.8192687 ]
 [ 80.          10.           0.           0.82603645]
 [ 81.          10.           0.           0.8339645 ]
 [ 82.          10.           0.           0.8412778 ]
 [ 83.          10.           0.           0.8488846 ]
 [ 84.          10.           0.           0.8559224 ]
 [ 85.          10.           0.           0.8637609 ]
 [ 86.          10.           0.           0.87029916]
 [ 87.          10.           0.           0.87766236]
 [ 88.          10.           0.           0.885045  ]
 [ 89.          10.           0.           0.8926115 ]
 [ 90.          10.           0.           0.8989617 ]
 [ 91.          10.           0.           0.90568393]
 [ 92.          10.           0.           0.91335624]
 [ 93.          10.           0.           0.92165464]
 [ 94.          10.           0.           0.9297096 ]
 [ 95.          10.           0.           0.936224  ]
 [ 96.          10.           0.           0.9429119 ]
 [ 97.          10.           0.           0.9512953 ]
 [ 98.          10.           0.           0.95917934]
 [ 99.          10.           0.           0.9653509 ]
 [100.          10.           0.           0.970965  ]
 [101.          10.           0.           0.9765091 ]
 [102.          10.           0.           0.98245907]
 [103.          10.           0.           0.9887738 ]
 [104.          10.           0.           0.99561197]
 [105.          10.           0.           1.0024036 ]
 [106.          10.           0.           1.0082589 ]
 [107.          10.           0.           1.0138617 ]
 [108.          10.           0.           1.0194937 ]
 [109.          10.           0.           1.0261568 ]
 [110.          10.04         0.05477246   1.0325469 ]
 [111.          10.04         0.05477246   1.0403284 ]
 [112.          10.06         0.05477235   1.0476649 ]
 [113.          10.06         0.05477235   1.053783  ]
 [114.          10.04         0.05477244   1.0605259 ]
 [115.          10.04         0.0894428    1.0660661 ]
 [116.          10.06         0.08944273   1.0718554 ]
 [117.          10.06         0.08944273   1.0782398 ]
 [118.          10.06         0.08944273   1.0840298 ]
 [119.          10.080001     0.08366565   1.0904169 ]
 [120.          10.1          0.09999975   1.0962952 ]
 [121.          10.2          0.23452102   1.1033841 ]
 [122.          10.34         0.5412951    1.1117547 ]
 [123.          10.4800005    0.6340346    1.1171778 ]
 [124.          10.88         1.0871981    1.1238785 ]
 [125.          11.7          2.066398     1.1306177 ]
 [126.          12.3          2.9086077    1.1365255 ]
 [127.          12.92         3.3040884    1.1423723 ]
 [128.          14.339999     4.4427466    1.148559  ]
 [129.          14.8          4.6706533    1.1542743 ]
 [130.          14.1          3.9918668    1.1602246 ]
 [131.          15.860001     4.0948744    1.1663432 ]
 [132.          17.16         3.8753064    1.1728095 ]
 [133.          17.460001     3.2600615    1.1793412 ]
 [134.          18.160002     2.2400887    1.1858486 ]
 [135.          19.220001     1.8130081    1.1915878 ]
 [136.          18.36         1.7672012    1.1980225 ]
 [137.          19.66         1.0430722    1.2044194 ]
 [138.          19.960001     0.26076832   1.2103518 ]
 [139.          19.86         0.53197724   1.2164148 ]
 [140.          20.           0.2236068    1.2225412 ]
 [141.          20.02         0.32710943   1.2300061 ]
 [142.          19.92         0.04472185   1.2360144 ]
 [143.          20.44         1.2074771    1.2422253 ]
 [144.          19.52         1.3590428    1.2484757 ]
 [145.          20.12         0.49699092   1.2552601 ]
 [146.          20.039999     0.3714841    1.2619636 ]
 [147.          20.16         0.6387481    1.2689698 ]
 [148.          20.539999     1.7952721    1.2761563 ]
 [149.          19.92         0.10954547   1.2835997 ]
 [150.          20.359999     0.8234074    1.2912645 ]
 [151.          19.779999     0.79498446   1.2989184 ]
 [152.          20.58         2.139393     1.307503  ]
 [153.          20.26         0.65038407   1.3152134 ]
 [154.          21.779999     4.040669     1.3231615 ]
 [155.          20.1          0.30822158   1.3316592 ]
 [156.          21.62         3.968879     1.3399712 ]
 [157.          22.02         2.9575334    1.3482885 ]
 [158.          20.44         1.2074771    1.3569688 ]
 [159.          22.76         4.604129     1.365392  ]
 [160.          22.72         5.239466     1.3749743 ]
 [161.          23.38         4.7735734    1.3817259 ]
 [162.          23.82         5.3681474    1.3886397 ]
 [163.          23.08         4.429673     1.3972577 ]
 [164.          22.7          4.3069706    1.4037156 ]
 [165.          22.94         4.4992228    1.4106901 ]
 [166.          24.039999     4.447246     1.417273  ]
 [167.          24.920002     4.8869214    1.4247805 ]
 [168.          21.24         5.0737557    1.4317185 ]
 [169.          20.480001     4.9886875    1.4383876 ]
 [170.          20.960001     7.346972     1.4450824 ]
 [171.          21.1          7.6827726    1.4528359 ]
 [172.          20.4          7.072835     1.4601532 ]
 [173.          22.18         8.537389     1.466945  ]
 [174.          20.520002     9.932623     1.4740622 ]
 [175.          23.600002     5.329634     1.4810791 ]
 [176.          30.059998     7.928303     1.487872  ]
 [177.          30.           8.163333     1.4951503 ]
 [178.          23.32         9.77635      1.5020685 ]
 [179.          18.08         6.336955     1.5083984 ]
 [180.          21.720001     6.428997     1.5141982 ]
 [181.          24.64         3.864324     1.5204475 ]
 [182.          26.159998     3.983465     1.5271523 ]
 [183.          25.740004     6.8922424    1.5333668 ]
 [184.          29.44         9.509363     1.5400078 ]
 [185.          25.779999     8.803238     1.5463561 ]
 [186.          24.240002     6.882078     1.553689  ]
 [187.          27.039999    10.661754     1.5602573 ]
 [188.          23.42         9.5573015    1.5667666 ]
 [189.          23.68         7.4684005    1.5735091 ]
 [190.          23.58         4.322268     1.5801238 ]
 [191.          24.           6.175354     1.5867131 ]
 [192.          23.82         4.800729     1.593421  ]
 [193.          23.84         2.050122     1.6006377 ]
 [194.          25.94         6.857696     1.6080811 ]
 [195.          28.300001     6.6772       1.6172341 ]
 [196.          31.039999     2.6613903    1.6236337 ]
 [197.          27.060001     4.1113257    1.6309538 ]
 [198.          26.1          4.0724683    1.6376076 ]
 [199.          27.1          5.0645833    1.6436793 ]
 [200.          30.64         3.6031926    1.6523949 ]]
The best results: 
Epoch: 196  31.04±2.66  1.624s
--------------- Train Done! ----------------
