Using cuda:0 device
Dataset     :Computers
Epochs      :200
LR X_s      :0.01
Learn A_s   :1
LR A_s      :0.01
Conden ratio:1.0
Ridge       :0.01
Kernel      :SGNK
k           :3
L           :1
Seed        :5
The 1th Iteration:
--------------------------------------------------
The 2th Iteration:
--------------------------------------------------
The 3th Iteration:
--------------------------------------------------
The 4th Iteration:
--------------------------------------------------
The 5th Iteration:
--------------------------------------------------
[[  1.          10.580001     2.052316     0.26952767]
 [  2.          11.76         1.1304867    0.28106138]
 [  3.          12.16         1.0737783    0.29483065]
 [  4.          12.7          1.4849241    0.3074177 ]
 [  5.          12.74         1.5517731    0.32099792]
 [  6.          12.62         1.3553594    0.3396556 ]
 [  7.          12.38         1.1691879    0.3548208 ]
 [  8.          12.780001     1.1144506    0.38026506]
 [  9.          12.7          1.3322908    0.40642992]
 [ 10.          12.5          1.1768605    0.43785834]
 [ 11.          12.42         1.070981     0.46026284]
 [ 12.          12.440001     0.97365314   0.48984644]
 [ 13.          12.400001     0.90829486   0.5286874 ]
 [ 14.          12.54         0.8561547    0.555306  ]
 [ 15.          12.460001     0.798749     0.5856755 ]
 [ 16.          12.42         0.6648308    0.6040255 ]
 [ 17.          12.42         0.7395948    0.62314904]
 [ 18.          12.440001     0.6107371    0.64372224]
 [ 19.          12.54         0.66558254   0.6572342 ]
 [ 20.          12.52         0.7328031    0.6762057 ]
 [ 21.          12.580001     0.7362067    0.6950282 ]
 [ 22.          12.64         0.8532291    0.7188661 ]
 [ 23.          12.740001     0.9099451    0.7362806 ]
 [ 24.          12.740001     0.88769335   0.7511336 ]
 [ 25.          12.840001     0.90443355   0.76671654]
 [ 26.          12.900001     1.0770332    0.7826083 ]
 [ 27.          12.839999     1.0163662    0.7938358 ]
 [ 28.          13.04         1.105893     0.8095612 ]
 [ 29.          13.139999     1.2895738    0.82537574]
 [ 30.          13.139999     1.297305     0.84063226]
 [ 31.          13.04         1.2521983    0.8577983 ]
 [ 32.          12.960001     1.1148993    0.8707122 ]
 [ 33.          12.960001     1.2218837    0.8843527 ]
 [ 34.          12.959999     1.1781342    0.89808637]
 [ 35.          13.           1.0173494    0.9110966 ]
 [ 36.          13.5          0.9669538    0.92266464]
 [ 37.          13.94         0.7924644    0.9340336 ]
 [ 38.          14.38         1.2194263    0.9503288 ]
 [ 39.          14.460001     0.9449869    0.9608343 ]
 [ 40.          14.54         0.72663605   0.972355  ]
 [ 41.          14.56         0.96591944   0.9924154 ]
 [ 42.          14.639999     0.9071934    1.0132102 ]
 [ 43.          14.780001     0.8288547    1.0346075 ]
 [ 44.          14.9800005    0.77910215   1.0575843 ]
 [ 45.          15.5          0.8093209    1.078749  ]
 [ 46.          16.08         0.5890673    1.0986917 ]
 [ 47.          16.279999     0.56302726   1.108478  ]
 [ 48.          16.84         0.85906935   1.1215533 ]
 [ 49.          17.36         0.9289779    1.1318064 ]
 [ 50.          18.1          0.8215837    1.1440848 ]
 [ 51.          19.039999     1.4081901    1.1610597 ]
 [ 52.          19.9          1.876166     1.1847845 ]
 [ 53.          21.6          2.1342444    1.2063855 ]
 [ 54.          22.480001     2.3594494    1.2284325 ]
 [ 55.          23.420002     2.2129169    1.2429966 ]
 [ 56.          24.26         1.8022213    1.2528495 ]
 [ 57.          25.14         2.2853885    1.2616137 ]
 [ 58.          25.7          3.2015626    1.2696301 ]
 [ 59.          26.279999     3.7506       1.2787446 ]
 [ 60.          26.5          3.8334062    1.294109  ]
 [ 61.          26.38         3.898333     1.3103732 ]
 [ 62.          26.34         4.114973     1.3263187 ]
 [ 63.          26.279999     4.297325     1.3466789 ]
 [ 64.          26.140003     4.719428     1.3612044 ]
 [ 65.          26.320002     5.076121     1.3735403 ]
 [ 66.          26.539999     4.9752393    1.3873852 ]
 [ 67.          26.84         5.1897016    1.3972886 ]
 [ 68.          27.           5.1667204    1.4053926 ]
 [ 69.          27.12         5.3307605    1.413031  ]
 [ 70.          27.520002     5.8844714    1.4208006 ]
 [ 71.          28.           5.7065754    1.4327973 ]
 [ 72.          28.480001     5.7716546    1.4546555 ]
 [ 73.          30.2          4.3203006    1.4740578 ]
 [ 74.          32.02         2.9371758    1.4984635 ]
 [ 75.          33.54         1.4501721    1.5168139 ]
 [ 76.          33.8          0.74498385   1.5334152 ]
 [ 77.          34.           0.51477987   1.5553869 ]
 [ 78.          34.24         0.77974355   1.5741426 ]
 [ 79.          34.68         1.162755     1.5937182 ]
 [ 80.          35.140003     1.2581729    1.6132876 ]
 [ 81.          35.           1.8614515    1.6427879 ]
 [ 82.          35.14         1.9191141    1.6662982 ]
 [ 83.          35.320004     1.3700373    1.6958382 ]
 [ 84.          35.9          1.528071     1.7265431 ]
 [ 85.          36.98         2.3295915    1.7559618 ]
 [ 86.          37.54         3.1117523    1.7754011 ]
 [ 87.          38.06         3.6267056    1.7930211 ]
 [ 88.          38.040005     3.817459     1.8144989 ]
 [ 89.          38.040005     3.734033     1.8418101 ]
 [ 90.          38.7          3.9159935    1.8663247 ]
 [ 91.          39.14         3.9074287    1.8927933 ]
 [ 92.          40.46         2.757354     1.916557  ]
 [ 93.          42.06         3.3834891    1.939374  ]
 [ 94.          43.02         3.9309042    1.9629786 ]
 [ 95.          44.120003     5.0415287    1.9841034 ]
 [ 96.          45.719997     3.4952846    2.0085804 ]
 [ 97.          47.76         3.7580585    2.0300252 ]
 [ 98.          48.32         3.8996148    2.0530324 ]
 [ 99.          46.5          3.8568118    2.0696096 ]
 [100.          44.18         4.952978     2.0820234 ]
 [101.          43.999996     4.808846     2.0952024 ]
 [102.          44.68         3.3506732    2.1168537 ]
 [103.          44.260002     5.5850697    2.1398835 ]
 [104.          44.260002     7.397836     2.1602876 ]
 [105.          44.4          6.7190027    2.1793342 ]
 [106.          45.760002     6.1018853    2.1917832 ]
 [107.          47.           5.8159256    2.2040718 ]
 [108.          46.06         3.9872293    2.2151067 ]
 [109.          44.040005     3.9897377    2.2288387 ]
 [110.          43.64         2.157082     2.238957  ]
 [111.          46.78         5.9293337    2.24908   ]
 [112.          49.66         5.5029993    2.2612305 ]
 [113.          49.88         6.4441442    2.271232  ]
 [114.          51.66         6.5427833    2.2822397 ]
 [115.          54.019997     5.8904176    2.291638  ]
 [116.          56.02         5.6821647    2.3014116 ]
 [117.          55.88         5.677762     2.3120859 ]
 [118.          52.16         8.161065     2.3230493 ]
 [119.          51.3          7.3229094    2.3354301 ]
 [120.          51.46         5.055987     2.3539035 ]
 [121.          50.68         7.93423      2.3687897 ]
 [122.          49.78         9.485357     2.3838902 ]
 [123.          50.3          9.186403     2.3965087 ]
 [124.          52.68         7.949654     2.4098418 ]
 [125.          53.600002     4.26849      2.4214535 ]
 [126.          55.320004     2.3615675    2.4381502 ]
 [127.          58.359997     3.8122184    2.4554222 ]
 [128.          58.26         6.2087035    2.4777818 ]
 [129.          55.88         9.905402     2.5105703 ]
 [130.          57.040005     8.454763     2.540404  ]
 [131.          59.059998     5.223312     2.5662596 ]
 [132.          58.920002     4.215094     2.592426  ]
 [133.          58.28         3.173642     2.6192214 ]
 [134.          57.079998     2.0656729    2.6418731 ]
 [135.          54.359997     6.5469856    2.6572902 ]
 [136.          52.680004     9.017873     2.6682315 ]
 [137.          51.68         6.2190824    2.6804051 ]
 [138.          53.5          5.023444     2.6967468 ]
 [139.          57.280006     8.068273     2.7091677 ]
 [140.          59.440002     9.468527     2.72692   ]
 [141.          60.859997     6.3943725    2.7408864 ]
 [142.          60.3          7.223227     2.7551646 ]
 [143.          59.080006     8.685736     2.7742312 ]
 [144.          60.120003     6.669108     2.792354  ]
 [145.          62.319996     5.6636553    2.8109837 ]
 [146.          62.320004     6.42394      2.8268726 ]
 [147.          61.52         6.74737      2.841303  ]
 [148.          60.24         5.3148847    2.8561962 ]
 [149.          56.840004     6.294283     2.8673985 ]
 [150.          56.3          6.2669764    2.880387  ]
 [151.          58.02         4.088031     2.8931353 ]
 [152.          59.26         4.791971     2.9054258 ]
 [153.          57.980007     4.8256598    2.9173443 ]
 [154.          57.340004     4.548956     2.931051  ]
 [155.          58.919994     4.391697     2.9500482 ]
 [156.          60.100002     5.5995526    2.9633548 ]
 [157.          60.9          5.6017847    2.9760268 ]
 [158.          61.5          5.626277     2.9865143 ]
 [159.          60.040005     3.9563875    2.9979432 ]
 [160.          58.920002     4.132432     3.0216846 ]
 [161.          57.940002     5.0102906    3.0431452 ]
 [162.          60.3          7.6187267    3.0607002 ]
 [163.          60.140003     9.772563     3.079747  ]
 [164.          62.4          7.438751     3.0969543 ]
 [165.          65.5          3.8065717    3.1140232 ]
 [166.          66.920006     2.0079856    3.1375809 ]
 [167.          65.84         2.1547613    3.156361  ]
 [168.          63.280006     4.1433086    3.1716871 ]
 [169.          61.920002     7.141919     3.1866403 ]
 [170.          61.46         6.2791715    3.2005374 ]
 [171.          60.18         6.4696965    3.211675  ]
 [172.          58.920002     8.722215     3.2220051 ]
 [173.          57.7          6.660331     3.2351022 ]
 [174.          59.880005     6.5933313    3.2482216 ]
 [175.          63.24         8.251847     3.2682254 ]
 [176.          64.58         7.7305875    3.287811  ]
 [177.          64.200005     7.1543694    3.3109837 ]
 [178.          63.940002     6.822609     3.332735  ]
 [179.          62.26         6.9751706    3.3531463 ]
 [180.          60.360004     8.079481     3.3676178 ]
 [181.          57.539997    11.588701     3.3817773 ]
 [182.          57.120003    14.131597     3.3911316 ]
 [183.          57.059998    11.60164      3.402275  ]
 [184.          59.74         7.026239     3.4114244 ]
 [185.          60.859997    12.467677     3.4244618 ]
 [186.          62.02        12.255896     3.440128  ]
 [187.          65.58         5.4163623    3.4527714 ]
 [188.          64.58001      4.7346573    3.4660633 ]
 [189.          66.659996     3.9195678    3.4868457 ]
 [190.          65.92         4.6852956    3.5124352 ]
 [191.          62.540005     7.263128     3.5341454 ]
 [192.          62.859997     5.480237     3.5558167 ]
 [193.          65.4          4.050308     3.571761  ]
 [194.          66.86         1.8849394    3.5875573 ]
 [195.          63.580006     5.9721856    3.6049042 ]
 [196.          62.359997     5.4920864    3.6227472 ]
 [197.          62.28         3.48884      3.6417978 ]
 [198.          63.180004     4.431929     3.660088  ]
 [199.          62.579998     5.114881     3.6750314 ]
 [200.          58.3          6.617779     3.694835  ]]
The best results: 
Epoch: 166  66.92±2.01  3.138s
--------------- Train Done! ----------------
