Using cuda:0 device
Dataset     :Computers
Epochs      :200
LR X_s      :0.01
Learn A_s   :0
LR A_s      :0.01
Conden ratio:0.25
Ridge       :10.0
Kernel      :SNTK
k           :4
L           :1
Seed        :5
The 1th Iteration:
--------------------------------------------------
The 2th Iteration:
--------------------------------------------------
The 3th Iteration:
--------------------------------------------------
The 4th Iteration:
--------------------------------------------------
The 5th Iteration:
--------------------------------------------------
[[  1.          10.           0.07071095   0.36705375]
 [  2.          13.460001     7.736795     0.40980884]
 [  3.          10.14         0.31304958   0.44946757]
 [  4.          10.04         0.0894428    0.4906005 ]
 [  5.          10.           0.           0.53027195]
 [  6.          11.88         4.203808     0.5716128 ]
 [  7.          11.72         3.8460371    0.6103565 ]
 [  8.          12.           4.4721355    0.6493455 ]
 [  9.          11.82         3.9581559    0.6914822 ]
 [ 10.          11.920001     4.1823435    0.73292154]
 [ 11.          15.54         5.0624104    0.77011704]
 [ 12.          17.560001     4.2553496    0.80461884]
 [ 13.          19.980001     5.9482775    0.84027636]
 [ 14.          20.64         6.2986507    0.8762617 ]
 [ 15.          21.22         6.699403     0.9125561 ]
 [ 16.          20.7          6.8011026    0.94981843]
 [ 17.          21.66         3.676003     0.9881137 ]
 [ 18.          21.660002     3.5359583    1.023992  ]
 [ 19.          21.779999     3.2828343    1.0629221 ]
 [ 20.          22.76         2.6931393    1.1032351 ]
 [ 21.          24.380001     2.5282402    1.1384964 ]
 [ 22.          26.1          1.2103716    1.1808517 ]
 [ 23.          26.820002     0.55857074   1.2242974 ]
 [ 24.          27.12         0.39623225   1.2678264 ]
 [ 25.          27.26         0.15165709   1.3064814 ]
 [ 26.          27.279999     0.16431648   1.3495554 ]
 [ 27.          27.24         0.3049586    1.3932486 ]
 [ 28.          27.2          0.3936997    1.4356351 ]
 [ 29.          27.1          0.67082036   1.4773797 ]
 [ 30.          27.08         0.7155424    1.5176811 ]
 [ 31.          27.2          0.44721374   1.5536593 ]
 [ 32.          27.24         0.35777056   1.5888331 ]
 [ 33.          27.34         0.19493535   1.6257489 ]
 [ 34.          27.38         0.10954443   1.6634381 ]
 [ 35.          27.460001     0.1341646    1.7022003 ]
 [ 36.          27.539999     0.11401809   1.7444328 ]
 [ 37.          27.660002     0.13416389   1.7798992 ]
 [ 38.          27.76         0.08944189   1.8147106 ]
 [ 39.          27.84         0.13416398   1.8503674 ]
 [ 40.          27.94         0.25099784   1.8868719 ]
 [ 41.          27.98         0.2774886    1.9223862 ]
 [ 42.          27.980001     0.3114481    1.9576298 ]
 [ 43.          27.98         0.3898708    1.9956639 ]
 [ 44.          28.           0.41832927   2.0295331 ]
 [ 45.          28.279999     0.9576001    2.0698617 ]
 [ 46.          28.5          1.1575843    2.1097913 ]
 [ 47.          28.619999     1.2716129    2.1461911 ]
 [ 48.          28.800001     1.3928392    2.1868813 ]
 [ 49.          29.36         1.6486365    2.2275584 ]
 [ 50.          29.659998     1.8392935    2.2692323 ]
 [ 51.          30.279999     2.076536     2.3097105 ]
 [ 52.          30.800001     2.553428     2.348477  ]
 [ 53.          31.62         2.8030334    2.390747  ]
 [ 54.          32.359997     2.4865644    2.4280927 ]
 [ 55.          32.820004     2.4783063    2.4641137 ]
 [ 56.          33.559998     2.5412602    2.5005898 ]
 [ 57.          34.420002     2.3220668    2.5358431 ]
 [ 58.          35.2          2.2237363    2.575482  ]
 [ 59.          35.920002     2.4893782    2.6104772 ]
 [ 60.          36.760002     2.7355068    2.6472957 ]
 [ 61.          37.420002     3.171277     2.6840663 ]
 [ 62.          38.059998     3.3200908    2.7235076 ]
 [ 63.          38.52         3.3663032    2.763168  ]
 [ 64.          38.940002     3.5990276    2.8029013 ]
 [ 65.          39.18         3.8002644    2.8427732 ]
 [ 66.          39.38         4.0622644    2.8861578 ]
 [ 67.          39.540005     4.0109854    2.9252248 ]
 [ 68.          39.620003     4.1354566    2.969872  ]
 [ 69.          39.66         4.2264647    3.012384  ]
 [ 70.          39.66         4.285207     3.0467985 ]
 [ 71.          39.7          4.314511     3.0832405 ]
 [ 72.          39.74         4.290455     3.1254764 ]
 [ 73.          39.78         4.2657948    3.1603928 ]
 [ 74.          40.16         4.133159     3.19789   ]
 [ 75.          41.120003     4.0332375    3.236475  ]
 [ 76.          42.620003     3.4723194    3.278582  ]
 [ 77.          44.16         2.544209     3.3213089 ]
 [ 78.          45.559998     1.4639       3.3602395 ]
 [ 79.          46.3          0.88033974   3.3987691 ]
 [ 80.          46.699997     0.57008713   3.433621  ]
 [ 81.          47.139996     0.30495968   3.471341  ]
 [ 82.          47.3          0.12247703   3.5103605 ]
 [ 83.          47.38         0.1303843    3.552124  ]
 [ 84.          47.4          0.10000102   3.5949655 ]
 [ 85.          47.420002     0.0836675    3.6372583 ]
 [ 86.          47.420002     0.0836675    3.6778848 ]
 [ 87.          47.499996     0.15811399   3.7170765 ]
 [ 88.          47.48         0.1643166    3.7581193 ]
 [ 89.          47.52         0.1643166    3.8018346 ]
 [ 90.          47.5          0.19999933   3.8397431 ]
 [ 91.          47.540005     0.18165924   3.876593  ]
 [ 92.          47.540005     0.15165772   3.914621  ]
 [ 93.          47.56         0.20736432   3.9527943 ]
 [ 94.          47.52         0.19235338   3.985955  ]
 [ 95.          48.3          1.0630149    4.021221  ]
 [ 96.          48.64         2.1161296    4.059618  ]
 [ 97.          50.260002     4.457914     4.095281  ]
 [ 98.          49.940002     3.969006     4.131101  ]
 [ 99.          49.560005     2.2600896    4.168622  ]
 [100.          49.96         2.6500943    4.205735  ]
 [101.          51.339996     2.4285798    4.2434664 ]
 [102.          53.8          1.3509263    4.2863345 ]
 [103.          53.68         2.4159877    4.3305106 ]
 [104.          53.840004     3.3657105    4.3696074 ]
 [105.          56.040005     4.145842     4.404506  ]
 [106.          57.139996     5.748304     4.443477  ]
 [107.          57.340004     5.726518     4.4862437 ]
 [108.          58.640003     5.1795745    4.522708  ]
 [109.          58.819996     3.8505836    4.5640244 ]
 [110.          59.38         2.7887275    4.6042533 ]
 [111.          60.859997     3.504711     4.6443505 ]
 [112.          61.46         2.7226803    4.6843534 ]
 [113.          62.2          1.6598194    4.725625  ]
 [114.          61.68         1.9201565    4.7663445 ]
 [115.          62.3          0.9669547    4.8025246 ]
 [116.          61.580006     0.7758864    4.840139  ]
 [117.          61.           3.1472201    4.880059  ]
 [118.          62.98         1.933132     4.9183497 ]
 [119.          63.540005     1.7038193    4.954311  ]
 [120.          62.620003     2.774348     4.9927864 ]
 [121.          63.480007     2.0559669    5.0316863 ]
 [122.          62.16         1.1081535    5.074121  ]
 [123.          61.46         2.2277784    5.1157694 ]
 [124.          62.820004     2.6051865    5.1582584 ]
 [125.          60.100002     3.5749118    5.200441  ]
 [126.          58.76         5.2785416    5.2424707 ]
 [127.          60.359997     2.704256     5.282932  ]
 [128.          61.239998     2.5803096    5.324205  ]
 [129.          60.9          5.100979     5.365291  ]
 [130.          60.16         5.933211     5.40655   ]
 [131.          60.059998     4.591624     5.442804  ]
 [132.          61.340004     2.080385     5.480312  ]
 [133.          59.139996     4.474707     5.5164347 ]
 [134.          57.880005     5.928911     5.5527883 ]
 [135.          58.88         5.151407     5.5941124 ]
 [136.          59.18         2.7408032    5.634571  ]
 [137.          61.820004     2.968502     5.6763034 ]
 [138.          61.680004     3.2476132    5.712903  ]
 [139.          60.22         2.5292296    5.750339  ]
 [140.          61.280006     3.0011685    5.7901177 ]
 [141.          60.52         3.569594     5.82667   ]
 [142.          58.579998     2.6565008    5.8615847 ]
 [143.          59.440002     2.7645972    5.8963785 ]
 [144.          58.920002     4.2903385    5.936867  ]
 [145.          59.26         4.488653     5.9786086 ]
 [146.          57.539997     6.0148144    6.019155  ]
 [147.          58.18         6.4627385    6.0561056 ]
 [148.          58.5          6.1599503    6.0971103 ]
 [149.          57.100002     6.6064377    6.139835  ]
 [150.          61.66         2.982951     6.180866  ]
 [151.          60.840004     4.430913     6.223567  ]
 [152.          60.440002     5.3924007    6.2651114 ]
 [153.          60.180004     6.952122     6.3042116 ]
 [154.          59.920002     5.0544024    6.343822  ]
 [155.          59.96         4.4365525    6.3828835 ]
 [156.          60.24         4.3866854    6.422386  ]
 [157.          62.079998     3.5152535    6.464921  ]
 [158.          62.24         2.900517     6.5074744 ]
 [159.          62.079998     2.4355698    6.549756  ]
 [160.          62.48         3.5067086    6.591677  ]
 [161.          62.3          5.0284176    6.630512  ]
 [162.          62.219997     4.044377     6.6644173 ]
 [163.          61.16         3.026219     6.698772  ]
 [164.          61.420002     3.4802294    6.7377253 ]
 [165.          63.940002     4.3385463    6.775113  ]
 [166.          64.18001      2.6583838    6.806382  ]
 [167.          63.380005     4.629472     6.8454638 ]
 [168.          62.96         4.4354267    6.883336  ]
 [169.          60.440002     4.1271048    6.91908   ]
 [170.          60.9          4.2608685    6.9555945 ]
 [171.          61.52         4.155358     6.993341  ]
 [172.          62.140003     2.6838388    7.0321975 ]
 [173.          61.2          3.7168546    7.0723724 ]
 [174.          59.96         5.688849     7.111173  ]
 [175.          59.9          7.150174     7.1551323 ]
 [176.          58.96         6.981977     7.1949534 ]
 [177.          59.319996     9.027843     7.2333183 ]
 [178.          60.540005     4.199762     7.274878  ]
 [179.          60.16         1.5899693    7.3107104 ]
 [180.          60.080006     4.7409916    7.3530097 ]
 [181.          60.320004     2.9626012    7.3931565 ]
 [182.          61.640003     4.0190806    7.4295382 ]
 [183.          60.140003     4.755313     7.4712157 ]
 [184.          60.280006     3.6690605    7.512525  ]
 [185.          60.46         3.7373803    7.5515857 ]
 [186.          60.920002     4.2091575    7.589176  ]
 [187.          61.4          2.6897957    7.623732  ]
 [188.          62.22         4.186527     7.6608005 ]
 [189.          64.56         2.7826264    7.699478  ]
 [190.          61.5          3.0748973    7.741034  ]
 [191.          62.26         4.801353     7.7795916 ]
 [192.          60.380005     5.010688     7.8130465 ]
 [193.          61.96         3.713891     7.84957   ]
 [194.          60.94         3.9272118    7.8860946 ]
 [195.          60.9          4.888763     7.92297   ]
 [196.          61.5          3.64349      7.9612665 ]
 [197.          62.260006     3.2059336    8.004509  ]
 [198.          60.819996     5.1963444    8.044977  ]
 [199.          60.920002     4.2469997    8.080066  ]
 [200.          62.219997     2.954996     8.120297  ]]
The best results: 
Epoch: 189  64.56±2.78  7.699s
--------------- Train Done! ----------------
