Using cuda:0 device
Dataset     :Computers
Epochs      :200
LR X_s      :0.01
Learn A_s   :0
LR A_s      :0.01
Conden ratio:0.5
Ridge       :5.0
Kernel      :SNTK
k           :1
L           :1
Seed        :5
The 1th Iteration:
--------------------------------------------------
The 2th Iteration:
--------------------------------------------------
The 3th Iteration:
--------------------------------------------------
The 4th Iteration:
--------------------------------------------------
The 5th Iteration:
--------------------------------------------------
[[  1.          10.160001     0.42778465   0.374145  ]
 [  2.          10.18         0.3492849    0.4126807 ]
 [  3.          10.1          0.17320493   0.4525352 ]
 [  4.          15.32         2.9634435    0.49075204]
 [  5.          19.359999     6.1035233    0.5311948 ]
 [  6.          24.539999     2.596729     0.57341826]
 [  7.          25.42         3.162594     0.61747664]
 [  8.          24.5          3.7383153    0.65993327]
 [  9.          24.54         3.9759276    0.702387  ]
 [ 10.          25.52         3.5059943    0.74503255]
 [ 11.          26.08         2.8856537    0.79031175]
 [ 12.          27.179998     1.1734562    0.83229655]
 [ 13.          27.72         0.97314      0.87655735]
 [ 14.          28.08         1.0545142    0.9212513 ]
 [ 15.          28.36         1.3831117    0.96755785]
 [ 16.          28.88         1.2557864    1.0075823 ]
 [ 17.          29.26         0.91268766   1.0452918 ]
 [ 18.          29.660002     0.9914634    1.083189  ]
 [ 19.          29.740004     1.2621412    1.116301  ]
 [ 20.          30.140003     1.9295074    1.1497115 ]
 [ 21.          30.820002     2.106418     1.1825796 ]
 [ 22.          31.560001     2.4470394    1.2189636 ]
 [ 23.          32.4          2.5602741    1.253688  ]
 [ 24.          33.24         1.9539708    1.2887806 ]
 [ 25.          34.320004     0.7014271    1.322965  ]
 [ 26.          35.06         0.4669033    1.3571612 ]
 [ 27.          35.620003     0.952365     1.3949038 ]
 [ 28.          36.540005     1.7812912    1.4318914 ]
 [ 29.          37.8          2.7856781    1.4691632 ]
 [ 30.          38.74         3.4362757    1.5102634 ]
 [ 31.          39.820004     3.7278674    1.5518191 ]
 [ 32.          41.           3.7101219    1.5957955 ]
 [ 33.          42.02         3.53511      1.6387074 ]
 [ 34.          43.040005     3.7206197    1.6857516 ]
 [ 35.          43.4          3.848376     1.7311257 ]
 [ 36.          43.82         4.0039983    1.7805704 ]
 [ 37.          43.98         3.9328108    1.8329569 ]
 [ 38.          44.100002     3.9452512    1.8832581 ]
 [ 39.          44.08         3.9770586    1.9273722 ]
 [ 40.          44.120003     4.0121064    1.9714965 ]
 [ 41.          44.3          3.6952682    2.0114772 ]
 [ 42.          44.66         2.971195     2.0484235 ]
 [ 43.          45.5          1.8261986    2.084897  ]
 [ 44.          46.2          2.004994     2.116698  ]
 [ 45.          46.66         1.8555329    2.1534824 ]
 [ 46.          47.02         1.7426986    2.188648  ]
 [ 47.          47.579998     1.7210462    2.2193997 ]
 [ 48.          48.320004     2.0364182    2.2551873 ]
 [ 49.          48.920002     2.2687001    2.2901533 ]
 [ 50.          49.340004     2.5145583    2.327191  ]
 [ 51.          49.88         2.9098113    2.3666122 ]
 [ 52.          50.2          3.1654391    2.4057934 ]
 [ 53.          50.539997     3.4114513    2.4472234 ]
 [ 54.          50.960003     3.6909344    2.4873364 ]
 [ 55.          51.5          4.070013     2.5254428 ]
 [ 56.          51.8          4.3069706    2.5695572 ]
 [ 57.          52.419994     4.6932936    2.6155815 ]
 [ 58.          53.120003     5.0081916    2.6603737 ]
 [ 59.          53.8          5.2763624    2.7071013 ]
 [ 60.          54.339996     5.2467127    2.7508628 ]
 [ 61.          54.859997     5.1742635    2.79864   ]
 [ 62.          55.66         5.0569763    2.8415976 ]
 [ 63.          56.219997     5.0176682    2.887402  ]
 [ 64.          56.840004     4.851597     2.9324207 ]
 [ 65.          57.5          4.6038017    2.9762409 ]
 [ 66.          58.320004     4.2984896    3.0195117 ]
 [ 67.          59.559998     3.6239476    3.0648868 ]
 [ 68.          60.860004     3.6589606    3.1037502 ]
 [ 69.          61.9          3.3256595    3.1449995 ]
 [ 70.          62.98         3.155472     3.1801922 ]
 [ 71.          63.880005     3.5336962    3.2103746 ]
 [ 72.          64.700005     3.5227833    3.2468636 ]
 [ 73.          65.76         3.3019683    3.2805207 ]
 [ 74.          66.62         2.8700197    3.3162754 ]
 [ 75.          67.04         3.1020956    3.3548844 ]
 [ 76.          67.520004     3.190925     3.3900318 ]
 [ 77.          67.96001      3.137355     3.4288201 ]
 [ 78.          68.48         2.9878085    3.470043  ]
 [ 79.          68.700005     2.8999994    3.5125158 ]
 [ 80.          68.76         2.907407     3.5584075 ]
 [ 81.          69.159996     2.5540173    3.6014106 ]
 [ 82.          69.68001      1.333039     3.647249  ]
 [ 83.          70.12         0.5263102    3.6937807 ]
 [ 84.          70.26         0.5683294    3.7399757 ]
 [ 85.          70.32         0.4494449    3.7797813 ]
 [ 86.          70.520004     0.32710984   3.8180394 ]
 [ 87.          70.56         0.37815276   3.8590791 ]
 [ 88.          70.700005     0.39369875   3.9025314 ]
 [ 89.          70.78         0.25884375   3.943116  ]
 [ 90.          70.78001      0.37013733   3.981571  ]
 [ 91.          70.840004     0.43358764   4.0188456 ]
 [ 92.          71.020004     0.46583137   4.058854  ]
 [ 93.          71.26         0.34351197   4.0936637 ]
 [ 94.          71.21999      0.50694996   4.1272535 ]
 [ 95.          71.67999      0.35637102   4.1677814 ]
 [ 96.          71.5          0.1414192    4.2018447 ]
 [ 97.          72.04         0.7021396    4.231669  ]
 [ 98.          71.96         0.40987924   4.2640343 ]
 [ 99.          71.72         0.408658     4.2977624 ]
 [100.          72.1          0.36055404   4.3340235 ]
 [101.          72.4          0.3936989    4.370232  ]
 [102.          72.14001      0.602496     4.404823  ]
 [103.          72.26         0.6308741    4.4420037 ]
 [104.          72.340004     0.61073637   4.4799857 ]
 [105.          71.9          0.76158047   4.519054  ]
 [106.          72.02         0.34205505   4.559949  ]
 [107.          72.5          0.45276964   4.601301  ]
 [108.          72.619995     0.5403704    4.6428084 ]
 [109.          72.520004     0.6760204    4.682892  ]
 [110.          71.98         0.41472673   4.7250504 ]
 [111.          71.659996     0.54589456   4.7662287 ]
 [112.          72.3          0.5522674    4.810802  ]
 [113.          72.44         0.8561538    4.8552237 ]
 [114.          72.46         0.85322595   4.900355  ]
 [115.          72.22         1.0401914    4.941799  ]
 [116.          71.74         0.65802675   4.9831667 ]
 [117.          71.42         1.1366602    5.0205183 ]
 [118.          71.740005     0.81117094   5.0571427 ]
 [119.          72.58         0.37013462   5.0938363 ]
 [120.          72.64001      0.52249384   5.130012  ]
 [121.          72.82         0.6016657    5.1679783 ]
 [122.          73.02         1.253795     5.2084956 ]
 [123.          73.           1.2629352    5.246418  ]
 [124.          72.659996     1.4518908    5.281643  ]
 [125.          71.520004     1.3026879    5.319132  ]
 [126.          71.84         1.1126553    5.355781  ]
 [127.          74.1          1.8654753    5.3963094 ]
 [128.          75.28         3.1220186    5.4342537 ]
 [129.          75.380005     3.2675688    5.472921  ]
 [130.          75.06         3.4478989    5.5162416 ]
 [131.          74.62         3.1491253    5.559834  ]
 [132.          74.48         3.0326557    5.6012793 ]
 [133.          74.71999      3.351419     5.6437225 ]
 [134.          75.08         3.7897224    5.6862164 ]
 [135.          75.44         4.142223     5.7319307 ]
 [136.          75.700005     3.3948517    5.7763405 ]
 [137.          75.42         2.3784442    5.8188944 ]
 [138.          74.94         1.9346831    5.8618255 ]
 [139.          75.14001      2.3543575    5.906564  ]
 [140.          75.28         2.4108083    5.946548  ]
 [141.          75.44         3.5948572    5.9844995 ]
 [142.          75.5          3.5672097    6.021676  ]
 [143.          75.48         3.6642866    6.054173  ]
 [144.          75.6          2.9849627    6.093017  ]
 [145.          75.9          1.7306085    6.131822  ]
 [146.          76.           2.499001     6.1694884 ]
 [147.          75.92         2.5965364    6.210561  ]
 [148.          75.52         1.8566114    6.246433  ]
 [149.          75.5          1.8973675    6.285962  ]
 [150.          75.68001      1.8579568    6.326566  ]
 [151.          75.880005     2.3199134    6.3689356 ]
 [152.          75.38         3.5562642    6.407865  ]
 [153.          75.380005     4.1487346    6.4479065 ]
 [154.          74.98         4.0763946    6.4945383 ]
 [155.          74.86         3.650068     6.5348253 ]
 [156.          76.560005     1.559809     6.580337  ]
 [157.          77.439995     1.2856882    6.62596   ]
 [158.          76.42         0.84675974   6.6686745 ]
 [159.          74.9          2.0651855    6.7141914 ]
 [160.          74.8          1.3874435    6.7562914 ]
 [161.          75.200005     2.5475485    6.797053  ]
 [162.          75.159996     3.184023     6.8402276 ]
 [163.          74.99999      4.4570184    6.884291  ]
 [164.          75.58         4.1709723    6.925461  ]
 [165.          75.3          4.4637427    6.9670763 ]
 [166.          75.18         4.390559     7.0056596 ]
 [167.          75.3          4.36062      7.040017  ]
 [168.          75.619995     4.240517     7.079796  ]
 [169.          74.86001      4.012855     7.1182513 ]
 [170.          73.82         5.514708     7.153033  ]
 [171.          74.14001      5.17909      7.194095  ]
 [172.          76.04         4.1125426    7.2338877 ]
 [173.          76.54         3.8939698    7.2735353 ]
 [174.          75.76         4.823172     7.3126025 ]
 [175.          75.28001      3.7379146    7.3475776 ]
 [176.          74.4          3.3068087    7.3929687 ]
 [177.          76.02         3.2414517    7.433104  ]
 [178.          75.5          2.5189276    7.4747567 ]
 [179.          75.659996     2.966985     7.518688  ]
 [180.          76.3          3.2954516    7.562767  ]
 [181.          75.84         1.8809559    7.603991  ]
 [182.          75.46         1.0526175    7.647682  ]
 [183.          75.28         0.58481115   7.6905227 ]
 [184.          74.5          1.3285333    7.7367907 ]
 [185.          74.14001      2.0815854    7.7800975 ]
 [186.          73.98         3.1554737    7.8219223 ]
 [187.          74.54         3.763375     7.8658876 ]
 [188.          75.740005     3.1667023    7.911424  ]
 [189.          75.6          2.6795533    7.9512553 ]
 [190.          76.3          1.9532045    7.9941516 ]
 [191.          75.96         1.8822821    8.038531  ]
 [192.          75.06         2.2600875    8.07813   ]
 [193.          76.659996     1.4570504    8.124632  ]
 [194.          76.8          1.6462072    8.164442  ]
 [195.          75.8          0.9721125    8.206163  ]
 [196.          74.979996     2.2960815    8.244983  ]
 [197.          75.8          1.6552932    8.285874  ]
 [198.          75.86         2.1732433    8.326431  ]
 [199.          76.619995     1.4872776    8.369964  ]
 [200.          75.98         1.9149415    8.407002  ]]
The best results: 
Epoch: 157  77.44±1.29  6.626s
--------------- Train Done! ----------------
