Using cuda:0 device
Dataset     :Computers
Epochs      :200
LR X_s      :0.01
Learn A_s   :0
LR A_s      :0.01
Conden ratio:1.0
Ridge       :10.0
Kernel      :SGNK
k           :4
L           :1
Seed        :5
The 1th Iteration:
--------------------------------------------------
The 2th Iteration:
--------------------------------------------------
The 3th Iteration:
--------------------------------------------------
The 4th Iteration:
--------------------------------------------------
The 5th Iteration:
--------------------------------------------------
[[  1.          10.280001     0.52153623   0.48673916]
 [  2.          13.5199995    5.0231457    0.49475867]
 [  3.          17.44         8.122377     0.50263256]
 [  4.          19.72         9.677138     0.5129561 ]
 [  5.          20.02         9.412066     0.5213751 ]
 [  6.          21.179998     8.330786     0.5339815 ]
 [  7.          21.6          8.011554     0.54679483]
 [  8.          22.179998     7.025454     0.5543291 ]
 [  9.          23.18         5.415441     0.5616051 ]
 [ 10.          23.44         4.986281     0.5706137 ]
 [ 11.          23.44         4.939939     0.5806346 ]
 [ 12.          23.560001     4.655427     0.58875674]
 [ 13.          24.340002     4.179474     0.6019327 ]
 [ 14.          25.08         4.229893     0.61028266]
 [ 15.          25.2          4.1815066    0.6188243 ]
 [ 16.          25.2          4.1121774    0.6284084 ]
 [ 17.          25.28         3.9971244    0.63723385]
 [ 18.          25.319998     3.928995     0.6451629 ]
 [ 19.          25.7          3.3763883    0.65327275]
 [ 20.          25.98         2.9978328    0.65940684]
 [ 21.          26.2          2.3323808    0.6657095 ]
 [ 22.          26.220001     2.0559666    0.67170477]
 [ 23.          26.520002     1.4567084    0.6776759 ]
 [ 24.          26.560001     1.110405     0.68462926]
 [ 25.          26.460001     1.0691116    0.6946833 ]
 [ 26.          26.420002     1.1344602    0.7029718 ]
 [ 27.          26.36         0.9633272    0.71348697]
 [ 28.          26.359999     1.006479     0.726515  ]
 [ 29.          26.359999     0.9659195    0.73954505]
 [ 30.          26.420002     0.9148771    0.7499523 ]
 [ 31.          26.38         0.8288543    0.7586698 ]
 [ 32.          26.5          0.8455768    0.7697187 ]
 [ 33.          26.5          0.7999999    0.7854618 ]
 [ 34.          26.44         0.6877502    0.79765195]
 [ 35.          26.459997     0.7092253    0.81616896]
 [ 36.          26.6          0.659545     0.82739323]
 [ 37.          26.659998     0.6107375    0.840213  ]
 [ 38.          26.76         0.5856618    0.84861404]
 [ 39.          26.88         0.58051664   0.8570019 ]
 [ 40.          27.039999     0.47222906   0.86826247]
 [ 41.          27.160002     0.5319777    0.88071775]
 [ 42.          27.359999     0.4393172    0.88946724]
 [ 43.          27.5          0.43011662   0.9043251 ]
 [ 44.          27.640003     0.33615443   0.91697466]
 [ 45.          27.819998     0.3633181    0.93149835]
 [ 46.          28.           0.36742407   0.94529915]
 [ 47.          28.160002     0.32093576   0.95916253]
 [ 48.          28.26         0.20736417   0.97231025]
 [ 49.          28.38         0.13038407   0.98547596]
 [ 50.          28.48         0.16431731   0.9996875 ]
 [ 51.          28.679998     0.19235389   1.0089394 ]
 [ 52.          28.840002     0.19493523   1.0193857 ]
 [ 53.          28.94         0.15165716   1.0276412 ]
 [ 54.          29.160002     0.15165718   1.0360658 ]
 [ 55.          29.779999     0.43817848   1.0459584 ]
 [ 56.          30.940002     0.8203652    1.0564365 ]
 [ 57.          32.16         0.59413856   1.0719907 ]
 [ 58.          33.48         0.7362084    1.0880425 ]
 [ 59.          34.72         0.7981235    1.1009492 ]
 [ 60.          36.079998     0.5263069    1.1127557 ]
 [ 61.          37.24         0.84439236   1.1274621 ]
 [ 62.          38.52         0.8348646    1.1378676 ]
 [ 63.          39.82         0.57183874   1.1511964 ]
 [ 64.          40.88         0.6220928    1.1656058 ]
 [ 65.          41.800003     0.3316639    1.1857191 ]
 [ 66.          42.5          0.19999957   1.2004254 ]
 [ 67.          43.02         0.58906865   1.21548   ]
 [ 68.          45.16         1.2177838    1.2219837 ]
 [ 69.          46.960003     1.4859322    1.2354243 ]
 [ 70.          48.960003     1.14149      1.2514799 ]
 [ 71.          50.02         0.58480895   1.2646111 ]
 [ 72.          51.180004     0.2774888    1.275649  ]
 [ 73.          51.72         0.24899618   1.2939558 ]
 [ 74.          52.440002     0.16733328   1.3108994 ]
 [ 75.          53.3          0.1732039    1.3225145 ]
 [ 76.          54.4          0.46904093   1.3373348 ]
 [ 77.          55.620003     0.53572464   1.3475996 ]
 [ 78.          56.540005     0.5941377    1.3608469 ]
 [ 79.          57.540005     0.6268976    1.3734639 ]
 [ 80.          58.3          0.5147809    1.3862282 ]
 [ 81.          59.280006     0.5761944    1.4004192 ]
 [ 82.          61.340004     1.4926473    1.4155931 ]
 [ 83.          62.820004     1.1713237    1.4373795 ]
 [ 84.          62.68         1.672422     1.4589958 ]
 [ 85.          64.8          0.81240696   1.4720837 ]
 [ 86.          70.26         2.1524434    1.4850396 ]
 [ 87.          68.78001      2.3317392    1.5072813 ]
 [ 88.          69.76         2.6178257    1.5203421 ]
 [ 89.          70.54         3.5669305    1.5327135 ]
 [ 90.          73.21999      3.7452652    1.5440558 ]
 [ 91.          69.94         4.447808     1.5554847 ]
 [ 92.          74.159996     2.905685     1.5673059 ]
 [ 93.          74.54         6.441894     1.5757309 ]
 [ 94.          70.18         6.580806     1.5861474 ]
 [ 95.          72.58         5.80448      1.597367  ]
 [ 96.          75.           2.5951898    1.6101944 ]
 [ 97.          75.3          2.89655      1.619685  ]
 [ 98.          74.56         3.68619      1.6337818 ]
 [ 99.          75.439995     4.546756     1.642078  ]
 [100.          78.14         2.1778443    1.6494948 ]
 [101.          76.52         2.6920226    1.6570609 ]
 [102.          76.86         4.5407033    1.6666886 ]
 [103.          76.840004     3.308774     1.6771096 ]
 [104.          79.22         0.92843795   1.686303  ]
 [105.          78.66         2.2097528    1.7011693 ]
 [106.          79.92         0.74632084   1.7127231 ]
 [107.          79.88         1.856611     1.7239815 ]
 [108.          81.94         0.6913743    1.7379321 ]
 [109.          81.1          1.0908735    1.752107  ]
 [110.          81.28001      1.6284987    1.7706728 ]
 [111.          80.240005     2.2018173    1.7824267 ]
 [112.          81.9          1.6999991    1.7929802 ]
 [113.          81.04         1.050239     1.8025255 ]
 [114.          81.54         1.1193753    1.8131024 ]
 [115.          80.48         2.4651546    1.8219818 ]
 [116.          80.9          2.3611484    1.834796  ]
 [117.          81.38         1.2930552    1.8463509 ]
 [118.          78.6          6.7055926    1.8586552 ]
 [119.          79.659996     4.971215     1.8706051 ]
 [120.          80.82         4.8033304    1.8797206 ]
 [121.          80.06         4.8127937    1.8875474 ]
 [122.          80.06         3.9195647    1.8958168 ]
 [123.          77.98         3.9543636    1.9097391 ]
 [124.          74.340004     7.02766      1.9210703 ]
 [125.          75.200005     5.84594      1.9302161 ]
 [126.          77.76         4.677926     1.9367205 ]
 [127.          75.56         6.3200464    1.9456921 ]
 [128.          78.27999      3.3033311    1.9570742 ]
 [129.          78.14001      4.580721     1.9728092 ]
 [130.          76.9          4.146685     1.9867632 ]
 [131.          78.56         4.5654154    1.9982674 ]
 [132.          79.659996     4.3177533    2.011533  ]
 [133.          80.42         3.5209346    2.0225785 ]
 [134.          80.44         3.5416098    2.0337179 ]
 [135.          79.26         2.491588     2.043184  ]
 [136.          80.06         3.5746326    2.054262  ]
 [137.          79.5          3.3518605    2.0690536 ]
 [138.          80.           3.6503413    2.0786889 ]
 [139.          80.64001      3.283749     2.0860643 ]
 [140.          80.           2.4849565    2.0940251 ]
 [141.          80.52         2.795888     2.1054795 ]
 [142.          80.46         4.022813     2.121634  ]
 [143.          81.71999      3.276736     2.133871  ]
 [144.          81.340004     2.742808     2.1484823 ]
 [145.          81.           2.5386987    2.1564634 ]
 [146.          82.78001      0.9364842    2.1711178 ]
 [147.          83.02         0.9176057    2.1839428 ]
 [148.          82.200005     1.665832     2.194453  ]
 [149.          82.67999      1.4771594    2.2074692 ]
 [150.          83.3          0.514782     2.2208507 ]
 [151.          83.740005     0.6618156    2.2342763 ]
 [152.          83.8          0.69642085   2.247522  ]
 [153.          82.1          1.4300371    2.2580159 ]
 [154.          83.04         1.3427598    2.2694128 ]
 [155.          83.1          2.3          2.2825062 ]
 [156.          82.52         2.8665304    2.2915778 ]
 [157.          82.88         1.3330432    2.3065794 ]
 [158.          82.94         2.1161284    2.3173459 ]
 [159.          82.659996     1.7444162    2.3280385 ]
 [160.          82.18001      2.7797492    2.3370655 ]
 [161.          82.939995     2.742811     2.3470304 ]
 [162.          82.82         1.2735769    2.3619268 ]
 [163.          81.54         4.6441364    2.3721418 ]
 [164.          81.56         4.47415      2.3842566 ]
 [165.          80.3          4.990493     2.3954911 ]
 [166.          78.56         7.0801163    2.4057088 ]
 [167.          79.64         5.080648     2.4180863 ]
 [168.          79.020004     6.0367217    2.4325702 ]
 [169.          79.42         5.909061     2.4476726 ]
 [170.          78.78001      4.744155     2.4616516 ]
 [171.          77.12         6.603561     2.4734983 ]
 [172.          76.77999      8.903763     2.4863842 ]
 [173.          77.04         7.147238     2.4976711 ]
 [174.          78.22         6.813003     2.511196  ]
 [175.          78.6          7.311634     2.5222409 ]
 [176.          78.659996     6.574417     2.5351238 ]
 [177.          79.340004     5.947101     2.5523224 ]
 [178.          79.5          5.3740115    2.5635858 ]
 [179.          78.54         5.829493     2.5746117 ]
 [180.          79.619995     4.4200683    2.5838633 ]
 [181.          79.92         3.5322824    2.591892  ]
 [182.          79.740005     4.745313     2.6019733 ]
 [183.          80.26         5.240992     2.6145716 ]
 [184.          79.88         5.191048     2.6260374 ]
 [185.          79.880005     5.7347207    2.6365802 ]
 [186.          79.74         4.784139     2.649779  ]
 [187.          80.740005     4.2027397    2.662794  ]
 [188.          79.52         4.1529503    2.6714246 ]
 [189.          79.92         3.7751842    2.6830022 ]
 [190.          80.700005     3.734298     2.696098  ]
 [191.          80.28         3.7612479    2.7075818 ]
 [192.          79.439995     4.2394567    2.7158775 ]
 [193.          79.4          4.4221034    2.7234828 ]
 [194.          80.159996     4.7563653    2.739488  ]
 [195.          80.64001      4.723663     2.753626  ]
 [196.          80.32         4.1763635    2.7632196 ]
 [197.          81.17999      4.674077     2.7714653 ]
 [198.          80.36         3.933571     2.7812726 ]
 [199.          80.32         3.8835545    2.7895672 ]
 [200.          79.96         3.9519618    2.8013184 ]]
The best results: 
Epoch: 152  83.80±0.70  2.248s
--------------- Train Done! ----------------
--------------- Save Done! ----------------
