Using cuda:0 device
Dataset     :Computers
Epochs      :200
LR X_s      :0.01
Learn A_s   :0
LR A_s      :0.01
Conden ratio:1.0
Ridge       :0.5
Kernel      :SNTK
k           :1
L           :1
Seed        :5
The 1th Iteration:
--------------------------------------------------
The 2th Iteration:
--------------------------------------------------
The 3th Iteration:
--------------------------------------------------
The 4th Iteration:
--------------------------------------------------
The 5th Iteration:
--------------------------------------------------
[[  1.          24.36         8.090611     0.36685067]
 [  2.          27.6          1.3266495    0.4125212 ]
 [  3.          29.36         1.804993     0.45756012]
 [  4.          30.440002     1.3758633    0.5018815 ]
 [  5.          32.9          3.8451273    0.5459979 ]
 [  6.          36.22         3.8835537    0.5862249 ]
 [  7.          39.22         3.7036462    0.6298299 ]
 [  8.          41.359997     2.949237     0.67155904]
 [  9.          43.760002     3.5934653    0.71318305]
 [ 10.          45.960003     2.9013796    0.75781536]
 [ 11.          47.64         3.1500793    0.801614  ]
 [ 12.          50.8          1.4899665    0.8469181 ]
 [ 13.          52.66         2.4511232    0.8953396 ]
 [ 14.          54.040005     1.6440799    0.9424162 ]
 [ 15.          55.880005     1.5023316    0.9857158 ]
 [ 16.          57.8          2.3558443    1.0329996 ]
 [ 17.          59.640003     2.0354354    1.0807182 ]
 [ 18.          60.819996     2.3993752    1.126626  ]
 [ 19.          62.140003     2.2611945    1.1732607 ]
 [ 20.          63.96         1.7271345    1.2214406 ]
 [ 21.          65.46001      1.2581736    1.2709992 ]
 [ 22.          66.28         0.96798795   1.3205    ]
 [ 23.          67.06         1.0064763    1.3692774 ]
 [ 24.          67.52         0.8348623    1.4178175 ]
 [ 25.          67.76         1.0064785    1.4657353 ]
 [ 26.          68.           0.82158315   1.5131572 ]
 [ 27.          68.240005     0.8706323    1.5557809 ]
 [ 28.          68.44         0.9044326    1.5997337 ]
 [ 29.          68.62         0.8288564    1.6411295 ]
 [ 30.          68.659996     0.7162416    1.6844606 ]
 [ 31.          68.94         0.6503861    1.7323045 ]
 [ 32.          69.1          0.6204848    1.7771463 ]
 [ 33.          69.46         0.53198034   1.8226999 ]
 [ 34.          69.62         0.53103584   1.8670682 ]
 [ 35.          69.700005     0.57879066   1.9155511 ]
 [ 36.          69.840004     0.6066315    1.9611895 ]
 [ 37.          69.98         0.62209016   2.0066411 ]
 [ 38.          70.14001      0.77652943   2.0555227 ]
 [ 39.          70.26         0.68044245   2.1012418 ]
 [ 40.          70.5          0.6324577    2.1500328 ]
 [ 41.          70.64001      0.5412962    2.1990914 ]
 [ 42.          70.880005     0.7463249    2.2489808 ]
 [ 43.          70.9          0.57878935   2.292293  ]
 [ 44.          71.1          0.55226964   2.339267  ]
 [ 45.          71.200005     0.48989955   2.3910606 ]
 [ 46.          71.56         0.3361539    2.4352863 ]
 [ 47.          71.700005     0.17320538   2.4784658 ]
 [ 48.          72.1          0.27386153   2.5206566 ]
 [ 49.          72.14001      0.5813785    2.561349  ]
 [ 50.          72.18         0.9038803    2.6048534 ]
 [ 51.          72.44         0.9633298    2.6512742 ]
 [ 52.          72.72001      1.1945713    2.6985223 ]
 [ 53.          73.18001      1.5990639    2.7454336 ]
 [ 54.          73.32         1.6946975    2.7893348 ]
 [ 55.          73.46         1.9475635    2.8365066 ]
 [ 56.          73.560005     2.2973895    2.88123   ]
 [ 57.          73.78001      2.1522086    2.9299388 ]
 [ 58.          73.78         2.309111     2.9803472 ]
 [ 59.          74.200005     2.4768949    3.028279  ]
 [ 60.          74.44         2.5938404    3.0787296 ]
 [ 61.          74.94         2.885827     3.1286628 ]
 [ 62.          75.52001      2.8839219    3.178938  ]
 [ 63.          75.68         2.7860363    3.2271702 ]
 [ 64.          75.78001      2.5955718    3.2719727 ]
 [ 65.          75.88         2.7031453    3.3160012 ]
 [ 66.          75.96         2.9194174    3.355986  ]
 [ 67.          76.02         3.0882037    3.400229  ]
 [ 68.          76.12         3.0293555    3.4469934 ]
 [ 69.          76.14001      3.1085384    3.491631  ]
 [ 70.          76.3          3.0248973    3.5340405 ]
 [ 71.          76.4          2.953811     3.5787103 ]
 [ 72.          76.46         3.0063274    3.623238  ]
 [ 73.          76.42         3.0962873    3.67508   ]
 [ 74.          76.4          2.973216     3.7269845 ]
 [ 75.          76.46         2.7960672    3.7713363 ]
 [ 76.          76.5          2.7694776    3.8177388 ]
 [ 77.          76.659996     2.734592     3.8614419 ]
 [ 78.          76.6          2.5884364    3.9080942 ]
 [ 79.          76.5          2.5278451    3.9530609 ]
 [ 80.          76.659996     2.3437142    4.0009727 ]
 [ 81.          76.76         2.227778     4.0503798 ]
 [ 82.          76.82         2.1545312    4.1018863 ]
 [ 83.          76.8          1.9735739    4.151575  ]
 [ 84.          76.840004     1.9994984    4.2013817 ]
 [ 85.          76.96         1.9552507    4.246345  ]
 [ 86.          77.060005     1.9692653    4.286591  ]
 [ 87.          77.119995     1.7852167    4.331178  ]
 [ 88.          77.14001      1.7386795    4.3714685 ]
 [ 89.          77.32         1.6407331    4.413059  ]
 [ 90.          77.380005     1.3553616    4.4588275 ]
 [ 91.          77.46         1.0114319    4.5028234 ]
 [ 92.          77.6          0.8573225    4.547932  ]
 [ 93.          77.6          0.70710546   4.5948167 ]
 [ 94.          77.64001      0.80808574   4.642622  ]
 [ 95.          77.64001      0.84142977   4.6909385 ]
 [ 96.          77.76         0.8018702    4.737603  ]
 [ 97.          77.8          0.89721996   4.7875557 ]
 [ 98.          77.94         0.6348215    4.8333225 ]
 [ 99.          77.9          0.45825723   4.8824344 ]
 [100.          78.06         0.4615195    4.9308076 ]
 [101.          78.060005     0.47749406   4.9792356 ]
 [102.          78.04         0.50793517   5.0295396 ]
 [103.          78.04         0.50298965   5.080686  ]
 [104.          78.08         0.506953     5.1273193 ]
 [105.          78.14001      0.45055613   5.1744776 ]
 [106.          78.06         0.39115447   5.2204266 ]
 [107.          78.1          0.3391188    5.2657485 ]
 [108.          78.1          0.31622735   5.307469  ]
 [109.          78.060005     0.6503849    5.347471  ]
 [110.          77.88         0.6496131    5.3871336 ]
 [111.          78.           0.612373     5.4283757 ]
 [112.          77.98         0.9576018    5.472376  ]
 [113.          77.71999      1.0377856    5.515147  ]
 [114.          77.700005     1.0723783    5.558283  ]
 [115.          77.54         1.1282749    5.6028953 ]
 [116.          78.04         1.3240099    5.6468606 ]
 [117.          78.060005     1.246193     5.695116  ]
 [118.          78.06         1.1502166    5.7397304 ]
 [119.          78.240005     1.2817951    5.787802  ]
 [120.          78.38         1.6361547    5.8364263 ]
 [121.          78.380005     1.4532726    5.8845634 ]
 [122.          78.240005     0.8820411    5.9331727 ]
 [123.          78.18         0.6534512    5.9841876 ]
 [124.          78.98         1.1077014    6.037584  ]
 [125.          78.92         0.67601854   6.085393  ]
 [126.          79.           0.9669539    6.131019  ]
 [127.          78.68001      0.6180602    6.1716447 ]
 [128.          78.4          0.4636773    6.2170653 ]
 [129.          77.98         0.45497283   6.2625594 ]
 [130.          77.98         0.5069505    6.308271  ]
 [131.          77.96         0.69137776   6.351558  ]
 [132.          78.3          0.66332424   6.39543   ]
 [133.          78.48         0.84970707   6.439512  ]
 [134.          78.48         1.3773181    6.481159  ]
 [135.          78.36         1.2837455    6.5240173 ]
 [136.          78.18001      0.72594875   6.5669093 ]
 [137.          78.           0.90829384   6.612129  ]
 [138.          78.32         1.5706686    6.654957  ]
 [139.          77.88         1.4515549    6.7002044 ]
 [140.          77.96         1.4943162    6.7431693 ]
 [141.          77.8          1.4916458    6.791557  ]
 [142.          77.96         1.4380565    6.838128  ]
 [143.          78.12         1.4481027    6.8831596 ]
 [144.          78.200005     1.4713911    6.928842  ]
 [145.          78.14001      1.5517726    6.9775643 ]
 [146.          78.659996     1.639514     7.025589  ]
 [147.          78.56         1.3240082    7.0718837 ]
 [148.          78.28         1.1987503    7.11942   ]
 [149.          78.200005     1.0885745    7.1646686 ]
 [150.          78.02         1.0010005    7.207444  ]
 [151.          77.88         0.7596023    7.2462373 ]
 [152.          77.9          0.40000185   7.288968  ]
 [153.          78.06         0.32863238   7.328241  ]
 [154.          78.060005     0.45055628   7.3719406 ]
 [155.          78.04         0.36469176   7.4177165 ]
 [156.          78.21999      0.4207127    7.462627  ]
 [157.          78.48         0.5167209    7.507788  ]
 [158.          78.420006     0.6099193    7.5541306 ]
 [159.          78.48         0.66857815   7.6020694 ]
 [160.          78.3          0.75166607   7.6502914 ]
 [161.          78.36         0.77330345   7.6958566 ]
 [162.          78.4          0.81240207   7.7441278 ]
 [163.          78.42         0.99598974   7.7917757 ]
 [164.          78.520004     0.86717564   7.8429413 ]
 [165.          78.3          1.0770324    7.88981   ]
 [166.          78.22         1.2029151    7.9402757 ]
 [167.          78.240005     0.9914622    7.99143   ]
 [168.          78.26         0.9449875    8.038672  ]
 [169.          78.46001      0.8735004    8.085782  ]
 [170.          78.32         1.1691872    8.130205  ]
 [171.          78.64001      1.0597156    8.175394  ]
 [172.          78.659996     0.90719116   8.220441  ]
 [173.          78.740005     0.7503349    8.264756  ]
 [174.          78.77999      0.48682418   8.310772  ]
 [175.          78.920006     0.5019979    8.356679  ]
 [176.          78.939995     0.54129624   8.402461  ]
 [177.          78.58         0.63007814   8.449735  ]
 [178.          78.54         0.45055747   8.494254  ]
 [179.          78.5          0.5612477    8.538621  ]
 [180.          78.5          0.8602309    8.588206  ]
 [181.          78.520004     0.94180834   8.634166  ]
 [182.          78.38         0.70142835   8.681751  ]
 [183.          78.5          0.7280105    8.731335  ]
 [184.          78.420006     0.70852107   8.779426  ]
 [185.          78.5          0.7968714    8.828311  ]
 [186.          78.71999      0.80746627   8.875308  ]
 [187.          78.9          0.82462025   8.920367  ]
 [188.          78.96001      1.066772     8.963086  ]
 [189.          78.94         1.0737758    9.006863  ]
 [190.          78.96         1.0139048    9.048224  ]
 [191.          78.94         0.9762199    9.094402  ]
 [192.          78.88         0.85557044   9.141279  ]
 [193.          78.86         0.8502951    9.188937  ]
 [194.          78.88         0.9471043    9.234656  ]
 [195.          79.22         0.9364851    9.281278  ]
 [196.          79.26         0.93166566   9.326189  ]
 [197.          79.3          0.90277314   9.371615  ]
 [198.          79.32         0.99599344   9.421097  ]
 [199.          79.38         0.87578624   9.469047  ]
 [200.          79.46         0.83845276   9.515512  ]]
The best results: 
Epoch: 200  79.46±0.84  9.516s
--------------- Train Done! ----------------
