Using cuda:0 device
Dataset     :Cora
Epochs      :200
LR X_s      :0.01
Learn A_s   :0
LR A_s      :0.01
Conden ratio:0.5
Ridge       :0.001
Kernel      :SNTK
k           :2
L           :1
Seed        :5
The 1th Iteration:
--------------------------------------------------
The 2th Iteration:
--------------------------------------------------
The 3th Iteration:
--------------------------------------------------
The 4th Iteration:
--------------------------------------------------
The 5th Iteration:
--------------------------------------------------
[[  1.           7.9199996    1.7369515    0.47527662]
 [  2.           7.36         2.091172     0.51806194]
 [  3.           7.02         1.3863621    0.55737996]
 [  4.           6.94         1.2074767    0.59559476]
 [  5.           6.9          1.0630147    0.638615  ]
 [  6.           6.8800006    0.914877     0.68560165]
 [  7.           7.           0.92466205   0.73306626]
 [  8.           7.2000003    1.1747338    0.7771521 ]
 [  9.           7.36         1.4310836    0.8217215 ]
 [ 10.           7.86         2.0069878    0.8676945 ]
 [ 11.           8.120001     2.3562686    0.91306895]
 [ 12.           8.5199995    2.5252721    0.9587061 ]
 [ 13.           9.82         2.2140462    1.0016453 ]
 [ 14.          10.940001     1.6861196    1.0379323 ]
 [ 15.          11.84         1.3501852    1.0748115 ]
 [ 16.          12.42         1.2397583    1.112955  ]
 [ 17.          12.94         1.0039921    1.1511589 ]
 [ 18.          13.44         0.6107375    1.1886657 ]
 [ 19.          13.56         0.27018538   1.2260542 ]
 [ 20.          13.74         0.2607682    1.265624  ]
 [ 21.          13.660001     0.7829428    1.2984635 ]
 [ 22.          13.3          1.1180338    1.3381068 ]
 [ 23.          12.62         1.1691875    1.380085  ]
 [ 24.          11.8          0.8062259    1.4201128 ]
 [ 25.          11.320001     0.43243548   1.4628731 ]
 [ 26.          11.0199995    0.3114481    1.5086111 ]
 [ 27.          10.82         0.21679501   1.5475403 ]
 [ 28.          10.68         0.04472134   1.5913433 ]
 [ 29.          10.740001     0.20736457   1.6362724 ]
 [ 30.          10.72         0.21679498   1.6814255 ]
 [ 31.          10.700001     0.22360687   1.7263653 ]
 [ 32.          10.960001     0.3781532    1.7736597 ]
 [ 33.          11.080001     0.5069516    1.8241314 ]
 [ 34.          11.3          0.6557438    1.8732868 ]
 [ 35.          11.84         0.9659195    1.9224621 ]
 [ 36.          12.26         1.2054045    1.9729891 ]
 [ 37.          12.839999     1.2521987    2.018128  ]
 [ 38.          13.62         1.5880805    2.0598416 ]
 [ 39.          14.24         1.8689572    2.0987337 ]
 [ 40.          14.920001     2.1158931    2.1409888 ]
 [ 41.          15.44         2.1570818    2.1782424 ]
 [ 42.          15.86         2.1961322    2.217036  ]
 [ 43.          16.660002     2.2567673    2.2560217 ]
 [ 44.          17.28         2.2818854    2.2963786 ]
 [ 45.          17.88         2.3488293    2.337679  ]
 [ 46.          18.74         2.1789901    2.376355  ]
 [ 47.          19.74         1.916508     2.416001  ]
 [ 48.          20.68         1.9917331    2.456453  ]
 [ 49.          21.62         1.7922053    2.4938228 ]
 [ 50.          22.44         1.422322     2.532422  ]
 [ 51.          23.300001     1.1423666    2.5731206 ]
 [ 52.          23.980001     0.97570425   2.615165  ]
 [ 53.          25.039999     0.6348229    2.6586864 ]
 [ 54.          26.459997     0.72663647   2.7014513 ]
 [ 55.          27.88         1.0802784    2.7461147 ]
 [ 56.          29.88         1.143241     2.791713  ]
 [ 57.          31.880003     0.6833747    2.8376133 ]
 [ 58.          33.940002     0.7765306    2.8854406 ]
 [ 59.          35.54         0.8264379    2.9346197 ]
 [ 60.          37.48         1.2336928    2.982737  ]
 [ 61.          38.539997     0.97365385   3.0319135 ]
 [ 62.          39.86         0.59413797   3.0741508 ]
 [ 63.          41.260002     0.87063247   3.10975   ]
 [ 64.          42.420002     1.1966616    3.1497025 ]
 [ 65.          44.5          1.3114871    3.1832035 ]
 [ 66.          46.7          1.1811014    3.217631  ]
 [ 67.          48.840004     1.7415496    3.2549157 ]
 [ 68.          50.680004     2.0992851    3.2936707 ]
 [ 69.          53.579998     1.7253978    3.3303895 ]
 [ 70.          55.7          2.0627658    3.3648865 ]
 [ 71.          57.74         2.0119638    3.402495  ]
 [ 72.          59.640003     2.14779      3.4399629 ]
 [ 73.          62.02         2.192488     3.4780006 ]
 [ 74.          64.200005     2.0772583    3.5195167 ]
 [ 75.          66.020004     2.3036923    3.5615113 ]
 [ 76.          67.700005     2.1272058    3.60525   ]
 [ 77.          69.94         1.779885     3.6445396 ]
 [ 78.          72.020004     1.6037451    3.6870077 ]
 [ 79.          73.200005     1.4088998    3.7321808 ]
 [ 80.          74.700005     1.0606606    3.7771974 ]
 [ 81.          76.159996     0.8792048    3.82348   ]
 [ 82.          76.920006     0.967988     3.8705354 ]
 [ 83.          77.71999      0.6942617    3.915652  ]
 [ 84.          78.240005     0.320937     3.962111  ]
 [ 85.          78.340004     0.41593313   4.008739  ]
 [ 86.          78.340004     0.61887026   4.0532737 ]
 [ 87.          78.48         0.3193761    4.0954804 ]
 [ 88.          78.58         0.28635934   4.1377883 ]
 [ 89.          78.659996     0.27018657   4.179836  ]
 [ 90.          78.840004     0.6985676    4.222525  ]
 [ 91.          78.939995     0.62689894   4.2616487 ]
 [ 92.          78.619995     0.4969907    4.301424  ]
 [ 93.          78.78         0.7395963    4.3407717 ]
 [ 94.          78.939995     0.7503343    4.3811545 ]
 [ 95.          78.96         0.6148143    4.426693  ]
 [ 96.          79.04         0.76681113   4.4659457 ]
 [ 97.          78.86001      1.0163637    4.5012374 ]
 [ 98.          78.86         1.0968136    4.5421944 ]
 [ 99.          79.           0.5958183    4.581284  ]
 [100.          78.98         0.9576019    4.6228137 ]
 [101.          78.96         0.65421844   4.664291  ]
 [102.          79.3          0.6000001    4.708168  ]
 [103.          79.119995     0.8871317    4.7515707 ]
 [104.          79.64         0.69137716   4.7930408 ]
 [105.          79.62         0.6648287    4.839021  ]
 [106.          79.02         0.7259471    4.8837295 ]
 [107.          78.78         1.4131502    4.9301105 ]
 [108.          78.96         1.2720045    4.978249  ]
 [109.          79.44         0.823407     5.0215545 ]
 [110.          79.36         0.42778453   5.0673018 ]
 [111.          79.18         0.5974953    5.111564  ]
 [112.          79.3          0.6403132    5.1576242 ]
 [113.          79.380005     0.7328036    5.1975975 ]
 [114.          79.659996     0.4878535    5.2362175 ]
 [115.          79.56         1.1392996    5.276681  ]
 [116.          79.619995     0.92303884   5.312562  ]
 [117.          79.42         1.1691865    5.3558726 ]
 [118.          79.76         1.6727189    5.397017  ]
 [119.          80.38         1.0256685    5.437076  ]
 [120.          79.14001      0.43931824   5.4744897 ]
 [121.          79.08         1.1606036    5.5093627 ]
 [122.          79.62         1.2657026    5.5451045 ]
 [123.          78.619995     2.8119388    5.5787168 ]
 [124.          79.04         0.4826988    5.6186876 ]
 [125.          78.98         0.846757     5.655195  ]
 [126.          79.420006     0.80746454   5.6920695 ]
 [127.          79.14001      1.045466     5.732513  ]
 [128.          80.06         0.7797449    5.771881  ]
 [129.          79.920006     0.76616013   5.8139267 ]
 [130.          80.14001      0.8792043    5.8570213 ]
 [131.          79.9          0.69642156   5.8993406 ]
 [132.          79.68         0.47116837   5.9437394 ]
 [133.          79.24         0.66558105   5.990037  ]
 [134.          79.6          1.1661891    6.0331855 ]
 [135.          76.54         3.2898338    6.073507  ]
 [136.          78.18         1.5927958    6.1168327 ]
 [137.          79.06         0.3911561    6.1599636 ]
 [138.          79.32         0.4086581    6.2002463 ]
 [139.          79.71999      0.91214      6.2390547 ]
 [140.          79.52         0.76616      6.277086  ]
 [141.          79.3          0.6164416    6.312627  ]
 [142.          79.479996     0.56745017   6.3498425 ]
 [143.          79.56         0.28809562   6.386293  ]
 [144.          79.82         0.34205404   6.4296184 ]
 [145.          79.54         0.50298995   6.471416  ]
 [146.          79.71999      0.7949852    6.5126395 ]
 [147.          79.8          0.6928247    6.5525117 ]
 [148.          79.21999      0.9230386    6.5906653 ]
 [149.          79.68         1.0425919    6.6308527 ]
 [150.          79.27999      1.2275985    6.669352  ]
 [151.          79.16         1.4842516    6.707878  ]
 [152.          79.6          0.31622386   6.749618  ]
 [153.          78.5          1.1335781    6.7877016 ]
 [154.          79.04         0.665587     6.8314195 ]
 [155.          78.619995     1.7108454    6.877674  ]
 [156.          79.240005     0.6228987    6.9225326 ]
 [157.          79.6          0.5244037    6.9683585 ]
 [158.          80.           0.31622675   7.014179  ]
 [159.          79.88         1.0473791    7.058738  ]
 [160.          79.740005     0.9838689    7.1063166 ]
 [161.          78.72         1.8539153    7.151541  ]
 [162.          78.68         2.6696467    7.192253  ]
 [163.          78.88         1.5385059    7.2348323 ]
 [164.          79.5          0.98488516   7.2717752 ]
 [165.          78.32001      1.3217428    7.311151  ]
 [166.          78.52001      0.630081     7.352217  ]
 [167.          79.32         0.2588428    7.3867774 ]
 [168.          79.54         0.7127417    7.4248934 ]
 [169.          79.46         0.8294577    7.4637146 ]
 [170.          79.64001      1.0922445    7.4986835 ]
 [171.          79.68         0.7661596    7.5373187 ]
 [172.          79.6          0.9246587    7.5764465 ]
 [173.          79.68         1.0059824    7.6111045 ]
 [174.          79.6          1.2206541    7.650894  ]
 [175.          79.66         1.0899547    7.6934023 ]
 [176.          79.82001      0.8642909    7.7334037 ]
 [177.          79.56         0.5727129    7.77433   ]
 [178.          79.4          1.2806265    7.8161135 ]
 [179.          79.62         0.8467562    7.8548365 ]
 [180.          79.68         0.8757857    7.896647  ]
 [181.          79.880005     0.6099188    7.939464  ]
 [182.          79.659996     0.9476308    7.983434  ]
 [183.          79.74         1.0807405    8.029156  ]
 [184.          80.02         0.59329563   8.0758505 ]
 [185.          79.58001      0.4868266    8.1230955 ]
 [186.          79.74         0.83246595   8.169253  ]
 [187.          79.16         1.4707129    8.21526   ]
 [188.          79.22         0.67601633   8.258517  ]
 [189.          78.92         0.54036975   8.296953  ]
 [190.          79.200005     0.78422207   8.339038  ]
 [191.          79.3          0.9380833    8.377741  ]
 [192.          79.44         0.6542173    8.414832  ]
 [193.          79.56         0.6228971    8.451756  ]
 [194.          79.4          0.6442037    8.4891815 ]
 [195.          79.22         0.5357234    8.528258  ]
 [196.          79.26         0.6024971    8.565065  ]
 [197.          79.46001      0.27018657   8.604721  ]
 [198.          79.44         0.4560716    8.638901  ]
 [199.          79.52         0.4868255    8.6792555 ]
 [200.          79.439995     0.49295324   8.716969  ]]
The best results: 
Epoch: 119  80.38±1.03  5.437s
--------------- Train Done! ----------------
