Using cuda:0 device
Dataset     :Cora
Epochs      :200
LR X_s      :0.01
Learn A_s   :0
LR A_s      :0.01
Conden ratio:0.25
Ridge       :0.001
Kernel      :SNTK
k           :3
L           :1
Seed        :5
The 1th Iteration:
--------------------------------------------------
The 2th Iteration:
--------------------------------------------------
The 3th Iteration:
--------------------------------------------------
The 4th Iteration:
--------------------------------------------------
The 5th Iteration:
--------------------------------------------------
[[  1.          11.780001     4.3135834    0.39488417]
 [  2.           8.0199995    2.4742677    0.4223239 ]
 [  3.           7.660001     2.7618835    0.45724946]
 [  4.           7.8          3.1304948    0.49702254]
 [  5.           7.9          3.3541017    0.52679867]
 [  6.           7.9600005    3.488266     0.56438273]
 [  7.           7.9          3.3541017    0.602088  ]
 [  8.           7.9600005    3.488266     0.6387506 ]
 [  9.           8.0199995    3.6224303    0.6763974 ]
 [ 10.           8.0199995    3.6224303    0.71525675]
 [ 11.           7.9800005    3.5329874    0.7507299 ]
 [ 12.           7.9600005    3.488266     0.789722  ]
 [ 13.           7.9600005    3.488266     0.83237976]
 [ 14.           7.9600005    3.488266     0.87031955]
 [ 15.           7.94         3.4435449    0.9083584 ]
 [ 16.           7.9600005    3.488266     0.9462765 ]
 [ 17.           8.139999     3.5125487    0.9827658 ]
 [ 18.           8.38         3.485972     1.0154234 ]
 [ 19.           9.06         3.2974234    1.0526155 ]
 [ 20.           9.820001     2.9499152    1.0855902 ]
 [ 21.          10.940001     2.35117      1.1161244 ]
 [ 22.          11.84         1.659217     1.1510594 ]
 [ 23.          12.22         1.2577757    1.1843556 ]
 [ 24.          12.38         0.92574286   1.2200298 ]
 [ 25.          12.840001     0.68774974   1.2573392 ]
 [ 26.          13.1          0.65574396   1.2915939 ]
 [ 27.          13.5199995    0.6099179    1.3261964 ]
 [ 28.          13.7          0.8689072    1.3628823 ]
 [ 29.          13.660001     1.312631     1.3978024 ]
 [ 30.          13.400001     1.2649109    1.4223822 ]
 [ 31.          13.           1.4335269    1.4565717 ]
 [ 32.          12.58         1.3349154    1.4954885 ]
 [ 33.          12.06         1.1458623    1.5341955 ]
 [ 34.          11.5          0.72801125   1.574211  ]
 [ 35.          11.160001     0.5319774    1.6146939 ]
 [ 36.          10.940001     0.39749223   1.653685  ]
 [ 37.          10.8          0.2345205    1.6949027 ]
 [ 38.          10.72         0.10954428   1.7359295 ]
 [ 39.          10.88         0.29495746   1.7798198 ]
 [ 40.          11.           0.45825756   1.8200533 ]
 [ 41.          11.059999     0.6024947    1.8559163 ]
 [ 42.          11.080001     0.63796556   1.8926365 ]
 [ 43.          11.4          1.0793515    1.9278272 ]
 [ 44.          11.66         1.0502381    1.9577519 ]
 [ 45.          12.14         1.2660962    1.9881071 ]
 [ 46.          12.42         1.3989283    2.023396  ]
 [ 47.          12.920001     1.948589     2.0614946 ]
 [ 48.          13.460001     2.1431289    2.0967846 ]
 [ 49.          14.139999     2.271123     2.1293106 ]
 [ 50.          14.68         2.7371514    2.165757  ]
 [ 51.          15.3          2.7064738    2.2003076 ]
 [ 52.          16.22         2.569436     2.2358718 ]
 [ 53.          17.22         2.8411267    2.2731264 ]
 [ 54.          18.380001     2.5917172    2.3083596 ]
 [ 55.          19.28         2.3145196    2.344996  ]
 [ 56.          20.32         1.8430952    2.3779979 ]
 [ 57.          21.42         1.5770226    2.4106133 ]
 [ 58.          22.38         1.3553594    2.4468448 ]
 [ 59.          23.039999     1.2218837    2.4865031 ]
 [ 60.          23.94         0.730068     2.5274131 ]
 [ 61.          24.62         0.54037035   2.5684495 ]
 [ 62.          25.279999     0.5630278    2.607638  ]
 [ 63.          26.320002     0.9093955    2.650862  ]
 [ 64.          28.159998     1.9047313    2.6915216 ]
 [ 65.          29.920002     2.4324887    2.7352035 ]
 [ 66.          32.02         3.2205591    2.7846274 ]
 [ 67.          34.100002     3.8340585    2.8189924 ]
 [ 68.          35.960003     4.0979266    2.8521369 ]
 [ 69.          37.5          3.9490507    2.8821557 ]
 [ 70.          39.120003     4.2792525    2.9205468 ]
 [ 71.          41.100002     4.3358965    2.949334  ]
 [ 72.          43.140003     4.1686935    2.9839857 ]
 [ 73.          45.280003     3.8388813    3.0142205 ]
 [ 74.          47.28         3.8022358    3.0471427 ]
 [ 75.          49.54         3.4954247    3.0799377 ]
 [ 76.          51.68         4.078847     3.1143613 ]
 [ 77.          53.2          4.2491164    3.1480606 ]
 [ 78.          54.38         4.649409     3.1793659 ]
 [ 79.          56.019997     4.5372896    3.2100453 ]
 [ 80.          57.640003     4.5708857    3.2442033 ]
 [ 81.          59.040005     4.6176834    3.283078  ]
 [ 82.          60.38         4.7219696    3.3163211 ]
 [ 83.          61.859997     4.593802     3.3499935 ]
 [ 84.          63.079998     4.977649     3.3815916 ]
 [ 85.          64.8          4.659935     3.4182403 ]
 [ 86.          66.34         4.598694     3.4525993 ]
 [ 87.          68.02         4.682092     3.492849  ]
 [ 88.          70.02         4.6697955    3.53289   ]
 [ 89.          71.48         4.85098      3.5729892 ]
 [ 90.          72.76         5.097844     3.6124237 ]
 [ 91.          73.659996     4.602498     3.6523235 ]
 [ 92.          74.58         3.5499296    3.696245  ]
 [ 93.          75.119995     3.058101     3.7309983 ]
 [ 94.          76.18         2.0278082    3.766045  ]
 [ 95.          76.5          1.7262686    3.804407  ]
 [ 96.          76.72         1.3590416    3.8353558 ]
 [ 97.          76.68001      1.1945723    3.8693542 ]
 [ 98.          76.920006     1.207062     3.9041421 ]
 [ 99.          76.96         0.86197644   3.940078  ]
 [100.          77.240005     1.1282698    3.974936  ]
 [101.          77.18         1.1233867    4.010591  ]
 [102.          77.28001      1.0963598    4.042524  ]
 [103.          77.36         1.0039911    4.0791364 ]
 [104.          77.740005     1.0358583    4.1138206 ]
 [105.          77.76         0.6107362    4.149124  ]
 [106.          77.68001      0.89554155   4.1847377 ]
 [107.          77.72         0.834867     4.220791  ]
 [108.          78.08         0.5403692    4.254564  ]
 [109.          78.14001      0.9710806    4.287651  ]
 [110.          77.78         0.540369     4.3242273 ]
 [111.          78.04         0.5504533    4.3600097 ]
 [112.          77.98         0.41472757   4.397808  ]
 [113.          78.700005     0.73143715   4.4364777 ]
 [114.          79.06         0.84142935   4.472809  ]
 [115.          77.86         1.3164331    4.5078273 ]
 [116.          78.72         1.1903754    4.545796  ]
 [117.          79.58001      0.76615894   4.5864806 ]
 [118.          79.619995     1.444644     4.6216455 ]
 [119.          79.04         1.9125899    4.6589937 ]
 [120.          79.71999      1.3479607    4.6984344 ]
 [121.          78.76         1.4170374    4.7389474 ]
 [122.          78.619995     1.4601344    4.7733665 ]
 [123.          78.840004     1.4673103    4.809674  ]
 [124.          79.4          1.8788291    4.8455415 ]
 [125.          79.880005     1.6528763    4.8841944 ]
 [126.          78.840004     1.1631869    4.918739  ]
 [127.          79.32         1.2049906    4.9543343 ]
 [128.          79.76         0.93166673   4.9869094 ]
 [129.          79.28         0.90664184   5.0214458 ]
 [130.          79.659996     1.3740473    5.0617175 ]
 [131.          78.340004     2.3985434    5.1045356 ]
 [132.          78.78001      0.9628085    5.138585  ]
 [133.          78.52         1.0894946    5.1738253 ]
 [134.          77.56         3.418038     5.2070317 ]
 [135.          78.82001      1.7035265    5.241894  ]
 [136.          79.32         2.2027261    5.2756596 ]
 [137.          79.3          1.946793     5.3118854 ]
 [138.          79.54         1.9969963    5.347954  ]
 [139.          79.62         1.7584069    5.380426  ]
 [140.          79.700005     1.5345994    5.412193  ]
 [141.          78.32         1.6513638    5.446524  ]
 [142.          78.34         2.1220272    5.4806924 ]
 [143.          78.46         3.018775     5.5180736 ]
 [144.          79.54         1.7868954    5.5583644 ]
 [145.          79.26         2.8483357    5.593181  ]
 [146.          78.9          1.7705923    5.6276107 ]
 [147.          79.71999      1.487278     5.662784  ]
 [148.          79.78001      1.1861689    5.69601   ]
 [149.          80.26         2.2311382    5.7243505 ]
 [150.          79.72         1.7340695    5.7548723 ]
 [151.          80.1          0.86313426   5.7902184 ]
 [152.          79.78001      1.4956638    5.821893  ]
 [153.          80.34         1.0714467    5.855556  ]
 [154.          80.38         1.0377859    5.8891582 ]
 [155.          78.22         3.543585     5.9223757 ]
 [156.          79.56         1.4536167    5.958956  ]
 [157.          79.76         1.0430701    5.9942684 ]
 [158.          79.88         1.2833508    6.028902  ]
 [159.          80.38         1.2377369    6.0625443 ]
 [160.          80.18         1.5401298    6.096195  ]
 [161.          80.3          0.55226755   6.126415  ]
 [162.          79.8          0.8093192    6.1605277 ]
 [163.          79.44         0.853231     6.1977654 ]
 [164.          79.54         1.5469328    6.2282596 ]
 [165.          79.38         1.8294781    6.2672267 ]
 [166.          79.94         0.54589367   6.304123  ]
 [167.          79.64001      1.3011541    6.3438315 ]
 [168.          79.94         0.9864096    6.380804  ]
 [169.          80.119995     0.99598914   6.415012  ]
 [170.          80.36         0.70568913   6.451416  ]
 [171.          79.880005     1.0034952    6.486516  ]
 [172.          79.62         1.0848995    6.5248513 ]
 [173.          80.           1.2          6.5620995 ]
 [174.          80.04         1.2300413    6.5983224 ]
 [175.          80.           0.9924737    6.627012  ]
 [176.          79.8          0.8031208    6.6621842 ]
 [177.          80.340004     0.5727121    6.6918826 ]
 [178.          80.26         0.66557914   6.727527  ]
 [179.          80.020004     0.5718443    6.763103  ]
 [180.          79.26         1.17813      6.795369  ]
 [181.          78.3          1.9974972    6.827573  ]
 [182.          79.06         1.092249     6.8635187 ]
 [183.          77.71999      4.6056466    6.9019394 ]
 [184.          78.26         2.547157     6.9354196 ]
 [185.          79.18         1.360883     6.9745164 ]
 [186.          79.26         1.6727223    7.0079775 ]
 [187.          79.26         1.1802539    7.043344  ]
 [188.          79.04         1.3630842    7.082466  ]
 [189.          79.3          1.5149237    7.119807  ]
 [190.          79.42         0.91487545   7.1535087 ]
 [191.          79.96         0.45606935   7.1852527 ]
 [192.          79.74         0.68775225   7.2264376 ]
 [193.          78.68         2.166101     7.264631  ]
 [194.          79.66         0.8619733    7.3011994 ]
 [195.          79.659996     0.77974325   7.3338304 ]
 [196.          79.86001      0.70922446   7.370176  ]
 [197.          80.04         0.7503329    7.4059587 ]
 [198.          80.           0.18707798   7.441719  ]
 [199.          80.4          0.29155013   7.4762573 ]
 [200.          80.54         0.2701854    7.5138116 ]]
The best results: 
Epoch: 200  80.54±0.27  7.514s
--------------- Train Done! ----------------
