Using cuda:0 device
Dataset     :Cora
Epochs      :200
LR X_s      :0.01
Learn A_s   :0
LR A_s      :0.01
Conden ratio:0.5
Ridge       :0.5
Kernel      :SGNK
k           :3
L           :1
Seed        :5
The 1th Iteration:
--------------------------------------------------
The 2th Iteration:
--------------------------------------------------
The 3th Iteration:
--------------------------------------------------
The 4th Iteration:
--------------------------------------------------
The 5th Iteration:
--------------------------------------------------
[[  1.          23.740002     7.1755137    0.44245276]
 [  2.          37.2          9.895201     0.45000702]
 [  3.          46.980003    10.50676      0.45725152]
 [  4.          53.019997     8.662968     0.46358567]
 [  5.          57.080006     7.3520064    0.47038013]
 [  6.          60.2          6.032825     0.4805337 ]
 [  7.          62.320004     4.745209     0.49288675]
 [  8.          63.9          3.7802112    0.5042756 ]
 [  9.          64.96         3.3223474    0.51640797]
 [ 10.          65.86         3.076199     0.524962  ]
 [ 11.          66.659996     2.9202752    0.5319161 ]
 [ 12.          66.9          2.8310773    0.537651  ]
 [ 13.          67.24         2.3265846    0.5439749 ]
 [ 14.          67.38         2.344567     0.55486053]
 [ 15.          67.82         1.9097111    0.56200653]
 [ 16.          68.           1.7363771    0.5720544 ]
 [ 17.          68.240005     1.651668     0.5829158 ]
 [ 18.          68.5          1.7262677    0.59162253]
 [ 19.          68.94         1.5388279    0.60581857]
 [ 20.          69.08         1.5530605    0.6137541 ]
 [ 21.          69.44         1.3277812    0.62183183]
 [ 22.          69.76         1.2461926    0.6308683 ]
 [ 23.          70.08         1.317953     0.63852185]
 [ 24.          70.420006     1.1211588    0.6482174 ]
 [ 25.          70.520004     0.9934801    0.65453875]
 [ 26.          70.44         0.9685036    0.6609687 ]
 [ 27.          70.700005     0.8426144    0.6717495 ]
 [ 28.          70.82         0.9257425    0.6832934 ]
 [ 29.          70.920006     0.8584863    0.6915219 ]
 [ 30.          71.159996     0.8080851    0.6997448 ]
 [ 31.          71.18001      0.81055427   0.7097215 ]
 [ 32.          71.38         0.6534544    0.7218334 ]
 [ 33.          71.56         0.68774885   0.7352912 ]
 [ 34.          71.8          0.6595475    0.74849504]
 [ 35.          71.9          0.714145     0.75895494]
 [ 36.          72.22         0.97570413   0.77375114]
 [ 37.          72.54         0.83845      0.78124666]
 [ 38.          72.94         0.93434453   0.7880094 ]
 [ 39.          73.18         1.0158741    0.7983787 ]
 [ 40.          73.44         0.9838682    0.80833054]
 [ 41.          73.56         0.9787774    0.8154883 ]
 [ 42.          73.76         0.8961023    0.82515335]
 [ 43.          73.94         0.79246515   0.8339044 ]
 [ 44.          74.159996     0.90719426   0.8407461 ]
 [ 45.          74.340004     0.8443932    0.8484726 ]
 [ 46.          74.44         0.84142864   0.8545429 ]
 [ 47.          74.54         0.90443516   0.8662348 ]
 [ 48.          74.72         0.840833     0.87827206]
 [ 49.          74.8          0.80932075   0.8887564 ]
 [ 50.          74.82         0.8814749    0.9008648 ]
 [ 51.          74.8          0.74833256   0.90910065]
 [ 52.          74.88         0.64187425   0.9189517 ]
 [ 53.          75.           0.8366598    0.9305035 ]
 [ 54.          74.98         0.7463246    0.9409053 ]
 [ 55.          75.020004     0.7661586    0.9514058 ]
 [ 56.          75.22         0.7429671    0.95811063]
 [ 57.          75.240005     0.7536588    0.96386254]
 [ 58.          75.28001      0.6379646    0.97380084]
 [ 59.          75.340004     0.64652884   0.98627645]
 [ 60.          75.36         0.65802854   0.9982201 ]
 [ 61.          75.5          0.5958221    1.0049763 ]
 [ 62.          75.520004     0.66482884   1.0155964 ]
 [ 63.          75.700005     0.5787929    1.0226471 ]
 [ 64.          75.72         0.58906496   1.0303429 ]
 [ 65.          75.94         0.5176841    1.0440878 ]
 [ 66.          76.04         0.531978     1.0582855 ]
 [ 67.          76.32         0.4816629    1.0690062 ]
 [ 68.          76.58         0.43817744   1.0800754 ]
 [ 69.          76.78         0.34928396   1.0900499 ]
 [ 70.          77.           0.30000305   1.0989584 ]
 [ 71.          77.26         0.43358666   1.1053772 ]
 [ 72.          77.44         0.4393172    1.1138328 ]
 [ 73.          77.700005     0.40620008   1.1226275 ]
 [ 74.          77.98         0.34205243   1.132328  ]
 [ 75.          78.740005     0.15165947   1.1408156 ]
 [ 76.          79.           0.19999918   1.1490401 ]
 [ 77.          79.38         0.19235384   1.1552308 ]
 [ 78.          79.840004     0.2701844    1.1608676 ]
 [ 79.          80.28         0.2167973    1.1675074 ]
 [ 80.          80.34         0.5128377    1.1741512 ]
 [ 81.          80.5          0.30822527   1.182171  ]
 [ 82.          80.840004     0.28809994   1.193566  ]
 [ 83.          80.46         0.5412925    1.2026486 ]
 [ 84.          81.240005     0.47222745   1.2107786 ]
 [ 85.          81.48         0.24899665   1.2192417 ]
 [ 86.          80.62         0.5630276    1.2262136 ]
 [ 87.          81.5          0.69641817   1.2373807 ]
 [ 88.          81.420006     1.0521358    1.2490966 ]
 [ 89.          81.16         1.1886975    1.2567866 ]
 [ 90.          81.740005     1.608728     1.2636696 ]
 [ 91.          81.88         1.6887865    1.2695731 ]
 [ 92.          80.88         1.818516     1.2761519 ]
 [ 93.          81.08         1.1189272    1.2831604 ]
 [ 94.          81.48         0.78867024   1.293799  ]
 [ 95.          79.48         1.5990657    1.3057827 ]
 [ 96.          80.62         1.4973296    1.3176835 ]
 [ 97.          81.920006     1.0545146    1.3272952 ]
 [ 98.          80.8          1.6763035    1.3354409 ]
 [ 99.          81.340004     1.3315398    1.3431956 ]
 [100.          80.72         1.4703741    1.3506665 ]
 [101.          80.44         1.9603587    1.3580011 ]
 [102.          80.9          1.4370118    1.3698765 ]
 [103.          81.24         0.20736575   1.383061  ]
 [104.          80.58001      1.0084589    1.3968424 ]
 [105.          79.96         1.7415514    1.4073718 ]
 [106.          81.3          0.4636841    1.4183348 ]
 [107.          80.14001      0.9736511    1.4293331 ]
 [108.          80.94         1.2521992    1.4447136 ]
 [109.          81.200005     0.49497798   1.4607586 ]
 [110.          81.26         0.9762171    1.4708292 ]
 [111.          81.3          1.041633     1.484969  ]
 [112.          80.920006     0.6610615    1.5041468 ]
 [113.          81.48         0.558571     1.517722  ]
 [114.          81.020004     0.25884447   1.5303873 ]
 [115.          81.700005     0.97980064   1.5415372 ]
 [116.          81.14001      0.23021662   1.5562446 ]
 [117.          80.3          1.1958263    1.5686951 ]
 [118.          80.82         0.73280126   1.5810814 ]
 [119.          80.56         0.811176     1.5896069 ]
 [120.          80.6          1.0931581    1.5964581 ]
 [121.          81.           0.5567762    1.6061124 ]
 [122.          79.659996     1.0526147    1.6173737 ]
 [123.          80.96         1.1907989    1.6268656 ]
 [124.          80.420006     0.97313935   1.6371136 ]
 [125.          80.4          0.97467935   1.6448902 ]
 [126.          81.119995     0.72594714   1.6518707 ]
 [127.          80.96         0.594138     1.6605049 ]
 [128.          81.08001      0.5718389    1.6672715 ]
 [129.          81.38         0.43243548   1.6763607 ]
 [130.          80.86001      0.6228925    1.6853346 ]
 [131.          80.700005     0.30821908   1.6938477 ]
 [132.          81.159996     0.59413594   1.7012478 ]
 [133.          80.38         1.3773185    1.7105955 ]
 [134.          80.72001      0.88713235   1.7231495 ]
 [135.          80.78         0.46583208   1.7331778 ]
 [136.          79.520004     2.2264333    1.7439606 ]
 [137.          80.740005     0.789304     1.7521194 ]
 [138.          80.38         0.21679574   1.7680832 ]
 [139.          80.64001      0.5079376    1.776101  ]
 [140.          80.659996     1.0358579    1.7878462 ]
 [141.          80.56         1.0573561    1.7992314 ]
 [142.          78.48         4.8905       1.8078164 ]
 [143.          80.28         1.1166923    1.8161372 ]
 [144.          77.44         4.3246965    1.8239895 ]
 [145.          79.920006     1.6361562    1.831652  ]
 [146.          78.8          4.998503     1.839652  ]
 [147.          80.14001      1.7643679    1.8477906 ]
 [148.          80.66         1.3575703    1.853878  ]
 [149.          80.82         1.147603     1.861131  ]
 [150.          80.200005     2.2045424    1.8706954 ]
 [151.          81.200005     0.9380839    1.8788353 ]
 [152.          81.5          0.49497625   1.8925266 ]
 [153.          81.659996     0.65802383   1.9022074 ]
 [154.          81.439995     0.68774843   1.9093825 ]
 [155.          81.32         0.40249398   1.9170688 ]
 [156.          81.119995     0.53572226   1.9258572 ]
 [157.          81.42         0.56745136   1.9382782 ]
 [158.          81.44         0.6188728    1.9489243 ]
 [159.          81.54         0.581378     1.960878  ]
 [160.          81.420006     0.6978548    1.9694313 ]
 [161.          81.46         0.7162406    1.979029  ]
 [162.          81.26         0.53197765   1.9867    ]
 [163.          81.200005     0.6164419    1.993095  ]
 [164.          81.36         0.56391394   2.0026262 ]
 [165.          81.420006     0.7463246    2.009627  ]
 [166.          81.4          0.85147125   2.0170982 ]
 [167.          81.240005     0.56833076   2.022545  ]
 [168.          81.28         0.5449737    2.0272436 ]
 [169.          81.28001      0.47117096   2.035469  ]
 [170.          81.159996     0.30495796   2.0424473 ]
 [171.          81.28001      0.45496938   2.0497248 ]
 [172.          81.28001      0.33466232   2.0563138 ]
 [173.          81.1          0.33166298   2.0637176 ]
 [174.          81.020004     0.1303825    2.0689762 ]
 [175.          81.02         0.4024902    2.0737085 ]
 [176.          81.020004     0.45497423   2.0811183 ]
 [177.          80.98         0.47644383   2.0899532 ]
 [178.          80.68001      0.5263058    2.0974052 ]
 [179.          80.9          0.42426232   2.1066017 ]
 [180.          80.92         0.5718402    2.1134944 ]
 [181.          80.920006     0.5118613    2.118852  ]
 [182.          80.880005     0.4147288    2.1241221 ]
 [183.          80.98         0.37013575   2.1295967 ]
 [184.          81.04         0.5319751    2.1352394 ]
 [185.          80.96         0.41593304   2.1405933 ]
 [186.          81.06         0.3361549    2.1460037 ]
 [187.          81.           0.43011415   2.152886  ]
 [188.          80.94         0.403732     2.1602178 ]
 [189.          80.9          0.35355395   2.1671612 ]
 [190.          80.920006     0.3563705    2.1767213 ]
 [191.          80.96         0.32093555   2.1830509 ]
 [192.          80.92         0.32711002   2.1919396 ]
 [193.          80.92         0.46582973   2.1984236 ]
 [194.          80.96         0.5983345    2.207695  ]
 [195.          80.98         0.40249354   2.2169905 ]
 [196.          81.06         0.3130506    2.2278152 ]
 [197.          81.1          0.28284356   2.2348766 ]
 [198.          80.94         0.40373072   2.2411683 ]
 [199.          80.88         0.27748632   2.2469392 ]
 [200.          80.86001      0.33615267   2.257244  ]]
The best results: 
Epoch: 97  81.92±1.05  1.327s
--------------- Train Done! ----------------
--------------- Save Done! ----------------
