Using cuda:0 device
Dataset     :Cora
Epochs      :200
LR X_s      :0.01
Learn A_s   :1
LR A_s      :0.01
Conden ratio:1.0
Ridge       :0.01
Kernel      :SGNK
k           :2
L           :1
Seed        :5
The 1th Iteration:
--------------------------------------------------
The 2th Iteration:
--------------------------------------------------
The 3th Iteration:
--------------------------------------------------
The 4th Iteration:
--------------------------------------------------
The 5th Iteration:
--------------------------------------------------
[[  1.          15.72         5.2308693    0.2748161 ]
 [  2.          17.08         5.6922755    0.28395495]
 [  3.          18.24         5.3420973    0.29269877]
 [  4.          19.539999     4.9023466    0.30269775]
 [  5.          19.84         4.272353     0.31122723]
 [  6.          21.           4.8109245    0.31933147]
 [  7.          22.76         5.034183     0.32580924]
 [  8.          24.08         5.032097     0.33371946]
 [  9.          26.720001     5.6291203    0.34030864]
 [ 10.          27.98         5.25138      0.3473043 ]
 [ 11.          29.759998     6.979111     0.35372892]
 [ 12.          32.100002     7.270145     0.3609418 ]
 [ 13.          34.420002     8.410529     0.3681059 ]
 [ 14.          36.64         8.301987     0.37535653]
 [ 15.          38.38         7.5830073    0.38219675]
 [ 16.          39.74         7.3401637    0.3889576 ]
 [ 17.          40.7          7.8911343    0.39583668]
 [ 18.          41.9          7.434043     0.40233985]
 [ 19.          43.100002     6.768309     0.40900132]
 [ 20.          44.68         6.8056602    0.41558677]
 [ 21.          45.7          6.0431776    0.42236152]
 [ 22.          46.4          5.8412337    0.42984638]
 [ 23.          47.4          5.5852494    0.4370195 ]
 [ 24.          48.920002     4.4650865    0.4440967 ]
 [ 25.          51.26         4.6344357    0.45103604]
 [ 26.          52.540005     5.213252     0.4588327 ]
 [ 27.          53.28         5.849528     0.46776468]
 [ 28.          54.3          5.5339856    0.47512203]
 [ 29.          54.98         5.05292      0.48228702]
 [ 30.          55.72         5.1285467    0.48995733]
 [ 31.          56.980007     4.973128     0.4980262 ]
 [ 32.          58.           5.1458726    0.5059109 ]
 [ 33.          58.760006     5.5464406    0.51505446]
 [ 34.          59.540005     5.617207     0.5249971 ]
 [ 35.          60.320004     4.6494074    0.53400105]
 [ 36.          61.140003     4.8772926    0.54267234]
 [ 37.          61.96         4.7363486    0.55349094]
 [ 38.          61.88         4.29325      0.5624695 ]
 [ 39.          61.540005     4.088765     0.57100505]
 [ 40.          62.2          4.288356     0.57953084]
 [ 41.          62.66         4.1277127    0.58726114]
 [ 42.          63.160004     4.0905986    0.5957951 ]
 [ 43.          63.18         3.7963145    0.60369986]
 [ 44.          64.04         4.4337344    0.61265427]
 [ 45.          64.28001      4.3054633    0.62300646]
 [ 46.          64.96         4.338547     0.63211185]
 [ 47.          65.68         4.3303576    0.6412875 ]
 [ 48.          66.3          4.2290654    0.6511044 ]
 [ 49.          66.46         4.0141       0.6601032 ]
 [ 50.          67.28         3.7917018    0.66883165]
 [ 51.          67.94         3.426077     0.67737496]
 [ 52.          68.920006     3.236819     0.6860393 ]
 [ 53.          69.54         3.5913787    0.6949978 ]
 [ 54.          70.21999      3.272153     0.7032193 ]
 [ 55.          70.74         3.141338     0.7121722 ]
 [ 56.          71.4          2.926604     0.72169226]
 [ 57.          72.04         2.821879     0.7300284 ]
 [ 58.          72.86001      2.6968503    0.7379665 ]
 [ 59.          73.48         2.7869349    0.74568903]
 [ 60.          74.48         2.6480153    0.75512755]
 [ 61.          75.36         2.218785     0.7636894 ]
 [ 62.          76.020004     1.8267438    0.7707152 ]
 [ 63.          76.78         1.5073149    0.7794762 ]
 [ 64.          77.1          1.1202661    0.7874385 ]
 [ 65.          77.92         0.89554656   0.7960674 ]
 [ 66.          78.58001      0.7854934    0.8034286 ]
 [ 67.          79.4          0.82765      0.8136217 ]
 [ 68.          79.920006     0.7190275    0.822885  ]
 [ 69.          80.1          0.6204861    0.8328123 ]
 [ 70.          80.46         1.2461935    0.8406274 ]
 [ 71.          80.659996     0.92087      0.84946364]
 [ 72.          80.880005     0.9884351    0.8572416 ]
 [ 73.          80.82         0.93112874   0.8676365 ]
 [ 74.          80.840004     0.835466     0.8776556 ]
 [ 75.          80.56         1.0853586    0.8870551 ]
 [ 76.          80.12         1.2235214    0.8962032 ]
 [ 77.          79.68         1.0281031    0.9051752 ]
 [ 78.          79.1          0.99749535   0.912352  ]
 [ 79.          78.8          0.8276494    0.91978645]
 [ 80.          78.44         0.8961039    0.9269663 ]
 [ 81.          78.04         1.2177866    0.93847793]
 [ 82.          77.72         1.2969195    0.94647676]
 [ 83.          77.76         1.20333      0.95372146]
 [ 84.          77.64001      1.5757537    0.9601976 ]
 [ 85.          77.58         1.7123073    0.9669941 ]
 [ 86.          77.840004     1.9768654    0.9753564 ]
 [ 87.          77.71999      2.3889318    0.9816715 ]
 [ 88.          77.46         2.5793397    0.9887623 ]
 [ 89.          77.24         2.719005     0.99554056]
 [ 90.          77.3          2.7919526    1.0032359 ]
 [ 91.          77.44         2.7042556    1.0105118 ]
 [ 92.          77.56         2.120847     1.0187727 ]
 [ 93.          77.74         1.4187987    1.0261374 ]
 [ 94.          77.48         1.3809409    1.0331999 ]
 [ 95.          77.46         1.2259696    1.0411099 ]
 [ 96.          77.54         1.1436788    1.0481509 ]
 [ 97.          77.5          1.3435028    1.0551481 ]
 [ 98.          77.48         1.2755381    1.0619059 ]
 [ 99.          77.619995     1.3084363    1.0687703 ]
 [100.          77.619995     1.2949888    1.0757697 ]
 [101.          77.5          1.0416329    1.0826787 ]
 [102.          77.82         1.1300424    1.0900564 ]
 [103.          77.8          0.8514688    1.0974798 ]
 [104.          77.86         0.74027145   1.1046089 ]
 [105.          77.700005     0.6480712    1.1117315 ]
 [106.          77.48         0.5974944    1.1188701 ]
 [107.          77.659996     0.48270035   1.126755  ]
 [108.          78.1          1.0606633    1.1342125 ]
 [109.          78.04         1.463896     1.1420279 ]
 [110.          78.12         1.7326311    1.1499095 ]
 [111.          78.159996     1.9831785    1.1575807 ]
 [112.          78.14001      1.7812883    1.1666642 ]
 [113.          78.020004     1.5238094    1.1744821 ]
 [114.          78.22         1.6361547    1.1819881 ]
 [115.          78.21999      2.0571837    1.189349  ]
 [116.          78.48         1.7584065    1.197375  ]
 [117.          78.5          2.0383823    1.2042078 ]
 [118.          78.3          1.9646871    1.2110237 ]
 [119.          78.32         2.0437708    1.2179669 ]
 [120.          78.380005     1.8102493    1.2253855 ]
 [121.          78.42         1.7922052    1.2327975 ]
 [122.          78.58         1.6330986    1.2398232 ]
 [123.          78.82         1.7369511    1.2478459 ]
 [124.          78.76         1.5820862    1.254344  ]
 [125.          78.52         1.4272337    1.2632107 ]
 [126.          78.38         1.3479638    1.2701647 ]
 [127.          78.740005     1.3088161    1.2765982 ]
 [128.          78.76         1.4117384    1.2829937 ]
 [129.          78.71999      1.9804006    1.2900655 ]
 [130.          78.64         1.9831784    1.297366  ]
 [131.          78.68         2.1603253    1.3044342 ]
 [132.          78.86         1.6637309    1.3124498 ]
 [133.          78.420006     2.0265727    1.3194274 ]
 [134.          78.479996     2.0216346    1.3259202 ]
 [135.          78.28         1.7441335    1.3329592 ]
 [136.          78.26         1.7052861    1.3400558 ]
 [137.          77.659996     1.4117377    1.3470802 ]
 [138.          77.5          1.3266534    1.3539599 ]
 [139.          77.58001      1.1861703    1.3614721 ]
 [140.          77.78001      1.3330396    1.3686668 ]
 [141.          77.86         1.5899701    1.3769102 ]
 [142.          78.020004     1.2716159    1.3841451 ]
 [143.          78.08         1.528727     1.391428  ]
 [144.          78.08001      1.5562751    1.3995612 ]
 [145.          78.12         1.6422515    1.4083492 ]
 [146.          78.32         1.7152222    1.4162072 ]
 [147.          78.240005     1.4724189    1.4237247 ]
 [148.          78.4          1.5248019    1.4314312 ]
 [149.          78.6          1.2961468    1.4390577 ]
 [150.          78.46001      1.7343571    1.4477665 ]
 [151.          78.44         2.0366616    1.4554548 ]
 [152.          78.4          2.176005     1.4649796 ]
 [153.          78.46         1.9346836    1.4730698 ]
 [154.          78.42         1.9766157    1.481793  ]
 [155.          78.36         1.5789232    1.491053  ]
 [156.          78.159996     1.4690138    1.4994996 ]
 [157.          77.92         1.263726     1.5073923 ]
 [158.          78.06         1.069115     1.5161794 ]
 [159.          78.159996     1.2259701    1.5248711 ]
 [160.          78.18001      1.2637261    1.5337735 ]
 [161.          78.4          1.2469975    1.5412263 ]
 [162.          78.42         1.3935568    1.5479782 ]
 [163.          78.520004     1.3255208    1.5561553 ]
 [164.          78.68         1.0183322    1.5637158 ]
 [165.          78.44         0.97621846   1.5705295 ]
 [166.          78.520004     1.0521383    1.5781164 ]
 [167.          78.58         0.9364817    1.5857834 ]
 [168.          78.54         1.1013639    1.592194  ]
 [169.          78.62         1.1300448    1.5987698 ]
 [170.          78.64001      1.0876557    1.6064976 ]
 [171.          78.76         1.0114355    1.6132344 ]
 [172.          79.12         0.6610613    1.6197735 ]
 [173.          79.08001      0.59749377   1.6267576 ]
 [174.          79.159996     0.6877533    1.633754  ]
 [175.          79.06         0.39749414   1.6408271 ]
 [176.          79.14001      0.8111711    1.6479536 ]
 [177.          79.36001      0.61481744   1.655249  ]
 [178.          79.420006     0.5403703    1.6628023 ]
 [179.          79.32         0.65345085   1.6712941 ]
 [180.          79.420006     0.7155424    1.6820682 ]
 [181.          79.340004     0.882046     1.6899449 ]
 [182.          79.42         1.0871949    1.6976379 ]
 [183.          79.27999      1.1882753    1.7068833 ]
 [184.          79.36         1.2700382    1.7153202 ]
 [185.          79.32         1.2696469    1.724705  ]
 [186.          79.200005     1.1423665    1.7320153 ]
 [187.          78.880005     1.0917902    1.7409652 ]
 [188.          78.71999      1.2853014    1.749437  ]
 [189.          78.58001      1.3311641    1.7571563 ]
 [190.          78.48         1.5482253    1.7660046 ]
 [191.          78.36         1.3277789    1.7737868 ]
 [192.          78.200005     1.3019209    1.7820263 ]
 [193.          78.119995     1.3953489    1.7902101 ]
 [194.          78.159996     1.3315417    1.7996082 ]
 [195.          77.98         1.3535149    1.8090795 ]
 [196.          77.94         1.3704007    1.81842   ]
 [197.          78.           1.371131     1.8278898 ]
 [198.          78.           1.3322903    1.8368813 ]
 [199.          77.96         1.176009     1.847208  ]
 [200.          77.98         1.2657008    1.8568106 ]]
The best results: 
Epoch: 72  80.88±0.99  0.857s
--------------- Train Done! ----------------
