Using cuda:0 device
Dataset     :Cora
Epochs      :200
LR X_s      :0.01
Learn A_s   :0
LR A_s      :0.01
Conden ratio:0.5
Ridge       :0.01
Kernel      :SNTK
k           :4
L           :1
Seed        :5
The 1th Iteration:
--------------------------------------------------
The 2th Iteration:
--------------------------------------------------
The 3th Iteration:
--------------------------------------------------
The 4th Iteration:
--------------------------------------------------
The 5th Iteration:
--------------------------------------------------
[[  1.           7.66         1.7487137    0.40283212]
 [  2.           7.4          2.2360678    0.44187495]
 [  3.           7.3800006    2.1913466    0.48403594]
 [  4.           7.3          1.9026295    0.5220802 ]
 [  5.           7.5400004    1.8297541    0.5598825 ]
 [  6.           7.66         1.8514858    0.60004044]
 [  7.           7.78         1.9447365    0.64295775]
 [  8.           8.           2.2011359    0.68546736]
 [  9.           8.22         2.4943938    0.73009366]
 [ 10.           8.6          3.0133038    0.7721844 ]
 [ 11.           9.           3.0927336    0.81544   ]
 [ 12.          10.0199995    2.823473     0.85595816]
 [ 13.          11.580001     2.048658     0.8911713 ]
 [ 14.          12.420001     1.5056559    0.92908   ]
 [ 15.          13.           1.1445526    0.96658343]
 [ 16.          13.460001     0.88487256   1.0037539 ]
 [ 17.          13.8          0.46904165   1.0455338 ]
 [ 18.          13.860001     0.23021735   1.0833524 ]
 [ 19.          13.72         0.7529942    1.1235485 ]
 [ 20.          13.68         0.99095905   1.1586064 ]
 [ 21.          13.2          1.2000003    1.1923562 ]
 [ 22.          12.640001     1.1304862    1.2322462 ]
 [ 23.          11.88         0.8671792    1.2706461 ]
 [ 24.          11.36         0.559464     1.3106565 ]
 [ 25.          11.14         0.45055547   1.3485461 ]
 [ 26.          10.82         0.10954451   1.3923615 ]
 [ 27.          10.74         0.11401741   1.4325806 ]
 [ 28.          10.68         0.04472134   1.4784219 ]
 [ 29.          10.740001     0.20736457   1.519523  ]
 [ 30.          10.72         0.21679498   1.5628495 ]
 [ 31.          10.700001     0.22360687   1.6053288 ]
 [ 32.          10.900001     0.27386126   1.6487404 ]
 [ 33.          10.900001     0.27386126   1.6904038 ]
 [ 34.          11.000001     0.41833      1.732016  ]
 [ 35.          11.240001     0.47222906   1.7758105 ]
 [ 36.          11.499999     0.7071067    1.8168074 ]
 [ 37.          11.9400015    0.88487256   1.8588225 ]
 [ 38.          12.280001     1.0207835    1.8995777 ]
 [ 39.          12.72         1.209132     1.9378093 ]
 [ 40.          13.38         1.4956607    1.9721402 ]
 [ 41.          13.92         1.9201564    2.0037992 ]
 [ 42.          14.400001     1.8220863    2.0400746 ]
 [ 43.          14.8          2.0037463    2.0741642 ]
 [ 44.          15.54         2.0707498    2.1079257 ]
 [ 45.          16.           2.2282276    2.1400383 ]
 [ 46.          16.880001     2.1522076    2.1774468 ]
 [ 47.          17.720001     2.2993476    2.2160308 ]
 [ 48.          18.6          2.1130555    2.2552347 ]
 [ 49.          19.539999     1.8836131    2.2930362 ]
 [ 50.          20.56         1.8008341    2.32744   ]
 [ 51.          21.42         1.7108473    2.3692224 ]
 [ 52.          22.160002     1.6349317    2.4114623 ]
 [ 53.          22.94         1.0899533    2.4559405 ]
 [ 54.          23.6          0.8689082    2.495766  ]
 [ 55.          25.28         0.7823046    2.5403917 ]
 [ 56.          27.240004     0.92357975   2.5864785 ]
 [ 57.          29.440002     1.1216062    2.6316586 ]
 [ 58.          31.7          1.058301     2.6816995 ]
 [ 59.          34.16         0.9914631    2.7335339 ]
 [ 60.          36.04         0.6804413    2.7820098 ]
 [ 61.          38.100002     0.90277475   2.8238087 ]
 [ 62.          39.840004     0.53197795   2.8633761 ]
 [ 63.          41.420002     0.88713086   2.9025478 ]
 [ 64.          43.           1.1247221    2.9345663 ]
 [ 65.          45.140003     1.119374     2.9725826 ]
 [ 66.          47.54         1.3464766    3.0102808 ]
 [ 67.          49.460003     1.950129     3.044387  ]
 [ 68.          51.320004     1.7455645    3.0816677 ]
 [ 69.          53.74         1.2759299    3.1144035 ]
 [ 70.          55.7          1.2509993    3.151053  ]
 [ 71.          57.280006     1.4060589    3.1919525 ]
 [ 72.          58.78         1.699117     3.2287316 ]
 [ 73.          60.76         2.1196694    3.2659776 ]
 [ 74.          62.440002     1.8420092    3.3037632 ]
 [ 75.          63.919994     1.7355118    3.345588  ]
 [ 76.          65.48         1.7152262    3.3895588 ]
 [ 77.          66.740005     1.5290518    3.4331262 ]
 [ 78.          68.08001      1.6664333    3.475314  ]
 [ 79.          69.6          2.0383813    3.5213597 ]
 [ 80.          71.240005     2.757353     3.5641563 ]
 [ 81.          72.72         2.4427454    3.6031647 ]
 [ 82.          73.9          1.801388     3.6441865 ]
 [ 83.          75.12         1.4956628    3.6848474 ]
 [ 84.          75.880005     0.8700588    3.7279224 ]
 [ 85.          76.56         0.4979985    3.771832  ]
 [ 86.          77.18001      0.76941395   3.8150837 ]
 [ 87.          77.71999      0.77910155   3.854012  ]
 [ 88.          78.08001      0.622092     3.8946679 ]
 [ 89.          78.1          0.58736753   3.9310112 ]
 [ 90.          78.38         0.6058028    3.965426  ]
 [ 91.          78.72         0.91760415   4.005334  ]
 [ 92.          78.920006     0.97313666   4.0421715 ]
 [ 93.          78.96         1.026158     4.0777183 ]
 [ 94.          79.200005     0.92466354   4.1175504 ]
 [ 95.          79.32         1.0473777    4.159389  ]
 [ 96.          79.16         0.3577686    4.199001  ]
 [ 97.          79.06         0.33615416   4.2366877 ]
 [ 98.          79.56         0.77974504   4.2782474 ]
 [ 99.          79.700005     0.56568587   4.320453  ]
 [100.          79.32         0.32710695   4.356564  ]
 [101.          79.08         0.71554      4.398052  ]
 [102.          79.28         0.6300785    4.44342   ]
 [103.          78.98         0.35637194   4.4864287 ]
 [104.          79.3          1.2103733    4.5308337 ]
 [105.          79.34         1.145859     4.573686  ]
 [106.          79.420006     0.48682824   4.618621  ]
 [107.          79.14         0.5594625    4.663189  ]
 [108.          79.28         1.0425948    4.7058797 ]
 [109.          79.82         0.7463258    4.749922  ]
 [110.          80.           1.088576     4.79371   ]
 [111.          80.4          0.8514699    4.835534  ]
 [112.          80.04         0.9396812    4.877445  ]
 [113.          80.38         0.77588683   4.9177933 ]
 [114.          80.3          0.9823444    4.9535594 ]
 [115.          80.14001      0.9813239    4.991689  ]
 [116.          79.88         0.7791015    5.0297303 ]
 [117.          79.86         0.90719444   5.067407  ]
 [118.          80.520004     0.8871287    5.1018515 ]
 [119.          81.           0.43589002   5.139177  ]
 [120.          80.94         1.0358604    5.180429  ]
 [121.          80.27999      0.8584858    5.221555  ]
 [122.          80.6          0.56124914   5.2640204 ]
 [123.          80.84         0.64264876   5.3092813 ]
 [124.          80.78         0.6180623    5.350492  ]
 [125.          79.98         0.93380785   5.390097  ]
 [126.          80.28         0.6906523    5.43309   ]
 [127.          80.920006     0.7463233    5.476713  ]
 [128.          80.56         0.669328     5.5201173 ]
 [129.          80.840004     0.85322607   5.5643334 ]
 [130.          80.92         0.68337584   5.6075115 ]
 [131.          81.           0.5787916    5.6487603 ]
 [132.          81.200005     0.60415196   5.687766  ]
 [133.          81.1          0.6363958    5.7289886 ]
 [134.          80.76         0.5029894    5.768506  ]
 [135.          80.18001      1.3292867    5.8122354 ]
 [136.          80.3          0.5958178    5.8544784 ]
 [137.          80.18001      0.30331504   5.8967257 ]
 [138.          80.68001      0.21679588   5.940803  ]
 [139.          80.78001      0.43243602   5.9828553 ]
 [140.          80.48         1.0521415    6.0229964 ]
 [141.          81.340004     0.7092266    6.061106  ]
 [142.          80.8          0.33166203   6.0976505 ]
 [143.          80.82         0.54497844   6.129496  ]
 [144.          80.86         0.44496718   6.1639113 ]
 [145.          79.78001      1.8102484    6.2024417 ]
 [146.          80.82         0.97570467   6.2444105 ]
 [147.          80.700005     0.50990313   6.2828536 ]
 [148.          80.159996     1.0064789    6.319558  ]
 [149.          80.020004     0.96280706   6.3595767 ]
 [150.          80.38         0.5932954    6.4011703 ]
 [151.          80.32         0.7463233    6.4469986 ]
 [152.          80.86         0.7436375    6.4923396 ]
 [153.          80.64001      0.35071367   6.53659   ]
 [154.          80.4          0.46903917   6.5780535 ]
 [155.          80.17999      0.73959434   6.623819  ]
 [156.          80.659996     0.75033313   6.664066  ]
 [157.          80.04         1.2300421    6.703748  ]
 [158.          80.5          0.91378117   6.7445207 ]
 [159.          80.1          0.86023283   6.7900424 ]
 [160.          79.74         0.9449861    6.8335986 ]
 [161.          78.76         2.045241     6.875009  ]
 [162.          80.36001      0.5770636    6.916257  ]
 [163.          79.420006     0.95498526   6.958528  ]
 [164.          80.9          0.5522712    7.002067  ]
 [165.          80.48         0.3033169    7.0436983 ]
 [166.          80.340004     0.1949385    7.0822268 ]
 [167.          80.48         0.3420518    7.121885  ]
 [168.          80.36         0.72318673   7.159691  ]
 [169.          80.42         0.7049811    7.1962085 ]
 [170.          80.740005     0.68044066   7.233703  ]
 [171.          80.76         0.92357945   7.2738557 ]
 [172.          80.64001      0.81731075   7.31088   ]
 [173.          80.86         0.5856627    7.34994   ]
 [174.          80.77999      0.67231137   7.3907485 ]
 [175.          80.920006     0.37682885   7.433391  ]
 [176.          81.           0.6519194    7.475464  ]
 [177.          81.06         0.9016644    7.516704  ]
 [178.          81.00001      0.7176331    7.559209  ]
 [179.          80.54         1.308815     7.5993805 ]
 [180.          79.48         2.6176343    7.643354  ]
 [181.          80.06         1.6257282    7.68557   ]
 [182.          80.58         0.85557044   7.726505  ]
 [183.          80.76         0.8905046    7.767793  ]
 [184.          80.14001      0.7893089    7.8084426 ]
 [185.          80.21999      0.822799     7.8519273 ]
 [186.          80.240005     0.8203657    7.895736  ]
 [187.          80.3          0.8276476    7.9359903 ]
 [188.          80.36         0.5941344    7.974856  ]
 [189.          80.6          0.538515     8.016259  ]
 [190.          80.32         0.68702406   8.052382  ]
 [191.          80.420006     0.36331764   8.090018  ]
 [192.          80.58001      0.52153414   8.129568  ]
 [193.          80.58001      0.3633198    8.165761  ]
 [194.          80.48         0.40249252   8.205095  ]
 [195.          80.3          0.36055315   8.243006  ]
 [196.          80.48         1.2417729    8.282845  ]
 [197.          79.72         1.1166894    8.323367  ]
 [198.          79.44         1.2973067    8.361865  ]
 [199.          80.340004     0.9964952    8.403414  ]
 [200.          80.02001      0.8197565    8.438662  ]]
The best results: 
Epoch: 141  81.34±0.71  6.061s
--------------- Train Done! ----------------
