Using cuda:0 device
Dataset     :Cora
Epochs      :200
LR X_s      :0.01
Learn A_s   :1
LR A_s      :0.01
Conden ratio:0.5
Ridge       :10.0
Kernel      :SGNK
k           :1
L           :1
Seed        :5
The 1th Iteration:
--------------------------------------------------
The 2th Iteration:
--------------------------------------------------
The 3th Iteration:
--------------------------------------------------
The 4th Iteration:
--------------------------------------------------
The 5th Iteration:
--------------------------------------------------
[[  1.          13.04         6.0665474    0.26034886]
 [  2.          10.12         2.9218144    0.2668065 ]
 [  3.          10.18         2.893441     0.2722269 ]
 [  4.          10.18         2.8595455    0.27794528]
 [  5.          10.18         2.8270125    0.28449112]
 [  6.          10.339999     2.7942798    0.28980517]
 [  7.          10.56         2.8236501    0.29509327]
 [  8.          10.96         2.760978     0.30048534]
 [  9.          11.34         2.697777     0.30633163]
 [ 10.          11.66         2.3276596    0.31188557]
 [ 11.          12.339999     1.8836133    0.3195108 ]
 [ 12.          12.38         1.844451     0.3253869 ]
 [ 13.          12.280001     1.7796067    0.33151165]
 [ 14.          12.280001     1.7796067    0.3378458 ]
 [ 15.          12.339999     1.8229096    0.34415194]
 [ 16.          12.32         1.8074844    0.35049462]
 [ 17.          12.280001     1.7824138    0.35695758]
 [ 18.          12.280001     1.7824138    0.36387333]
 [ 19.          12.280001     1.7824138    0.37067476]
 [ 20.          12.240001     1.7558473    0.37773472]
 [ 21.          12.22         1.744133     0.387036  ]
 [ 22.          12.22         1.744133     0.39414153]
 [ 23.          12.22         1.744133     0.40151343]
 [ 24.          12.22         1.744133     0.4089265 ]
 [ 25.          12.22         1.744133     0.4166453 ]
 [ 26.          12.22         1.744133     0.42505795]
 [ 27.          12.22         1.744133     0.43228576]
 [ 28.          12.22         1.744133     0.43915263]
 [ 29.          12.22         1.744133     0.44717622]
 [ 30.          12.22         1.744133     0.45481154]
 [ 31.          12.22         1.744133     0.46139145]
 [ 32.          12.22         1.744133     0.4684815 ]
 [ 33.          12.22         1.744133     0.47594243]
 [ 34.          12.22         1.744133     0.48334256]
 [ 35.          12.22         1.744133     0.49081644]
 [ 36.          12.22         1.744133     0.498274  ]
 [ 37.          12.22         1.744133     0.50711   ]
 [ 38.          12.22         1.744133     0.51451796]
 [ 39.          12.22         1.744133     0.5220672 ]
 [ 40.          12.22         1.744133     0.5307033 ]
 [ 41.          12.22         1.744133     0.53898096]
 [ 42.          12.22         1.744133     0.54706496]
 [ 43.          12.22         1.744133     0.55507535]
 [ 44.          12.22         1.744133     0.56224024]
 [ 45.          12.22         1.744133     0.5690799 ]
 [ 46.          12.22         1.744133     0.5755278 ]
 [ 47.          12.22         1.744133     0.5844021 ]
 [ 48.          12.22         1.744133     0.59137845]
 [ 49.          12.22         1.744133     0.59915805]
 [ 50.          12.22         1.744133     0.6076595 ]
 [ 51.          12.22         1.744133     0.61474735]
 [ 52.          12.22         1.744133     0.62174934]
 [ 53.          12.22         1.744133     0.62855214]
 [ 54.          12.22         1.744133     0.6354642 ]
 [ 55.          12.22         1.744133     0.64118844]
 [ 56.          12.22         1.744133     0.64756507]
 [ 57.          12.22         1.744133     0.6540212 ]
 [ 58.          12.22         1.744133     0.6598672 ]
 [ 59.          12.22         1.744133     0.6679045 ]
 [ 60.          12.22         1.744133     0.6738679 ]
 [ 61.          12.22         1.744133     0.68088794]
 [ 62.          12.22         1.744133     0.68669915]
 [ 63.          12.22         1.744133     0.69465286]
 [ 64.          12.22         1.744133     0.7012635 ]
 [ 65.          12.22         1.744133     0.7068539 ]
 [ 66.          12.22         1.744133     0.7126822 ]
 [ 67.          12.22         1.744133     0.71867913]
 [ 68.          12.22         1.744133     0.7255212 ]
 [ 69.          12.22         1.744133     0.73163843]
 [ 70.          12.22         1.744133     0.7378535 ]
 [ 71.          12.22         1.744133     0.7445382 ]
 [ 72.          12.240001     1.7558473    0.75005454]
 [ 73.          12.260001     1.7672011    0.7554288 ]
 [ 74.          12.280001     1.7796067    0.76104254]
 [ 75.          12.280001     1.7796067    0.76645005]
 [ 76.          12.280001     1.7796067    0.77182263]
 [ 77.          12.360001     1.8324845    0.77722543]
 [ 78.          12.38         1.8430951    0.7827179 ]
 [ 79.          12.400001     1.8547235    0.78845066]
 [ 80.          12.42         1.8673508    0.7942406 ]
 [ 81.          12.460001     1.898157     0.7999954 ]
 [ 82.          12.460001     1.898157     0.80920357]
 [ 83.          12.5199995    1.9408759    0.81513274]
 [ 84.          12.54         1.9578048    0.8206024 ]
 [ 85.          12.56         1.9756012    0.8259981 ]
 [ 86.          12.6          2.013703     0.83330745]
 [ 87.          12.66         2.0671237    0.83920604]
 [ 88.          12.72         2.108791     0.8450947 ]
 [ 89.          12.740001     2.129084     0.8513506 ]
 [ 90.          12.780001     2.164948     0.85744095]
 [ 91.          12.88         2.2687       0.8644314 ]
 [ 92.          12.960001     2.3458471    0.8708671 ]
 [ 93.          13.0199995    2.3794956    0.87723523]
 [ 94.          13.120002     2.4076958    0.8829449 ]
 [ 95.          13.24         2.4764895    0.8882314 ]
 [ 96.          13.339999     2.5559735    0.8941889 ]
 [ 97.          13.6          2.7568102    0.9000026 ]
 [ 98.          13.660001     2.7826245    0.90624774]
 [ 99.          13.8          2.8098044    0.9120311 ]
 [100.          13.900001     2.8783681    0.91945857]
 [101.          13.960001     2.9048235    0.9286112 ]
 [102.          14.139999     3.0121424    0.93676007]
 [103.          14.32         3.1212177    0.94372064]
 [104.          14.56         3.2600617    0.9496582 ]
 [105.          14.840001     3.4896991    0.95696276]
 [106.          14.979999     3.6002777    0.964337  ]
 [107.          15.18         3.8192935    0.9702181 ]
 [108.          15.260001     3.8714335    0.9762207 ]
 [109.          15.5199995    4.007742     0.9824772 ]
 [110.          15.8          4.140652     0.990829  ]
 [111.          16.060001     4.1258936    0.99763316]
 [112.          16.300001     4.058941     1.0040106 ]
 [113.          16.5          4.0914545    1.0103047 ]
 [114.          16.74         4.1367865    1.01788   ]
 [115.          17.039999     3.885615     1.0246569 ]
 [116.          17.460001     3.942461     1.0319246 ]
 [117.          18.08         3.9946213    1.038686  ]
 [118.          19.02         3.8983333    1.0450519 ]
 [119.          20.12         3.8166735    1.0516946 ]
 [120.          21.660002     3.855256     1.0586083 ]
 [121.          23.740002     3.7125463    1.0652424 ]
 [122.          25.94         3.87853      1.071906  ]
 [123.          28.4          3.9610612    1.0792488 ]
 [124.          30.64         3.610816     1.0861052 ]
 [125.          32.96         3.5795255    1.0931867 ]
 [126.          35.420002     3.8492866    1.0999609 ]
 [127.          37.44         3.617735     1.1065282 ]
 [128.          38.98         3.0776613    1.1148142 ]
 [129.          40.           2.8714101    1.1216354 ]
 [130.          40.76         2.6197324    1.1285591 ]
 [131.          41.18         2.4893768    1.1354735 ]
 [132.          41.38         2.4651573    1.1424513 ]
 [133.          41.62         2.596536     1.1497732 ]
 [134.          42.059998     2.5442092    1.1554282 ]
 [135.          42.94         3.0509005    1.1612128 ]
 [136.          43.760002     3.476062     1.1677048 ]
 [137.          45.44         4.2729363    1.1733389 ]
 [138.          47.219997     3.9783146    1.18306   ]
 [139.          48.88         4.259343     1.1896713 ]
 [140.          50.72         4.3476424    1.1968777 ]
 [141.          51.980007     4.1637735    1.2031305 ]
 [142.          52.639996     4.276447     1.2090963 ]
 [143.          53.18         4.0659556    1.2150916 ]
 [144.          53.640003     3.913183     1.2210016 ]
 [145.          54.420002     3.6072147    1.2278839 ]
 [146.          55.46         3.4304502    1.2341888 ]
 [147.          56.100002     3.1717489    1.240554  ]
 [148.          56.620003     3.1427681    1.2466382 ]
 [149.          57.540005     2.9022405    1.2534871 ]
 [150.          58.040005     2.7107193    1.25993   ]
 [151.          58.080006     2.563592     1.2677649 ]
 [152.          57.88         2.4772964    1.2745306 ]
 [153.          57.819996     2.39416      1.2811571 ]
 [154.          57.98         2.6366649    1.2875494 ]
 [155.          58.66         2.7437215    1.2937468 ]
 [156.          59.440002     2.6149564    1.3000067 ]
 [157.          60.100002     2.2494445    1.3073784 ]
 [158.          60.22         2.15685      1.3154062 ]
 [159.          60.4          2.4505095    1.3223089 ]
 [160.          60.440002     2.562812     1.3305752 ]
 [161.          60.46         2.5667098    1.3382295 ]
 [162.          61.24         2.9879766    1.3460377 ]
 [163.          61.66         3.0631666    1.3527049 ]
 [164.          61.9          2.6962948    1.3597106 ]
 [165.          61.66         2.4449935    1.3664316 ]
 [166.          62.180004     2.557733     1.37267   ]
 [167.          62.340004     2.8823586    1.3807471 ]
 [168.          62.7          2.7340453    1.3881155 ]
 [169.          63.019997     2.3295925    1.3953742 ]
 [170.          63.28         2.5965357    1.4023224 ]
 [171.          63.68         2.6621394    1.4104068 ]
 [172.          63.840004     2.6434827    1.4181947 ]
 [173.          64.18         2.52329      1.4243231 ]
 [174.          64.340004     2.6763773    1.4309456 ]
 [175.          64.72         2.7851405    1.4381806 ]
 [176.          65.18001      1.6902671    1.4451274 ]
 [177.          65.98         2.1004722    1.4530667 ]
 [178.          66.020004     2.523292     1.4613074 ]
 [179.          66.36001      2.1019022    1.4692274 ]
 [180.          66.22         2.3847427    1.4761809 ]
 [181.          67.520004     2.9507632    1.4830533 ]
 [182.          67.36         2.7300189    1.4905888 ]
 [183.          67.520004     2.9166765    1.4971173 ]
 [184.          68.96         1.6592147    1.5037975 ]
 [185.          67.48         4.3808684    1.5103015 ]
 [186.          68.86         2.6378038    1.5170208 ]
 [187.          70.72         2.1428952    1.5239657 ]
 [188.          69.4          2.288011     1.5305753 ]
 [189.          68.44         2.672639     1.5372771 ]
 [190.          72.3          2.6664565    1.544614  ]
 [191.          69.48         2.51734      1.551348  ]
 [192.          70.48         3.3929327    1.5582907 ]
 [193.          72.619995     3.0605552    1.564543  ]
 [194.          71.42         3.9676204    1.5699618 ]
 [195.          71.8          3.5909622    1.5752496 ]
 [196.          73.           3.0298493    1.5808052 ]
 [197.          72.14001      2.7373335    1.5865041 ]
 [198.          73.92         2.4324899    1.5920144 ]
 [199.          71.659996     4.2199545    1.5978867 ]
 [200.          73.26         2.5598814    1.6036888 ]]
The best results: 
Epoch: 198  73.92±2.43  1.592s
--------------- Train Done! ----------------
