Using cuda:0 device
Dataset     :Cora
Epochs      :200
LR X_s      :0.01
Learn A_s   :0
LR A_s      :0.01
Conden ratio:0.5
Ridge       :5.0
Kernel      :SNTK
k           :5
L           :1
Seed        :5
The 1th Iteration:
--------------------------------------------------
The 2th Iteration:
--------------------------------------------------
The 3th Iteration:
--------------------------------------------------
The 4th Iteration:
--------------------------------------------------
The 5th Iteration:
--------------------------------------------------
[[  1.          10.92         3.476636     0.4474755 ]
 [  2.          11.88         4.6510215    0.48714733]
 [  3.           7.62         1.6887866    0.52405685]
 [  4.           8.12         2.6128528    0.5621359 ]
 [  5.           8.400001     3.1496034    0.6008794 ]
 [  6.           8.56         3.4099853    0.64179635]
 [  7.           8.400001     3.0822067    0.67874646]
 [  8.           8.34         2.8736734    0.72070616]
 [  9.           8.36         2.775428     0.76251286]
 [ 10.           8.3          2.6551836    0.80419487]
 [ 11.           8.2          2.4738634    0.84428656]
 [ 12.           8.1          2.3345232    0.88572997]
 [ 13.           8.14         2.4141252    0.9282777 ]
 [ 14.           8.14         2.4754796    0.9693419 ]
 [ 15.           8.06         2.4388523    1.0137227 ]
 [ 16.           8.           2.434132     1.0578803 ]
 [ 17.           8.           2.6076808    1.1003428 ]
 [ 18.           8.06         2.9913208    1.1399428 ]
 [ 19.           8.080001     3.1292171    1.1799978 ]
 [ 20.           8.06         3.3864436    1.2229099 ]
 [ 21.           8.0199995    3.4571667    1.2622564 ]
 [ 22.           7.9800005    3.4773552    1.300237  ]
 [ 23.           7.9800005    3.5329874    1.3365582 ]
 [ 24.           7.9800005    3.5329874    1.3743311 ]
 [ 25.           7.96         3.488266     1.417411  ]
 [ 26.           7.9199996    3.3988233    1.4525862 ]
 [ 27.           7.8199997    3.1752164    1.4873497 ]
 [ 28.           7.78         3.085774     1.5274081 ]
 [ 29.           7.78         3.085774     1.5681174 ]
 [ 30.           7.7000003    2.906888     1.6073033 ]
 [ 31.           7.6800003    2.8621674    1.646395  ]
 [ 32.           7.66         2.8174455    1.680972  ]
 [ 33.           7.6400003    2.7727242    1.7193711 ]
 [ 34.           7.62         2.7280028    1.7589874 ]
 [ 35.           7.52         2.504396     1.7962173 ]
 [ 36.           7.52         2.504396     1.8328809 ]
 [ 37.           7.46         2.370232     1.8694073 ]
 [ 38.           7.44         2.3255107    1.9083157 ]
 [ 39.           7.4          2.2360678    1.9519833 ]
 [ 40.           7.4          2.2360678    1.9922316 ]
 [ 41.           7.4          2.2360678    2.0341873 ]
 [ 42.           7.4199996    2.2807891    2.0709379 ]
 [ 43.           7.46         2.370232     2.10974   ]
 [ 44.           7.46         2.370232     2.1507843 ]
 [ 45.           7.52         2.504396     2.1934621 ]
 [ 46.           7.56         2.5938387    2.2374325 ]
 [ 47.           7.62         2.7280028    2.2763793 ]
 [ 48.           7.7600007    2.7097971    2.3190236 ]
 [ 49.           8.580001     2.4963975    2.3580935 ]
 [ 50.           9.54         2.165179     2.399968  ]
 [ 51.          10.599999     1.7219174    2.4405632 ]
 [ 52.          11.42         1.3663822    2.4791806 ]
 [ 53.          12.260001     1.190798     2.522617  ]
 [ 54.          12.780001     0.90664214   2.5621727 ]
 [ 55.          13.18         0.6760179    2.5930088 ]
 [ 56.          13.54         0.40373236   2.630527  ]
 [ 57.          13.82         0.41472882   2.670549  ]
 [ 58.          13.820002     0.7981231    2.7089913 ]
 [ 59.          13.580001     1.0401921    2.748577  ]
 [ 60.          12.920001     1.0639547    2.7857106 ]
 [ 61.          12.320001     0.9523655    2.8225052 ]
 [ 62.          11.82         0.6760178    2.865065  ]
 [ 63.          11.34         0.47222883   2.9037137 ]
 [ 64.          11.08         0.35637075   2.947478  ]
 [ 65.          10.84         0.20736451   2.9870875 ]
 [ 66.          10.7          0.09999994   3.0243378 ]
 [ 67.          10.64         0.05477178   3.0621986 ]
 [ 68.          10.660001     0.0894428    3.099123  ]
 [ 69.          10.6          0.           3.13819   ]
 [ 70.          10.6          0.           3.1757221 ]
 [ 71.          10.580001     0.04472153   3.2128854 ]
 [ 72.          10.580001     0.04472153   3.2550163 ]
 [ 73.          10.580001     0.04472153   3.2906685 ]
 [ 74.          10.56         0.08944306   3.3290596 ]
 [ 75.          10.56         0.08944306   3.3702476 ]
 [ 76.          10.56         0.08944306   3.4072587 ]
 [ 77.          10.56         0.08944306   3.4472578 ]
 [ 78.          10.56         0.08944306   3.488086  ]
 [ 79.          10.56         0.08944306   3.5299737 ]
 [ 80.          10.760001     0.32093623   3.5645294 ]
 [ 81.          10.8          0.32403675   3.6000383 ]
 [ 82.          11.280001     0.5848077    3.6419632 ]
 [ 83.          11.6          0.8944272    3.6858087 ]
 [ 84.          12.22         1.0353742    3.729786  ]
 [ 85.          12.7          0.9797962    3.7716653 ]
 [ 86.          13.54         1.0830512    3.8097978 ]
 [ 87.          14.6          1.5280703    3.845747  ]
 [ 88.          15.660001     2.0887797    3.88514   ]
 [ 89.          16.9          2.053046     3.9260826 ]
 [ 90.          18.4          1.8907667    3.9613311 ]
 [ 91.          19.460001     1.7125989    4.001863  ]
 [ 92.          20.32         1.7049925    4.038371  ]
 [ 93.          21.52         1.4720731    4.07639   ]
 [ 94.          22.460001     1.4892946    4.110748  ]
 [ 95.          23.24         1.2581737    4.1481843 ]
 [ 96.          23.78         0.83785486   4.190098  ]
 [ 97.          24.2          0.62848955   4.2269216 ]
 [ 98.          24.56         0.32093656   4.258676  ]
 [ 99.          24.660002     0.27018443   4.2946715 ]
 [100.          24.74         0.1673313    4.329681  ]
 [101.          24.880003     0.17888527   4.3685226 ]
 [102.          25.039999     0.29664734   4.4043746 ]
 [103.          25.28         0.3114484    4.4467235 ]
 [104.          25.740004     0.45607018   4.487855  ]
 [105.          26.159998     0.70922476   4.5314736 ]
 [106.          26.679998     1.1211604    4.5667844 ]
 [107.          27.24         1.303073     4.607334  ]
 [108.          27.98         1.771158     4.645505  ]
 [109.          29.059998     2.1337762    4.6870546 ]
 [110.          30.26         2.3575408    4.728458  ]
 [111.          31.780003     2.8630412    4.770228  ]
 [112.          33.079998     3.1838648    4.815616  ]
 [113.          34.44         3.6018054    4.859035  ]
 [114.          35.84         3.9544911    4.898577  ]
 [115.          37.2          4.1713314    4.939743  ]
 [116.          39.120003     3.781799     4.976235  ]
 [117.          40.8          3.5944393    5.0143924 ]
 [118.          42.28         3.2919607    5.052221  ]
 [119.          43.68         3.2483835    5.0876164 ]
 [120.          44.980003     3.0417094    5.1243906 ]
 [121.          46.359997     2.5510776    5.1636767 ]
 [122.          47.78         1.8335766    5.1997313 ]
 [123.          48.76         1.6226525    5.2366366 ]
 [124.          49.62         1.5417523    5.2715325 ]
 [125.          50.46         1.4293351    5.3080187 ]
 [126.          51.4          1.6431684    5.342263  ]
 [127.          52.559998     1.422321     5.3771553 ]
 [128.          53.640003     1.6257302    5.4170165 ]
 [129.          55.02         2.142896     5.454639  ]
 [130.          56.120003     1.9511528    5.4944215 ]
 [131.          58.859997     3.6868694    5.530866  ]
 [132.          60.02         3.220559     5.5703797 ]
 [133.          62.680004     3.7325613    5.60897   ]
 [134.          64.64001      3.9411929    5.6473613 ]
 [135.          65.880005     3.6995914    5.6877666 ]
 [136.          68.619995     2.1856332    5.7283835 ]
 [137.          69.46         2.383902     5.77176   ]
 [138.          69.659996     3.1973424    5.8130445 ]
 [139.          71.6          1.1999998    5.850393  ]
 [140.          72.28001      1.2597615    5.8930774 ]
 [141.          72.22         1.6223444    5.933971  ]
 [142.          73.26         1.0549895    5.9762774 ]
 [143.          74.159996     0.5899162    6.0165915 ]
 [144.          73.82         0.9705691    6.0557766 ]
 [145.          74.44         0.723186     6.091877  ]
 [146.          75.58001      0.57183987   6.129802  ]
 [147.          75.96         0.32093525   6.165746  ]
 [148.          75.740005     0.9581212    6.2033052 ]
 [149.          76.020004     1.3160552    6.2415595 ]
 [150.          75.98         1.8390229    6.281336  ]
 [151.          76.21999      1.4307345    6.3178725 ]
 [152.          76.62         1.6739175    6.3574576 ]
 [153.          76.64001      1.2581731    6.3927627 ]
 [154.          76.82         1.1713239    6.4281716 ]
 [155.          76.619995     1.0521462    6.4701195 ]
 [156.          76.56         1.1458633    6.5133185 ]
 [157.          75.5          1.1832181    6.551459  ]
 [158.          75.68         1.042594     6.588417  ]
 [159.          76.           1.3453642    6.6272025 ]
 [160.          76.4          1.8867922    6.6697936 ]
 [161.          77.56         1.1802545    6.708282  ]
 [162.          77.840004     1.4876144    6.749312  ]
 [163.          77.46         0.9607295    6.7903123 ]
 [164.          75.14001      3.285269     6.8341417 ]
 [165.          75.880005     1.3084381    6.876713  ]
 [166.          77.04         0.83845145   6.917974  ]
 [167.          77.200005     1.9261342    6.953322  ]
 [168.          77.06         1.3831139    6.9948783 ]
 [169.          77.           1.3711293    7.0331626 ]
 [170.          76.9          2.7092433    7.070882  ]
 [171.          75.420006     5.4847093    7.1085877 ]
 [172.          76.06         3.0525403    7.1460657 ]
 [173.          76.54         2.180139     7.186435  ]
 [174.          77.72         0.9471015    7.222515  ]
 [175.          77.28         2.3889344    7.260011  ]
 [176.          74.9          4.8641567    7.299852  ]
 [177.          77.21999      2.5907512    7.337703  ]
 [178.          73.68        11.339841     7.3726783 ]
 [179.          74.060005     9.991897     7.4105067 ]
 [180.          76.48         3.3551474    7.4516335 ]
 [181.          77.240005     3.1785223    7.488196  ]
 [182.          79.56         1.7980552    7.526048  ]
 [183.          79.560005     0.88487166   7.564752  ]
 [184.          75.700005     6.667834     7.601154  ]
 [185.          77.920006     1.7852196    7.6384807 ]
 [186.          78.98         2.3402972    7.6783524 ]
 [187.          78.619995     2.064463     7.719565  ]
 [188.          77.08         1.7852175    7.7582726 ]
 [189.          77.340004     1.4842513    7.80047   ]
 [190.          77.76         0.86487055   7.8414674 ]
 [191.          78.200005     2.5563633    7.8795824 ]
 [192.          79.21999      0.81055504   7.918397  ]
 [193.          77.46         2.06712      7.9601564 ]
 [194.          78.6          1.2469993    7.9954987 ]
 [195.          79.740005     2.0403452    8.032318  ]
 [196.          77.82         2.0692973    8.075118  ]
 [197.          77.76         1.2381427    8.112351  ]
 [198.          79.64001      2.3049955    8.15002   ]
 [199.          78.82         1.0848973    8.189603  ]
 [200.          78.4          1.1726048    8.22976   ]]
The best results: 
Epoch: 195  79.74±2.04  8.032s
--------------- Train Done! ----------------
