Using cuda:0 device
Dataset     :Cora
Epochs      :200
LR X_s      :0.01
Learn A_s   :0
LR A_s      :0.01
Conden ratio:0.5
Ridge       :0.01
Kernel      :SNTK
k           :1
L           :1
Seed        :5
The 1th Iteration:
--------------------------------------------------
The 2th Iteration:
--------------------------------------------------
The 3th Iteration:
--------------------------------------------------
The 4th Iteration:
--------------------------------------------------
The 5th Iteration:
--------------------------------------------------
[[  1.           8.2          2.0518281    0.47490832]
 [  2.           7.4200006    2.1707144    0.5124513 ]
 [  3.           7.2400002    1.8782972    0.55182046]
 [  4.           7.0800004    1.5205264    0.5893705 ]
 [  5.           6.8800006    1.0183318    0.62452537]
 [  6.           6.86         0.9736531    0.66365457]
 [  7.           6.9200006    0.95498705   0.6970013 ]
 [  8.           6.9800005    0.9959919    0.7354299 ]
 [  9.           7.06         1.0139033    0.7784102 ]
 [ 10.           7.2400002    1.1696154    0.8149225 ]
 [ 11.           7.36         1.3446184    0.85057354]
 [ 12.           7.8600006    1.7558478    0.88783926]
 [ 13.           8.68         1.6589152    0.9315061 ]
 [ 14.           9.66         1.8782974    0.9738374 ]
 [ 15.          10.26         1.6364601    1.0108202 ]
 [ 16.          11.14         1.8297542    1.0540966 ]
 [ 17.          12.08         1.4703741    1.0956776 ]
 [ 18.          12.82         0.72594786   1.1378336 ]
 [ 19.          13.280001     0.37013468   1.1759496 ]
 [ 20.          13.72         0.17888503   1.2173061 ]
 [ 21.          13.44         0.6024946    1.2579873 ]
 [ 22.          12.960001     1.0667707    1.299711  ]
 [ 23.          12.5199995    0.7529936    1.3392638 ]
 [ 24.          11.88         0.6379661    1.3763787 ]
 [ 25.          11.360001     0.39749172   1.4128107 ]
 [ 26.          11.080001     0.42661467   1.449026  ]
 [ 27.          10.88         0.25884336   1.4895232 ]
 [ 28.          10.7          0.12247431   1.5324876 ]
 [ 29.          10.6          0.07071055   1.5670025 ]
 [ 30.          10.580001     0.0447216    1.6023712 ]
 [ 31.          10.72         0.32710844   1.6368548 ]
 [ 32.          10.76         0.41593257   1.6734432 ]
 [ 33.          11.           0.5612482    1.7088099 ]
 [ 34.          11.42         0.8012488    1.7445458 ]
 [ 35.          12.0199995    1.1211598    1.7813691 ]
 [ 36.          12.56         1.3296616    1.8229656 ]
 [ 37.          13.12         1.4202114    1.861647  ]
 [ 38.          13.820002     1.6053034    1.9006748 ]
 [ 39.          14.42         1.7268467    1.9427242 ]
 [ 40.          14.9800005    1.8593006    1.9817356 ]
 [ 41.          15.260001     1.9919839    2.021353  ]
 [ 42.          15.839999     1.8528354    2.0591629 ]
 [ 43.          16.52         2.198181     2.0971096 ]
 [ 44.          17.179998     2.15337      2.1342633 ]
 [ 45.          17.84         2.1686394    2.1768599 ]
 [ 46.          19.020002     2.0717146    2.219249  ]
 [ 47.          19.92         1.949872     2.2591484 ]
 [ 48.          20.98         1.943451     2.2986722 ]
 [ 49.          21.960001     1.6592166    2.3413422 ]
 [ 50.          23.060001     1.3776797    2.3824613 ]
 [ 51.          24.039999     1.184483     2.4233308 ]
 [ 52.          25.08         1.0034945    2.4648175 ]
 [ 53.          26.060001     0.9044338    2.5030134 ]
 [ 54.          27.4          1.0535654    2.5448093 ]
 [ 55.          28.88         1.0353749    2.5797    ]
 [ 56.          30.6          1.1313711    2.6180463 ]
 [ 57.          31.779999     0.8642916    2.6542442 ]
 [ 58.          33.28         1.1366614    2.6926007 ]
 [ 59.          34.84         0.94762933   2.7304707 ]
 [ 60.          36.120003     0.9338096    2.7629273 ]
 [ 61.          37.5          0.818535     2.8006132 ]
 [ 62.          38.920002     1.2214749    2.8381073 ]
 [ 63.          40.120003     1.0183328    2.8741202 ]
 [ 64.          41.639996     1.2218838    2.9112763 ]
 [ 65.          43.359997     1.56301      2.9487367 ]
 [ 66.          44.98         1.7598311    2.9828618 ]
 [ 67.          46.940002     1.9831786    3.016509  ]
 [ 68.          49.38         2.1707141    3.0560663 ]
 [ 69.          51.859997     2.389142     3.0922153 ]
 [ 70.          54.440002     1.9372663    3.128514  ]
 [ 71.          56.919994     2.1382234    3.1668851 ]
 [ 72.          59.52         2.2061272    3.207283  ]
 [ 73.          62.120003     2.2742038    3.2464242 ]
 [ 74.          65.159996     2.710719     3.2883775 ]
 [ 75.          67.4          2.41661      3.3283875 ]
 [ 76.          69.52         1.9162464    3.3658962 ]
 [ 77.          71.439995     1.87163      3.40253   ]
 [ 78.          73.420006     1.8240058    3.4418705 ]
 [ 79.          74.94         1.6133838    3.478463  ]
 [ 80.          75.939995     1.1886971    3.5165699 ]
 [ 81.          76.74         0.90443486   3.5515385 ]
 [ 82.          77.119995     0.93112653   3.5867279 ]
 [ 83.          77.52         0.7563059    3.6279545 ]
 [ 84.          77.56         0.5319752    3.6681657 ]
 [ 85.          77.700005     0.45276812   3.704348  ]
 [ 86.          77.76         0.27018446   3.7431107 ]
 [ 87.          77.9          0.46904257   3.7789593 ]
 [ 88.          78.           0.40620115   3.819247  ]
 [ 89.          78.020004     0.5495478    3.8549767 ]
 [ 90.          77.78001      0.74632585   3.8939312 ]
 [ 91.          78.020004     0.5403731    3.9285717 ]
 [ 92.          78.1          0.67823327   3.9622955 ]
 [ 93.          77.96         0.63482004   3.9942825 ]
 [ 94.          77.58001      0.6572686    4.0276027 ]
 [ 95.          77.48         0.54497933   4.06591   ]
 [ 96.          77.340004     0.51768583   4.10397   ]
 [ 97.          77.26         0.3974919    4.1412826 ]
 [ 98.          76.98         0.48682538   4.1819963 ]
 [ 99.          77.04         0.45606863   4.215918  ]
 [100.          76.94         0.37815338   4.254464  ]
 [101.          77.119995     0.54498005   4.294501  ]
 [102.          76.74         0.99649155   4.3325305 ]
 [103.          76.52         0.43243548   4.3744407 ]
 [104.          76.54         0.421901     4.413053  ]
 [105.          76.36         0.9154248    4.456137  ]
 [106.          76.54         0.665584     4.5002036 ]
 [107.          76.36001      0.42189854   4.5397005 ]
 [108.          76.48         0.49698856   4.5790377 ]
 [109.          76.98         0.6180626    4.6226044 ]
 [110.          76.520004     0.9418066    4.663208  ]
 [111.          77.14001      0.8961016    4.7001033 ]
 [112.          77.38         0.9833624    4.743755  ]
 [113.          77.4          0.65191907   4.78602   ]
 [114.          77.659996     0.37148386   4.8270626 ]
 [115.          77.66         0.46152022   4.8648243 ]
 [116.          77.76         0.85615253   4.899124  ]
 [117.          77.78001      0.92843884   4.937127  ]
 [118.          77.62         0.7918349    4.973423  ]
 [119.          77.740005     0.82036597   5.0107436 ]
 [120.          77.46         1.7126005    5.0434365 ]
 [121.          77.14         1.2992334    5.0825253 ]
 [122.          78.1          0.33911386   5.117873  ]
 [123.          77.200005     2.4279613    5.1532426 ]
 [124.          77.46         0.9555117    5.1877613 ]
 [125.          77.700005     1.1113039    5.227059  ]
 [126.          77.44         1.186593     5.264193  ]
 [127.          77.58001      0.63796437   5.300166  ]
 [128.          76.78         0.8757826    5.3386507 ]
 [129.          76.920006     0.86429334   5.3784623 ]
 [130.          77.32         1.223519     5.4187255 ]
 [131.          77.96         0.74364007   5.4620285 ]
 [132.          77.92         0.63007826   5.506404  ]
 [133.          77.939995     0.4878535    5.545173  ]
 [134.          77.44         0.691377     5.5919714 ]
 [135.          77.52001      0.44384745   5.6381316 ]
 [136.          77.18         0.87005895   5.683902  ]
 [137.          76.939995     1.3685727    5.729545  ]
 [138.          76.96         1.3501866    5.770183  ]
 [139.          76.700005     1.2144946    5.8098307 ]
 [140.          77.21999      0.481665     5.850202  ]
 [141.          76.92         1.6161693    5.8936305 ]
 [142.          77.5          0.91104126   5.9346924 ]
 [143.          78.200005     0.7516644    5.9755287 ]
 [144.          77.54         2.1054678    6.015882  ]
 [145.          76.62         3.1602225    6.052941  ]
 [146.          77.4          0.97979593   6.0877585 ]
 [147.          77.68001      0.8012483    6.1228266 ]
 [148.          77.78         0.8729295    6.159203  ]
 [149.          77.64001      1.1823697    6.191211  ]
 [150.          78.12         0.70142585   6.2238326 ]
 [151.          77.92         0.8814799    6.259362  ]
 [152.          77.76         0.98131996   6.292301  ]
 [153.          77.6          0.8972156    6.3292255 ]
 [154.          77.46001      0.60663104   6.36786   ]
 [155.          76.5          1.1335816    6.4075713 ]
 [156.          76.740005     1.2218832    6.443935  ]
 [157.          76.98         1.0592482    6.4847484 ]
 [158.          77.18         0.98081577   6.523571  ]
 [159.          77.08         0.6978561    6.5640445 ]
 [160.          77.240005     0.7092211    6.6076746 ]
 [161.          77.420006     0.855571     6.6462708 ]
 [162.          77.64001      1.0261569    6.6866317 ]
 [163.          77.64001      1.2320704    6.724707  ]
 [164.          77.420006     0.4324356    6.7646804 ]
 [165.          77.54         0.43358985   6.8034105 ]
 [166.          77.48         0.42661574   6.843525  ]
 [167.          77.659996     0.4505546    6.8797317 ]
 [168.          77.62         0.8167032    6.9197145 ]
 [169.          77.26         0.78930503   6.958839  ]
 [170.          77.21999      0.5932938    7.000445  ]
 [171.          76.78001      0.50695086   7.034363  ]
 [172.          76.82         0.83186483   7.074974  ]
 [173.          76.56         1.3069072    7.111548  ]
 [174.          76.8          0.96177125   7.1461625 ]
 [175.          77.1          0.685567     7.178804  ]
 [176.          77.           0.7071079    7.2125397 ]
 [177.          77.           0.97467935   7.250309  ]
 [178.          77.32         0.91214246   7.284552  ]
 [179.          77.26         1.0691112    7.324447  ]
 [180.          76.96         1.0454649    7.3658347 ]
 [181.          76.88         1.0894967    7.3989654 ]
 [182.          77.079994     0.9471004    7.436494  ]
 [183.          77.159996     0.93967766   7.4720764 ]
 [184.          77.08         0.988433     7.5163713 ]
 [185.          77.240005     0.92628163   7.5576525 ]
 [186.          77.36         1.0526145    7.596869  ]
 [187.          77.44         1.2401594    7.635493  ]
 [188.          77.36         1.2116092    7.671582  ]
 [189.          77.22         1.1122069    7.7103257 ]
 [190.          77.200005     1.0723819    7.7498116 ]
 [191.          77.32         1.0686433    7.7882285 ]
 [192.          77.06         0.9787736    7.830748  ]
 [193.          76.36         1.1238334    7.8720756 ]
 [194.          76.579994     0.9176052    7.910952  ]
 [195.          76.44         0.82036793   7.950574  ]
 [196.          76.840004     0.5128361    7.989898  ]
 [197.          76.62         0.47644654   8.029326  ]
 [198.          76.56         0.5683329    8.070691  ]
 [199.          76.58         0.5263057    8.110711  ]
 [200.          76.68         0.46583474   8.151323  ]]
The best results: 
Epoch: 143  78.20±0.75  5.976s
--------------- Train Done! ----------------
