Using cuda:0 device
Dataset     :Cora
Epochs      :200
LR X_s      :0.01
Learn A_s   :0
LR A_s      :0.01
Conden ratio:1.0
Ridge       :0.001
Kernel      :SGNK
k           :2
L           :1
Seed        :5
The 1th Iteration:
--------------------------------------------------
The 2th Iteration:
--------------------------------------------------
The 3th Iteration:
--------------------------------------------------
The 4th Iteration:
--------------------------------------------------
The 5th Iteration:
--------------------------------------------------
[[  1.          37.320004     6.9099207    0.3944254 ]
 [  2.          55.059998     7.32482      0.41086036]
 [  3.          62.080006     5.670273     0.4216198 ]
 [  4.          65.020004     4.522389     0.4331455 ]
 [  5.          66.12         4.166177     0.4441273 ]
 [  6.          66.56         3.8318412    0.4571766 ]
 [  7.          66.64001      3.8109062    0.47280964]
 [  8.          66.4          4.078603     0.48649213]
 [  9.          66.21999      4.3973846    0.5006615 ]
 [ 10.          66.           5.1720395    0.5196719 ]
 [ 11.          65.96         5.2419453    0.53119457]
 [ 12.          66.24         5.606067     0.5451028 ]
 [ 13.          66.78001      5.5468035    0.5557839 ]
 [ 14.          67.840004     4.922704     0.5679049 ]
 [ 15.          70.38         3.891914     0.5842225 ]
 [ 16.          71.58001      3.1051574    0.59519   ]
 [ 17.          71.26         4.8438644    0.6077023 ]
 [ 18.          63.840004     8.518684     0.63261074]
 [ 19.          74.200005     3.786158     0.64943826]
 [ 20.          73.58         2.4335177    0.65953064]
 [ 21.          76.58         2.3868387    0.6701733 ]
 [ 22.          74.200005     3.5213642    0.6826924 ]
 [ 23.          75.6          2.2494466    0.70182914]
 [ 24.          76.479996     2.076535     0.72064537]
 [ 25.          78.04         1.2700386    0.7339159 ]
 [ 26.          78.060005     1.3408942    0.74857384]
 [ 27.          78.21999      1.2716124    0.7620698 ]
 [ 28.          78.88         2.497397     0.77194494]
 [ 29.          78.54         2.3818057    0.7814709 ]
 [ 30.          79.8          1.2490016    0.79293483]
 [ 31.          80.28         0.9418047    0.80281466]
 [ 32.          79.9          1.7117239    0.81226426]
 [ 33.          80.240005     1.0968133    0.8193855 ]
 [ 34.          79.08         1.9942425    0.83548164]
 [ 35.          79.520004     2.006741     0.8472771 ]
 [ 36.          78.840004     1.1610328    0.85718536]
 [ 37.          78.08         3.08982      0.8657398 ]
 [ 38.          80.08001      1.4377067    0.872814  ]
 [ 39.          79.68001      2.541061     0.8869715 ]
 [ 40.          80.68         1.2194239    0.90158063]
 [ 41.          80.26         0.915422     0.91544384]
 [ 42.          80.32         1.0940738    0.9316763 ]
 [ 43.          80.12         0.63796407   0.94062346]
 [ 44.          80.119995     0.6496142    0.94957465]
 [ 45.          80.32         0.9418081    0.96669286]
 [ 46.          80.04         0.6618184    0.97648335]
 [ 47.          79.98         0.6340389    0.9940672 ]
 [ 48.          80.           0.78102577   1.0093211 ]
 [ 49.          80.340004     0.8294573    1.022663  ]
 [ 50.          79.9          0.9300497    1.0325218 ]
 [ 51.          80.5          0.5244037    1.0394757 ]
 [ 52.          79.700005     1.9118026    1.050856  ]
 [ 53.          79.94         0.48270428   1.0577097 ]
 [ 54.          80.04         1.1148988    1.0738614 ]
 [ 55.          79.3          1.9544815    1.0875653 ]
 [ 56.          79.020004     1.9562715    1.1032972 ]
 [ 57.          79.32         1.6604208    1.1112808 ]
 [ 58.          79.38         1.323629     1.1167266 ]
 [ 59.          80.920006     0.95760053   1.1263479 ]
 [ 60.          79.68         1.2518008    1.1414464 ]
 [ 61.          80.1          0.69641995   1.165574  ]
 [ 62.          80.380005     0.5805166    1.1878194 ]
 [ 63.          80.44         0.59413904   1.20372   ]
 [ 64.          79.94         0.77652776   1.2163956 ]
 [ 65.          80.240005     0.630871     1.2287731 ]
 [ 66.          80.520004     0.67601544   1.2398905 ]
 [ 67.          79.700005     0.8602286    1.2508916 ]
 [ 68.          79.96001      1.1886982    1.2584735 ]
 [ 69.          80.22         0.8843071    1.2761345 ]
 [ 70.          80.200005     0.9539383    1.2894509 ]
 [ 71.          79.48         0.5974948    1.2996416 ]
 [ 72.          80.           0.19999743   1.3119193 ]
 [ 73.          79.979996     0.62209326   1.3209171 ]
 [ 74.          78.42         2.1028566    1.3305953 ]
 [ 75.          79.22         1.1819447    1.3390788 ]
 [ 76.          78.06         1.2778883    1.3485664 ]
 [ 77.          79.740005     1.3464764    1.3587674 ]
 [ 78.          80.020004     0.59329855   1.3705615 ]
 [ 79.          79.67999      0.6379669    1.3823365 ]
 [ 80.          78.88         1.3881644    1.3934579 ]
 [ 81.          80.04         0.6426501    1.4046978 ]
 [ 82.          77.880005     4.7150836    1.4192705 ]
 [ 83.          79.740005     1.375865     1.4329035 ]
 [ 84.          79.94         0.6580286    1.4464003 ]
 [ 85.          79.8          0.39370117   1.4548438 ]
 [ 86.          80.08001      0.601663     1.461572  ]
 [ 87.          80.12         0.4147293    1.4786774 ]
 [ 88.          78.340004     2.2645097    1.4937161 ]
 [ 89.          80.12         0.78549516   1.5083666 ]
 [ 90.          79.44         2.0218818    1.5231366 ]
 [ 91.          80.52         1.0848973    1.5379719 ]
 [ 92.          80.08001      0.5585698    1.5502653 ]
 [ 93.          79.52         1.2008336    1.562321  ]
 [ 94.          79.94         0.7300681    1.578343  ]
 [ 95.          79.76         0.7056927    1.5925522 ]
 [ 96.          79.94         0.66558295   1.6000222 ]
 [ 97.          79.82         0.50695133   1.6063737 ]
 [ 98.          80.159996     0.7162413    1.6155404 ]
 [ 99.          79.68001      0.80436265   1.6264031 ]
 [100.          80.18         0.92032534   1.6363671 ]
 [101.          79.880005     0.7328011    1.6477836 ]
 [102.          79.94         0.7231875    1.660292  ]
 [103.          79.86         1.408193     1.667355  ]
 [104.          79.56         0.68775094   1.6756634 ]
 [105.          80.04         1.14149      1.6873484 ]
 [106.          78.72         3.3417044    1.7030087 ]
 [107.          79.98         0.5019995    1.7247795 ]
 [108.          79.94         0.6066307    1.738965  ]
 [109.          80.26         1.0406753    1.7526547 ]
 [110.          80.4          1.2103722    1.7664254 ]
 [111.          80.1          1.1357819    1.7798891 ]
 [112.          80.18001      0.9959885    1.7889289 ]
 [113.          79.9          0.51478624   1.8033619 ]
 [114.          79.82         0.5890673    1.813012  ]
 [115.          79.86         0.71273863   1.8212827 ]
 [116.          79.5          0.7999963    1.8321167 ]
 [117.          79.96         0.92897916   1.8448639 ]
 [118.          79.32         0.64575225   1.8567723 ]
 [119.          79.5          1.0295606    1.8712605 ]
 [120.          80.1          1.0295652    1.884496  ]
 [121.          80.5          1.0488069    1.8969458 ]
 [122.          80.17999      0.41472864   1.9117268 ]
 [123.          79.88         0.5449774    1.920936  ]
 [124.          80.04         0.20736073   1.9336048 ]
 [125.          79.84         0.63087445   1.9557533 ]
 [126.          79.920006     0.6833746    1.975269  ]
 [127.          79.82         0.3114484    1.99208   ]
 [128.          79.920006     0.4147271    2.0070732 ]
 [129.          80.119995     0.42661598   2.0198464 ]
 [130.          79.88         0.50695246   2.0333197 ]
 [131.          80.159996     0.28809598   2.0456245 ]
 [132.          80.020004     0.3633191    2.0575104 ]
 [133.          80.060005     0.72319      2.0673358 ]
 [134.          80.           0.30822188   2.0745971 ]
 [135.          80.21999      0.35637185   2.0809677 ]
 [136.          79.86         0.3911531    2.089191  ]
 [137.          79.86001      0.5899169    2.0989249 ]
 [138.          80.48         0.3962319    2.1094968 ]
 [139.          80.520004     0.13038284   2.1175556 ]
 [140.          80.36         0.39749193   2.1257527 ]
 [141.          80.420006     0.19235352   2.1398613 ]
 [142.          80.439995     0.41593444   2.1572347 ]
 [143.          80.240005     0.28809696   2.1655407 ]
 [144.          80.380005     0.42661425   2.1776435 ]
 [145.          80.26         0.40373215   2.1927419 ]
 [146.          80.04         0.65421736   2.2069337 ]
 [147.          80.32         0.21679446   2.219565  ]
 [148.          80.46         0.45607242   2.2329116 ]
 [149.          80.14001      0.70213956   2.243848  ]
 [150.          80.340004     0.4669065    2.2570958 ]
 [151.          80.1          0.31622836   2.267001  ]
 [152.          79.94         0.41593248   2.2802963 ]
 [153.          80.14001      0.33615193   2.2918537 ]
 [154.          80.46         0.40373406   2.2998776 ]
 [155.          80.02         0.27749094   2.3146179 ]
 [156.          80.02         0.2949583    2.33078   ]
 [157.          80.240005     0.37148497   2.3431585 ]
 [158.          79.86         0.39115143   2.3498635 ]
 [159.          79.9          0.34641048   2.3578844 ]
 [160.          80.3          0.43011525   2.3655696 ]
 [161.          80.44         0.21908735   2.377681  ]
 [162.          80.06         0.288097     2.3872478 ]
 [163.          79.94         0.28809944   2.4075983 ]
 [164.          80.12         0.23874903   2.4269512 ]
 [165.          79.880005     0.53572375   2.440569  ]
 [166.          79.840004     0.61073494   2.4498465 ]
 [167.          80.1          0.2738594    2.4581726 ]
 [168.          79.380005     1.4549912    2.4776936 ]
 [169.          80.38         0.62209475   2.4908977 ]
 [170.          79.64001      1.3107238    2.499595  ]
 [171.          79.46         1.5093032    2.5058382 ]
 [172.          79.96         0.13416204   2.5161984 ]
 [173.          80.14001      0.4037319    2.5291054 ]
 [174.          80.26         0.13416487   2.538422  ]
 [175.          80.22         0.3420552    2.5497339 ]
 [176.          80.04         0.41593003   2.561075  ]
 [177.          79.939995     0.26077086   2.570076  ]
 [178.          80.18         0.19235267   2.581128  ]
 [179.          80.240005     0.20736597   2.588621  ]
 [180.          80.28001      0.24899726   2.5986297 ]
 [181.          80.08001      0.25884396   2.6108851 ]
 [182.          79.9          0.40620065   2.6223392 ]
 [183.          80.1          0.23452047   2.637355  ]
 [184.          80.48         0.19235368   2.647715  ]
 [185.          80.22         0.34928507   2.660111  ]
 [186.          79.84         0.4505554    2.673925  ]
 [187.          79.84         0.40373304   2.6863484 ]
 [188.          79.98         0.41472775   2.6958845 ]
 [189.          80.18001      0.16431867   2.711957  ]
 [190.          80.26         0.23021808   2.7298596 ]
 [191.          80.14001      0.25099996   2.7386003 ]
 [192.          79.82001      0.6685816    2.7487316 ]
 [193.          79.9          0.43011415   2.7620003 ]
 [194.          79.96         0.52725595   2.7737083 ]
 [195.          80.02         0.36331722   2.785426  ]
 [196.          79.920006     0.63403654   2.7918744 ]
 [197.          79.880005     0.56744885   2.801363  ]
 [198.          79.920006     0.39623103   2.8105836 ]
 [199.          80.14001      0.20736313   2.8201313 ]
 [200.          80.200005     0.4949762    2.8294196 ]]
The best results: 
Epoch: 59  80.92±0.96  1.126s
--------------- Train Done! ----------------
--------------- Save Done! ----------------
