Using cuda:0 device
Dataset     :Cora
Epochs      :200
LR X_s      :0.01
Learn A_s   :0
LR A_s      :0.01
Conden ratio:0.25
Ridge       :0.1
Kernel      :SGNK
k           :1
L           :1
Seed        :5
The 1th Iteration:
--------------------------------------------------
The 2th Iteration:
--------------------------------------------------
The 3th Iteration:
--------------------------------------------------
The 4th Iteration:
--------------------------------------------------
The 5th Iteration:
--------------------------------------------------
[[  1.          19.520002     3.0817204    0.47128364]
 [  2.          26.6          4.1490965    0.48166996]
 [  3.          34.640003     5.2017303    0.48842335]
 [  4.          40.700005     6.233779     0.49497342]
 [  5.          45.16         6.358302     0.5009349 ]
 [  6.          49.02         6.5373545    0.5068833 ]
 [  7.          51.68         6.4739485    0.51463145]
 [  8.          54.080006     6.3786364    0.5220595 ]
 [  9.          56.26         6.127641     0.53467804]
 [ 10.          58.059998     6.2636266    0.5414996 ]
 [ 11.          59.5          6.0045815    0.5489558 ]
 [ 12.          60.340004     5.6782923    0.55546665]
 [ 13.          61.340004     5.4289055    0.5608863 ]
 [ 14.          62.019997     5.0859613    0.5670203 ]
 [ 15.          62.72         4.7256756    0.5711734 ]
 [ 16.          63.639996     4.339698     0.5763423 ]
 [ 17.          64.200005     3.8542194    0.5818005 ]
 [ 18.          64.96         3.685511     0.5863668 ]
 [ 19.          65.58001      3.2652721    0.5934277 ]
 [ 20.          66.04         3.103708     0.6008133 ]
 [ 21.          66.66         3.0541785    0.6071596 ]
 [ 22.          67.26         2.9954944    0.61605614]
 [ 23.          67.5          2.8792365    0.623379  ]
 [ 24.          68.08001      2.84728      0.63040847]
 [ 25.          68.48         2.7743456    0.63753295]
 [ 26.          68.700005     2.8661811    0.6471814 ]
 [ 27.          68.920006     2.727088     0.6567129 ]
 [ 28.          69.159996     2.4704256    0.6673769 ]
 [ 29.          69.420006     2.1776133    0.67644274]
 [ 30.          69.6          1.913111     0.6834455 ]
 [ 31.          69.88         1.8074819    0.6964307 ]
 [ 32.          70.18001      1.7569873    0.7028653 ]
 [ 33.          70.44         1.7910887    0.7098995 ]
 [ 34.          70.700005     1.4983324    0.716533  ]
 [ 35.          70.86         1.5388286    0.72695124]
 [ 36.          71.020004     1.6192576    0.73734105]
 [ 37.          71.18001      1.4990023    0.7457544 ]
 [ 38.          71.420006     1.2833563    0.7555729 ]
 [ 39.          71.54         1.2320727    0.7655602 ]
 [ 40.          71.64001      1.4397908    0.7756732 ]
 [ 41.          71.740005     1.4484454    0.7833024 ]
 [ 42.          71.96         1.2381431    0.79157895]
 [ 43.          71.920006     1.1122049    0.7997662 ]
 [ 44.          71.920006     1.1211613    0.8108365 ]
 [ 45.          72.14001      1.0478518    0.82121104]
 [ 46.          72.28001      0.9038806    0.83539546]
 [ 47.          72.38         1.0425912    0.8556902 ]
 [ 48.          72.44         0.8443935    0.8691756 ]
 [ 49.          72.420006     0.8700546    0.87681913]
 [ 50.          72.4          0.9219534    0.885402  ]
 [ 51.          72.420006     0.8843074    0.89403754]
 [ 52.          72.520004     0.95236474   0.9040001 ]
 [ 53.          72.71999      0.99599177   0.9126955 ]
 [ 54.          72.94         0.90719545   0.920541  ]
 [ 55.          72.92         0.9959925    0.930355  ]
 [ 56.          72.9          0.96695405   0.9445268 ]
 [ 57.          72.979996     1.0207834    0.9514039 ]
 [ 58.          73.06         1.0667709    0.961492  ]
 [ 59.          73.1          1.176858     0.96926355]
 [ 60.          73.26         1.1349013    0.9776743 ]
 [ 61.          73.32001      1.0639575    0.9855472 ]
 [ 62.          73.68001      1.0639564    0.9944639 ]
 [ 63.          73.88         1.0756395    1.0036469 ]
 [ 64.          74.1          0.96695244   1.0134968 ]
 [ 65.          74.4          0.974681     1.0215853 ]
 [ 66.          74.659996     0.9762182    1.0303398 ]
 [ 67.          74.86001      0.86775637   1.037825  ]
 [ 68.          74.96         0.8734982    1.0468804 ]
 [ 69.          75.18         1.0709804    1.0549978 ]
 [ 70.          75.52         1.0756372    1.0611343 ]
 [ 71.          75.920006     0.85264105   1.0673672 ]
 [ 72.          76.08001      0.77910554   1.0758291 ]
 [ 73.          76.44         0.8961048    1.0845636 ]
 [ 74.          76.740005     0.6693279    1.0958441 ]
 [ 75.          77.240005     0.7300693    1.1050446 ]
 [ 76.          77.14001      0.4505557    1.1154774 ]
 [ 77.          77.46         0.5319775    1.1225971 ]
 [ 78.          77.34         0.4929489    1.1303345 ]
 [ 79.          77.78001      0.5630267    1.1386646 ]
 [ 80.          77.38         0.9176033    1.147431  ]
 [ 81.          77.86         0.32093844   1.1526583 ]
 [ 82.          77.72001      0.4764434    1.1612548 ]
 [ 83.          77.08         0.6870207    1.1720937 ]
 [ 84.          77.880005     0.9257434    1.1806396 ]
 [ 85.          76.56         1.3557254    1.1911199 ]
 [ 86.          77.1          0.7176352    1.2016362 ]
 [ 87.          76.880005     1.4532725    1.2096218 ]
 [ 88.          76.6          1.0099503    1.2156214 ]
 [ 89.          75.420006     2.0092287    1.2210337 ]
 [ 90.          77.619995     0.8871306    1.2261757 ]
 [ 91.          76.38         0.8955444    1.2309079 ]
 [ 92.          76.76         0.79561126   1.234931  ]
 [ 93.          77.06         0.54129565   1.2426789 ]
 [ 94.          76.939995     0.55045325   1.2509222 ]
 [ 95.          76.939995     0.72663623   1.2590055 ]
 [ 96.          75.78001      1.8253794    1.2676762 ]
 [ 97.          77.12         0.6534511    1.2782377 ]
 [ 98.          75.54         1.5241383    1.2917887 ]
 [ 99.          75.56         0.87350166   1.3010945 ]
 [100.          76.44         0.5549796    1.3072582 ]
 [101.          75.9          2.209072     1.3144301 ]
 [102.          76.52         0.9833616    1.3226322 ]
 [103.          76.42         1.3971407    1.3312229 ]
 [104.          74.840004     2.4764884    1.3386167 ]
 [105.          76.48         0.42071128   1.3475198 ]
 [106.          76.56         0.6107347    1.3555678 ]
 [107.          75.96001      1.4415258    1.3604435 ]
 [108.          76.32         0.94710207   1.3698378 ]
 [109.          76.56         1.0358568    1.3822674 ]
 [110.          76.84         0.78930455   1.3930852 ]
 [111.          76.78         0.3033165    1.4022602 ]
 [112.          76.740005     0.57706106   1.4121696 ]
 [113.          76.62         0.83486766   1.4198273 ]
 [114.          76.72         0.4494447    1.4270402 ]
 [115.          76.38         0.8584882    1.4352636 ]
 [116.          76.18001      0.9338093    1.4404854 ]
 [117.          76.5          0.6204854    1.4458069 ]
 [118.          76.28         0.49699068   1.4546068 ]
 [119.          76.3          0.62048393   1.4608711 ]
 [120.          76.44         0.6618176    1.4673477 ]
 [121.          76.54         0.8677568    1.475736  ]
 [122.          76.5          0.72111076   1.4846807 ]
 [123.          76.3          0.6324547    1.4930476 ]
 [124.          76.18001      0.35636964   1.4992758 ]
 [125.          76.08001      0.21679443   1.5057944 ]
 [126.          76.           0.8514701    1.5135252 ]
 [127.          76.28         0.7726562    1.5205553 ]
 [128.          76.159996     0.8018722    1.5285158 ]
 [129.          76.380005     0.7155443    1.5392524 ]
 [130.          76.340004     0.6268982    1.5519209 ]
 [131.          76.26         0.2509983    1.5629376 ]
 [132.          76.32         0.4381804    1.5705473 ]
 [133.          76.38         0.39623237   1.5785933 ]
 [134.          76.32001      0.50199455   1.5876669 ]
 [135.          76.3          0.6892012    1.5982213 ]
 [136.          76.200005     0.8154741    1.6099156 ]
 [137.          76.36         0.716239     1.6222813 ]
 [138.          76.48         0.67601824   1.632659  ]
 [139.          76.26         0.64652854   1.6458124 ]
 [140.          76.3          0.64807576   1.6552016 ]
 [141.          76.240005     0.5504556    1.662767  ]
 [142.          76.28         0.43243605   1.6694714 ]
 [143.          76.28         0.39623228   1.6791108 ]
 [144.          76.3          0.3240368    1.6907494 ]
 [145.          76.46         0.37148437   1.7004699 ]
 [146.          76.54         0.6107358    1.7097281 ]
 [147.          76.68         0.6180608    1.7178166 ]
 [148.          76.6          0.55226874   1.7285372 ]
 [149.          76.48         0.6260967    1.7380066 ]
 [150.          76.32         0.75299186   1.7487099 ]
 [151.          76.38         0.622093     1.7583002 ]
 [152.          76.54         0.58137894   1.7656893 ]
 [153.          76.58         0.61400515   1.7744058 ]
 [154.          76.62         0.7190279    1.781073  ]
 [155.          76.46         0.7765323    1.7882588 ]
 [156.          76.54         0.73006874   1.7956127 ]
 [157.          76.54         0.7127401    1.8075291 ]
 [158.          76.44         0.7021384    1.8145281 ]
 [159.          76.56         0.55497783   1.8217095 ]
 [160.          76.6          0.46368435   1.8332633 ]
 [161.          76.68001      0.39623213   1.841595  ]
 [162.          76.700005     0.2738615    1.8517951 ]
 [163.          76.700005     0.29154554   1.8645833 ]
 [164.          76.72001      0.31144667   1.8729677 ]
 [165.          76.740005     0.34350905   1.8803486 ]
 [166.          76.76         0.27018428   1.8855155 ]
 [167.          76.700005     0.36742494   1.89112   ]
 [168.          76.64001      0.45055187   1.9010075 ]
 [169.          76.52001      0.43243483   1.9098911 ]
 [170.          76.58         0.50199294   1.9166914 ]
 [171.          76.64001      0.5128368    1.92589   ]
 [172.          76.659996     0.53197783   1.9317974 ]
 [173.          76.700005     0.608277     1.9382647 ]
 [174.          76.700005     0.5787932    1.9439484 ]
 [175.          76.700005     0.5958192    1.9489397 ]
 [176.          76.700005     0.6284892    1.9551706 ]
 [177.          76.700005     0.6164415    1.9639078 ]
 [178.          76.659996     0.59413755   1.971268  ]
 [179.          76.6          0.6123723    1.980861  ]
 [180.          76.619995     0.6016656    1.9900293 ]
 [181.          76.619995     0.5495476    1.9987223 ]
 [182.          76.58         0.47117233   2.007193  ]
 [183.          76.56         0.47222644   2.0159667 ]
 [184.          76.520004     0.42661595   2.0243175 ]
 [185.          76.58         0.3271079    2.0312777 ]
 [186.          76.6          0.29154882   2.0384178 ]
 [187.          76.619995     0.28635862   2.052041  ]
 [188.          76.6          0.3316616    2.0693269 ]
 [189.          76.6          0.31622344   2.0784686 ]
 [190.          76.6          0.31622344   2.0870378 ]
 [191.          76.64         0.27928412   2.0976436 ]
 [192.          76.6          0.2828421    2.106005  ]
 [193.          76.58001      0.2949557    2.1142926 ]
 [194.          76.56         0.30495843   2.1224189 ]
 [195.          76.54         0.32093397   2.1306283 ]
 [196.          76.520004     0.2774871    2.137724  ]
 [197.          76.5          0.29999956   2.1467142 ]
 [198.          76.5          0.29999956   2.1592128 ]
 [199.          76.44         0.36469126   2.1737144 ]
 [200.          76.44         0.36469126   2.187799  ]]
The best results: 
Epoch: 84  77.88±0.93  1.181s
--------------- Train Done! ----------------
--------------- Save Done! ----------------
