Using cuda:0 device
Dataset     :Cora
Epochs      :200
LR X_s      :0.01
Learn A_s   :1
LR A_s      :0.01
Conden ratio:0.5
Ridge       :0.1
Kernel      :SGNK
k           :3
L           :1
Seed        :5
The 1th Iteration:
--------------------------------------------------
The 2th Iteration:
--------------------------------------------------
The 3th Iteration:
--------------------------------------------------
The 4th Iteration:
--------------------------------------------------
The 5th Iteration:
--------------------------------------------------
[[  1.          10.6          2.8151376    0.24874654]
 [  2.          10.360001     2.6368542    0.25411993]
 [  3.          11.280001     2.2753022    0.2591795 ]
 [  4.          11.8          1.7334933    0.26440692]
 [  5.          11.66         1.8756332    0.27049756]
 [  6.          11.639999     1.8955208    0.27679285]
 [  7.          11.54         2.0069876    0.28392062]
 [  8.          11.5199995    2.0315018    0.29120493]
 [  9.          11.48         2.0825465    0.298278  ]
 [ 10.          11.48         2.0825465    0.30443135]
 [ 11.          11.58         1.960102     0.31046945]
 [ 12.          11.62         1.8780307    0.31743747]
 [ 13.          11.72         1.8212632    0.3227954 ]
 [ 14.          11.82         1.7498571    0.3284298 ]
 [ 15.          11.82         1.7498571    0.33420825]
 [ 16.          11.839999     1.7386775    0.34010926]
 [ 17.          11.82         1.7498571    0.34594828]
 [ 18.          11.94         1.6994115    0.35163847]
 [ 19.          12.           1.6896745    0.35764346]
 [ 20.          12.08         1.6932216    0.36359572]
 [ 21.          12.08         1.6932216    0.37125745]
 [ 22.          12.24         1.7558473    0.3780501 ]
 [ 23.          12.32         1.8130084    0.3852882 ]
 [ 24.          12.32         1.8130084    0.39215228]
 [ 25.          12.28         1.782414     0.39820796]
 [ 26.          12.48         1.9715475    0.40460506]
 [ 27.          12.54         2.044016     0.41212317]
 [ 28.          12.56         2.0695412    0.4192562 ]
 [ 29.          12.58         2.0957098    0.42634684]
 [ 30.          12.639999     2.177843     0.4333786 ]
 [ 31.          12.5          1.9949936    0.4410827 ]
 [ 32.          12.42         1.9702792    0.4478576 ]
 [ 33.          12.400001     1.9493588    0.45390233]
 [ 34.          12.400001     1.9493588    0.46083233]
 [ 35.          12.3          1.7378145    0.46741134]
 [ 36.          12.400001     1.5748013    0.47441134]
 [ 37.          12.460001     1.4415271    0.4804554 ]
 [ 38.          12.66         1.3885247    0.4867939 ]
 [ 39.          12.6          1.3209847    0.49391508]
 [ 40.          12.56         1.1588786    0.5016491 ]
 [ 41.          12.62         1.0256705    0.50812495]
 [ 42.          12.82         0.58480775   0.51454544]
 [ 43.          12.8          0.62849015   0.5207361 ]
 [ 44.          13.12         0.1643168    0.52718747]
 [ 45.          13.24         0.43358955   0.5331401 ]
 [ 46.          13.62         1.3311648    0.5401651 ]
 [ 47.          13.580001     1.188276     0.545747  ]
 [ 48.          13.720001     1.5006663    0.5521017 ]
 [ 49.          13.68         1.4113824    0.5584887 ]
 [ 50.          13.7          1.4560214    0.5649151 ]
 [ 51.          13.660001     1.4205635    0.5709962 ]
 [ 52.          13.68         1.4113824    0.5781905 ]
 [ 53.          13.68         1.4113824    0.58350796]
 [ 54.          13.660001     1.26412      0.58873457]
 [ 55.          13.74         1.2561846    0.5936575 ]
 [ 56.          14.2          1.6807736    0.59927464]
 [ 57.          14.12         1.5482249    0.60474586]
 [ 58.          14.280001     1.7584082    0.6100444 ]
 [ 59.          14.260001     1.7256886    0.6152262 ]
 [ 60.          14.379999     1.9057804    0.62044513]
 [ 61.          14.460001     2.0144477    0.6259732 ]
 [ 62.          14.260001     1.728583     0.63121843]
 [ 63.          14.54         2.1582403    0.6365306 ]
 [ 64.          14.660001     2.334095     0.64198476]
 [ 65.          14.860001     2.5996156    0.64819497]
 [ 66.          14.88         2.4963973    0.65449816]
 [ 67.          14.94         2.5764313    0.66024613]
 [ 68.          15.079999     2.6845856    0.6658202 ]
 [ 69.          15.079999     2.6262138    0.6713517 ]
 [ 70.          15.18         2.6873784    0.67664903]
 [ 71.          15.24         2.5006003    0.682159  ]
 [ 72.          15.38         2.5420463    0.6883318 ]
 [ 73.          15.62         2.5381095    0.6942046 ]
 [ 74.          15.8          2.5758493    0.70153964]
 [ 75.          15.920001     2.7887275    0.7078293 ]
 [ 76.          16.039999     2.818333     0.7137076 ]
 [ 77.          16.160002     2.8227646    0.7205135 ]
 [ 78.          16.34         2.8430617    0.7265553 ]
 [ 79.          16.58         2.8891175    0.73290735]
 [ 80.          16.88         2.9886453    0.73932487]
 [ 81.          17.300001     2.9453356    0.74636954]
 [ 82.          17.76         2.8183331    0.75336766]
 [ 83.          18.08         2.9371755    0.7603436 ]
 [ 84.          18.7          3.0967722    0.7673345 ]
 [ 85.          19.12         3.336465     0.77434504]
 [ 86.          19.460001     3.7460659    0.7817458 ]
 [ 87.          19.64         3.555699     0.78928304]
 [ 88.          20.539999     3.9003847    0.7968623 ]
 [ 89.          21.4          5.033389     0.80456126]
 [ 90.          21.74         5.140331     0.8119896 ]
 [ 91.          22.2          5.703945     0.81948227]
 [ 92.          22.499998     5.3089542    0.82761   ]
 [ 93.          22.48         4.804894     0.8356182 ]
 [ 94.          22.92         5.486529     0.8440995 ]
 [ 95.          23.02         5.4769516    0.8528221 ]
 [ 96.          23.1          5.423098     0.8615471 ]
 [ 97.          23.020002     5.58856      0.87000066]
 [ 98.          22.980001     5.9090614    0.87781066]
 [ 99.          22.86         5.934054     0.88516515]
 [100.          22.94         5.9011016    0.89137787]
 [101.          23.02         5.763852     0.8979111 ]
 [102.          23.2          5.99333      0.90447265]
 [103.          23.800001     6.278535     0.9109341 ]
 [104.          24.160002     6.4581733    0.9174986 ]
 [105.          24.38         5.4508705    0.92538494]
 [106.          25.34         5.750044     0.93312216]
 [107.          26.62         5.45133      0.9400286 ]
 [108.          28.440002     5.3313227    0.94699347]
 [109.          30.020002     5.3270063    0.95485896]
 [110.          31.920002     5.86788      0.9628051 ]
 [111.          33.36         6.6620584    0.9687983 ]
 [112.          35.600002     8.164865     0.9744174 ]
 [113.          36.920002     7.957198     0.98168004]
 [114.          38.260002     8.549445     0.98686713]
 [115.          39.360004     8.769436     0.992287  ]
 [116.          40.5          8.639155     0.997647  ]
 [117.          42.140003     8.624558     1.0033559 ]
 [118.          43.980003     8.844604     1.0088526 ]
 [119.          44.340004     8.736017     1.0143305 ]
 [120.          44.820004     9.602969     1.021628  ]
 [121.          48.120003     8.787605     1.0280166 ]
 [122.          50.66         8.879921     1.0345777 ]
 [123.          52.74         8.44174      1.0411469 ]
 [124.          53.76         8.254878     1.0483707 ]
 [125.          55.74         9.04229      1.0550374 ]
 [126.          57.46         8.802728     1.061123  ]
 [127.          58.940002     7.8136425    1.0710653 ]
 [128.          60.079998     7.4041862    1.0780901 ]
 [129.          62.419994     8.596918     1.0847673 ]
 [130.          64.08001      8.524496     1.0912553 ]
 [131.          64.48         8.693213     1.0978348 ]
 [132.          65.659996     8.5920315    1.1042048 ]
 [133.          66.56         7.61597      1.110445  ]
 [134.          66.92         7.302533     1.1173428 ]
 [135.          67.16         7.035483     1.1230942 ]
 [136.          67.380005     7.196319     1.1288519 ]
 [137.          67.71999      7.181713     1.134437  ]
 [138.          68.66         7.0578327    1.1417431 ]
 [139.          69.06         7.29404      1.1475936 ]
 [140.          69.46         7.399189     1.1534042 ]
 [141.          68.920006     8.991496     1.159201  ]
 [142.          69.46         9.367658     1.1651026 ]
 [143.          71.020004     8.755967     1.1707559 ]
 [144.          71.520004     5.5809493    1.1765164 ]
 [145.          72.58         3.8867707    1.1822003 ]
 [146.          72.86         2.246775     1.187916  ]
 [147.          73.1          1.7478577    1.1939014 ]
 [148.          72.840004     1.3277781    1.1999559 ]
 [149.          73.840004     1.6546936    1.2060301 ]
 [150.          74.32         1.6991183    1.2119914 ]
 [151.          74.64001      2.1743972    1.2186399 ]
 [152.          74.           2.0346978    1.2246704 ]
 [153.          72.84         2.283201     1.2307585 ]
 [154.          72.92         3.6492455    1.2391204 ]
 [155.          73.8          2.86007      1.2458359 ]
 [156.          74.840004     2.789804     1.2528498 ]
 [157.          74.36         3.3783138    1.259586  ]
 [158.          73.079994     5.2978296    1.2663755 ]
 [159.          72.46         5.423375     1.2735007 ]
 [160.          72.44         6.0879397    1.2801527 ]
 [161.          74.420006     5.739076     1.2857889 ]
 [162.          74.200005     5.0788784    1.292017  ]
 [163.          74.62         3.0711582    1.2979414 ]
 [164.          73.56         2.6773105    1.3039666 ]
 [165.          72.78         2.3080294    1.3100823 ]
 [166.          72.9          2.5159507    1.3170497 ]
 [167.          73.36         4.7045717    1.3247652 ]
 [168.          73.04         6.045908     1.3312889 ]
 [169.          73.5          5.816787     1.3377663 ]
 [170.          73.340004     5.616315     1.3439878 ]
 [171.          73.68         4.490768     1.3497788 ]
 [172.          73.5          3.880079     1.3564144 ]
 [173.          73.92         4.0813       1.3625504 ]
 [174.          73.8          4.4424086    1.3687983 ]
 [175.          74.340004     4.0128565    1.3756446 ]
 [176.          73.740005     4.1692944    1.3825041 ]
 [177.          73.5          4.086566     1.3889383 ]
 [178.          73.6          3.4365695    1.3956069 ]
 [179.          74.520004     3.4368584    1.4025081 ]
 [180.          75.06         2.4079049    1.4086828 ]
 [181.          74.939995     3.1381521    1.4150835 ]
 [182.          74.58001      3.0136385    1.4220806 ]
 [183.          74.159996     4.3015127    1.4289566 ]
 [184.          75.06         3.8804634    1.4358681 ]
 [185.          75.6          4.1352143    1.4427565 ]
 [186.          75.66         3.2539227    1.4497548 ]
 [187.          75.6          2.5219047    1.4568204 ]
 [188.          75.98         2.4913862    1.463549  ]
 [189.          76.18001      2.7851415    1.4703369 ]
 [190.          76.28         3.1641781    1.4782404 ]
 [191.          75.6          3.766297     1.4865364 ]
 [192.          74.520004     4.2251625    1.4941269 ]
 [193.          74.86001      3.7759788    1.5017277 ]
 [194.          74.82         3.0817177    1.508651  ]
 [195.          74.64001      2.7263546    1.5155425 ]
 [196.          74.78001      2.1123478    1.5256666 ]
 [197.          75.02001      3.1641772    1.5329783 ]
 [198.          75.3          2.7522707    1.5381473 ]
 [199.          75.14001      2.6034553    1.5444762 ]
 [200.          74.96         2.782621     1.5505061 ]]
The best results: 
Epoch: 190  76.28±3.16  1.478s
--------------- Train Done! ----------------
