Using cuda:0 device
Dataset     :Cora
Epochs      :200
LR X_s      :0.01
Learn A_s   :0
LR A_s      :0.01
Conden ratio:0.25
Ridge       :0.01
Kernel      :SGNK
k           :3
L           :1
Seed        :5
The 1th Iteration:
--------------------------------------------------
The 2th Iteration:
--------------------------------------------------
The 3th Iteration:
--------------------------------------------------
The 4th Iteration:
--------------------------------------------------
The 5th Iteration:
--------------------------------------------------
[[  1.          23.66         5.6967525    0.4839441 ]
 [  2.          35.600002     8.474374     0.48940554]
 [  3.          44.320004     9.918518     0.4950722 ]
 [  4.          50.040005    10.646269     0.50313914]
 [  5.          53.52        11.227288     0.51067203]
 [  6.          56.16        11.301682     0.51837677]
 [  7.          57.820004    10.892063     0.5252512 ]
 [  8.          59.079998    10.226779     0.5354447 ]
 [  9.          60.059998    10.207499     0.5408436 ]
 [ 10.          60.76         9.777933     0.5465441 ]
 [ 11.          61.22         9.393989     0.55259144]
 [ 12.          61.7          8.957955     0.56322825]
 [ 13.          62.02         8.812039     0.5687092 ]
 [ 14.          62.420002     8.70385      0.5742542 ]
 [ 15.          62.640003     8.44411      0.5792548 ]
 [ 16.          62.78         8.556109     0.5843252 ]
 [ 17.          63.119995     8.349071     0.5894091 ]
 [ 18.          63.3          8.375261     0.59437823]
 [ 19.          63.7          8.581084     0.6020345 ]
 [ 20.          63.9          8.244695     0.6095304 ]
 [ 21.          64.24         7.7390575    0.6166629 ]
 [ 22.          65.           7.2325644    0.62100005]
 [ 23.          65.880005     6.529701     0.6260081 ]
 [ 24.          66.700005     5.7810054    0.63119304]
 [ 25.          67.420006     5.4760394    0.636367  ]
 [ 26.          68.58001      4.8292866    0.6406255 ]
 [ 27.          69.36         4.3798375    0.64545107]
 [ 28.          70.240005     4.467998     0.65148   ]
 [ 29.          70.98         3.605135     0.6584019 ]
 [ 30.          71.659996     3.361251     0.6665554 ]
 [ 31.          72.32         3.2874017    0.6761648 ]
 [ 32.          72.71999      3.463668     0.6842162 ]
 [ 33.          73.02         3.5464044    0.69116014]
 [ 34.          73.439995     3.5739336    0.6971553 ]
 [ 35.          73.8          3.3948486    0.7047503 ]
 [ 36.          74.04         3.0639853    0.7114502 ]
 [ 37.          74.54         2.6642082    0.71937317]
 [ 38.          75.06         2.3222833    0.72596234]
 [ 39.          75.32         2.1522093    0.73191255]
 [ 40.          75.659996     2.1778436    0.73735386]
 [ 41.          75.8          1.8986833    0.7433951 ]
 [ 42.          76.26         1.6288038    0.7488572 ]
 [ 43.          76.58001      1.2275985    0.7547924 ]
 [ 44.          77.           1.1291578    0.7598128 ]
 [ 45.          77.240005     0.8876932    0.7655015 ]
 [ 46.          77.6          0.60415196   0.7747457 ]
 [ 47.          77.659996     0.6308705    0.78404456]
 [ 48.          78.119995     0.7596041    0.7927726 ]
 [ 49.          78.08         0.7694153    0.79804033]
 [ 50.          78.3          0.88034004   0.8053548 ]
 [ 51.          78.340004     0.7797412    0.8136496 ]
 [ 52.          78.54         0.6730522    0.8259981 ]
 [ 53.          78.72001      0.63007987   0.83448714]
 [ 54.          78.94         0.4878524    0.8435688 ]
 [ 55.          78.94         0.409878     0.8548272 ]
 [ 56.          79.18001      0.23874626   0.8643196 ]
 [ 57.          79.3          0.4636821    0.8704527 ]
 [ 58.          79.3          0.50989944   0.8761817 ]
 [ 59.          79.28         0.52153563   0.8816089 ]
 [ 60.          79.48         0.5118603    0.8870056 ]
 [ 61.          79.76         0.42778638   0.8940733 ]
 [ 62.          79.939995     0.39115432   0.90133154]
 [ 63.          79.9          0.29154772   0.90903264]
 [ 64.          79.96         0.27018493   0.9159464 ]
 [ 65.          79.98         0.258845     0.9217491 ]
 [ 66.          80.18001      0.16431549   0.9290032 ]
 [ 67.          80.           0.54314095   0.9352767 ]
 [ 68.          80.159996     0.2880957    0.942474  ]
 [ 69.          80.1          0.3316642    0.94942755]
 [ 70.          80.020004     0.43818006   0.9580323 ]
 [ 71.          80.32         0.4604374    0.9675724 ]
 [ 72.          80.18001      0.35636792   0.9747717 ]
 [ 73.          80.32         0.42071342   0.9872009 ]
 [ 74.          80.52         0.2949584    0.9985277 ]
 [ 75.          80.380005     0.4816649    1.0107236 ]
 [ 76.          80.659996     0.5504542    1.0238677 ]
 [ 77.          80.420006     0.44384348   1.0322831 ]
 [ 78.          80.72         0.34928212   1.0463972 ]
 [ 79.          81.200005     0.43589026   1.0579427 ]
 [ 80.          80.54         0.61074024   1.0687199 ]
 [ 81.          81.12         0.49698845   1.079056  ]
 [ 82.          81.21999      0.6418708    1.088835  ]
 [ 83.          81.08         0.6723081    1.0988051 ]
 [ 84.          81.12         0.7395942    1.1085595 ]
 [ 85.          81.36         1.1371006    1.1216261 ]
 [ 86.          81.159996     1.1193752    1.1359347 ]
 [ 87.          81.32         0.5263075    1.1479839 ]
 [ 88.          81.96         0.8677575    1.159264  ]
 [ 89.          81.12         1.0256714    1.1682816 ]
 [ 90.          81.06         1.043074     1.1746405 ]
 [ 91.          81.96         0.79246247   1.1867287 ]
 [ 92.          81.020004     1.1755837    1.19576   ]
 [ 93.          81.020004     0.6140049    1.2032633 ]
 [ 94.          82.380005     0.5540744    1.2148695 ]
 [ 95.          81.48         0.8584854    1.2250919 ]
 [ 96.          81.18001      1.2930621    1.2339219 ]
 [ 97.          81.12         1.1819512    1.2417873 ]
 [ 98.          82.46         0.2792813    1.2546548 ]
 [ 99.          80.62         0.9364844    1.2649548 ]
 [100.          81.88         0.59329724   1.2781276 ]
 [101.          81.02         0.92573994   1.2864707 ]
 [102.          81.08         0.8167005    1.2958723 ]
 [103.          80.8          0.82158566   1.3056448 ]
 [104.          80.86         1.2660955    1.3151251 ]
 [105.          81.8          0.5700878    1.3250744 ]
 [106.          80.94         0.7231894    1.3326991 ]
 [107.          81.58001      0.5449784    1.3415414 ]
 [108.          80.9          0.4582569    1.3595841 ]
 [109.          81.46         0.75365746   1.3699455 ]
 [110.          81.94         0.67675537   1.37889   ]
 [111.          81.26         1.132698     1.3871243 ]
 [112.          81.240005     0.6767592    1.394447  ]
 [113.          80.96         1.5993749    1.3992599 ]
 [114.          80.76         0.9555107    1.4062464 ]
 [115.          81.26         0.5412956    1.4144496 ]
 [116.          80.840004     1.0064819    1.4217465 ]
 [117.          80.62001      0.50695115   1.4302399 ]
 [118.          81.72         0.74632484   1.435239  ]
 [119.          81.1          1.4124453    1.4404633 ]
 [120.          80.76         0.7231881    1.4477746 ]
 [121.          81.94         0.4669043    1.4550799 ]
 [122.          81.14001      0.7300673    1.4613671 ]
 [123.          81.64001      0.48270175   1.4675409 ]
 [124.          81.22         0.66483134   1.4734606 ]
 [125.          81.           0.47434327   1.4826726 ]
 [126.          81.16         0.7021388    1.4916635 ]
 [127.          81.26         0.85029453   1.5007668 ]
 [128.          81.42         0.27749062   1.5070895 ]
 [129.          80.94         0.5319723    1.5167564 ]
 [130.          81.4          0.7071057    1.5237265 ]
 [131.          81.340004     1.0163664    1.5317372 ]
 [132.          81.04         0.63482356   1.5391324 ]
 [133.          80.8          0.70710635   1.5451801 ]
 [134.          81.700005     0.46904257   1.5522792 ]
 [135.          81.439995     0.69497925   1.5642451 ]
 [136.          81.920006     0.5357243    1.5766261 ]
 [137.          81.04         0.8264394    1.5936728 ]
 [138.          81.06         0.676757     1.6049801 ]
 [139.          81.5          0.6557452    1.617966  ]
 [140.          81.200005     0.40620118   1.6307191 ]
 [141.          81.42         0.775886     1.6431183 ]
 [142.          80.840004     0.2510005    1.6551424 ]
 [143.          80.44         0.68775004   1.6665367 ]
 [144.          80.82         0.40865508   1.6775516 ]
 [145.          80.619995     0.51671875   1.6862576 ]
 [146.          81.38         1.0802777    1.698258  ]
 [147.          81.44         0.89050627   1.7096872 ]
 [148.          81.04         0.32093862   1.7176946 ]
 [149.          81.5          0.8573233    1.7265004 ]
 [150.          81.56         0.58566165   1.734517  ]
 [151.          81.32001      0.28635493   1.742342  ]
 [152.          81.36         0.8264367    1.7501472 ]
 [153.          80.98         0.6833751    1.758036  ]
 [154.          80.82         0.33466324   1.7665356 ]
 [155.          80.8          0.387297     1.7748415 ]
 [156.          81.1          0.8573216    1.7821678 ]
 [157.          81.62         0.78866845   1.788892  ]
 [158.          80.840004     0.6913723    1.7990887 ]
 [159.          81.           0.38729817   1.8067067 ]
 [160.          81.36001      0.35777158   1.817178  ]
 [161.          81.28         0.50199556   1.8272864 ]
 [162.          81.4          0.5049761    1.835994  ]
 [163.          81.18         0.21679522   1.8432087 ]
 [164.          81.340004     0.31305128   1.8492771 ]
 [165.          81.22         0.3420512    1.8573353 ]
 [166.          81.12001      0.4549719    1.8655674 ]
 [167.          81.1          0.35355043   1.8755907 ]
 [168.          81.32         0.59749395   1.8849303 ]
 [169.          81.1          0.15811288   1.8910469 ]
 [170.          80.68         0.31144923   1.8968041 ]
 [171.          80.880005     0.8136347    1.9021053 ]
 [172.          81.1          0.73824084   1.9085366 ]
 [173.          81.340004     0.37815335   1.9181479 ]
 [174.          80.740005     0.5941378    1.925312  ]
 [175.          81.020004     0.77265835   1.9351038 ]
 [176.          81.58001      0.56745243   1.9432086 ]
 [177.          81.56         0.28809896   1.9508864 ]
 [178.          81.240005     0.343512     1.9582983 ]
 [179.          81.38         0.5890688    1.9663285 ]
 [180.          81.380005     0.32710835   1.9743414 ]
 [181.          81.240005     0.33615458   1.9812365 ]
 [182.          81.240005     0.49799722   1.9885695 ]
 [183.          81.3          0.28284267   1.9957342 ]
 [184.          81.020004     0.6760163    2.0018842 ]
 [185.          80.96         0.66558224   2.0121093 ]
 [186.          81.14001      0.28809816   2.018718  ]
 [187.          81.22         0.27748844   2.0242083 ]
 [188.          81.159996     0.46690574   2.03145   ]
 [189.          81.28001      0.5357232    2.0388272 ]
 [190.          80.96         0.71274215   2.0459096 ]
 [191.          81.08         0.43243772   2.0538578 ]
 [192.          81.240005     0.38470498   2.05837   ]
 [193.          81.1          0.28284335   2.0635884 ]
 [194.          80.840004     0.4159316    2.0678537 ]
 [195.          81.32         0.19235514   2.074704  ]
 [196.          81.159996     0.40373263   2.0816598 ]
 [197.          80.82         0.42071354   2.087707  ]
 [198.          81.02         0.43817663   2.0922787 ]
 [199.          81.020004     0.38987404   2.097861  ]
 [200.          80.88         0.4147307    2.103116  ]]
The best results: 
Epoch: 98  82.46±0.28  1.255s
--------------- Train Done! ----------------
--------------- Save Done! ----------------
