Using cuda:0 device
Dataset     :CS
Epochs      :200
LR X_s      :0.01
Learn A_s   :0
LR A_s      :0.01
Conden ratio:0.25
Ridge       :0.001
Kernel      :SGNK
k           :5
L           :1
Seed        :5
The 1th Iteration:
--------------------------------------------------
The 2th Iteration:
--------------------------------------------------
The 3th Iteration:
--------------------------------------------------
The 4th Iteration:
--------------------------------------------------
The 5th Iteration:
--------------------------------------------------
[[  1.          29.853138     6.3927736    0.25054678]
 [  2.          50.90788      2.926078     0.25579938]
 [  3.          57.997326     3.2789884    0.26193053]
 [  4.          59.69293      3.3810272    0.26807642]
 [  5.          60.           3.5516908    0.2742509 ]
 [  6.          60.013355     3.6554434    0.28000233]
 [  7.          59.572765     3.6009722    0.28573543]
 [  8.          58.878506     3.5121353    0.2919589 ]
 [  9.          57.797066     3.5698373    0.29806682]
 [ 10.          56.515358     3.5988069    0.30447063]
 [ 11.          55.340454     3.683075     0.31057534]
 [ 12.          54.11215      3.634232     0.31772742]
 [ 13.          52.843792     3.4027712    0.3247326 ]
 [ 14.          51.78905      3.283063     0.33082438]
 [ 15.          51.094795     3.046575     0.33657822]
 [ 16.          50.507343     2.8808005    0.34327054]
 [ 17.          49.973297     2.794823     0.3496816 ]
 [ 18.          49.586117     2.709327     0.3571206 ]
 [ 19.          49.26569      2.5776672    0.36412388]
 [ 20.          48.70494      2.2977912    0.37057734]
 [ 21.          48.090786     2.3050535    0.3770027 ]
 [ 22.          47.43658      2.1644697    0.3836382 ]
 [ 23.          47.236313     2.3060188    0.39121228]
 [ 24.          47.396526     2.3625283    0.39809284]
 [ 25.          47.957275     2.7510307    0.40531632]
 [ 26.          48.384518     3.138014     0.41212067]
 [ 27.          48.985317     3.4498553    0.41929466]
 [ 28.          49.345795     4.0918565    0.42659727]
 [ 29.          50.040054     4.2471514    0.4338731 ]
 [ 30.          50.640858     4.5605903    0.4408672 ]
 [ 31.          50.627502     3.9554086    0.44698533]
 [ 32.          51.49533      4.9891987    0.45367646]
 [ 33.          51.1749       3.5344594    0.45997277]
 [ 34.          52.283047     5.572678     0.46814623]
 [ 35.          51.962616     1.7347476    0.47532845]
 [ 36.          54.379177     4.941409     0.4816537 ]
 [ 37.          52.683582     3.2942402    0.48823068]
 [ 38.          53.471294     2.364414     0.49482036]
 [ 39.          54.29907      3.7876449    0.501762  ]
 [ 40.          54.44593      3.3232658    0.5084433 ]
 [ 41.          54.512684     2.890451     0.51681584]
 [ 42.          55.206947     3.4218383    0.5236673 ]
 [ 43.          55.740993     3.55752      0.5292186 ]
 [ 44.          56.168224     3.1582568    0.53623176]
 [ 45.          55.50067      2.5723023    0.54221725]
 [ 46.          57.997334     2.500175     0.54791206]
 [ 47.          55.246998     3.9316778    0.5535034 ]
 [ 48.          58.93191      2.983314     0.5599179 ]
 [ 49.          58.518032     3.3439875    0.5675103 ]
 [ 50.          58.598133     2.8472683    0.5740444 ]
 [ 51.          59.799732     2.067488     0.58068985]
 [ 52.          62.496662     2.0376344    0.5874474 ]
 [ 53.          60.053406     1.0759906    0.59350055]
 [ 54.          62.496662     3.3948388    0.599956  ]
 [ 55.          63.25768      1.2940971    0.6059691 ]
 [ 56.          61.82911      1.1662198    0.6122573 ]
 [ 57.          63.377846     3.4366534    0.61906743]
 [ 58.          63.67156      2.5399635    0.6250315 ]
 [ 59.          65.07343      1.9089124    0.6308972 ]
 [ 60.          63.564754     2.3758814    0.63676476]
 [ 61.          65.99466      1.5990734    0.6433716 ]
 [ 62.          65.433914     2.472394     0.6492257 ]
 [ 63.          66.26168      1.0152581    0.6554987 ]
 [ 64.          66.46195      1.5168372    0.6615751 ]
 [ 65.          66.728966     1.7589828    0.6677511 ]
 [ 66.          66.18158      1.1778185    0.67399824]
 [ 67.          67.26302      1.6878747    0.6797424 ]
 [ 68.          66.23498      2.2884662    0.6862723 ]
 [ 69.          67.55674      1.2814642    0.6928903 ]
 [ 70.          67.530045     2.2383554    0.7001082 ]
 [ 71.          68.13085      1.389577     0.7071068 ]
 [ 72.          68.33111      1.7095193    0.7132713 ]
 [ 73.          68.99867      1.238671     0.71981007]
 [ 74.          68.51803      2.5505536    0.7269111 ]
 [ 75.          69.63952      2.088398     0.7340883 ]
 [ 76.          69.3458       1.9788307    0.7412308 ]
 [ 77.          69.71963      2.142743     0.74786896]
 [ 78.          71.08144      2.775542     0.7545535 ]
 [ 79.          70.480644     2.074479     0.76118535]
 [ 80.          71.188255     2.5848312    0.76790375]
 [ 81.          71.84246      2.9229531    0.77424234]
 [ 82.          72.3765       3.1105576    0.7807202 ]
 [ 83.          72.79039      2.698696     0.7871964 ]
 [ 84.          73.12417      2.0240307    0.79346716]
 [ 85.          74.25901      3.2128112    0.8000881 ]
 [ 86.          74.218956     2.8554718    0.80594826]
 [ 87.          73.29773      3.6432364    0.811532  ]
 [ 88.          74.92657      3.293296     0.8168402 ]
 [ 89.          76.00802      2.9578834    0.82284814]
 [ 90.          75.88785      2.7023263    0.8298774 ]
 [ 91.          75.66088      2.8186383    0.8365814 ]
 [ 92.          76.648865     3.7411177    0.8425688 ]
 [ 93.          77.14286      2.098615     0.8487795 ]
 [ 94.          77.93057      2.0371966    0.8556904 ]
 [ 95.          78.19759      2.6696434    0.86211723]
 [ 96.          78.70495      3.3314364    0.8694224 ]
 [ 97.          78.93191      2.2022307    0.87651455]
 [ 98.          80.09346      2.4223223    0.8839518 ]
 [ 99.          80.08011      2.778432     0.8906975 ]
 [100.          80.10681      3.14355      0.8970941 ]
 [101.          79.85314      2.6207042    0.9040316 ]
 [102.          81.789055     2.3899102    0.91092795]
 [103.          81.80241      2.8563337    0.9179597 ]
 [104.          81.62884      2.3160489    0.9244459 ]
 [105.          82.136185     1.8254968    0.93135977]
 [106.          82.41656      2.5644958    0.93857116]
 [107.          82.60347      2.0986161    0.9457802 ]
 [108.          82.51001      1.6358521    0.9533089 ]
 [109.          82.76369      1.172886     0.9611449 ]
 [110.          82.4299       1.5544178    0.9682779 ]
 [111.          83.29773      1.4148456    0.9766556 ]
 [112.          82.683586     1.4961339    0.98399585]
 [113.          84.0721       0.98178494   0.9919465 ]
 [114.          84.25901      0.8343101    0.9993375 ]
 [115.          84.6195       0.75613767   1.0065721 ]
 [116.          84.81976      0.9494795    1.0137094 ]
 [117.          84.88652      1.8521544    1.0207552 ]
 [118.          84.36582      1.4452256    1.0279278 ]
 [119.          84.45928      1.5122793    1.0355498 ]
 [120.          85.04673      0.552501     1.0427295 ]
 [121.          85.4072       0.516225     1.0498348 ]
 [122.          84.05875      1.9618664    1.0578828 ]
 [123.          84.71295      0.83511597   1.0653924 ]
 [124.          85.006676     1.5256269    1.0728414 ]
 [125.          85.687584     0.33244      1.0794553 ]
 [126.          85.887856     0.6037597    1.0869126 ]
 [127.          85.91455      0.4326275    1.0953689 ]
 [128.          85.193596     1.6402056    1.1019505 ]
 [129.          85.353806     2.086368     1.108755  ]
 [130.          86.08813      0.20898123   1.1149515 ]
 [131.          85.540726     0.56367993   1.1213535 ]
 [132.          85.086784     2.3228693    1.1286793 ]
 [133.          86.31509      0.66756      1.1358837 ]
 [134.          85.59413      1.1738374    1.1420255 ]
 [135.          85.74099      1.670627     1.148636  ]
 [136.          85.96796      1.4234782    1.1552718 ]
 [137.          86.24834      1.0178887    1.1621857 ]
 [138.          85.64753      2.074803     1.16865   ]
 [139.          86.02136      0.7367365    1.1750797 ]
 [140.          86.70227      0.32498172   1.1819777 ]
 [141.          85.420555     3.1747901    1.1889702 ]
 [142.          86.08811      0.75760996   1.195735  ]
 [143.          86.128174     0.69278085   1.2022384 ]
 [144.          86.55541      0.6129191    1.209033  ]
 [145.          85.83445      0.8302963    1.2157463 ]
 [146.          86.28838      0.77361864   1.2224474 ]
 [147.          86.55541      0.6567898    1.2293272 ]
 [148.          86.62216      0.3764409    1.237044  ]
 [149.          86.35514      1.3001095    1.2431395 ]
 [150.          86.648865     0.6118226    1.2496666 ]
 [151.          87.0227       0.22440279   1.2565689 ]
 [152.          86.83578      0.43621203   1.2630876 ]
 [153.          86.83578      0.5369532    1.2699846 ]
 [154.          86.71562      0.28712693   1.2768769 ]
 [155.          85.700935     2.44065      1.2829438 ]
 [156.          86.662224     0.5451936    1.289114  ]
 [157.          86.80908      0.668556     1.2957274 ]
 [158.          86.67557      0.71524906   1.3021148 ]
 [159.          86.16823      1.6251961    1.3098588 ]
 [160.          85.52737      2.151459     1.3164366 ]
 [161.          85.71429      1.7356491    1.3230618 ]
 [162.          85.38051      2.958792     1.3292738 ]
 [163.          86.381836     1.8691599    1.3355992 ]
 [164.          86.48865      0.5811939    1.3424997 ]
 [165.          86.4486       0.5644683    1.350276  ]
 [166.          86.23498      2.3805661    1.357045  ]
 [167.          86.395195     1.579303     1.3645798 ]
 [168.          86.048065     1.9162477    1.3718251 ]
 [169.          86.98264      0.8351137    1.3788874 ]
 [170.          86.83578      1.5166929    1.3859755 ]
 [171.          86.98264      1.1677489    1.3935143 ]
 [172.          87.06275      0.48918822   1.4011778 ]
 [173.          87.169556     0.39605862   1.4084759 ]
 [174.          86.92924      0.5827277    1.415685  ]
 [175.          86.915886     0.5402656    1.4231144 ]
 [176.          86.648865     0.781357     1.4306376 ]
 [177.          87.0494       0.45765558   1.4377645 ]
 [178.          87.263016     0.2727989    1.4447883 ]
 [179.          86.78238      0.55250156   1.4509629 ]
 [180.          86.38184      1.4479972    1.4574807 ]
 [181.          86.19493      1.288748     1.4642382 ]
 [182.          87.14286      0.8074393    1.4707627 ]
 [183.          87.0761       0.42900604   1.4770899 ]
 [184.          86.84914      0.47203255   1.4840243 ]
 [185.          86.4753       0.70267963   1.490085  ]
 [186.          86.995995     0.5730896    1.4968464 ]
 [187.          87.0761       0.41312915   1.5032572 ]
 [188.          86.72897      0.66655403   1.5096135 ]
 [189.          87.009346     0.436727     1.5166123 ]
 [190.          87.32977      0.2470855    1.5216173 ]
 [191.          87.089455     0.41581783   1.5270916 ]
 [192.          87.30307      0.5451944    1.5326931 ]
 [193.          86.95595      0.8032886    1.5386869 ]
 [194.          86.18158      1.9422387    1.5446045 ]
 [195.          87.0494       1.0068831    1.5501031 ]
 [196.          85.75433      1.6484722    1.5581629 ]
 [197.          85.073425     2.9123402    1.5648271 ]
 [198.          85.540726     2.5575383    1.5709164 ]
 [199.          86.31509      1.3064357    1.5766449 ]
 [200.          87.0761       0.5907015    1.5823219 ]]
The best results: 
Epoch: 190  87.33±0.25  1.522s
--------------- Train Done! ----------------
