Using cuda:0 device
Dataset     :CS
Epochs      :200
LR X_s      :0.01
Learn A_s   :1
LR A_s      :0.01
Conden ratio:0.25
Ridge       :0.1
Kernel      :SGNK
k           :3
L           :1
Seed        :5
The 1th Iteration:
--------------------------------------------------
The 2th Iteration:
--------------------------------------------------
The 3th Iteration:
--------------------------------------------------
The 4th Iteration:
--------------------------------------------------
The 5th Iteration:
--------------------------------------------------
[[  1.          31.935913     4.0119       0.38655487]
 [  2.          52.73698      5.3569074    0.39289352]
 [  3.          61.66889      3.1351733    0.39814788]
 [  4.          66.20828      2.1227884    0.40340742]
 [  5.          67.48999      2.1507337    0.40875617]
 [  6.          68.41122      2.4809434    0.41404867]
 [  7.          68.59814      2.6767268    0.4199929 ]
 [  8.          68.69158      2.7600877    0.42700553]
 [  9.          68.718285     2.7481937    0.43222696]
 [ 10.          68.63818      2.8733675    0.43733963]
 [ 11.          68.50468      2.921043     0.44603482]
 [ 12.          68.21095      2.973964     0.45543   ]
 [ 13.          68.02404      2.9921124    0.46617505]
 [ 14.          68.03738      2.9366417    0.47747207]
 [ 15.          67.877174     2.869488     0.49108577]
 [ 16.          67.86382      2.9405096    0.49734783]
 [ 17.          67.82377      2.8255079    0.50312483]
 [ 18.          68.01068      2.706035     0.51028347]
 [ 19.          68.10414      2.6816332    0.5169384 ]
 [ 20.          68.251        2.6050093    0.5227239 ]
 [ 21.          68.51803      2.4534867    0.52894026]
 [ 22.          68.905205     2.3749444    0.5366143 ]
 [ 23.          69.15888      2.507117     0.54354054]
 [ 24.          69.626175     2.3307204    0.55041426]
 [ 25.          70.0267       2.3971705    0.5594177 ]
 [ 26.          70.293724     2.29459      0.569888  ]
 [ 27.          70.493996     2.2677279    0.5774895 ]
 [ 28.          70.84112      2.2122219    0.5851516 ]
 [ 29.          71.22831      2.1062422    0.597716  ]
 [ 30.          71.41522      2.122264     0.60375077]
 [ 31.          71.62884      2.0586293    0.6106464 ]
 [ 32.          71.86916      2.015203     0.6166248 ]
 [ 33.          72.17623      2.0485394    0.6226165 ]
 [ 34.          72.36315      2.0253499    0.6310596 ]
 [ 35.          72.53672      1.8943797    0.63758904]
 [ 36.          72.736984     1.8896703    0.64302844]
 [ 37.          72.96395      1.7516215    0.6481769 ]
 [ 38.          73.177574     1.5429068    0.65520436]
 [ 39.          73.29773      1.4814653    0.66178596]
 [ 40.          73.4713       1.4063119    0.67002374]
 [ 41.          73.5781       1.4029816    0.67968804]
 [ 42.          73.698265     1.3770113    0.689261  ]
 [ 43.          73.84513      1.4900117    0.69571644]
 [ 44.          73.91189      1.4367237    0.70279235]
 [ 45.          74.0988       1.3786274    0.711097  ]
 [ 46.          74.17891      1.3101802    0.7173507 ]
 [ 47.          74.25901      1.2983918    0.72314554]
 [ 48.          74.41923      1.2844176    0.7294721 ]
 [ 49.          74.49933      1.3174729    0.7371328 ]
 [ 50.          74.60614      1.3431009    0.7430454 ]
 [ 51.          74.68624      1.3716618    0.7504446 ]
 [ 52.          74.73965      1.364496     0.7587344 ]
 [ 53.          74.753006     1.3101794    0.7665016 ]
 [ 54.          74.76636      1.2657183    0.7721362 ]
 [ 55.          74.87317      1.2793772    0.78065187]
 [ 56.          74.99333      1.2467407    0.79269737]
 [ 57.          75.18024      1.2519131    0.80039597]
 [ 58.          75.247        1.2861519    0.80862373]
 [ 59.          75.35381      1.2492396    0.8145401 ]
 [ 60.          75.42056      1.2084436    0.8239089 ]
 [ 61.          75.48732      1.2157966    0.82995623]
 [ 62.          75.51402      1.1662198    0.8354563 ]
 [ 63.          75.620834     1.1766802    0.8432785 ]
 [ 64.          75.72764      1.1881752    0.85028344]
 [ 65.          75.794395     1.1461796    0.85641575]
 [ 66.          75.861145     1.1403322    0.8625919 ]
 [ 67.          75.91455      1.0695499    0.8704948 ]
 [ 68.          75.95461      0.9995514    0.8793087 ]
 [ 69.          76.04806      0.95626074   0.8869789 ]
 [ 70.          76.23498      0.8600843    0.89374924]
 [ 71.          76.395195     0.8634496    0.9002159 ]
 [ 72.          76.56876      0.94170415   0.9075579 ]
 [ 73.          76.76903      0.9165249    0.91331905]
 [ 74.          76.94259      0.911159     0.92147774]
 [ 75.          77.24967      0.7602529    0.92649937]
 [ 76.          77.55674      0.70552886   0.9324199 ]
 [ 77.          77.82377      0.676509     0.93787354]
 [ 78.          78.02403      0.66655535   0.94393665]
 [ 79.          78.2777       0.7276062    0.9524624 ]
 [ 80.          78.571434     0.75230056   0.95879185]
 [ 81.          79.01202      0.7260721    0.9678499 ]
 [ 82.          79.39921      0.6255117    0.9761042 ]
 [ 83.          79.91989      0.691171     0.98334855]
 [ 84.          80.32043      0.53902626   0.98871654]
 [ 85.          80.81442      0.6165416    0.9940203 ]
 [ 86.          81.24166      0.7266872    1.0000538 ]
 [ 87.          81.962616     0.8422851    1.0094397 ]
 [ 88.          82.8705       0.6850149    1.0146493 ]
 [ 89.          83.60481      0.71525127   1.0201172 ]
 [ 90.          84.69961      0.67320657   1.0283526 ]
 [ 91.          85.47396      0.56761944   1.0365305 ]
 [ 92.          86.18158      0.55851805   1.0436672 ]
 [ 93.          86.84914      0.45275837   1.0503167 ]
 [ 94.          87.22297      0.34234583   1.0566313 ]
 [ 95.          87.74366      0.36745867   1.0637741 ]
 [ 96.          87.48998      0.4591117    1.0707232 ]
 [ 97.          87.409874     0.55370826   1.0799614 ]
 [ 98.          87.797066     0.31805462   1.0869004 ]
 [ 99.          87.98397      0.3686704    1.0934781 ]
 [100.          88.46462      0.39039454   1.098972  ]
 [101.          88.78505      0.42220026   1.1062351 ]
 [102.          88.384514     0.70172936   1.1119679 ]
 [103.          88.304405     0.5553163    1.1201934 ]
 [104.          88.8518       0.7770654    1.1270498 ]
 [105.          87.6502       0.8377747    1.1323725 ]
 [106.          87.81042      1.6970922    1.137553  ]
 [107.          87.75701      0.48507327   1.1429231 ]
 [108.          87.636856     0.84492713   1.1485624 ]
 [109.          87.77036      0.9804223    1.1552395 ]
 [110.          88.37117      0.79464716   1.163423  ]
 [111.          87.38318      1.5426209    1.1695266 ]
 [112.          88.33111      0.819491     1.1754652 ]
 [113.          88.69159      1.0008905    1.1810122 ]
 [114.          88.85181      0.87038666   1.1865209 ]
 [115.          88.89185      0.8129385    1.1932555 ]
 [116.          88.905205     0.3668519    1.2006778 ]
 [117.          89.17223      0.32839543   1.2083544 ]
 [118.          88.26436      1.844197     1.217327  ]
 [119.          88.51803      0.7048968    1.2249823 ]
 [120.          89.03872      0.3758522    1.2325773 ]
 [121.          89.13218      0.43365422   1.238346  ]
 [122.          88.7717       0.5157933    1.2450138 ]
 [123.          88.86515      0.5492669    1.2512715 ]
 [124.          89.31909      0.28712738   1.2580757 ]
 [125.          88.93191      0.2847891    1.2649329 ]
 [126.          88.998665     0.44129723   1.2712362 ]
 [127.          89.25234      0.33042493   1.2774565 ]
 [128.          88.998665     0.23789586   1.2827768 ]
 [129.          88.97196      0.31096825   1.2885761 ]
 [130.          88.98531      0.46729088   1.2954336 ]
 [131.          89.012024     0.4077024    1.300476  ]
 [132.          88.317764     1.3409433    1.3059956 ]
 [133.          88.73164      1.0674635    1.3129447 ]
 [134.          88.65154      0.8535869    1.3187827 ]
 [135.          88.29105      1.0152575    1.324569  ]
 [136.          88.7984       0.35762554   1.3336948 ]
 [137.          89.02537      0.3551249    1.3398837 ]
 [138.          88.97196      0.30371886   1.346052  ]
 [139.          88.144196     0.89885235   1.3514012 ]
 [140.          88.10414      1.8381479    1.3569216 ]
 [141.          87.636856     3.2033696    1.3626685 ]
 [142.          87.970634     1.830248     1.3686345 ]
 [143.          87.83712      1.954472     1.3750046 ]
 [144.          88.47797      1.017449     1.3824117 ]
 [145.          88.35781      0.5925877    1.3882048 ]
 [146.          88.06409      1.9217068    1.3949168 ]
 [147.          88.02403      2.9230309    1.4022136 ]
 [148.          88.21095      2.3722208    1.4075291 ]
 [149.          88.06408      2.046905     1.4144032 ]
 [150.          88.70494      0.7409573    1.41946   ]
 [151.          89.11883      0.3201482    1.4265791 ]
 [152.          88.998665     0.4846126    1.4327261 ]
 [153.          89.22564      0.39096418   1.4407803 ]
 [154.          89.025375     0.3823177    1.4470757 ]
 [155.          88.998665     0.36072597   1.457001  ]
 [156.          89.13218      0.23316993   1.4628772 ]
 [157.          89.18558      0.26281515   1.4683505 ]
 [158.          89.11883      0.28322113   1.4752791 ]
 [159.          89.17223      0.39886212   1.4805015 ]
 [160.          89.05206      0.56249464   1.4860702 ]
 [161.          89.05207      0.42483008   1.4919723 ]
 [162.          89.14553      0.22931527   1.498473  ]
 [163.          89.185585     0.3686696    1.5036689 ]
 [164.          89.23898      0.37880614   1.5094074 ]
 [165.          89.17223      0.21836291   1.5179584 ]
 [166.          89.13218      0.21836393   1.5251676 ]
 [167.          89.05207      0.1701924    1.5310217 ]
 [168.          89.13217      0.3668521    1.5381248 ]
 [169.          89.15889      0.37347436   1.5437328 ]
 [170.          89.23898      0.15222473   1.5492544 ]
 [171.          89.11883      0.22638103   1.555625  ]
 [172.          89.05206      0.22637972   1.5658473 ]
 [173.          89.13217      0.15937823   1.5752648 ]
 [174.          89.14553      0.1212673    1.5844429 ]
 [175.          89.092125     0.3007681    1.5935395 ]
 [176.          88.97196      0.26450947   1.5993702 ]
 [177.          88.86516      0.15222584   1.6089619 ]
 [178.          89.05207      0.16351667   1.6174244 ]
 [179.          89.18558      0.08175717   1.6252297 ]
 [180.          89.07877      0.07611024   1.6330458 ]
 [181.          89.06542      0.128407     1.6409746 ]
 [182.          88.97196      0.15937994   1.6479613 ]
 [183.          89.03872      0.14472376   1.6558964 ]
 [184.          89.13217      0.2515566    1.6610674 ]
 [185.          89.11883      0.18281841   1.6663395 ]
 [186.          89.02537      0.3007722    1.6719525 ]
 [187.          89.01202      0.16076812   1.6796442 ]
 [188.          89.10548      0.10968921   1.6858581 ]
 [189.          89.13217      0.11941678   1.6937029 ]
 [190.          89.092125     0.11170468   1.6999149 ]
 [191.          89.02537      0.17407389   1.7064768 ]
 [192.          89.10547      0.2425348    1.713509  ]
 [193.          88.95861      0.19802855   1.7188326 ]
 [194.          89.06542      0.17279263   1.7242602 ]
 [195.          89.06542      0.10968972   1.7326616 ]
 [196.          89.14553      0.19803078   1.7403882 ]
 [197.          89.10548      0.21836135   1.7463883 ]
 [198.          89.10548      0.13680854   1.7524267 ]
 [199.          89.05207      0.1701939    1.7578515 ]
 [200.          89.05207      0.2163104    1.7637265 ]]
The best results: 
Epoch: 124  89.32±0.29  1.258s
--------------- Train Done! ----------------
--------------- Save Done! ----------------
