Using cuda:0 device
Dataset     :CS
Epochs      :200
LR X_s      :0.01
Learn A_s   :0
LR A_s      :0.01
Conden ratio:0.5
Ridge       :5.0
Kernel      :SGNK
k           :5
L           :1
Seed        :5
The 1th Iteration:
--------------------------------------------------
The 2th Iteration:
--------------------------------------------------
The 3th Iteration:
--------------------------------------------------
The 4th Iteration:
--------------------------------------------------
The 5th Iteration:
--------------------------------------------------
[[  1.          11.829105     4.267249     0.2408682 ]
 [  2.          14.966623     5.276106     0.2501214 ]
 [  3.          18.518024     6.2584286    0.25940308]
 [  4.          21.829107     7.237837     0.26927567]
 [  5.          26.168226     7.9401383    0.2796962 ]
 [  6.          29.492659     8.160373     0.29020643]
 [  7.          32.483315     8.400426     0.3002141 ]
 [  8.          34.47263      8.293113     0.310559  ]
 [  9.          35.967957     7.622492     0.3200491 ]
 [ 10.          37.489986     7.135616     0.32878962]
 [ 11.          38.518024     7.017447     0.3372839 ]
 [ 12.          39.719624     6.871783     0.34661722]
 [ 13.          40.56075      6.6676526    0.3563952 ]
 [ 14.          41.41522      6.562221     0.3662498 ]
 [ 15.          42.029373     6.3468103    0.37640548]
 [ 16.          42.469963     6.2768784    0.38701558]
 [ 17.          42.883846     6.0032997    0.3975099 ]
 [ 18.          43.311085     5.7729955    0.4076123 ]
 [ 19.          43.65821      5.632257     0.41815636]
 [ 20.          43.88518      5.3711567    0.42889586]
 [ 21.          44.072094     5.237322     0.44114193]
 [ 22.          44.285717     5.0572886    0.4516705 ]
 [ 23.          44.539383     4.946997     0.46110678]
 [ 24.          44.77971      4.838842     0.47117186]
 [ 25.          45.18024      4.633248     0.48076668]
 [ 26.          45.353806     4.445546     0.48971343]
 [ 27.          45.567425     4.2031164    0.49889594]
 [ 28.          45.794395     4.0947423    0.50866884]
 [ 29.          45.98131      3.8618608    0.51893073]
 [ 30.          46.20828      3.6710753    0.52719754]
 [ 31.          46.52871      3.5452862    0.5351736 ]
 [ 32.          46.755672     3.4951546    0.5432324 ]
 [ 33.          46.996        3.453598     0.55178374]
 [ 34.          47.249664     3.182433     0.55902964]
 [ 35.          47.556744     3.122067     0.56628543]
 [ 36.          47.703606     3.0803962    0.574727  ]
 [ 37.          47.903873     2.9646597    0.5831813 ]
 [ 38.          48.184246     2.849224     0.59132326]
 [ 39.          48.291058     2.8043754    0.5992516 ]
 [ 40.          48.42457      2.7106423    0.6081474 ]
 [ 41.          48.49132      2.6335104    0.6161794 ]
 [ 42.          48.624832     2.4675217    0.624269  ]
 [ 43.          48.83845      2.3495712    0.63177603]
 [ 44.          49.03872      2.313736     0.64069057]
 [ 45.          49.13218      2.1460657    0.6488359 ]
 [ 46.          49.198933     2.1283445    0.65755033]
 [ 47.          49.27904      2.0425496    0.6668132 ]
 [ 48.          49.332443     1.9998868    0.67613757]
 [ 49.          49.29239      1.9597074    0.68565977]
 [ 50.          49.372498     1.9078573    0.6945619 ]
 [ 51.          49.492657     1.9287665    0.70387524]
 [ 52.          49.59947      1.6953863    0.7133442 ]
 [ 53.          49.69293      1.6858975    0.7231992 ]
 [ 54.          49.77303      1.6585789    0.733671  ]
 [ 55.          49.799736     1.5447845    0.743844  ]
 [ 56.          49.87984      1.5764806    0.7542139 ]
 [ 57.          49.87984      1.5877477    0.76405174]
 [ 58.          49.87984      1.5565673    0.77382845]
 [ 59.          49.906544     1.541607     0.7846446 ]
 [ 60.          49.95994      1.4826683    0.795183  ]
 [ 61.          49.973297     1.4228525    0.8057991 ]
 [ 62.          50.026703     1.4212852    0.8167471 ]
 [ 63.          50.066753     1.3826647    0.82809335]
 [ 64.          50.040054     1.2897838    0.8389851 ]
 [ 65.          50.12016      1.1614331    0.851137  ]
 [ 66.          50.10681      1.1086277    0.86250705]
 [ 67.          50.13351      1.1100327    0.8729517 ]
 [ 68.          50.160213     1.1186292    0.8834152 ]
 [ 69.          50.12016      1.0881374    0.8935003 ]
 [ 70.          50.160213     1.0842409    0.90378076]
 [ 71.          50.173565     1.0624427    0.91430724]
 [ 72.          50.21362      1.0983273    0.9254074 ]
 [ 73.          50.22697      1.1383743    0.93634266]
 [ 74.          50.21362      1.0983273    0.9476449 ]
 [ 75.          50.280376     1.1023773    0.9584215 ]
 [ 76.          50.32043      1.0747455    0.9686608 ]
 [ 77.          50.373833     1.1045988    0.9789185 ]
 [ 78.          50.413887     1.0653762    0.9891157 ]
 [ 79.          50.467293     1.0320182    0.9993631 ]
 [ 80.          50.507343     1.0141584    1.0095466 ]
 [ 81.          50.56075      0.9817836    1.0200614 ]
 [ 82.          50.600803     0.9845057    1.0304528 ]
 [ 83.          50.68091      1.0183262    1.0406141 ]
 [ 84.          50.747665     0.99396455   1.0514544 ]
 [ 85.          50.78772      0.9860891    1.0617939 ]
 [ 86.          50.881176     0.9781469    1.0712675 ]
 [ 87.          50.934578     0.99910796   1.0813404 ]
 [ 88.          50.961285     1.0519054    1.0919018 ]
 [ 89.          51.04139      1.045533     1.1024293 ]
 [ 90.          51.1482       0.9973216    1.1133301 ]
 [ 91.          51.26836      1.010197     1.1240021 ]
 [ 92.          51.361816     0.9564956    1.1340674 ]
 [ 93.          51.455273     0.991721     1.1435702 ]
 [ 94.          51.522034     0.9860875    1.1543974 ]
 [ 95.          51.588783     1.0270399    1.16587   ]
 [ 96.          51.70895      1.0862925    1.1754054 ]
 [ 97.          51.749        1.1273612    1.1842993 ]
 [ 98.          51.86916      1.0533867    1.1933612 ]
 [ 99.          51.98932      0.9995541    1.2026957 ]
 [100.          52.056072     0.9747242    1.2118082 ]
 [101.          52.202938     0.9979925    1.2212766 ]
 [102.          52.22964      0.9953088    1.2306318 ]
 [103.          52.349804     0.9984383    1.2396119 ]
 [104.          52.483315     0.95858955   1.2486706 ]
 [105.          52.603474     1.0113003    1.2577233 ]
 [106.          52.723633     1.0716308    1.2668449 ]
 [107.          52.830444     1.0924289    1.2764193 ]
 [108.          52.937252     1.0784725    1.2866231 ]
 [109.          53.044064     1.1015707    1.2967247 ]
 [110.          53.110817     1.0487223    1.3061184 ]
 [111.          53.164223     1.0348191    1.3157556 ]
 [112.          53.271027     1.0555       1.3240198 ]
 [113.          53.351135     1.0548666    1.3326308 ]
 [114.          53.457947     1.0335284    1.3419406 ]
 [115.          53.61816      0.92788035   1.3525261 ]
 [116.          53.791725     0.8356467    1.3623214 ]
 [117.          53.911884     0.8292223    1.3721235 ]
 [118.          54.032043     0.8211231    1.3819504 ]
 [119.          54.138855     0.7799277    1.3917493 ]
 [120.          54.25901      0.8329763    1.4018812 ]
 [121.          54.36582      0.8451916    1.4118638 ]
 [122.          54.48598      0.8501857    1.4216473 ]
 [123.          54.619495     0.8683377    1.4309052 ]
 [124.          54.83311      0.8582717    1.4421822 ]
 [125.          54.93992      0.90551764   1.453039  ]
 [126.          55.060085     0.84360784   1.4622277 ]
 [127.          55.206947     0.8162234    1.4718273 ]
 [128.          55.380505     0.83591276   1.4803575 ]
 [129.          55.473965     0.83244175   1.4898312 ]
 [130.          55.714283     0.796325     1.4997587 ]
 [131.          55.83445      0.7692854    1.5087693 ]
 [132.          56.021362     0.7543687    1.5170051 ]
 [133.          56.168224     0.76346993   1.5254476 ]
 [134.          56.35514      0.7086799    1.5335501 ]
 [135.          56.502003     0.6947068    1.5420212 ]
 [136.          56.58211      0.58310914   1.5508597 ]
 [137.          56.755676     0.5922097    1.5594714 ]
 [138.          56.889187     0.5613031    1.567991  ]
 [139.          57.0227       0.65983605   1.5772375 ]
 [140.          57.169556     0.71212953   1.5866202 ]
 [141.          57.30307      0.73522204   1.5959362 ]
 [142.          57.42323      0.7102505    1.6055511 ]
 [143.          57.489986     0.7514088    1.615358  ]
 [144.          57.650204     0.80190223   1.6251866 ]
 [145.          57.770363     0.821122     1.635395  ]
 [146.          57.997326     0.9133578    1.6457418 ]
 [147.          58.14419      0.9225823    1.6561041 ]
 [148.          58.317757     0.9599827    1.6658573 ]
 [149.          58.544727     1.1100328    1.6754509 ]
 [150.          58.624836     1.0643282    1.6862135 ]
 [151.          58.7984       1.0313706    1.6959667 ]
 [152.          58.99867      1.1776271    1.7070189 ]
 [153.          59.158875     1.0973145    1.7168238 ]
 [154.          59.372498     1.0914087    1.7260557 ]
 [155.          59.47931      1.0502092    1.7357674 ]
 [156.          59.639523     1.1176345    1.7447468 ]
 [157.          59.773037     1.1096312    1.7544183 ]
 [158.          59.906544     1.2223754    1.7641842 ]
 [159.          60.093456     1.2194558    1.774403  ]
 [160.          60.293728     1.2748415    1.7847855 ]
 [161.          60.40054      1.2411873    1.7949861 ]
 [162.          60.547394     1.2987369    1.8051682 ]
 [163.          60.734314     1.3329419    1.8159393 ]
 [164.          60.987988     1.3887751    1.8268727 ]
 [165.          61.214954     1.4176741    1.8378623 ]
 [166.          61.361816     1.3586062    1.850695  ]
 [167.          61.548733     1.3442612    1.8614925 ]
 [168.          61.855804     1.2600745    1.8723501 ]
 [169.          61.962616     1.2765878    1.884936  ]
 [170.          62.069424     1.2447736    1.8956221 ]
 [171.          62.202938     1.2474548    1.9068202 ]
 [172.          62.403206     1.1747857    1.9181849 ]
 [173.          62.61682      1.1170366    1.9297527 ]
 [174.          62.81709      1.0918152    1.9415343 ]
 [175.          62.977303     1.0924294    1.9532471 ]
 [176.          63.190918     1.0053324    1.9653187 ]
 [177.          63.324432     0.9930675    1.9787892 ]
 [178.          63.497997     0.910916     1.9885482 ]
 [179.          63.65821      0.93410325   1.9988374 ]
 [180.          63.85848      0.9435946    2.0098922 ]
 [181.          63.951935     0.9405225    2.020992  ]
 [182.          64.0721       0.93386483   2.0302837 ]
 [183.          64.27236      0.9278817    2.0393288 ]
 [184.          64.39252      0.98178464   2.0480454 ]
 [185.          64.51269      0.97266454   2.0578778 ]
 [186.          64.6195       0.93338656   2.0685506 ]
 [187.          64.81976      0.87166625   2.0778377 ]
 [188.          64.899864     0.8873748    2.0866256 ]
 [189.          65.12684      0.8517568    2.0970306 ]
 [190.          65.26035      0.902561     2.107898  ]
 [191.          65.36716      0.816769     2.1190147 ]
 [192.          65.447266     0.7921173    2.1291687 ]
 [193.          65.59413      0.73975337   2.1390848 ]
 [194.          65.66088      0.75613797   2.1478891 ]
 [195.          65.83445      0.7631804    2.1580358 ]
 [196.          65.954605     0.66253126   2.1672413 ]
 [197.          66.03471      0.60338956   2.1771257 ]
 [198.          66.20828      0.6715519    2.1871974 ]
 [199.          66.34179      0.6513376    2.196925  ]
 [200.          66.4753       0.6715516    2.2074864 ]]
The best results: 
Epoch: 200  66.48±0.67  2.207s
--------------- Train Done! ----------------
