Using cuda:0 device
Dataset     :CS
Epochs      :200
LR X_s      :0.01
Learn A_s   :1
LR A_s      :0.01
Conden ratio:1.0
Ridge       :5.0
Kernel      :SGNK
k           :5
L           :1
Seed        :5
The 1th Iteration:
--------------------------------------------------
The 2th Iteration:
--------------------------------------------------
The 3th Iteration:
--------------------------------------------------
The 4th Iteration:
--------------------------------------------------
The 5th Iteration:
--------------------------------------------------
[[  1.          13.40454      3.151476     0.2590723 ]
 [  2.          24.045395     4.300796     0.2753164 ]
 [  3.          33.765022     5.1441736    0.29468256]
 [  4.          40.92123      6.4010653    0.31395316]
 [  5.          45.75434      7.013733     0.32986155]
 [  6.          48.878506     7.600832     0.34630868]
 [  7.          50.82777      7.4381833    0.3608388 ]
 [  8.          52.002674     6.8188887    0.3772396 ]
 [  9.          52.870495     5.7860274    0.3942851 ]
 [ 10.          53.551403     5.318381     0.41073734]
 [ 11.          53.911884     4.8324366    0.42518187]
 [ 12.          54.245663     4.447551     0.44337773]
 [ 13.          54.472633     4.1979184    0.4612485 ]
 [ 14.          54.819763     3.932468     0.4784082 ]
 [ 15.          54.979977     3.6210253    0.49887082]
 [ 16.          55.12684      3.5154335    0.5163684 ]
 [ 17.          55.3271       3.4010682    0.53483933]
 [ 18.          55.43391      3.1954303    0.5534852 ]
 [ 19.          55.43391      3.0168104    0.57263154]
 [ 20.          55.380505     2.8575006    0.59183615]
 [ 21.          55.447266     2.7376332    0.60743433]
 [ 22.          55.39386      2.6456664    0.6227791 ]
 [ 23.          55.460613     2.593782     0.6412019 ]
 [ 24.          55.447266     2.5060506    0.6581993 ]
 [ 25.          55.43391      2.445755     0.67488664]
 [ 26.          55.43391      2.4684253    0.69084984]
 [ 27.          55.39386      2.4006054    0.7067494 ]
 [ 28.          55.367157     2.271459     0.7271838 ]
 [ 29.          55.273693     2.2965302    0.7416055 ]
 [ 30.          55.233643     2.2423334    0.7616306 ]
 [ 31.          55.233643     2.1844513    0.7788642 ]
 [ 32.          55.15354      2.1032798    0.79802936]
 [ 33.          55.140186     2.1014783    0.81590843]
 [ 34.          55.08678      2.0067837    0.8441521 ]
 [ 35.          55.08679      1.9917367    0.86875945]
 [ 36.          54.953274     1.9338409    0.8968626 ]
 [ 37.          54.886517     1.9153178    0.91900635]
 [ 38.          54.806408     2.0054502    0.93844074]
 [ 39.          54.753002     2.0128813    0.9585665 ]
 [ 40.          54.60614      1.981979     0.98312896]
 [ 41.          54.512684     1.96255      1.0036738 ]
 [ 42.          54.52604      1.9059882    1.0292622 ]
 [ 43.          54.45928      1.9401693    1.0568011 ]
 [ 44.          54.45928      1.9280741    1.080984  ]
 [ 45.          54.379177     1.899079     1.1108475 ]
 [ 46.          54.32577      1.8290323    1.131773  ]
 [ 47.          54.165554     1.8089432    1.1513594 ]
 [ 48.          54.072094     1.7208228    1.1774561 ]
 [ 49.          54.00534      1.6648809    1.2030276 ]
 [ 50.          53.991993     1.6415648    1.2221278 ]
 [ 51.          53.89853      1.6626039    1.254612  ]
 [ 52.          53.84513      1.6545441    1.2923965 ]
 [ 53.          53.73832      1.6372161    1.3222609 ]
 [ 54.          53.684914     1.6231377    1.3489043 ]
 [ 55.          53.644863     1.5927923    1.3726844 ]
 [ 56.          53.61816      1.6058868    1.4000373 ]
 [ 57.          53.604805     1.5310198    1.4215196 ]
 [ 58.          53.631508     1.5815595    1.4459518 ]
 [ 59.          53.631508     1.5401626    1.467297  ]
 [ 60.          53.618153     1.5508319    1.4872402 ]
 [ 61.          53.591457     1.5587118    1.5061764 ]
 [ 62.          53.60481      1.6028312    1.5277423 ]
 [ 63.          53.604805     1.5972589    1.5462266 ]
 [ 64.          53.591457     1.5729432    1.5673107 ]
 [ 65.          53.564754     1.5969814    1.5867182 ]
 [ 66.          53.578102     1.5822648    1.6042283 ]
 [ 67.          53.604805     1.5483859    1.6202968 ]
 [ 68.          53.644863     1.544496     1.6387844 ]
 [ 69.          53.684914     1.4567428    1.6550457 ]
 [ 70.          53.72497      1.3894167    1.673452  ]
 [ 71.          53.751675     1.3894174    1.694574  ]
 [ 72.          53.77837      1.3847575    1.7107201 ]
 [ 73.          53.791725     1.4029814    1.7280625 ]
 [ 74.          53.77837      1.3372829    1.7498391 ]
 [ 75.          53.85848      1.2321801    1.7669176 ]
 [ 76.          53.911884     1.1702267    1.7849858 ]
 [ 77.          53.965282     1.1625835    1.8013073 ]
 [ 78.          53.991993     1.1738358    1.8185514 ]
 [ 79.          54.072094     1.1504468    1.8379595 ]
 [ 80.          54.165554     1.0954843    1.854291  ]
 [ 81.          54.245663     1.062443     1.8721592 ]
 [ 82.          54.36582      1.068717     1.8890027 ]
 [ 83.          54.405872     1.0660027    1.9049925 ]
 [ 84.          54.552734     1.0737078    1.9196914 ]
 [ 85.          54.6462       1.0283412    1.936842  ]
 [ 86.          54.779705     1.091408     1.9536698 ]
 [ 87.          54.886517     1.1700339    1.9715763 ]
 [ 88.          54.979977     1.1206212    1.9872242 ]
 [ 89.          55.100136     1.1066146    2.006804  ]
 [ 90.          55.180237     1.0893658    2.0225086 ]
 [ 91.          55.31375      1.089368     2.038431  ]
 [ 92.          55.39386      1.0891608    2.0568035 ]
 [ 93.          55.51402      1.1275592    2.0729592 ]
 [ 94.          55.594128     1.112438     2.0898926 ]
 [ 95.          55.754333     1.0292084    2.105981  ]
 [ 96.          55.847797     1.0272563    2.1215878 ]
 [ 97.          56.008007     1.0825943    2.140615  ]
 [ 98.          56.11482      1.0603449    2.1567495 ]
 [ 99.          56.24833      1.153926     2.177668  ]
 [100.          56.381844     1.1176353    2.2003763 ]
 [101.          56.502003     1.1413068    2.2244277 ]
 [102.          56.62216      1.0778524    2.2463472 ]
 [103.          56.675568     1.0374016    2.2677934 ]
 [104.          56.76903      1.0261718    2.2897575 ]
 [105.          56.862484     1.0270402    2.3151097 ]
 [106.          56.996        1.0356808    2.337208  ]
 [107.          57.129505     1.0150378    2.3673675 ]
 [108.          57.289722     0.9480725    2.3934915 ]
 [109.          57.436584     0.83724517   2.417685  ]
 [110.          57.570095     0.86086375   2.4395988 ]
 [111.          57.74366      0.7698649    2.4594085 ]
 [112.          57.877174     0.7048966    2.4844697 ]
 [113.          58.104137     0.62014544   2.5093796 ]
 [114.          58.264355     0.56722844   2.534455  ]
 [115.          58.38451      0.51837784   2.5601544 ]
 [116.          58.544727     0.5061988    2.589791  ]
 [117.          58.73164      0.50044507   2.6126938 ]
 [118.          58.878506     0.3977432    2.6416104 ]
 [119.          59.09213      0.4284864    2.6686208 ]
 [120.          59.238983     0.4615324    2.694741  ]
 [121.          59.452602     0.4566782    2.7313132 ]
 [122.          59.679573     0.3656365    2.760247  ]
 [123.          59.786385     0.36745933   2.78416   ]
 [124.          60.           0.4512807    2.8086374 ]
 [125.          60.04005      0.4591127    2.838349  ]
 [126.          60.253674     0.48507097   2.8590617 ]
 [127.          60.36048      0.4634595    2.8823178 ]
 [128.          60.52069      0.5162246    2.9070003 ]
 [129.          60.667553     0.49145836   2.932785  ]
 [130.          60.74766      0.5443746    2.9557614 ]
 [131.          60.947933     0.63855565   2.978707  ]
 [132.          61.08144      0.6385562    3.0027757 ]
 [133.          61.30841      0.7397532    3.0252576 ]
 [134.          61.44192      0.7074223    3.0438814 ]
 [135.          61.53538      0.7164976    3.0631502 ]
 [136.          61.735645     0.75878507   3.0768635 ]
 [137.          61.895863     0.71181685   3.0923498 ]
 [138.          62.09613      0.6251552    3.109881  ]
 [139.          62.216286     0.70489657   3.131483  ]
 [140.          62.41656      0.71119076   3.149994  ]
 [141.          62.523365     0.69149405   3.167279  ]
 [142.          62.75033      0.6608471    3.182006  ]
 [143.          62.91055      0.5597135    3.2042358 ]
 [144.          62.990658     0.518379     3.2276769 ]
 [145.          63.21763      0.54232574   3.248052  ]
 [146.          63.41789      0.48827577   3.263211  ]
 [147.          63.53805      0.39886215   3.2792299 ]
 [148.          63.631508     0.4098811    3.2969615 ]
 [149.          63.77837      0.4542324    3.3167388 ]
 [150.          63.925232     0.41313243   3.3335435 ]
 [151.          64.0454       0.46394125   3.351256  ]
 [152.          64.16555      0.48918685   3.369349  ]
 [153.          64.32577      0.5008901    3.3844643 ]
 [154.          64.41923      0.5484554    3.4022293 ]
 [155.          64.51269      0.5311169    3.4171207 ]
 [156.          64.68625      0.4720349    3.4382904 ]
 [157.          64.80641      0.44129524   3.4546845 ]
 [158.          64.913216     0.50752014   3.471342  ]
 [159.          65.006676     0.5369615    3.4868114 ]
 [160.          65.100136     0.54519427   3.508278  ]
 [161.          65.2737       0.46345854   3.5252426 ]
 [162.          65.42056      0.45521197   3.5481987 ]
 [163.          65.52737      0.4367265    3.5671742 ]
 [164.          65.67423      0.5026664    3.5845273 ]
 [165.          65.76769      0.43621552   3.6037507 ]
 [166.          65.887856     0.43004206   3.6207528 ]
 [167.          66.03472      0.4152824    3.6416337 ]
 [168.          66.128174     0.418488     3.6593595 ]
 [169.          66.16823      0.39605868   3.68153   ]
 [170.          66.27504      0.36987662   3.6965394 ]
 [171.          66.301735     0.3817345    3.7152665 ]
 [172.          66.38185      0.37939486   3.7316625 ]
 [173.          66.4486       0.3116832    3.7497582 ]
 [174.          66.54206      0.35449886   3.7726212 ]
 [175.          66.62216      0.3500698    3.7978425 ]
 [176.          66.71562      0.3966201    3.8202264 ]
 [177.          66.728966     0.41848913   3.851558  ]
 [178.          66.75568      0.39774328   3.8762882 ]
 [179.          66.80908      0.44880566   3.9022567 ]
 [180.          66.87584      0.42587766   3.9234169 ]
 [181.          66.92924      0.45422888   3.949936  ]
 [182.          67.00935      0.41795406   3.9740517 ]
 [183.          67.0494       0.434165     4.001719  ]
 [184.          67.089455     0.4142084    4.026348  ]
 [185.          67.182915     0.33243927   4.051904  ]
 [186.          67.30307      0.27280146   4.0787177 ]
 [187.          67.356476     0.3131121    4.1013627 ]
 [188.          67.46329      0.26111624   4.1298037 ]
 [189.          67.543396     0.3073648    4.163259  ]
 [190.          67.61015      0.34493968   4.1874638 ]
 [191.          67.69026      0.29854217   4.2112885 ]
 [192.          67.77036      0.30371815   4.2342544 ]
 [193.          67.79706      0.29326722   4.2592077 ]
 [194.          67.86382      0.26534572   4.279169  ]
 [195.          67.93058      0.31523806   4.2996516 ]
 [196.          68.02404      0.29854003   4.316431  ]
 [197.          68.037384     0.30371985   4.3342814 ]
 [198.          68.07744      0.3317689    4.3596234 ]
 [199.          68.1709       0.3145327    4.3793983 ]
 [200.          68.23765      0.2768542    4.399877  ]]
The best results: 
Epoch: 200  68.24±0.28  4.400s
--------------- Train Done! ----------------
