Using cuda:0 device
Dataset     :CS
Epochs      :200
LR X_s      :0.01
Learn A_s   :0
LR A_s      :0.01
Conden ratio:0.5
Ridge       :1.0
Kernel      :SGNK
k           :2
L           :1
Seed        :5
The 1th Iteration:
--------------------------------------------------
The 2th Iteration:
--------------------------------------------------
The 3th Iteration:
--------------------------------------------------
The 4th Iteration:
--------------------------------------------------
The 5th Iteration:
--------------------------------------------------
[[  1.          26.32844      6.293577     0.30726156]
 [  2.          46.809082     3.9174268    0.31362757]
 [  3.          60.92123      3.01644      0.3209915 ]
 [  4.          67.543396     2.6816351    0.32746932]
 [  5.          70.734314     2.2233772    0.33329907]
 [  6.          72.496666     1.9473901    0.3390524 ]
 [  7.          73.60481      2.0339124    0.34456593]
 [  8.          74.205605     2.1562166    0.35044214]
 [  9.          74.60614      2.2358656    0.35760674]
 [ 10.          74.95327      2.2352662    0.36471906]
 [ 11.          75.100136     2.216048     0.37197897]
 [ 12.          75.166885     2.313446     0.37888741]
 [ 13.          75.247        2.240743     0.38499126]
 [ 14.          75.28705      2.1899538    0.39234743]
 [ 15.          75.26035      2.1991928    0.40149093]
 [ 16.          75.2203       2.0398183    0.4102052 ]
 [ 17.          75.3004       2.0988264    0.41596505]
 [ 18.          75.28705      2.0474522    0.42161557]
 [ 19.          75.35381      2.0851943    0.42725393]
 [ 20.          75.30041      1.9774756    0.43359137]
 [ 21.          75.28705      1.8693956    0.44007808]
 [ 22.          75.23364      1.7937284    0.44626555]
 [ 23.          75.30041      1.8011638    0.45358244]
 [ 24.          75.273705     1.7539095    0.46053973]
 [ 25.          75.3271       1.7558154    0.4660327 ]
 [ 26.          75.260345     1.7334607    0.47283894]
 [ 27.          75.26035      1.6905131    0.48043284]
 [ 28.          75.23364      1.6947286    0.48573563]
 [ 29.          75.30041      1.640614     0.49378648]
 [ 30.          75.380516     1.5450724    0.5005736 ]
 [ 31.          75.52737      1.4228518    0.50736964]
 [ 32.          75.607475     1.4220674    0.5130441 ]
 [ 33.          75.687584     1.3220322    0.5187289 ]
 [ 34.          75.8211       1.3553212    0.5242962 ]
 [ 35.          75.92791      1.3595856    0.5300569 ]
 [ 36.          76.00801      1.3464136    0.5399011 ]
 [ 37.          76.141525     1.3137474    0.548356  ]
 [ 38.          76.208275     1.2793782    0.5586417 ]
 [ 39.          76.32844      1.2296488    0.57013226]
 [ 40.          76.4753       1.2205501    0.5777368 ]
 [ 41.          76.63551      1.1847937    0.5846501 ]
 [ 42.          76.742325     1.2123069    0.5905476 ]
 [ 43.          76.84914      1.2010496    0.5980226 ]
 [ 44.          76.92924      1.1881742    0.6068637 ]
 [ 45.          77.11616      1.2167146    0.6139446 ]
 [ 46.          77.263016     1.1891129    0.6213008 ]
 [ 47.          77.39653      1.0645363    0.6269677 ]
 [ 48.          77.503334     1.0628617    0.6330317 ]
 [ 49.          77.6502       0.98042274   0.640438  ]
 [ 50.          77.690254     0.9758692    0.64828604]
 [ 51.          77.82377      0.9620689    0.6552915 ]
 [ 52.          77.98397      0.85671204   0.6634996 ]
 [ 53.          78.10414      0.8716666    0.6703469 ]
 [ 54.          78.210945     0.81567603   0.6769237 ]
 [ 55.          78.33111      0.8385756    0.68523073]
 [ 56.          78.47797      0.7531861    0.6926569 ]
 [ 57.          78.62483      0.65133905   0.70402014]
 [ 58.          78.71829      0.6943845    0.71052235]
 [ 59.          78.81175      0.6482501    0.71862257]
 [ 60.          78.94527      0.6866451    0.72553235]
 [ 61.          79.01202      0.71369183   0.73588085]
 [ 62.          79.17223      0.66253024   0.74374366]
 [ 63.          79.22564      0.65645033   0.7514338 ]
 [ 64.          79.265686     0.6718839    0.7575471 ]
 [ 65.          79.3992       0.6784831    0.76322144]
 [ 66.          79.53271      0.5981968    0.7694564 ]
 [ 67.          79.612816     0.63083124   0.7753983 ]
 [ 68.          79.692924     0.5769638    0.7823852 ]
 [ 69.          79.81309      0.5435604    0.78904355]
 [ 70.          79.85314      0.5327935    0.79881734]
 [ 71.          79.90654      0.57036126   0.8070349 ]
 [ 72.          79.946594     0.58311176   0.8124365 ]
 [ 73.          80.           0.5831088    0.82034266]
 [ 74.          80.06676      0.5476418    0.8273204 ]
 [ 75.          80.10681      0.52563536   0.83630866]
 [ 76.          80.12016      0.55732137   0.8423403 ]
 [ 77.          80.22697      0.5431459    0.84795856]
 [ 78.          80.33378      0.5597152    0.8545696 ]
 [ 79.          80.387184     0.53903013   0.86125964]
 [ 80.          80.44059      0.5504812    0.86860675]
 [ 81.          80.467285     0.5597142    0.87496024]
 [ 82.          80.50735      0.5340435    0.88480836]
 [ 83.          80.61416      0.48736423   0.89060134]
 [ 84.          80.5741       0.47906083   0.89739096]
 [ 85.          80.5741       0.44280934   0.90489787]
 [ 86.          80.6275       0.4937232    0.9124029 ]
 [ 87.          80.6008       0.53529364   0.91902345]
 [ 88.          80.6275       0.5672257    0.92660755]
 [ 89.          80.68091      0.54764163   0.9352571 ]
 [ 90.          80.654205     0.5200934    0.94206315]
 [ 91.          80.65421      0.4682439    0.9494263 ]
 [ 92.          80.654205     0.47061473   0.9568756 ]
 [ 93.          80.6275       0.44381258   0.9639129 ]
 [ 94.          80.68091      0.4367279    0.9702242 ]
 [ 95.          80.66756      0.44431317   0.97680205]
 [ 96.          80.72096      0.41795793   0.9829983 ]
 [ 97.          80.72096      0.4488054    0.9898535 ]
 [ 98.          80.68091      0.4443154    0.9974659 ]
 [ 99.          80.6008       0.4687173    1.0042028 ]
 [100.          80.61415      0.518379     1.0140548 ]
 [101.          80.6275       0.52009755   1.0231527 ]
 [102.          80.587456     0.5243624    1.0298821 ]
 [103.          80.54739      0.5311185    1.039875  ]
 [104.          80.52069      0.50044674   1.0490324 ]
 [105.          80.50735      0.46967044   1.0573903 ]
 [106.          80.480644     0.46871692   1.0650997 ]
 [107.          80.42724      0.44631925   1.0704405 ]
 [108.          80.400536     0.39941898   1.0757936 ]
 [109.          80.41388      0.36441562   1.0819427 ]
 [110.          80.42724      0.33510813   1.0906413 ]
 [111.          80.42724      0.33511218   1.1002029 ]
 [112.          80.45394      0.26025936   1.1098078 ]
 [113.          80.467285     0.208979     1.1210765 ]
 [114.          80.493996     0.25155672   1.1295289 ]
 [115.          80.6008       0.2816409    1.1384178 ]
 [116.          80.6275       0.28084704   1.1461338 ]
 [117.          80.74767      0.32906935   1.1549883 ]
 [118.          80.827774     0.3607305    1.1665655 ]
 [119.          81.0414       0.3686687    1.1739333 ]
 [120.          81.24165      0.32361165   1.1859646 ]
 [121.          81.49532      0.32498553   1.194487  ]
 [122.          81.89587      0.23789719   1.2071326 ]
 [123.          82.3231       0.17279157   1.215208  ]
 [124.          82.71028      0.24527471   1.2223332 ]
 [125.          82.990654     0.22833745   1.2299013 ]
 [126.          83.444595     0.26281512   1.2371922 ]
 [127.          83.96529      0.20248084   1.2429535 ]
 [128.          84.53939      0.2388302    1.2493647 ]
 [129.          85.3271       0.28085217   1.2554859 ]
 [130.          85.91455      0.09440894   1.2609849 ]
 [131.          86.648865     0.17661935   1.2677008 ]
 [132.          87.50334      0.15222733   1.276736  ]
 [133.          87.970634     0.12840512   1.2859592 ]
 [134.          88.29105      0.1536845    1.2955744 ]
 [135.          88.558075     0.15368408   1.3020247 ]
 [136.          89.17223      0.09901462   1.307735  ]
 [137.          89.3725       0.1593747    1.3131139 ]
 [138.          89.692924     0.2244035    1.3193653 ]
 [139.          88.33111      0.375852     1.3262211 ]
 [140.          89.54607      0.4341693    1.3377866 ]
 [141.          89.893196     0.40770197   1.3458662 ]
 [142.          89.31909      0.22140238   1.3540717 ]
 [143.          90.01336      0.21424037   1.3612854 ]
 [144.          90.09346      0.22931279   1.3685029 ]
 [145.          90.42724      0.08955958   1.376412  ]
 [146.          89.946594     0.2932691    1.3838753 ]
 [147.          90.387184     0.24527392   1.3904047 ]
 [148.          90.44058      0.284791     1.39769   ]
 [149.          90.34713      0.2736167    1.4048496 ]
 [150.          89.74633      0.4290072    1.4110838 ]
 [151.          90.053406     0.9742648    1.4164801 ]
 [152.          89.63952      0.83029795   1.4218719 ]
 [153.          89.425896     0.7245349    1.4279168 ]
 [154.          89.41255      1.1806513    1.4335054 ]
 [155.          89.06542      0.8593086    1.4405358 ]
 [156.          87.82376      1.9653856    1.4474181 ]
 [157.          88.998665     1.0674653    1.4529457 ]
 [158.          89.29239      1.0592957    1.4596919 ]
 [159.          90.08011      0.7620105    1.4659659 ]
 [160.          89.82644      0.5557171    1.4721731 ]
 [161.          90.33378      0.19115888   1.4785664 ]
 [162.          89.95995      0.59446096   1.4843129 ]
 [163.          90.42724      0.32566595   1.4913033 ]
 [164.          90.34713      0.16076654   1.4984628 ]
 [165.          90.34713      0.25681558   1.5039917 ]
 [166.          90.26702      0.23789667   1.510622  ]
 [167.          90.50735      0.13680911   1.5175208 ]
 [168.          90.50735      0.4706143    1.5251333 ]
 [169.          90.493996     0.21424478   1.5317127 ]
 [170.          90.50735      0.22834116   1.5374135 ]
 [171.          90.42724      0.3455869    1.5443665 ]
 [172.          90.68091      0.25681192   1.5511181 ]
 [173.          90.493996     0.43672925   1.5565974 ]
 [174.          90.52069      0.2711631    1.5621065 ]
 [175.          90.5741       0.22340788   1.5684465 ]
 [176.          90.5207       0.06675307   1.5743496 ]
 [177.          90.36048      0.17407615   1.5807335 ]
 [178.          90.33378      0.23316687   1.5863062 ]
 [179.          90.46729      0.20790991   1.5926946 ]
 [180.          90.5474       0.22440296   1.5993102 ]
 [181.          90.587456     0.27116278   1.6049433 ]
 [182.          90.72096      0.10555039   1.6111103 ]
 [183.          90.64086      0.15222818   1.6188633 ]
 [184.          90.6008       0.20790689   1.6244385 ]
 [185.          90.60081      0.12840597   1.6299943 ]
 [186.          90.66756      0.15937588   1.6354014 ]
 [187.          90.53405      0.12840518   1.6408577 ]
 [188.          90.6275       0.05970946   1.6462221 ]
 [189.          90.54739      0.20358019   1.6518059 ]
 [190.          90.61416      0.13842463   1.6572021 ]
 [191.          90.574104     0.10968868   1.6625048 ]
 [192.          90.50735      0.07312804   1.6677521 ]
 [193.          90.493996     0.11170126   1.6744118 ]
 [194.          90.44059      0.1096913    1.6808491 ]
 [195.          90.400536     0.19690457   1.6862534 ]
 [196.          90.400536     0.2515548    1.6919011 ]
 [197.          90.387184     0.20575704   1.6983727 ]
 [198.          90.36048      0.1803626    1.7051232 ]
 [199.          90.400536     0.08704074   1.7115964 ]
 [200.          90.42724      0.15368226   1.7182926 ]]
The best results: 
Epoch: 182  90.72±0.11  1.611s
--------------- Train Done! ----------------
--------------- Save Done! ----------------
