Using cuda:0 device
Dataset     :CS
Epochs      :200
LR X_s      :0.01
Learn A_s   :0
LR A_s      :0.01
Conden ratio:0.25
Ridge       :5.0
Kernel      :SGNK
k           :1
L           :1
Seed        :5
The 1th Iteration:
--------------------------------------------------
The 2th Iteration:
--------------------------------------------------
The 3th Iteration:
--------------------------------------------------
The 4th Iteration:
--------------------------------------------------
The 5th Iteration:
--------------------------------------------------
[[  1.           8.064086     1.5291275    0.3306276 ]
 [  2.           9.853137     1.2359717    0.33684394]
 [  3.          11.815753     1.2788551    0.3428254 ]
 [  4.          13.765021     1.0313697    0.34780613]
 [  5.          15.367157     1.465131     0.35339484]
 [  6.          17.396528     2.0311723    0.3586832 ]
 [  7.          19.132177     2.3853364    0.36634094]
 [  8.          20.827772     2.5789657    0.37417126]
 [  9.          22.429907     2.6727283    0.38145265]
 [ 10.          23.791723     2.4989283    0.39159313]
 [ 11.          25.380508     2.701091     0.39794794]
 [ 12.          26.68892      3.0918753    0.40291053]
 [ 13.          27.930576     3.3787873    0.40851012]
 [ 14.          28.905207     3.469369     0.41424653]
 [ 15.          29.933247     3.8262718    0.41883826]
 [ 16.          30.854475     4.0104566    0.42440376]
 [ 17.          31.735647     4.012732     0.4303951 ]
 [ 18.          32.469963     4.026037     0.43490243]
 [ 19.          33.29773      4.1024604    0.4394581 ]
 [ 20.          33.89853      4.0989285    0.44399434]
 [ 21.          34.81976      3.8702748    0.44961348]
 [ 22.          35.567425     3.7342615    0.4551525 ]
 [ 23.          36.181576     3.6276035    0.46031472]
 [ 24.          36.889187     3.5664659    0.46476886]
 [ 25.          37.78371      3.5846617    0.4694775 ]
 [ 26.          38.264355     3.6040034    0.47516605]
 [ 27.          38.8251       3.718477     0.4812443 ]
 [ 28.          39.4259       3.519929     0.487357  ]
 [ 29.          39.87984      3.5218275    0.49510518]
 [ 30.          40.280376     3.4508853    0.503389  ]
 [ 31.          40.934578     3.2674158    0.5090744 ]
 [ 32.          41.455273     3.0360994    0.5157847 ]
 [ 33.          42.162884     2.9382362    0.52182686]
 [ 34.          42.777035     2.930186     0.5297719 ]
 [ 35.          43.391186     2.8412354    0.5376415 ]
 [ 36.          43.978638     2.5648427    0.54529387]
 [ 37.          44.432575     2.4210324    0.55088526]
 [ 38.          45.020027     2.4247112    0.5590554 ]
 [ 39.          45.687588     2.3932638    0.5644347 ]
 [ 40.          46.168224     2.377383     0.57114476]
 [ 41.          46.67557      2.216248     0.57791466]
 [ 42.          47.249664     2.179244     0.5841808 ]
 [ 43.          47.837116     2.2348702    0.5897549 ]
 [ 44.          48.411217     2.297694     0.5942945 ]
 [ 45.          48.931908     2.4027414    0.59965986]
 [ 46.          49.586117     2.26891      0.6056878 ]
 [ 47.          50.240322     2.0491936    0.61168593]
 [ 48.          50.881176     1.828424     0.61651415]
 [ 49.          51.44192      1.7160221    0.62272286]
 [ 50.          52.042725     1.7140751    0.62757194]
 [ 51.          52.376503     1.6572347    0.6342143 ]
 [ 52.          52.91055      1.4538333    0.6419808 ]
 [ 53.          53.457947     1.2713401    0.64803874]
 [ 54.          53.89853      1.1664108    0.653963  ]
 [ 55.          54.472633     1.1140416    0.6603588 ]
 [ 56.          55.180237     0.73522186   0.66724074]
 [ 57.          55.660885     0.7102496    0.67235667]
 [ 58.          56.194923     0.7180502    0.6787042 ]
 [ 59.          56.542053     0.8270714    0.6832256 ]
 [ 60.          56.875835     0.8561928    0.6881135 ]
 [ 61.          57.249672     0.7168082    0.6926584 ]
 [ 62.          57.63685      0.75318646   0.6987474 ]
 [ 63.          57.877174     0.68241143   0.7047058 ]
 [ 64.          58.1709       0.744258     0.70968825]
 [ 65.          58.317757     0.7707321    0.71524036]
 [ 66.          58.69159      0.88485986   0.72058344]
 [ 67.          59.05207      0.95182425   0.7252156 ]
 [ 68.          59.3992       1.0302885    0.7297899 ]
 [ 69.          59.61282      1.0320184    0.7343549 ]
 [ 70.          59.853138     1.0903875    0.74022603]
 [ 71.          60.080105     1.1348463    0.74747634]
 [ 72.          60.33378      1.320346     0.7543587 ]
 [ 73.          60.5474       1.2918566    0.7598363 ]
 [ 74.          60.694263     1.3412738    0.76563126]
 [ 75.          60.867825     1.3076266    0.7700967 ]
 [ 76.          61.00134      1.352852     0.77491343]
 [ 77.          61.321766     1.3669435    0.7795371 ]
 [ 78.          61.548733     1.2884007    0.7841084 ]
 [ 79.          61.775703     1.2168945    0.78933734]
 [ 80.          62.042725     1.2287401    0.79458535]
 [ 81.          62.21629      1.2336272    0.8011474 ]
 [ 82.          62.376503     1.3145965    0.80731195]
 [ 83.          62.49667      1.3033617    0.81614935]
 [ 84.          62.750336     1.3157815    0.8228676 ]
 [ 85.          62.84379      1.3322723    0.8298752 ]
 [ 86.          63.01736      1.3631912    0.83586025]
 [ 87.          63.204273     1.3462485    0.84040195]
 [ 88.          63.324432     1.4267604    0.8450079 ]
 [ 89.          63.44459      1.4314376    0.849992  ]
 [ 90.          63.631508     1.3553222    0.8564386 ]
 [ 91.          63.85848      1.344757     0.86293966]
 [ 92.          63.978638     1.3060927    0.87027025]
 [ 93.          64.112144     1.2776368    0.8776804 ]
 [ 94.          64.33913      1.3462498    0.8837868 ]
 [ 95.          64.56609      1.3618817    0.88913214]
 [ 96.          64.76636      1.4764947    0.8954796 ]
 [ 97.          64.95327      1.394699     0.90208054]
 [ 98.          65.23365      1.3870112    0.9077584 ]
 [ 99.          65.340454     1.3837909    0.9146835 ]
 [100.          65.46062      1.4384266    0.92147636]
 [101.          65.607475     1.3503786    0.9272887 ]
 [102.          65.76769      1.3194996    0.9351185 ]
 [103.          65.94126      1.3643333    0.94751257]
 [104.          66.07476      1.3279169    0.95615786]
 [105.          66.23498      1.3178111    0.9654264 ]
 [106.          66.31509      1.3406103    0.9731865 ]
 [107.          66.46195      1.2741411    0.9809496 ]
 [108.          66.59547      1.2609574    0.98837674]
 [109.          66.742325     1.2651933    0.9937855 ]
 [110.          66.88919      1.2381337    0.9998623 ]
 [111.          67.0761       1.2643124    1.0044304 ]
 [112.          67.23632      1.2393895    1.0100043 ]
 [113.          67.48999      1.213595     1.0187792 ]
 [114.          67.66355      1.2003039    1.0252289 ]
 [115.          67.85047      1.10157      1.0312871 ]
 [116.          67.93058      1.0561347    1.036493  ]
 [117.          68.05074      1.0229083    1.041767  ]
 [118.          68.26436      1.0064411    1.0475701 ]
 [119.          68.384514     0.9435949    1.0530189 ]
 [120.          68.62483      0.90674853   1.058825  ]
 [121.          68.744995     0.8631899    1.0637323 ]
 [122.          68.99867      0.76783365   1.070481  ]
 [123.          69.17223      0.791837     1.0782479 ]
 [124.          69.345795     0.8836       1.0835518 ]
 [125.          69.439255     0.9468958    1.0883235 ]
 [126.          69.626175     0.87166494   1.095354  ]
 [127.          69.81309      0.81129503   1.1015128 ]
 [128.          69.91989      0.74724746   1.106934  ]
 [129.          70.08012      0.75140744   1.1123177 ]
 [130.          70.226974     0.72668815   1.1178755 ]
 [131.          70.34713      0.7946435    1.1230369 ]
 [132.          70.45394      0.8060594    1.1282841 ]
 [133.          70.560745     0.7770641    1.1370529 ]
 [134.          70.72096      0.8901305    1.1487352 ]
 [135.          70.92123      0.80467457   1.156669  ]
 [136.          71.06809      0.72607255   1.1624695 ]
 [137.          71.25501      0.7168089    1.1668943 ]
 [138.          71.40187      0.7214554    1.1718754 ]
 [139.          71.602135     0.760548     1.1761669 ]
 [140.          71.70895      0.7988383    1.1823128 ]
 [141.          71.77571      0.85018665   1.1871376 ]
 [142.          71.98932      0.8595685    1.1951512 ]
 [143.          72.10948      0.8911328    1.2015179 ]
 [144.          72.243        0.83297867   1.2066834 ]
 [145.          72.389854     0.7836327    1.2121024 ]
 [146.          72.496666     0.7567283    1.2196022 ]
 [147.          72.683586     0.6879399    1.224067  ]
 [148.          72.77703      0.5922093    1.2286621 ]
 [149.          73.01736      0.6732079    1.2332472 ]
 [150.          73.097466     0.67585146   1.238055  ]
 [151.          73.177574     0.6461853    1.2441711 ]
 [152.          73.284386     0.63224214   1.2500719 ]
 [153.          73.41789      0.66989005   1.2578845 ]
 [154.          73.59145      0.66353905   1.2663383 ]
 [155.          73.72497      0.67188364   1.2794307 ]
 [156.          73.89854      0.6557707    1.2865309 ]
 [157.          74.00534      0.6361085    1.2925447 ]
 [158.          74.112144     0.72883147   1.2982658 ]
 [159.          74.28572      0.7303564    1.3031924 ]
 [160.          74.44593      0.80716175   1.3127012 ]
 [161.          74.51269      0.8057818    1.3198177 ]
 [162.          74.6462       0.811294     1.3278853 ]
 [163.          74.79305      0.77649164   1.3398771 ]
 [164.          74.96662      0.7189788    1.3493623 ]
 [165.          75.11349      0.65983474   1.3558892 ]
 [166.          75.28705      0.6357573    1.3605372 ]
 [167.          75.38051      0.59595996   1.36683   ]
 [168.          75.62083      0.66989094   1.3721313 ]
 [169.          75.74099      0.7367358    1.3765417 ]
 [170.          75.874504     0.79632425   1.3809017 ]
 [171.          76.03472      0.8162238    1.3862399 ]
 [172.          76.221634     0.8810754    1.3935448 ]
 [173.          76.395195     0.8319034    1.4036134 ]
 [174.          76.48865      0.81540424   1.4130822 ]
 [175.          76.56876      0.78278035   1.4209447 ]
 [176.          76.72897      0.78647006   1.4263176 ]
 [177.          76.86249      0.8478236    1.4311504 ]
 [178.          77.00935      0.8556711    1.4364318 ]
 [179.          77.196266     0.85827297   1.442655  ]
 [180.          77.42323      0.9266787    1.448919  ]
 [181.          77.636856     0.9273991    1.454409  ]
 [182.          77.81042      1.0086519    1.4625095 ]
 [183.          78.06409      1.1226063    1.4702262 ]
 [184.          78.26435      1.0985326    1.4755696 ]
 [185.          78.45127      1.1342572    1.482345  ]
 [186.          78.66488      1.0770216    1.4885863 ]
 [187.          78.79839      1.0497872    1.4954611 ]
 [188.          79.10547      1.0178878    1.5017546 ]
 [189.          79.34579      0.8673091    1.507984  ]
 [190.          79.30575      0.8377755    1.514657  ]
 [191.          79.22564      0.8436077    1.5221623 ]
 [192.          79.265686     0.77073073   1.5310978 ]
 [193.          79.359146     0.66655654   1.5372342 ]
 [194.          79.49266      0.9290819    1.544733  ]
 [195.          79.786385     1.0226896    1.5493616 ]
 [196.          80.           1.1005559    1.5562918 ]
 [197.          80.41389      1.0261741    1.5614136 ]
 [198.          80.934586     1.1086262    1.5664074 ]
 [199.          81.54873      1.048724     1.5724778 ]
 [200.          82.02937      0.9574254    1.5773982 ]]
The best results: 
Epoch: 200  82.03±0.96  1.577s
--------------- Train Done! ----------------
--------------- Save Done! ----------------
