Using cuda:0 device
Dataset     :Photo
Epochs      :200
LR X_s      :0.01
Learn A_s   :1
LR A_s      :0.01
Conden ratio:1.0
Ridge       :0.5
Kernel      :SGNK
k           :1
L           :1
Seed        :5
The 1th Iteration:
--------------------------------------------------
The 2th Iteration:
--------------------------------------------------
The 3th Iteration:
--------------------------------------------------
The 4th Iteration:
--------------------------------------------------
The 5th Iteration:
--------------------------------------------------
[[  1.          13.75         2.7992744    0.2511309 ]
 [  2.          17.725       10.298817     0.25860587]
 [  3.          18.125        6.428695     0.26756072]
 [  4.          19.6          5.5715513    0.2741199 ]
 [  5.          21.050001     6.064497     0.28206787]
 [  6.          22.35         6.9391327    0.28838506]
 [  7.          23.075        7.1657825    0.29644093]
 [  8.          23.475        6.9801054    0.30367923]
 [  9.          23.825        6.42906      0.31082365]
 [ 10.          24.           5.6055217    0.31763205]
 [ 11.          24.7          4.477897     0.32537445]
 [ 12.          25.225        3.1142316    0.3325543 ]
 [ 13.          25.65         2.7675576    0.3387656 ]
 [ 14.          26.5          2.4606276    0.34603688]
 [ 15.          27.35         2.4164152    0.35317132]
 [ 16.          28.425001     2.162536     0.36013946]
 [ 17.          29.95         2.3874674    0.36713043]
 [ 18.          31.65         2.5790625    0.3751696 ]
 [ 19.          33.275        2.2868512    0.38274574]
 [ 20.          35.15         2.2033358    0.38924074]
 [ 21.          36.3          1.7997397    0.39549905]
 [ 22.          37.675        1.6691126    0.40521845]
 [ 23.          39.075        2.0531983    0.41419291]
 [ 24.          40.4          2.753407     0.4206585 ]
 [ 25.          41.425        3.1802611    0.42914543]
 [ 26.          42.825        3.4962037    0.4364508 ]
 [ 27.          44.2          3.936607     0.4425672 ]
 [ 28.          45.825        4.5264845    0.44959283]
 [ 29.          47.625        5.0031238    0.45601138]
 [ 30.          49.           5.2403183    0.46208358]
 [ 31.          50.350002     5.286628     0.46835914]
 [ 32.          51.675        5.0269585    0.47444826]
 [ 33.          53.475002     5.1420445    0.4808124 ]
 [ 34.          54.625        4.8822064    0.4868377 ]
 [ 35.          55.975002     4.807546     0.49282452]
 [ 36.          57.350002     4.4637427    0.49921796]
 [ 37.          58.725002     4.3958435    0.50706524]
 [ 38.          60.125        4.444097     0.51323676]
 [ 39.          61.5          4.521649     0.5215916 ]
 [ 40.          63.325        4.0122857    0.52852666]
 [ 41.          64.55         3.8371134    0.5379545 ]
 [ 42.          65.9          3.6458452    0.54551417]
 [ 43.          67.1          3.2360277    0.55295366]
 [ 44.          68.675        3.5505283    0.5601979 ]
 [ 45.          69.725        3.052151     0.5685693 ]
 [ 46.          70.450005     3.1679547    0.57662314]
 [ 47.          71.575005     2.8812435    0.58394647]
 [ 48.          72.25         2.5814846    0.59226847]
 [ 49.          73.200005     2.2545092    0.599363  ]
 [ 50.          73.675        2.1894636    0.60776097]
 [ 51.          74.375        1.9445431    0.61538607]
 [ 52.          75.15         1.3181422    0.623094  ]
 [ 53.          75.75         1.202211     0.6309785 ]
 [ 54.          76.275        1.0547512    0.6388333 ]
 [ 55.          76.6          0.8987835    0.64661855]
 [ 56.          77.           0.86150354   0.6546265 ]
 [ 57.          77.325005     0.85968745   0.662544  ]
 [ 58.          77.65         0.8168155    0.67053914]
 [ 59.          77.875        0.48412225   0.678773  ]
 [ 60.          78.25         0.51538897   0.6875085 ]
 [ 61.          78.575005     0.57689905   0.6958729 ]
 [ 62.          79.           0.293151     0.7043738 ]
 [ 63.          79.175        0.25920466   0.713769  ]
 [ 64.          79.275        0.18540479   0.7219464 ]
 [ 65.          79.525        0.3235545    0.73079956]
 [ 66.          79.725        0.9412433    0.737493  ]
 [ 67.          80.           1.1989579    0.7462346 ]
 [ 68.          80.525        2.382226     0.75308067]
 [ 69.          81.           2.6940322    0.75928795]
 [ 70.          81.5          3.0272198    0.7657236 ]
 [ 71.          82.425        3.452354     0.7729749 ]
 [ 72.          84.1          1.5547303    0.7793508 ]
 [ 73.          85.           1.6225952    0.78549784]
 [ 74.          85.6          2.9519598    0.792025  ]
 [ 75.          85.675        2.787528     0.7988236 ]
 [ 76.          85.225        3.4611683    0.80567515]
 [ 77.          84.775        3.0328922    0.8118498 ]
 [ 78.          84.275        3.2480764    0.81863225]
 [ 79.          84.3          3.7879329    0.8247141 ]
 [ 80.          83.85         5.274793     0.83109665]
 [ 81.          83.225        6.1678348    0.83741933]
 [ 82.          83.325005     6.476279     0.8437664 ]
 [ 83.          83.450005     6.7410817    0.8503298 ]
 [ 84.          83.425        7.59965      0.8570677 ]
 [ 85.          82.375        8.698509     0.8644525 ]
 [ 86.          81.75         8.934221     0.87183523]
 [ 87.          81.875        7.6775846    0.8794193 ]
 [ 88.          82.225        5.2047153    0.8862792 ]
 [ 89.          83.200005     2.4408627    0.8929476 ]
 [ 90.          84.525        1.5191486    0.89960283]
 [ 91.          86.35         1.4345078    0.90637904]
 [ 92.          87.200005     0.92110616   0.91381925]
 [ 93.          86.975        1.3789711    0.92078555]
 [ 94.          85.775        1.9633359    0.92776984]
 [ 95.          84.325005     2.707917     0.9347687 ]
 [ 96.          83.5          1.5283774    0.9427888 ]
 [ 97.          84.4          1.5722202    0.94998884]
 [ 98.          84.8          1.2073991    0.95789355]
 [ 99.          85.200005     2.6019824    0.9652662 ]
 [100.          85.           3.279911     0.9728366 ]
 [101.          84.175        3.5669928    0.98017734]
 [102.          83.325005     3.471535     0.987648  ]
 [103.          82.3          2.9942653    0.99838305]
 [104.          81.825005     2.8029006    1.0061774 ]
 [105.          81.65         3.1824715    1.0152805 ]
 [106.          80.475        4.8544426    1.0217749 ]
 [107.          79.85         6.0855865    1.027907  ]
 [108.          80.125        5.927954     1.034627  ]
 [109.          80.85         5.4931765    1.0420573 ]
 [110.          81.225        4.4312463    1.0489405 ]
 [111.          82.35         3.8703604    1.0561222 ]
 [112.          82.6          3.7877269    1.0625744 ]
 [113.          82.925        3.964293     1.0689961 ]
 [114.          83.25         3.9558098    1.0753014 ]
 [115.          84.3          4.1141915    1.0814276 ]
 [116.          84.950005     3.6897233    1.0881538 ]
 [117.          85.575005     4.014233     1.0948309 ]
 [118.          86.075005     3.9077244    1.1011318 ]
 [119.          86.3          3.3489735    1.1075246 ]
 [120.          86.05         2.9015086    1.1148986 ]
 [121.          85.175        3.2083874    1.1217057 ]
 [122.          84.925        3.947507     1.1293617 ]
 [123.          85.225        3.9788501    1.1357422 ]
 [124.          85.55         3.9435468    1.1421355 ]
 [125.          85.5          4.5449142    1.148585  ]
 [126.          85.5          5.122713     1.1553477 ]
 [127.          85.175        5.5989666    1.1619993 ]
 [128.          84.9          6.395433     1.1686848 ]
 [129.          84.625        6.437804     1.1757624 ]
 [130.          84.525        5.9051085    1.1827303 ]
 [131.          84.700005     5.5089426    1.1894344 ]
 [132.          84.700005     4.515252     1.1962798 ]
 [133.          84.85         2.6300547    1.203626  ]
 [134.          84.575005     2.4758205    1.2118952 ]
 [135.          84.825005     2.6525342    1.2193025 ]
 [136.          84.475        2.9386976    1.2264475 ]
 [137.          84.575005     3.6854856    1.2342435 ]
 [138.          84.275        3.7200902    1.2412999 ]
 [139.          84.25         3.1024172    1.2482703 ]
 [140.          83.9          2.9320436    1.2554768 ]
 [141.          83.55         3.221752     1.2621297 ]
 [142.          83.825005     3.5428185    1.2688881 ]
 [143.          84.425        4.0664406    1.275267  ]
 [144.          84.725        3.9670517    1.2816046 ]
 [145.          85.375        3.532218     1.2889816 ]
 [146.          85.725        3.4746852    1.2957348 ]
 [147.          86.575005     3.4262314    1.3029629 ]
 [148.          86.4          3.8164937    1.3097525 ]
 [149.          87.125        2.7329013    1.3166953 ]
 [150.          87.6          1.0584481    1.3241538 ]
 [151.          87.700005     1.330532     1.3313721 ]
 [152.          87.5          2.298098     1.3379534 ]
 [153.          87.375        1.5909913    1.3444527 ]
 [154.          87.5          1.0716518    1.3518741 ]
 [155.          86.9          1.8924191    1.3581668 ]
 [156.          86.950005     2.0852907    1.3644212 ]
 [157.          87.200005     1.9657214    1.3715113 ]
 [158.          87.475        2.2902648    1.3788465 ]
 [159.          87.35         2.1891067    1.3856281 ]
 [160.          87.05         2.862199     1.3941735 ]
 [161.          86.525        3.1104662    1.4019322 ]
 [162.          86.525        2.571478     1.4098376 ]
 [163.          86.925        2.1607292    1.417538  ]
 [164.          87.475        2.2902648    1.4255888 ]
 [165.          87.4          3.5249114    1.4338149 ]
 [166.          87.775        2.3805857    1.4401779 ]
 [167.          87.700005     1.7580174    1.4464363 ]
 [168.          87.375        0.73951      1.4524816 ]
 [169.          87.450005     1.4911193    1.4589095 ]
 [170.          86.55         2.9706903    1.4662486 ]
 [171.          86.225        3.6286619    1.4730669 ]
 [172.          86.225        4.3547745    1.481592  ]
 [173.          86.775        5.0570188    1.4897927 ]
 [174.          86.6          4.893714     1.4969636 ]
 [175.          85.65         4.9302955    1.5042902 ]
 [176.          85.575005     4.17732      1.5124962 ]
 [177.          85.6          3.39623      1.5196112 ]
 [178.          86.375        2.5464427    1.5281838 ]
 [179.          87.35         2.127572     1.5354493 ]
 [180.          87.8          2.6730719    1.5429647 ]
 [181.          88.1          2.2662606    1.5504462 ]
 [182.          87.975        1.4721364    1.5580479 ]
 [183.          87.025        2.4849546    1.5654922 ]
 [184.          87.05         3.430789     1.5729455 ]
 [185.          86.8          3.7055702    1.5804323 ]
 [186.          86.325005     3.839149     1.5879916 ]
 [187.          86.025        3.882453     1.5956116 ]
 [188.          86.6          3.6979728    1.6027758 ]
 [189.          86.775        3.7639325    1.6096348 ]
 [190.          86.525        4.355672     1.616276  ]
 [191.          86.6          4.49948      1.6235701 ]
 [192.          86.3          4.388016     1.6302404 ]
 [193.          86.450005     3.9761004    1.6369237 ]
 [194.          85.775        3.7032502    1.6433125 ]
 [195.          86.85         2.5223992    1.6498196 ]
 [196.          87.725        1.450754     1.65745   ]
 [197.          88.05         3.3361187    1.664935  ]
 [198.          87.85         3.37662      1.6713841 ]
 [199.          87.975        3.3276777    1.6780306 ]
 [200.          88.625        1.9385072    1.684616  ]]
The best results: 
Epoch: 200  88.62±1.94  1.685s
--------------- Train Done! ----------------
