Using cuda:0 device
Dataset     :Photo
Epochs      :200
LR X_s      :0.01
Learn A_s   :0
LR A_s      :0.01
Conden ratio:0.5
Ridge       :0.001
Kernel      :SNTK
k           :4
L           :1
Seed        :5
The 1th Iteration:
--------------------------------------------------
The 2th Iteration:
--------------------------------------------------
The 3th Iteration:
--------------------------------------------------
The 4th Iteration:
--------------------------------------------------
The 5th Iteration:
--------------------------------------------------
[[  1.          19.75         6.223695     0.4914693 ]
 [  2.          25.45         6.7705708    0.537904  ]
 [  3.          31.925001     3.1593115    0.5816907 ]
 [  4.          32.475002     1.6090564    0.6235505 ]
 [  5.          34.525        3.2336123    0.66830033]
 [  6.          37.05         6.3894444    0.7116776 ]
 [  7.          40.7          7.7037935    0.7558142 ]
 [  8.          45.725002     6.406418     0.80013627]
 [  9.          49.925        4.8376775    0.84297097]
 [ 10.          53.875        4.170207     0.88399094]
 [ 11.          57.825        1.9497596    0.92941326]
 [ 12.          60.575        1.0216409    0.97619385]
 [ 13.          62.45         1.3305315    1.0259212 ]
 [ 14.          64.575005     1.7557946    1.0783321 ]
 [ 15.          66.65         1.4588102    1.1304189 ]
 [ 16.          67.875        2.2008517    1.1847498 ]
 [ 17.          67.950005     2.6109736    1.2357798 ]
 [ 18.          69.4          1.6450684    1.2875204 ]
 [ 19.          71.65         2.0642033    1.3353008 ]
 [ 20.          70.975        1.1537987    1.3830374 ]
 [ 21.          70.950005     0.77861947   1.429607  ]
 [ 22.          71.625        0.8244304    1.4761363 ]
 [ 23.          72.8          1.2704563    1.523034  ]
 [ 24.          73.775        1.0398326    1.5684885 ]
 [ 25.          74.325005     1.8127154    1.6140822 ]
 [ 26.          74.625        1.7809757    1.6589905 ]
 [ 27.          75.4          1.370447     1.7050087 ]
 [ 28.          76.05         1.2424774    1.7491531 ]
 [ 29.          76.775        1.263675     1.794286  ]
 [ 30.          76.925        1.2549901    1.8384774 ]
 [ 31.          76.85         1.2942175    1.8845536 ]
 [ 32.          76.825005     1.7491072    1.9294404 ]
 [ 33.          77.05         1.4884976    1.9742485 ]
 [ 34.          77.425        1.5222311    2.0221279 ]
 [ 35.          78.075005     1.095446     2.069225  ]
 [ 36.          78.275        0.6578849    2.1173015 ]
 [ 37.          78.875        0.47598717   2.1672857 ]
 [ 38.          79.           0.4506932    2.216705  ]
 [ 39.          79.075005     0.2592065    2.2660928 ]
 [ 40.          79.275        0.44546402   2.3171673 ]
 [ 41.          79.450005     0.6033759    2.3642852 ]
 [ 42.          79.575005     0.71041304   2.4093466 ]
 [ 43.          79.55         0.40117016   2.4527805 ]
 [ 44.          79.700005     0.4808846    2.4999127 ]
 [ 45.          79.925        0.39131072   2.5440652 ]
 [ 46.          80.15         0.13693146   2.5842478 ]
 [ 47.          80.25         0.3061875    2.6273458 ]
 [ 48.          80.425        0.37080994   2.6692846 ]
 [ 49.          80.425        0.3377323    2.7103546 ]
 [ 50.          80.475        0.1045825    2.7542536 ]
 [ 51.          80.55         0.16770406   2.7992783 ]
 [ 52.          80.85         0.18540607   2.843811  ]
 [ 53.          80.975        0.4088848    2.8921072 ]
 [ 54.          81.           0.53032905   2.9402933 ]
 [ 55.          81.125        0.3423266    2.9877534 ]
 [ 56.          81.200005     0.31374833   3.0355227 ]
 [ 57.          81.3          0.50466573   3.085204  ]
 [ 58.          81.275        0.4626689    3.1349773 ]
 [ 59.          81.3          0.32596013   3.185313  ]
 [ 60.          81.125        0.48412326   3.2375705 ]
 [ 61.          81.6          0.4952917    3.2910454 ]
 [ 62.          81.225        0.5955565    3.3360512 ]
 [ 63.          81.625        0.44194102   3.3812013 ]
 [ 64.          81.625        0.45927933   3.4209907 ]
 [ 65.          81.35         0.78262424   3.460984  ]
 [ 66.          81.55         0.2738624    3.5038135 ]
 [ 67.          81.475        0.2404423    3.5400898 ]
 [ 68.          80.8          1.6216313    3.5831566 ]
 [ 69.          80.950005     1.4963497    3.6273973 ]
 [ 70.          81.925        0.6649715    3.6708336 ]
 [ 71.          81.575005     1.1845357    3.717633  ]
 [ 72.          81.175        1.55272      3.7632835 ]
 [ 73.          81.6          1.6521766    3.8125038 ]
 [ 74.          81.725        0.5258919    3.8609505 ]
 [ 75.          80.35         1.5522162    3.9121537 ]
 [ 76.          81.4          1.4668202    3.9584148 ]
 [ 77.          81.825005     0.82726943   4.005114  ]
 [ 78.          81.475        1.0170428    4.05486   ]
 [ 79.          81.075005     1.7844808    4.108726  ]
 [ 80.          81.65         1.7352065    4.1546984 ]
 [ 81.          81.925        1.006231     4.208162  ]
 [ 82.          81.725        1.6826324    4.2560744 ]
 [ 83.          82.025        1.3211033    4.2990565 ]
 [ 84.          81.875        0.36443496   4.339177  ]
 [ 85.          81.075005     1.4323276    4.3796782 ]
 [ 86.          81.975        0.6149187    4.4224496 ]
 [ 87.          82.25         0.625        4.4612904 ]
 [ 88.          82.275        0.85421705   4.5006304 ]
 [ 89.          82.125        0.9802746    4.5448465 ]
 [ 90.          82.125        0.80039054   4.5915728 ]
 [ 91.          81.65         0.34686014   4.637912  ]
 [ 92.          81.225        0.89442825   4.682523  ]
 [ 93.          81.775        0.72024286   4.727815  ]
 [ 94.          81.925        0.622495     4.7746997 ]
 [ 95.          82.05         0.4472147    4.820045  ]
 [ 96.          81.925        0.87321246   4.86785   ]
 [ 97.          81.925        0.59028596   4.9163923 ]
 [ 98.          81.65         0.35794652   4.965072  ]
 [ 99.          81.875        0.12499937   5.0153375 ]
 [100.          82.225        0.55480856   5.065719  ]
 [101.          82.15         0.77257687   5.1130614 ]
 [102.          81.825005     0.49686518   5.1611233 ]
 [103.          81.925        0.6287388    5.207302  ]
 [104.          82.35         0.58229077   5.250734  ]
 [105.          82.200005     0.59686613   5.2928085 ]
 [106.          82.425        0.39131132   5.3311143 ]
 [107.          82.200005     0.3259609    5.3731875 ]
 [108.          82.05         0.6161879    5.4129057 ]
 [109.          82.15         0.9412425    5.4529467 ]
 [110.          82.325005     0.563194     5.494813  ]
 [111.          82.525        0.72564626   5.541061  ]
 [112.          82.525        0.9897922    5.5868874 ]
 [113.          82.325005     0.2877716    5.637571  ]
 [114.          81.1          1.338726     5.688558  ]
 [115.          81.4          2.7675567    5.738675  ]
 [116.          81.1          2.8823266    5.7881074 ]
 [117.          81.25         2.4685514    5.8395143 ]
 [118.          81.25         2.7992744    5.8903165 ]
 [119.          81.525        2.5531852    5.9381967 ]
 [120.          81.4          2.770379     5.985948  ]
 [121.          81.700005     2.37763      6.0313334 ]
 [122.          81.775        2.1440315    6.0785456 ]
 [123.          82.1          1.5672427    6.1217704 ]
 [124.          82.675        0.7836215    6.166949  ]
 [125.          82.700005     1.0628684    6.210665  ]
 [126.          82.975        0.7037844    6.2508554 ]
 [127.          82.950005     0.65311795   6.2924857 ]
 [128.          83.275        0.8450223    6.3370805 ]
 [129.          83.425        0.46435493   6.378946  ]
 [130.          83.35         0.51082087   6.418489  ]
 [131.          82.9          0.5687169    6.45844   ]
 [132.          83.075005     0.7479138    6.5050416 ]
 [133.          83.125        0.70156133   6.5535035 ]
 [134.          83.175        0.5836305    6.5994678 ]
 [135.          83.275        0.854218     6.644876  ]
 [136.          83.375        0.53764534   6.695199  ]
 [137.          83.275        0.6274941    6.743774  ]
 [138.          83.25         0.7705519    6.7940087 ]
 [139.          83.55         0.7104136    6.844388  ]
 [140.          83.125        0.23385325   6.895469  ]
 [141.          82.9          0.84038794   6.944271  ]
 [142.          83.           0.59292704   6.9941187 ]
 [143.          83.4          0.63982415   7.041204  ]
 [144.          83.475        0.5687157    7.0854096 ]
 [145.          83.200005     0.710414     7.1297913 ]
 [146.          83.05         1.0846956    7.1730013 ]
 [147.          83.175        0.55621374   7.2166023 ]
 [148.          82.825005     0.9585143    7.256753  ]
 [149.          82.425        1.0628679    7.2933517 ]
 [150.          81.6          1.9109071    7.3354135 ]
 [151.          82.025        1.8779144    7.380554  ]
 [152.          82.325005     0.5046649    7.4261622 ]
 [153.          82.75         1.2593405    7.4741974 ]
 [154.          83.375        1.3080286    7.5222154 ]
 [155.          83.35         1.1367437    7.5708313 ]
 [156.          82.925        0.85968643   7.6185465 ]
 [157.          82.875        0.4050461    7.6669054 ]
 [158.          82.65         0.9412437    7.7182307 ]
 [159.          82.9          1.183876     7.766121  ]
 [160.          83.           1.1692679    7.816407  ]
 [161.          83.           0.94372797   7.8659244 ]
 [162.          83.15         0.85877943   7.9144607 ]
 [163.          83.15         0.7572562    7.9596252 ]
 [164.          83.4          0.6336896    8.009491  ]
 [165.          83.275        0.5687157    8.053013  ]
 [166.          83.05         0.438391     8.097377  ]
 [167.          83.4          0.58229077   8.140839  ]
 [168.          83.625        0.30618596   8.181863  ]
 [169.          82.675        1.3216934    8.22352   ]
 [170.          83.200005     0.8459455    8.266302  ]
 [171.          83.700005     0.91685486   8.311127  ]
 [172.          83.775        0.6459007    8.356135  ]
 [173.          83.175        0.5347309    8.405986  ]
 [174.          83.575005     0.45586458   8.453437  ]
 [175.          84.05         0.90398425   8.501539  ]
 [176.          84.15         0.7572555    8.551658  ]
 [177.          83.725        0.87231624   8.602048  ]
 [178.          84.05         0.6531165    8.653636  ]
 [179.          84.125        0.6903339    8.705387  ]
 [180.          84.15         0.25617328   8.7536745 ]
 [181.          83.975        0.54054374   8.802545  ]
 [182.          84.075005     0.37080994   8.851399  ]
 [183.          84.3          0.51234806   8.899132  ]
 [184.          84.325005     0.6033759    8.946524  ]
 [185.          84.025        0.6149194    8.993674  ]
 [186.          84.075005     0.72132593   9.036928  ]
 [187.          84.5          0.7654667    9.077098  ]
 [188.          84.5          1.1956958    9.119395  ]
 [189.          84.700005     0.42938814   9.160632  ]
 [190.          84.025        0.8403868    9.204521  ]
 [191.          83.875        1.5637496    9.241083  ]
 [192.          83.65         1.2911968    9.28416   ]
 [193.          84.200005     1.1270808    9.332258  ]
 [194.          84.8          1.0023413    9.380385  ]
 [195.          85.3          0.94207215   9.425609  ]
 [196.          84.975        0.81681544   9.473769  ]
 [197.          85.           1.286953     9.523917  ]
 [198.          85.225        1.4235739    9.574054  ]
 [199.          85.075005     1.0480644    9.625534  ]
 [200.          84.5          0.69033504   9.675674  ]]
The best results: 
Epoch: 195  85.30±0.94  9.426s
--------------- Train Done! ----------------
