Using cuda:0 device
Dataset     :Photo
Epochs      :200
LR X_s      :0.01
Learn A_s   :1
LR A_s      :0.01
Conden ratio:1.0
Ridge       :0.01
Kernel      :SGNK
k           :5
L           :1
Seed        :5
The 1th Iteration:
--------------------------------------------------
The 2th Iteration:
--------------------------------------------------
The 3th Iteration:
--------------------------------------------------
The 4th Iteration:
--------------------------------------------------
The 5th Iteration:
--------------------------------------------------
[[  1.          14.875        2.4222279    0.32171756]
 [  2.          15.325        2.242348     0.33272505]
 [  3.          15.675        1.631238     0.342275  ]
 [  4.          15.925        2.0263884    0.3540918 ]
 [  5.          16.025        1.3270032    0.3648513 ]
 [  6.          15.875        1.21192      0.4056252 ]
 [  7.          15.625        1.2716869    0.41725755]
 [  8.          15.325        1.3127975    0.42788225]
 [  9.          15.400001     1.3151758    0.43684468]
 [ 10.          15.150001     1.2067518    0.44613892]
 [ 11.          15.           1.2562344    0.45579553]
 [ 12.          15.150001     0.88564944   0.46566415]
 [ 13.          14.975        1.0170423    0.4752719 ]
 [ 14.          14.975        1.2605803    0.48479804]
 [ 15.          15.150001     0.9698582    0.4942774 ]
 [ 16.          15.025001     0.56871575   0.503662  ]
 [ 17.          14.75         0.6312191    0.51204675]
 [ 18.          14.475        0.38931033   0.5204915 ]
 [ 19.          14.5          0.36443445   0.5289425 ]
 [ 20.          14.525001     0.24044225   0.5375316 ]
 [ 21.          14.275001     0.52589214   0.5456216 ]
 [ 22.          14.425        0.831978     0.5554945 ]
 [ 23.          14.175        0.7836215    0.5649028 ]
 [ 24.          14.025001     0.6578848    0.5736541 ]
 [ 25.          13.825        0.41079175   0.58374375]
 [ 26.          13.8          0.43839186   0.5928585 ]
 [ 27.          13.85         0.58229077   0.60120964]
 [ 28.          13.8          0.4558647    0.6097424 ]
 [ 29.          13.8          0.4889403    0.6193096 ]
 [ 30.          13.925        0.44721368   0.6283421 ]
 [ 31.          14.2          0.4643544    0.6376002 ]
 [ 32.          14.25         0.44194177   0.64845544]
 [ 33.          14.375        0.36443448   0.65899223]
 [ 34.          14.375        0.125        0.6673982 ]
 [ 35.          14.325        0.1118034    0.6759838 ]
 [ 36.          14.375        0.19764242   0.6836305 ]
 [ 37.          14.525001     0.10458254   0.69117665]
 [ 38.          14.650001     0.27099353   0.699537  ]
 [ 39.          14.725        0.27099353   0.7085884 ]
 [ 40.          14.775001     0.2236068    0.71546453]
 [ 41.          14.85         0.34686098   0.723834  ]
 [ 42.          14.875        0.46770725   0.7309608 ]
 [ 43.          14.825        0.33773148   0.73765916]
 [ 44.          14.775001     0.42756575   0.7442463 ]
 [ 45.          14.7          0.438392     0.75077474]
 [ 46.          14.650001     0.55480856   0.75751954]
 [ 47.          14.575        0.27386117   0.7645876 ]
 [ 48.          14.650001     0.20539597   0.77132946]
 [ 49.          14.675        0.20916496   0.7781176 ]
 [ 50.          14.7          0.22707377   0.78479666]
 [ 51.          14.625        0.1976424    0.7916834 ]
 [ 52.          14.625        0.1976424    0.7991781 ]
 [ 53.          14.525001     0.13693064   0.80746406]
 [ 54.          14.8          0.6766185    0.81517327]
 [ 55.          15.275001     1.5242826    0.8224146 ]
 [ 56.          15.2          1.429598     0.83133125]
 [ 57.          15.3          1.5119317    0.83831227]
 [ 58.          15.625        1.6559552    0.8453266 ]
 [ 59.          16.075        1.9874607    0.85257673]
 [ 60.          16.35         1.7531221    0.85997754]
 [ 61.          16.7          1.9133577    0.8674321 ]
 [ 62.          16.65         1.7949582    0.87635404]
 [ 63.          16.725        1.8653921    0.88535845]
 [ 64.          16.75         1.8853878    0.8939085 ]
 [ 65.          16.800001     1.9296212    0.9022455 ]
 [ 66.          17.375        1.5860721    0.9114488 ]
 [ 67.          17.7          1.6620771    0.91935694]
 [ 68.          17.85         1.7441866    0.9271392 ]
 [ 69.          17.800001     1.6479154    0.9351063 ]
 [ 70.          17.875        1.688657     0.9430149 ]
 [ 71.          18.225        1.0547512    0.95025045]
 [ 72.          18.550001     0.36012152   0.9583088 ]
 [ 73.          18.775        0.16298038   0.9659074 ]
 [ 74.          18.775        0.18540524   0.97424394]
 [ 75.          18.725        0.2236065    0.9829364 ]
 [ 76.          18.675001     0.24367012   0.98997927]
 [ 77.          18.675001     0.27386153   0.9973883 ]
 [ 78.          18.775        0.25617364   1.0056003 ]
 [ 79.          18.800001     0.25920534   1.0142516 ]
 [ 80.          18.925001     0.16770509   1.0226994 ]
 [ 81.          18.975        0.20539592   1.0294627 ]
 [ 82.          19.050001     0.20916508   1.0379773 ]
 [ 83.          19.075        0.209165     1.0448731 ]
 [ 84.          19.125        0.293151     1.0527085 ]
 [ 85.          19.15         0.28504387   1.0602454 ]
 [ 86.          19.15         0.28504387   1.0679102 ]
 [ 87.          19.175001     0.2592053    1.0764898 ]
 [ 88.          19.125        0.2651652    1.0840403 ]
 [ 89.          19.075        0.25920552   1.091182  ]
 [ 90.          19.025        0.27099365   1.0990378 ]
 [ 91.          19.025        0.28504395   1.1072494 ]
 [ 92.          19.050001     0.36012137   1.1164144 ]
 [ 93.          18.975        0.2984336    1.1247694 ]
 [ 94.          18.85         0.2984336    1.1333897 ]
 [ 95.          18.925001     0.3010397    1.1423262 ]
 [ 96.          18.925001     0.36012137   1.151946  ]
 [ 97.          18.800001     0.40117034   1.1623194 ]
 [ 98.          18.775        0.35794535   1.172151  ]
 [ 99.          18.7          0.38119864   1.1810588 ]
 [100.          18.7          0.32596      1.190464  ]
 [101.          18.65         0.3235545    1.1997244 ]
 [102.          18.65         0.3235545    1.2083088 ]
 [103.          18.7          0.3377316    1.2172207 ]
 [104.          18.775        0.2404423    1.2260112 ]
 [105.          18.75         0.19764256   1.2348588 ]
 [106.          18.75         0.19764256   1.2435964 ]
 [107.          18.775        0.2404423    1.2526636 ]
 [108.          18.825        0.3377316    1.2604154 ]
 [109.          18.825        0.3377316    1.2691901 ]
 [110.          18.85         0.34686092   1.2766231 ]
 [111.          18.7          0.32596034   1.2839862 ]
 [112.          18.675001     0.3010397    1.2912686 ]
 [113.          18.725        0.41833      1.2988516 ]
 [114.          18.725        0.41833      1.3066975 ]
 [115.          18.7          0.4201934    1.3144938 ]
 [116.          18.65         0.34686092   1.3216947 ]
 [117.          18.6          0.32355464   1.3291754 ]
 [118.          18.6          0.32355464   1.336779  ]
 [119.          18.6          0.32355464   1.3445162 ]
 [120.          18.5          0.2931511    1.3524097 ]
 [121.          18.5          0.293151     1.36026   ]
 [122.          18.5          0.293151     1.3685213 ]
 [123.          18.525        0.27099353   1.3763599 ]
 [124.          18.550001     0.2592053    1.3856366 ]
 [125.          18.525        0.20539597   1.3943528 ]
 [126.          18.5          0.21650654   1.4024667 ]
 [127.          18.525        0.2984334    1.41056   ]
 [128.          18.575        0.3259603    1.4186687 ]
 [129.          18.525        0.36869684   1.4276375 ]
 [130.          18.575        0.40117016   1.4367771 ]
 [131.          18.575        0.41079167   1.4444426 ]
 [132.          18.525        0.31124777   1.452204  ]
 [133.          18.475        0.2236068    1.4597336 ]
 [134.          18.475        0.2236068    1.4682692 ]
 [135.          18.475        0.2236068    1.4767684 ]
 [136.          18.45         0.20916532   1.4851933 ]
 [137.          18.45         0.20916532   1.4952792 ]
 [138.          18.45         0.20916532   1.5038325 ]
 [139.          18.35         0.16297987   1.5116189 ]
 [140.          18.325        0.1118034    1.5194054 ]
 [141.          18.325        0.14252162   1.5272349 ]
 [142.          18.275        0.18540497   1.5349768 ]
 [143.          18.175001     0.11180354   1.5431168 ]
 [144.          18.175001     0.11180354   1.5510851 ]
 [145.          18.225        0.13693064   1.5593315 ]
 [146.          18.25         0.15309298   1.5678512 ]
 [147.          18.275        0.10458243   1.576113  ]
 [148.          18.25         0.125        1.5848064 ]
 [149.          18.25         0.125        1.5953707 ]
 [150.          18.300001     0.11180354   1.605276  ]
 [151.          18.275        0.10458243   1.613871  ]
 [152.          18.275        0.1045825    1.6221818 ]
 [153.          18.300001     0.11180343   1.6322196 ]
 [154.          18.275        0.1045825    1.640873  ]
 [155.          18.275        0.1045825    1.649462  ]
 [156.          18.225        0.1045825    1.6584142 ]
 [157.          18.25         0.08838812   1.6677427 ]
 [158.          18.25         0.08838812   1.6774863 ]
 [159.          18.225        0.1045825    1.6864176 ]
 [160.          18.225        0.1045825    1.6954072 ]
 [161.          18.275        0.1045825    1.704182  ]
 [162.          18.275        0.1045825    1.7153654 ]
 [163.          18.300001     0.1118034    1.7244114 ]
 [164.          18.275        0.1045822    1.733344  ]
 [165.          18.275        0.1045822    1.742289  ]
 [166.          18.225        0.16298006   1.7508211 ]
 [167.          18.225        0.20539597   1.7581297 ]
 [168.          18.225        0.2236068    1.765672  ]
 [169.          18.2          0.18957189   1.772631  ]
 [170.          18.225        0.13693085   1.7823695 ]
 [171.          18.2          0.11180354   1.7917137 ]
 [172.          18.225        0.13693058   1.8013386 ]
 [173.          18.225        0.13693058   1.812424  ]
 [174.          18.25         0.08838835   1.8230594 ]
 [175.          18.225        0.05590156   1.8325781 ]
 [176.          18.25         0.           1.8410705 ]
 [177.          18.25         0.           1.850063  ]
 [178.          18.25         0.           1.8587178 ]
 [179.          18.25         0.08838835   1.867574  ]
 [180.          18.225        0.1045825    1.8747202 ]
 [181.          18.2          0.06846538   1.8823706 ]
 [182.          18.175001     0.11180343   1.8899148 ]
 [183.          18.15         0.13693058   1.8990515 ]
 [184.          18.15         0.13693058   1.9072293 ]
 [185.          18.15         0.13693058   1.9155598 ]
 [186.          18.15         0.13693058   1.9227699 ]
 [187.          18.1          0.1045825    1.9316031 ]
 [188.          18.075        0.14252196   1.9387776 ]
 [189.          18.075        0.14252196   1.9462137 ]
 [190.          18.050001     0.14252193   1.9539741 ]
 [191.          18.           0.15309298   1.9613993 ]
 [192.          18.025        0.13693058   1.9690672 ]
 [193.          18.           0.15309298   1.9773263 ]
 [194.          18.           0.15309298   1.9858866 ]
 [195.          17.975        0.1045825    1.9935051 ]
 [196.          18.           0.08838812   2.0013947 ]
 [197.          17.975        0.0559017    2.0097044 ]
 [198.          17.975        0.0559017    2.0178807 ]
 [199.          17.95         0.06846532   2.0266666 ]
 [200.          17.975        0.0559017    2.0365667 ]]
The best results: 
Epoch: 87  19.18±0.26  1.076s
--------------- Train Done! ----------------
