Using cuda:0 device
Dataset     :Photo
Epochs      :200
LR X_s      :0.01
Learn A_s   :1
LR A_s      :0.01
Conden ratio:0.25
Ridge       :10.0
Kernel      :SGNK
k           :2
L           :1
Seed        :5
The 1th Iteration:
--------------------------------------------------
The 2th Iteration:
--------------------------------------------------
The 3th Iteration:
--------------------------------------------------
The 4th Iteration:
--------------------------------------------------
The 5th Iteration:
--------------------------------------------------
[[  1.          12.5          0.           0.24453102]
 [  2.          12.5          0.           0.24982095]
 [  3.          12.5          0.           0.25601324]
 [  4.          12.45         0.11180333   0.26146585]
 [  5.          12.5          0.           0.2667168 ]
 [  6.          12.5          0.           0.27185878]
 [  7.          12.5          0.           0.27763104]
 [  8.          12.5          0.           0.28410658]
 [  9.          12.5          0.           0.28931448]
 [ 10.          12.5          0.           0.29486108]
 [ 11.          12.5          0.           0.30088964]
 [ 12.          12.5          0.           0.306247  ]
 [ 13.          12.5          0.           0.31162897]
 [ 14.          12.5          0.           0.31767192]
 [ 15.          12.5          0.           0.3241615 ]
 [ 16.          12.5          0.           0.32967773]
 [ 17.          12.5          0.           0.33534932]
 [ 18.          12.5          0.           0.34145203]
 [ 19.          12.5          0.           0.348344  ]
 [ 20.          12.5          0.           0.35455042]
 [ 21.          12.5          0.           0.3609538 ]
 [ 22.          12.5          0.           0.36752588]
 [ 23.          12.5          0.           0.37444344]
 [ 24.          12.5          0.           0.3814914 ]
 [ 25.          12.5          0.           0.3884171 ]
 [ 26.          12.5          0.           0.39550993]
 [ 27.          12.5          0.           0.40272808]
 [ 28.          12.475        0.0559017    0.40973765]
 [ 29.          12.5          0.           0.41653046]
 [ 30.          12.5          0.           0.42369872]
 [ 31.          12.5          0.           0.43072128]
 [ 32.          12.5          0.           0.43813014]
 [ 33.          12.5          0.           0.44648957]
 [ 34.          12.5          0.           0.45396575]
 [ 35.          12.5          0.           0.46177435]
 [ 36.          12.5          0.           0.46951824]
 [ 37.          12.5          0.           0.47897276]
 [ 38.          12.5          0.           0.48621216]
 [ 39.          12.5          0.           0.49372345]
 [ 40.          12.5          0.           0.50277513]
 [ 41.          12.5          0.           0.5111374 ]
 [ 42.          12.5          0.           0.51820207]
 [ 43.          12.5          0.           0.52476597]
 [ 44.          12.5          0.           0.53110427]
 [ 45.          12.5          0.           0.5384359 ]
 [ 46.          12.5          0.           0.5452064 ]
 [ 47.          12.5          0.           0.5519487 ]
 [ 48.          12.5          0.           0.55872864]
 [ 49.          12.5          0.           0.5657476 ]
 [ 50.          12.5          0.           0.57275766]
 [ 51.          12.5          0.           0.57983536]
 [ 52.          12.5          0.           0.5869045 ]
 [ 53.          12.5          0.           0.5937256 ]
 [ 54.          12.5          0.           0.60054666]
 [ 55.          12.5          0.           0.6067235 ]
 [ 56.          12.5          0.           0.6132869 ]
 [ 57.          12.5          0.           0.6195821 ]
 [ 58.          12.5          0.           0.6261523 ]
 [ 59.          12.5          0.           0.6335243 ]
 [ 60.          12.5          0.           0.6400996 ]
 [ 61.          12.5          0.           0.64618754]
 [ 62.          12.5          0.           0.65232795]
 [ 63.          12.5          0.           0.65977085]
 [ 64.          12.5          0.           0.66684556]
 [ 65.          12.5          0.           0.67372596]
 [ 66.          12.5          0.           0.68197685]
 [ 67.          12.5          0.           0.6900049 ]
 [ 68.          12.475        0.05590177   0.697602  ]
 [ 69.          12.45         0.0684652    0.7054372 ]
 [ 70.          12.45         0.0684652    0.71246934]
 [ 71.          12.400001     0.05590177   0.72006816]
 [ 72.          12.400001     0.05590177   0.72790617]
 [ 73.          12.7          0.6590714    0.7361195 ]
 [ 74.          13.3          1.3566965    0.7444202 ]
 [ 75.          14.45         1.9051739    0.75253546]
 [ 76.          15.5          1.9783989    0.7605588 ]
 [ 77.          16.225        2.1729877    0.7687425 ]
 [ 78.          16.85         2.753407     0.7768521 ]
 [ 79.          16.725        3.1041806    0.785583  ]
 [ 80.          16.675001     3.324389     0.79423296]
 [ 81.          16.4          2.9913938    0.80352354]
 [ 82.          16.15         2.374013     0.8129469 ]
 [ 83.          16.225        1.9673111    0.8216187 ]
 [ 84.          16.85         2.2033358    0.8287938 ]
 [ 85.          18.625        3.9980464    0.83660185]
 [ 86.          19.925001     4.370176     0.84305364]
 [ 87.          21.2          4.550584     0.8528429 ]
 [ 88.          21.375        5.005466     0.8598866 ]
 [ 89.          22.075        4.0856075    0.8672    ]
 [ 90.          23.475        1.5370425    0.8747706 ]
 [ 91.          24.375        0.60595995   0.8825496 ]
 [ 92.          24.           0.92280143   0.89083403]
 [ 93.          23.4          2.4943686    0.89740133]
 [ 94.          24.025        1.7620124    0.9041301 ]
 [ 95.          25.975        2.6001804    0.911907  ]
 [ 96.          25.75         2.452677     0.9208371 ]
 [ 97.          25.675001     2.0011718    0.9274397 ]
 [ 98.          25.175001     1.0918734    0.9340895 ]
 [ 99.          25.775        2.335862     0.9410718 ]
 [100.          25.45         1.4323276    0.9481703 ]
 [101.          25.050001     0.7104136    0.95380545]
 [102.          26.25         3.2536037    0.96139663]
 [103.          25.1          0.62123865   0.96741545]
 [104.          24.95         0.616188     0.97302526]
 [105.          25.875        3.125        0.97789854]
 [106.          25.625        1.885388     0.9853306 ]
 [107.          24.875        0.66731757   0.99079144]
 [108.          24.725        1.6639563    0.99592876]
 [109.          22.475        5.63707      1.0020281 ]
 [110.          22.075        5.3528614    1.0084952 ]
 [111.          19.35         5.807054     1.0145067 ]
 [112.          23.800001     0.5491469    1.0206913 ]
 [113.          24.425001     1.7975677    1.0269719 ]
 [114.          23.4          1.9393139    1.0331801 ]
 [115.          23.775        1.238699     1.038942  ]
 [116.          22.275        6.16023      1.0453055 ]
 [117.          24.2          0.616188     1.0516576 ]
 [118.          25.35         2.217473     1.0579346 ]
 [119.          22.7          5.949396     1.0633671 ]
 [120.          25.15         1.8695753    1.0696898 ]
 [121.          23.925001     1.2009112    1.0754044 ]
 [122.          25.525        4.121589     1.080986  ]
 [123.          22.775        6.257121     1.086464  ]
 [124.          23.300001     5.926371     1.0922402 ]
 [125.          26.4          4.1187453    1.0981114 ]
 [126.          22.575        4.5161166    1.1046727 ]
 [127.          24.2          1.8990132    1.1100857 ]
 [128.          23.75         6.0518594    1.1157748 ]
 [129.          24.475        1.6163229    1.1218706 ]
 [130.          25.625        4.912516     1.1273761 ]
 [131.          26.375        2.7027185    1.1334727 ]
 [132.          26.975        3.1750984    1.1389484 ]
 [133.          25.9          2.5729969    1.1455506 ]
 [134.          25.300001     2.652534     1.1510993 ]
 [135.          26.2          3.8675332    1.1564286 ]
 [136.          27.825        4.7587094    1.1618918 ]
 [137.          26.300001     6.234731     1.1688321 ]
 [138.          30.1          4.7247686    1.1760968 ]
 [139.          29.525        4.239325     1.1828485 ]
 [140.          29.050001     4.6229725    1.1896747 ]
 [141.          28.95         5.2295737    1.1967738 ]
 [142.          26.6          5.615547     1.2035004 ]
 [143.          25.9          6.2038302    1.2094504 ]
 [144.          26.725        3.6415567    1.216162  ]
 [145.          31.025        5.8191495    1.2231778 ]
 [146.          24.525        9.326709     1.2295479 ]
 [147.          26.275       10.282494     1.2360704 ]
 [148.          28.7          5.974948     1.2414362 ]
 [149.          26.2          4.885086     1.2475744 ]
 [150.          27.075        2.389103     1.2553838 ]
 [151.          26.25         9.827019     1.2613804 ]
 [152.          28.675001    11.420103     1.2673525 ]
 [153.          31.800001     8.931423     1.2729462 ]
 [154.          27.45         5.284559     1.2779325 ]
 [155.          26.775        4.8536386    1.2830887 ]
 [156.          30.675001     7.951317     1.288112  ]
 [157.          33.15         9.465151     1.2931455 ]
 [158.          33.8          9.391901     1.2982466 ]
 [159.          29.275        7.058572     1.3044068 ]
 [160.          27.725        9.242142     1.3111837 ]
 [161.          27.050001     6.772301     1.3170348 ]
 [162.          33.275       11.756448     1.3234161 ]
 [163.          34.4          8.812013     1.3300921 ]
 [164.          32.675        2.6214266    1.3359737 ]
 [165.          27.65        11.106164     1.3424147 ]
 [166.          37.575        9.152613     1.3485752 ]
 [167.          35.325        2.5869262    1.3564888 ]
 [168.          35.875        5.352424     1.364836  ]
 [169.          29.775        4.626182     1.370974  ]
 [170.          25.9          8.274302     1.3780215 ]
 [171.          22.725        5.9018006    1.3835837 ]
 [172.          37.2          8.223727     1.3897399 ]
 [173.          40.275        7.659451     1.3954532 ]
 [174.          36.275       12.3039       1.401515  ]
 [175.          31.625        6.965877     1.4076667 ]
 [176.          33.025       10.053141     1.4140972 ]
 [177.          33.825        4.158576     1.4205452 ]
 [178.          40.325        1.5924623    1.4270351 ]
 [179.          39.4         10.631395     1.4346503 ]
 [180.          38.525       10.267668     1.4406294 ]
 [181.          33.675        4.1160893    1.4462179 ]
 [182.          28.15        12.609025     1.4529499 ]
 [183.          40.825        5.38995      1.4599084 ]
 [184.          35.675       12.838419     1.468759  ]
 [185.          39.325        9.618342     1.4753579 ]
 [186.          29.025       15.431401     1.4811909 ]
 [187.          42.5          6.061533     1.4868971 ]
 [188.          41.350002     7.3428326    1.4934696 ]
 [189.          38.925       15.32757      1.4997356 ]
 [190.          31.375       16.22474      1.5063924 ]
 [191.          29.5         15.745535     1.5120369 ]
 [192.          33.          11.313019     1.5177355 ]
 [193.          44.525        1.6474414    1.5237828 ]
 [194.          45.2          6.167961     1.5296291 ]
 [195.          43.975002     7.1274114    1.53602   ]
 [196.          44.05         6.3606462    1.5425873 ]
 [197.          42.7          8.1827755    1.5480313 ]
 [198.          39.075        7.0348463    1.5547043 ]
 [199.          35.125       10.262568     1.5609462 ]
 [200.          35.350002    10.964574     1.5679257 ]]
The best results: 
Epoch: 194  45.20±6.17  1.530s
--------------- Train Done! ----------------
