Using cuda:0 device
Dataset     :Photo
Epochs      :200
LR X_s      :0.01
Learn A_s   :0
LR A_s      :0.01
Conden ratio:1.0
Ridge       :0.5
Kernel      :SGNK
k           :3
L           :1
Seed        :5
The 1th Iteration:
--------------------------------------------------
The 2th Iteration:
--------------------------------------------------
The 3th Iteration:
--------------------------------------------------
The 4th Iteration:
--------------------------------------------------
The 5th Iteration:
--------------------------------------------------
[[  1.          48.850002     9.5734825    0.2835457 ]
 [  2.          62.100002     6.3648205    0.29052797]
 [  3.          66.450005     2.513402     0.296916  ]
 [  4.          67.675        2.0852902    0.30593926]
 [  5.          67.675        2.2475681    0.31318226]
 [  6.          67.825005     2.2631552    0.3206087 ]
 [  7.          68.           2.2638464    0.32821807]
 [  8.          68.6          2.0528176    0.33805886]
 [  9.          69.175        2.0089638    0.3467497 ]
 [ 10.          70.200005     2.036004     0.3581172 ]
 [ 11.          71.025        2.096128     0.3666246 ]
 [ 12.          72.200005     2.0070186    0.37488827]
 [ 13.          73.1          1.5572414    0.38213643]
 [ 14.          73.975        1.2418483    0.38788924]
 [ 15.          74.8          1.217066     0.39385772]
 [ 16.          75.3          1.191113     0.40033832]
 [ 17.          75.825005     1.0480638    0.40591532]
 [ 18.          76.275        1.1159357    0.41143003]
 [ 19.          76.700005     1.0216409    0.41715392]
 [ 20.          77.           1.1825554    0.42336804]
 [ 21.          77.325005     1.0774684    0.4309213 ]
 [ 22.          77.6          0.97387755   0.43697652]
 [ 23.          77.75         1.0495539    0.44224697]
 [ 24.          77.950005     0.87321246   0.4476677 ]
 [ 25.          78.125        0.70156074   0.45283   ]
 [ 26.          78.275        0.58229053   0.45919156]
 [ 27.          78.25         0.50775224   0.4678712 ]
 [ 28.          78.375        0.42389545   0.474784  ]
 [ 29.          78.475        0.42756605   0.48016474]
 [ 30.          78.65         0.4366067    0.48546037]
 [ 31.          78.85         0.4626683    0.49071813]
 [ 32.          78.975        0.49528977   0.49615857]
 [ 33.          79.05         0.54914755   0.5024671 ]
 [ 34.          79.1          0.41833      0.5082173 ]
 [ 35.          79.175        0.36012104   0.5155487 ]
 [ 36.          79.25         0.26516566   0.523264  ]
 [ 37.          79.3          0.25920552   0.53261393]
 [ 38.          79.275        0.25617456   0.5422618 ]
 [ 39.          79.4          0.20539697   0.5511839 ]
 [ 40.          79.425        0.14252193   0.5594484 ]
 [ 41.          79.425        0.11180354   0.5673296 ]
 [ 42.          79.425        0.25920552   0.57277495]
 [ 43.          79.475        0.2053958    0.57801133]
 [ 44.          79.5          0.12500127   0.58521694]
 [ 45.          79.55         0.11180354   0.5918247 ]
 [ 46.          79.6          0.18540479   0.60229456]
 [ 47.          79.65         0.2236068    0.6133687 ]
 [ 48.          79.675        0.18957198   0.6253705 ]
 [ 49.          79.775        0.24044277   0.63317585]
 [ 50.          79.8          0.20916532   0.64082056]
 [ 51.          79.725        0.20539597   0.6464795 ]
 [ 52.          79.700005     0.22707385   0.65218115]
 [ 53.          79.675        0.25920576   0.6589846 ]
 [ 54.          79.575005     0.24366993   0.6678323 ]
 [ 55.          79.725        0.35794517   0.673752  ]
 [ 56.          80.15         0.5889607    0.6801821 ]
 [ 57.          80.825005     0.8551313    0.6880806 ]
 [ 58.          81.925        1.2393291    0.69519454]
 [ 59.          82.975        1.22602      0.703115  ]
 [ 60.          83.475        1.2228295    0.71017843]
 [ 61.          83.975        1.0208758    0.71790713]
 [ 62.          84.700005     1.1645815    0.7251332 ]
 [ 63.          85.15         0.91172916   0.7329728 ]
 [ 64.          85.825005     0.4726924    0.7389163 ]
 [ 65.          85.15         1.3445494    0.74594384]
 [ 66.          85.9          1.177259     0.7517801 ]
 [ 67.          85.875        0.7756046    0.75760657]
 [ 68.          87.25         0.7806253    0.76723886]
 [ 69.          86.75         1.0789179    0.7725064 ]
 [ 70.          86.950005     0.6033759    0.7778209 ]
 [ 71.          87.450005     0.59028596   0.7862921 ]
 [ 72.          87.925        0.6161876    0.79327947]
 [ 73.          87.525        1.1089127    0.79911965]
 [ 74.          87.525        0.80234116   0.805851  ]
 [ 75.          88.225        1.2881672    0.81200427]
 [ 76.          88.8          0.4201934    0.8196112 ]
 [ 77.          87.55         0.8177714    0.8262925 ]
 [ 78.          86.825005     2.5227094    0.8334158 ]
 [ 79.          88.1          0.8168155    0.8396983 ]
 [ 80.          86.975        2.3608124    0.8495342 ]
 [ 81.          87.3          0.6880686    0.85502976]
 [ 82.          87.925        1.6597241    0.86151886]
 [ 83.          87.825005     1.5093446    0.86796635]
 [ 84.          88.75         0.8794529    0.8769154 ]
 [ 85.          87.775        1.8569976    0.884376  ]
 [ 86.          89.125        0.4506939    0.8903119 ]
 [ 87.          88.625        0.4677065    0.8956434 ]
 [ 88.          89.25         0.4145781    0.90112466]
 [ 89.          89.125        1.0643367    0.9108057 ]
 [ 90.          89.575005     0.563194     0.9208579 ]
 [ 91.          89.950005     0.69372267   0.93080443]
 [ 92.          90.15         0.55480933   0.9366261 ]
 [ 93.          89.5          0.36443448   0.9431626 ]
 [ 94.          89.35         1.350346     0.948317  ]
 [ 95.          89.875        0.57960117   0.9534386 ]
 [ 96.          89.925        0.5199158    0.9587908 ]
 [ 97.          88.700005     2.4248075    0.9640716 ]
 [ 98.          89.9          0.40888444   0.96937364]
 [ 99.          89.450005     1.1679299    0.97654   ]
 [100.          90.05         0.44721267   0.98250765]
 [101.          89.15         1.3328772    0.9878182 ]
 [102.          89.275        1.0284996    0.99326915]
 [103.          89.9          0.4952903    0.9987654 ]
 [104.          88.975        1.8144394    1.0054665 ]
 [105.          88.           1.9921721    1.0137202 ]
 [106.          90.1          0.525892     1.0190438 ]
 [107.          87.8          3.721348     1.0264263 ]
 [108.          89.65         1.445359     1.0328469 ]
 [109.          89.375        0.7905694    1.0382038 ]
 [110.          90.075005     0.18957189   1.0435408 ]
 [111.          88.275        2.2051077    1.0495976 ]
 [112.          90.4          0.22360623   1.05637   ]
 [113.          90.175        0.33773142   1.0642893 ]
 [114.          89.75         0.6903346    1.0716327 ]
 [115.          89.6          1.0731088    1.0817331 ]
 [116.          89.825005     0.53473127   1.0906378 ]
 [117.          90.05         0.3708106    1.098635  ]
 [118.          90.1          0.3686963    1.1046425 ]
 [119.          90.1          0.55480933   1.1112416 ]
 [120.          90.15         0.1369304    1.1191542 ]
 [121.          89.9          0.8263257    1.1258749 ]
 [122.          90.           0.49212533   1.1319329 ]
 [123.          90.3          0.18957189   1.1374094 ]
 [124.          90.075005     0.3708088    1.1428858 ]
 [125.          89.450005     0.7426725    1.1483904 ]
 [126.          90.15         0.52589184   1.153931  ]
 [127.          89.700005     0.41079092   1.1595606 ]
 [128.          89.700005     0.5123481    1.1650263 ]
 [129.          90.075005     0.41079208   1.171578  ]
 [130.          89.65         0.73633283   1.1769594 ]
 [131.          89.950005     0.49686518   1.1823561 ]
 [132.          89.85         0.51841104   1.1894981 ]
 [133.          89.15         1.6283619    1.1958838 ]
 [134.          89.8          0.7426732    1.2021688 ]
 [135.          89.950005     0.48893982   1.2086012 ]
 [136.          89.700005     1.597362     1.2151469 ]
 [137.          89.725        0.8542181    1.2211211 ]
 [138.          89.975        0.6754633    1.2292827 ]
 [139.          89.950005     0.36012152   1.2380627 ]
 [140.          89.3          0.9585141    1.2458061 ]
 [141.          90.325005     0.16770406   1.2516159 ]
 [142.          89.85         0.85421664   1.2575898 ]
 [143.          89.175        0.8081621    1.2648824 ]
 [144.          90.225        0.27099353   1.2729601 ]
 [145.          90.075005     0.18957189   1.2788486 ]
 [146.          89.85         0.6336896    1.2840121 ]
 [147.          89.775        0.75725734   1.289159  ]
 [148.          89.9          0.86782736   1.2942551 ]
 [149.          89.75         0.3644343    1.2993668 ]
 [150.          89.85         0.5618051    1.3048648 ]
 [151.          90.175        0.30104008   1.3118159 ]
 [152.          89.775        0.5258914    1.3172328 ]
 [153.          90.025        0.8310378    1.3223822 ]
 [154.          90.075005     0.18957223   1.3275425 ]
 [155.          89.775        0.76750344   1.3342307 ]
 [156.          90.125        0.41457906   1.3404139 ]
 [157.          90.05         0.3708088    1.3463811 ]
 [158.          90.1          0.49529102   1.3516735 ]
 [159.          89.925        0.5046653    1.3578167 ]
 [160.          89.8          0.4643544    1.3631223 ]
 [161.          89.55         0.73207724   1.3684467 ]
 [162.          89.8          0.5902848    1.3739254 ]
 [163.          89.825005     0.60981596   1.3804482 ]
 [164.          90.025        0.67546207   1.3863357 ]
 [165.          89.775        0.4792567    1.3916199 ]
 [166.          89.8          1.0216416    1.39722   ]
 [167.          89.575005     0.5199158    1.4038689 ]
 [168.          90.075005     0.5968677    1.408994  ]
 [169.          89.9          0.28504342   1.4144548 ]
 [170.          89.875        0.7905694    1.4195892 ]
 [171.          89.85         0.38930997   1.4248091 ]
 [172.          89.775        0.32355407   1.4299768 ]
 [173.          89.8          0.57008773   1.4357802 ]
 [174.          90.1          0.54054374   1.4429377 ]
 [175.          90.275        0.58229095   1.4513555 ]
 [176.          89.825005     0.49686518   1.4617703 ]
 [177.          89.825005     0.79352885   1.4699233 ]
 [178.          90.225        0.2053958    1.4756063 ]
 [179.          89.825005     0.5491463    1.4811963 ]
 [180.          90.025        0.45414695   1.4900419 ]
 [181.          90.075005     0.34910482   1.496824  ]
 [182.          89.925        0.4889402    1.502199  ]
 [183.          90.225        0.32355335   1.5075222 ]
 [184.          90.15         0.40888652   1.5154971 ]
 [185.          89.9          0.5955568    1.5220482 ]
 [186.          90.125        0.49212548   1.5277418 ]
 [187.          89.65         0.6085331    1.535293  ]
 [188.          90.25         0.4330127    1.5434521 ]
 [189.          90.           0.36443448   1.5499045 ]
 [190.          90.15         0.56180406   1.5551449 ]
 [191.          90.225        0.34686092   1.561215  ]
 [192.          89.725        0.969858     1.5685451 ]
 [193.          89.55         0.54914707   1.5738777 ]
 [194.          89.85         0.42756552   1.580089  ]
 [195.          89.450005     0.51991546   1.5868969 ]
 [196.          90.           0.36443427   1.5922136 ]
 [197.          89.825005     0.4293887    1.5974959 ]
 [198.          89.825005     0.33773142   1.6031458 ]
 [199.          90.275        0.24044177   1.6084188 ]
 [200.          90.325005     0.7531192    1.6141701 ]]
The best results: 
Epoch: 112  90.40±0.22  1.056s
--------------- Train Done! ----------------
--------------- Save Done! ----------------
