Using cuda:0 device
Dataset     :Photo
Epochs      :200
LR X_s      :0.01
Learn A_s   :0
LR A_s      :0.01
Conden ratio:1.0
Ridge       :10.0
Kernel      :SGNK
k           :3
L           :1
Seed        :5
The 1th Iteration:
--------------------------------------------------
The 2th Iteration:
--------------------------------------------------
The 3th Iteration:
--------------------------------------------------
The 4th Iteration:
--------------------------------------------------
The 5th Iteration:
--------------------------------------------------
[[  1.          19.2          6.2503753    0.31386408]
 [  2.          15.475        4.375357     0.32046223]
 [  3.          15.150001     5.033792     0.32908997]
 [  4.          15.45         4.9359965    0.33649316]
 [  5.          15.8          5.030066     0.34179345]
 [  6.          16.075        5.1231704    0.34745175]
 [  7.          16.800001     5.2243423    0.35449034]
 [  8.          17.775        5.093961     0.3618145 ]
 [  9.          18.7          5.1747584    0.3680617 ]
 [ 10.          19.65         4.8026686    0.374847  ]
 [ 11.          20.625        4.2343464    0.3817462 ]
 [ 12.          21.725        3.1117218    0.3873488 ]
 [ 13.          22.225        2.6566544    0.39267865]
 [ 14.          22.825        1.9133576    0.3980201 ]
 [ 15.          23.2          1.8040752    0.40340075]
 [ 16.          23.6          1.506237     0.40942398]
 [ 17.          23.775        1.56225      0.41598073]
 [ 18.          23.925001     1.421377     0.42381284]
 [ 19.          24.275        1.238699     0.43040234]
 [ 20.          24.45         1.154475     0.43728682]
 [ 21.          24.800001     0.8953003    0.44437942]
 [ 22.          25.575        0.66497177   0.45125276]
 [ 23.          26.45         0.54914707   0.45758563]
 [ 24.          27.275        0.80719423   0.4653482 ]
 [ 25.          28.050001     0.92954963   0.47269112]
 [ 26.          29.325        1.1679307    0.48066813]
 [ 27.          30.575        1.509346     0.48752394]
 [ 28.          32.           1.6793784    0.4936667 ]
 [ 29.          33.95         1.9296213    0.50171024]
 [ 30.          35.925        1.8928319    0.5083814 ]
 [ 31.          37.825        1.3738632    0.51670116]
 [ 32.          39.725002     1.2035106    0.5262611 ]
 [ 33.          41.275        0.9412426    0.5340017 ]
 [ 34.          42.375        1.1215224    0.5419449 ]
 [ 35.          43.5          1.1659225    0.54895014]
 [ 36.          44.425        1.1645815    0.55715317]
 [ 37.          45.325        0.8953003    0.56326586]
 [ 38.          45.875        0.8838834    0.5708847 ]
 [ 39.          46.325        0.7582873    0.57613677]
 [ 40.          46.675        0.78362167   0.5832937 ]
 [ 41.          47.2          0.80331314   0.59257865]
 [ 42.          47.850002     0.7675041    0.6021778 ]
 [ 43.          48.275        0.76239717   0.6115842 ]
 [ 44.          48.7          0.96258163   0.62104   ]
 [ 45.          49.375        0.98821175   0.6312366 ]
 [ 46.          49.65         0.9453831    0.63671875]
 [ 47.          50.075        0.96258116   0.64269084]
 [ 48.          50.725002     0.8900487    0.6480332 ]
 [ 49.          51.375        0.6731462    0.65438324]
 [ 50.          51.775        0.5258926    0.65942496]
 [ 51.          52.2          0.54914767   0.66532916]
 [ 52.          52.55         0.60337526   0.6716942 ]
 [ 53.          52.925        0.447213     0.67675704]
 [ 54.          53.275        0.38931027   0.6817681 ]
 [ 55.          53.7          0.4201939    0.68801516]
 [ 56.          54.075        0.55621547   0.69341767]
 [ 57.          54.55         0.6823672    0.69866866]
 [ 58.          55.350002     0.6812219    0.70376855]
 [ 59.          56.05         0.73207754   0.71131223]
 [ 60.          56.850002     0.9976535    0.7172915 ]
 [ 61.          58.45         1.4186263    0.7241325 ]
 [ 62.          60.15         2.383865     0.72921747]
 [ 63.          62.775        2.4660194    0.73503774]
 [ 64.          65.4          2.403448     0.7420743 ]
 [ 65.          67.725        2.3838654    0.74706095]
 [ 66.          69.55         2.3378677    0.75218475]
 [ 67.          71.85         2.5531843    0.7591838 ]
 [ 68.          73.825005     2.4167392    0.7669488 ]
 [ 69.          75.25         1.6393592    0.7739124 ]
 [ 70.          76.25         1.1490489    0.7798929 ]
 [ 71.          76.725        0.9287089    0.7878715 ]
 [ 72.          77.3          0.50466573   0.7989572 ]
 [ 73.          77.75         0.25         0.80640745]
 [ 74.          78.05         0.27386153   0.8140694 ]
 [ 75.          78.225        0.2404423    0.8190832 ]
 [ 76.          78.525        0.10458357   0.8250586 ]
 [ 77.          78.575005     0.2738613    0.8300725 ]
 [ 78.          78.25         0.23385428   0.836411  ]
 [ 79.          78.975        0.41833      0.8436614 ]
 [ 80.          79.025        0.3112474    0.85048884]
 [ 81.          78.65         0.75208044   0.8571312 ]
 [ 82.          78.75         0.1767776    0.8648443 ]
 [ 83.          79.           0.4050455    0.8714945 ]
 [ 84.          78.775        0.37914345   0.87973875]
 [ 85.          79.225        0.37914377   0.8854494 ]
 [ 86.          78.6          0.47103608   0.89298725]
 [ 87.          78.35         2.6786191    0.8995535 ]
 [ 88.          79.175        1.1339918    0.90494365]
 [ 89.          78.375        1.940522     0.91164666]
 [ 90.          78.475        3.1553516    0.9203505 ]
 [ 91.          78.925        6.525551     0.929107  ]
 [ 92.          81.375        3.2379584    0.93780917]
 [ 93.          80.775        2.2748625    0.9456318 ]
 [ 94.          81.725        4.558988     0.9511552 ]
 [ 95.          79.425        1.7690923    0.9584775 ]
 [ 96.          80.700005     1.3992193    0.96446   ]
 [ 97.          85.700005     1.9174371    0.9769665 ]
 [ 98.          86.           2.451084     0.9853798 ]
 [ 99.          82.200005     3.229018     0.9919079 ]
 [100.          82.25         1.992172     0.99783164]
 [101.          83.15         3.5282342    1.0049504 ]
 [102.          85.125        3.7572856    1.0122805 ]
 [103.          85.6          3.2166564    1.0217654 ]
 [104.          85.8          3.611614     1.030064  ]
 [105.          85.55         3.6981835    1.037671  ]
 [106.          84.175        3.6374793    1.0476599 ]
 [107.          85.725        4.1658955    1.053225  ]
 [108.          85.075005     3.8289607    1.0583165 ]
 [109.          84.875        5.1364202    1.0644894 ]
 [110.          83.325005     8.023696     1.0717046 ]
 [111.          80.975       11.081868     1.0830153 ]
 [112.          80.65         9.763373     1.0945141 ]
 [113.          83.950005     6.0863585    1.1033729 ]
 [114.          83.65         6.606934     1.1122265 ]
 [115.          86.975        1.5319513    1.1219774 ]
 [116.          86.1          4.2741947    1.128188  ]
 [117.          86.55         4.194118     1.1344454 ]
 [118.          86.475        4.3878393    1.1398379 ]
 [119.          86.9          4.459365     1.1475633 ]
 [120.          87.275        4.5340714    1.153409  ]
 [121.          85.450005     4.0229816    1.1593759 ]
 [122.          85.225        4.7618275    1.1645631 ]
 [123.          84.225        4.6690474    1.1709937 ]
 [124.          85.575005     5.1966033    1.1762227 ]
 [125.          85.675        5.076447     1.1826771 ]
 [126.          83.700005     4.7282395    1.1908927 ]
 [127.          85.625        3.7583234    1.1998899 ]
 [128.          87.700005     2.3311746    1.2067927 ]
 [129.          87.450005     3.1753442    1.2127769 ]
 [130.          86.675        1.3710169    1.2190012 ]
 [131.          88.175        1.8699942    1.2240695 ]
 [132.          87.           4.608926     1.2292585 ]
 [133.          89.375        0.53764606   1.2343713 ]
 [134.          88.425        1.7624562    1.2393755 ]
 [135.          86.825005     1.9835259    1.2445754 ]
 [136.          87.450005     2.6229162    1.2519954 ]
 [137.          88.225        1.26058      1.25926   ]
 [138.          89.25         1.2342751    1.2670711 ]
 [139.          87.           2.5541027    1.2736558 ]
 [140.          89.3          0.721328     1.2797546 ]
 [141.          89.425        0.8272696    1.2855959 ]
 [142.          88.625        1.22793      1.2908627 ]
 [143.          89.425        1.0954458    1.2962173 ]
 [144.          89.5          0.70710677   1.3011675 ]
 [145.          88.975        1.2292019    1.308075  ]
 [146.          89.           1.4224758    1.3133796 ]
 [147.          89.925        0.209165     1.3201404 ]
 [148.          88.175        2.2820623    1.3251857 ]
 [149.          87.275        3.399678     1.3304846 ]
 [150.          89.           1.7343047    1.3375942 ]
 [151.          88.225        2.05852      1.344376  ]
 [152.          87.6          4.0130644    1.3506106 ]
 [153.          89.5          1.4059031    1.3566648 ]
 [154.          87.15         4.4144654    1.3623601 ]
 [155.          90.075005     0.62249583   1.3693879 ]
 [156.          88.700005     1.1374319    1.3752483 ]
 [157.          89.175        0.9746794    1.3813725 ]
 [158.          87.575005     4.9517984    1.3866642 ]
 [159.          89.075005     1.2330096    1.3915925 ]
 [160.          89.075005     0.75828785   1.39795   ]
 [161.          88.975        1.6568975    1.4029833 ]
 [162.          87.675        2.1876793    1.4080461 ]
 [163.          88.625        1.4657549    1.4142725 ]
 [164.          88.975        0.5184108    1.4196604 ]
 [165.          88.15         1.5672425    1.42837   ]
 [166.          89.225        1.1194305    1.4357554 ]
 [167.          89.575005     0.90398425   1.4415411 ]
 [168.          88.175        3.1257489    1.4484872 ]
 [169.          89.425        0.85513157   1.4553146 ]
 [170.          89.15         2.0451932    1.4617068 ]
 [171.          88.6          1.4042346    1.4728733 ]
 [172.          88.125        3.8719742    1.4835426 ]
 [173.          87.25         2.6427965    1.4915342 ]
 [174.          88.75         2.535683     1.50035   ]
 [175.          89.475        1.1772581    1.5070103 ]
 [176.          87.675        4.211776     1.5145036 ]
 [177.          89.225        1.3122019    1.5216035 ]
 [178.          89.4          0.34686193   1.5283464 ]
 [179.          89.225        1.0947317    1.5341601 ]
 [180.          88.1          1.7553489    1.5415275 ]
 [181.          88.875        1.3664511    1.5485579 ]
 [182.          90.225        0.7675036    1.5547726 ]
 [183.          89.15         1.3092226    1.5632865 ]
 [184.          88.475        1.4827118    1.5702289 ]
 [185.          88.6          1.1937346    1.5801163 ]
 [186.          88.85         2.1494913    1.590943  ]
 [187.          88.675        2.10765      1.5979166 ]
 [188.          89.325005     0.95443046   1.603534  ]
 [189.          88.05         2.0927703    1.609042  ]
 [190.          89.475        0.6085317    1.6157366 ]
 [191.          89.9          0.51841104   1.6215382 ]
 [192.          87.1          2.6196387    1.6289037 ]
 [193.          88.6          1.9027113    1.6367482 ]
 [194.          88.625        3.1237488    1.6437447 ]
 [195.          88.175        1.2887741    1.6493647 ]
 [196.          87.325005     3.4760344    1.6546978 ]
 [197.          86.525        5.4280815    1.6600312 ]
 [198.          88.6          2.3341894    1.6705674 ]
 [199.          87.6          2.9756827    1.6790475 ]
 [200.          87.15         3.0393252    1.6868298 ]]
The best results: 
Epoch: 182  90.22±0.77  1.555s
--------------- Train Done! ----------------
--------------- Save Done! ----------------
