Using cuda:0 device
Dataset     :Photo
Epochs      :200
LR X_s      :0.01
Learn A_s   :0
LR A_s      :0.01
Conden ratio:0.5
Ridge       :0.5
Kernel      :SNTK
k           :4
L           :1
Seed        :5
The 1th Iteration:
--------------------------------------------------
The 2th Iteration:
--------------------------------------------------
The 3th Iteration:
--------------------------------------------------
The 4th Iteration:
--------------------------------------------------
The 5th Iteration:
--------------------------------------------------
[[  1.          17.550001     4.2825956    0.47342274]
 [  2.          24.300001     8.328979     0.51416415]
 [  3.          26.45         5.4332604    0.55565864]
 [  4.          30.35         3.1565905    0.5947843 ]
 [  5.          32.375        1.7207372    0.6371594 ]
 [  6.          32.625        1.0307764    0.6815985 ]
 [  7.          32.925        0.75828755   0.7266037 ]
 [  8.          33.5          1.3721564    0.7729752 ]
 [  9.          33.925        3.2193263    0.81768703]
 [ 10.          35.2          5.1528206    0.863941  ]
 [ 11.          36.75         4.9029646    0.9115265 ]
 [ 12.          39.125        3.905125     0.952899  ]
 [ 13.          42.850002     3.3440714    0.9958847 ]
 [ 14.          44.975002     3.4970973    1.0366303 ]
 [ 15.          46.9          4.1827397    1.0791906 ]
 [ 16.          51.275        4.4698644    1.121916  ]
 [ 17.          53.7          3.905725     1.1641706 ]
 [ 18.          56.375        2.4764516    1.207612  ]
 [ 19.          58.4          1.9890327    1.253839  ]
 [ 20.          59.45         1.404791     1.2978102 ]
 [ 21.          59.925        0.9462096    1.3433523 ]
 [ 22.          60.600002     1.1706035    1.3893641 ]
 [ 23.          61.45         2.4584038    1.4315389 ]
 [ 24.          62.125        3.0784023    1.4763979 ]
 [ 25.          63.575        3.2362704    1.5189295 ]
 [ 26.          65.05         3.5494277    1.5589787 ]
 [ 27.          66.75         4.487832     1.6019131 ]
 [ 28.          68.325005     5.35651      1.646777  ]
 [ 29.          69.25         4.805597     1.6922991 ]
 [ 30.          70.375        4.173952     1.7408806 ]
 [ 31.          71.375        3.1954558    1.7885383 ]
 [ 32.          71.725        2.9651635    1.8334073 ]
 [ 33.          71.825005     2.0011728    1.8734349 ]
 [ 34.          72.225        1.1537993    1.9187176 ]
 [ 35.          72.825005     1.2704585    1.9611334 ]
 [ 36.          73.35         1.9513611    2.0030303 ]
 [ 37.          74.325005     2.1697502    2.0446854 ]
 [ 38.          74.3          2.4102638    2.0887375 ]
 [ 39.          74.475        2.4309213    2.1309757 ]
 [ 40.          74.85         2.0867894    2.1745522 ]
 [ 41.          75.575005     1.8320069    2.2212162 ]
 [ 42.          76.           1.8687396    2.267027  ]
 [ 43.          76.15         1.628362     2.310539  ]
 [ 44.          76.700005     1.4350523    2.357037  ]
 [ 45.          77.1          1.126388     2.3997588 ]
 [ 46.          77.325005     0.8177714    2.4445791 ]
 [ 47.          77.425        0.6410441    2.4882112 ]
 [ 48.          77.75         0.6434775    2.531502  ]
 [ 49.          77.85         0.66379654   2.5782611 ]
 [ 50.          77.925        0.69372195   2.6271725 ]
 [ 51.          77.925        0.69372195   2.676239  ]
 [ 52.          78.25         0.6434769    2.7204168 ]
 [ 53.          78.525        0.63368976   2.7615483 ]
 [ 54.          78.8          0.59028596   2.8063629 ]
 [ 55.          78.9          0.65191984   2.8507302 ]
 [ 56.          79.1          0.86331487   2.8943467 ]
 [ 57.          79.3          0.80816215   2.933914  ]
 [ 58.          79.35         0.7623981    2.9745808 ]
 [ 59.          79.5          0.6434775    3.01508   ]
 [ 60.          79.575005     0.5273756    3.0576866 ]
 [ 61.          79.700005     0.41079253   3.1016908 ]
 [ 62.          79.875        0.3952847    3.1407125 ]
 [ 63.          79.925        0.43839198   3.1843696 ]
 [ 64.          79.875        0.44194156   3.230194  ]
 [ 65.          80.           0.3852763    3.2741928 ]
 [ 66.          80.075005     0.37080994   3.3167503 ]
 [ 67.          80.15         0.49528977   3.3605156 ]
 [ 68.          80.225        0.47925767   3.4018974 ]
 [ 69.          80.275        0.41833085   3.4465547 ]
 [ 70.          80.200005     0.3708088    3.490773  ]
 [ 71.          80.25         0.3307201    3.535773  ]
 [ 72.          80.35         0.3992191    3.5826325 ]
 [ 73.          80.4          0.436607     3.630119  ]
 [ 74.          80.425        0.5199158    3.6735787 ]
 [ 75.          80.475        0.47103608   3.7182527 ]
 [ 76.          80.525        0.4626683    3.7608087 ]
 [ 77.          80.700005     0.4726914    3.8068013 ]
 [ 78.          80.725        0.3791437    3.8529065 ]
 [ 79.          80.775        0.34686056   3.8966165 ]
 [ 80.          80.75         0.3852763    3.9355505 ]
 [ 81.          80.700005     0.2877716    3.977883  ]
 [ 82.          80.75         0.30618596   4.021009  ]
 [ 83.          80.875        0.423896     4.067483  ]
 [ 84.          80.9          0.408885     4.1083527 ]
 [ 85.          80.75         0.38527587   4.1512527 ]
 [ 86.          80.825005     0.18957096   4.1920457 ]
 [ 87.          80.975        0.7310096    4.232265  ]
 [ 88.          80.825005     0.3259609    4.2729483 ]
 [ 89.          81.075005     0.64710903   4.3145504 ]
 [ 90.          80.9          0.67546207   4.3566356 ]
 [ 91.          81.075005     0.48088413   4.401419  ]
 [ 92.          81.675        0.5491468    4.4471226 ]
 [ 93.          80.775        0.7520816    4.492355  ]
 [ 94.          81.35         0.83572704   4.5400133 ]
 [ 95.          81.575005     0.55621487   4.585897  ]
 [ 96.          81.1          0.73633474   4.629085  ]
 [ 97.          81.15         1.1970012    4.6732154 ]
 [ 98.          81.425        1.0254582    4.717003  ]
 [ 99.          81.575005     0.72672206   4.7633986 ]
 [100.          81.425        0.6287388    4.8080344 ]
 [101.          81.425        0.6287388    4.8496056 ]
 [102.          81.375        1.128467     4.8921    ]
 [103.          81.525        0.6458996    4.937575  ]
 [104.          81.725        0.37914377   4.9796605 ]
 [105.          81.825005     0.8177719    5.023094  ]
 [106.          81.5          0.86150306   5.060273  ]
 [107.          82.1          0.73633385   5.103622  ]
 [108.          82.175        0.84131604   5.1439137 ]
 [109.          82.175        0.8319773    5.1884193 ]
 [110.          82.125        0.19764195   5.228612  ]
 [111.          81.950005     0.77862006   5.2716384 ]
 [112.          82.15         0.5955565    5.3176355 ]
 [113.          82.5          0.6312189    5.36271   ]
 [114.          82.15         0.525891     5.4079967 ]
 [115.          82.15         0.2709943    5.454536  ]
 [116.          82.275        0.3992173    5.5009084 ]
 [117.          82.075005     0.49686518   5.544387  ]
 [118.          82.325005     0.4011702    5.584893  ]
 [119.          82.25         0.25         5.631004  ]
 [120.          82.325005     0.3259603    5.6759386 ]
 [121.          82.475        0.8542183    5.720674  ]
 [122.          82.525        0.55480856   5.765767  ]
 [123.          82.700005     0.54914796   5.8100147 ]
 [124.          82.575005     0.42938912   5.8534613 ]
 [125.          82.65         0.5184101    5.8979425 ]
 [126.          82.725        0.34685987   5.941734  ]
 [127.          82.725        0.3112475    5.987514  ]
 [128.          82.725        0.2053958    6.0284686 ]
 [129.          82.975        0.3112463    6.0677576 ]
 [130.          82.975        0.38931143   6.1078477 ]
 [131.          82.925        0.27386045   6.149759  ]
 [132.          82.6          0.298433     6.191015  ]
 [133.          82.8          0.66497076   6.2339873 ]
 [134.          82.85         0.51841104   6.2797904 ]
 [135.          82.8          0.45586407   6.326975  ]
 [136.          82.85         0.24044316   6.373973  ]
 [137.          82.625        0.67892295   6.4179444 ]
 [138.          83.25         0.7234898    6.464992  ]
 [139.          83.15         0.3235545    6.5095162 ]
 [140.          83.25         0.31868872   6.55345   ]
 [141.          83.200005     0.4472136    6.595958  ]
 [142.          83.200005     0.28777167   6.6432176 ]
 [143.          83.25         0.3186877    6.688862  ]
 [144.          83.200005     0.3491055    6.732573  ]
 [145.          83.3          0.67082036   6.7784104 ]
 [146.          83.325005     0.51234627   6.822007  ]
 [147.          83.525        0.5889601    6.8668795 ]
 [148.          83.175        0.4726929    6.906048  ]
 [149.          83.5          0.4419405    6.9452424 ]
 [150.          83.275        0.60207975   6.9843583 ]
 [151.          83.25         0.99215645   7.02352   ]
 [152.          83.25         0.423896     7.0675707 ]
 [153.          83.55         0.7158918    7.1118684 ]
 [154.          83.35         1.1871718    7.155109  ]
 [155.          83.55         1.834138     7.199202  ]
 [156.          83.875        0.98821175   7.2440653 ]
 [157.          83.65         0.4626683    7.291324  ]
 [158.          83.6          0.86331487   7.3354425 ]
 [159.          83.35         0.8450222    7.378854  ]
 [160.          83.525        0.6398242    7.422887  ]
 [161.          83.975        0.44546324   7.4661326 ]
 [162.          83.625        0.68465203   7.511908  ]
 [163.          83.8          0.69372183   7.5580726 ]
 [164.          83.75         0.5229128    7.605147  ]
 [165.          83.725        0.5618049    7.65212   ]
 [166.          83.825005     0.8177714    7.696285  ]
 [167.          84.075005     0.6823672    7.7427707 ]
 [168.          83.875        0.61237115   7.785123  ]
 [169.          83.65         0.5822901    7.8230057 ]
 [170.          83.675        0.57008773   7.8617682 ]
 [171.          83.625        0.49212548   7.9011397 ]
 [172.          83.925        0.5562159    7.943779  ]
 [173.          83.825005     0.5199155    7.986702  ]
 [174.          83.700005     0.41079193   8.0304575 ]
 [175.          84.025        0.4088857    8.074264  ]
 [176.          84.450005     0.22707301   8.118785  ]
 [177.          84.200005     0.8551327    8.167101  ]
 [178.          84.15         0.9412437    8.213055  ]
 [179.          84.225        0.8357247    8.261354  ]
 [180.          84.1          1.1053845    8.30809   ]
 [181.          84.4          1.0170413    8.354172  ]
 [182.          84.200005     0.79352975   8.397332  ]
 [183.          83.950005     0.5768979    8.441348  ]
 [184.          83.925        0.87321365   8.484465  ]
 [185.          84.375        0.7180712    8.5282755 ]
 [186.          84.525        0.7148001    8.574676  ]
 [187.          84.35         0.65788555   8.619266  ]
 [188.          83.85         0.71479857   8.6610565 ]
 [189.          84.575005     0.92954963   8.702744  ]
 [190.          84.825005     1.2073998    8.743136  ]
 [191.          84.950005     1.2887746    8.781759  ]
 [192.          84.85         0.8310391    8.823588  ]
 [193.          84.925        0.73207754   8.86658   ]
 [194.          85.200005     0.69372195   8.909878  ]
 [195.          85.175        0.46435493   8.949279  ]
 [196.          85.125        0.42389563   8.992447  ]
 [197.          85.200005     0.56319493   9.035552  ]
 [198.          84.775        1.0658047    9.0802    ]
 [199.          84.65         0.75208044   9.12074   ]
 [200.          85.           0.42389542   9.162085  ]]
The best results: 
Epoch: 194  85.20±0.69  8.910s
--------------- Train Done! ----------------
