Using cuda:0 device
Dataset     :Photo
Epochs      :200
LR X_s      :0.01
Learn A_s   :1
LR A_s      :0.01
Conden ratio:0.25
Ridge       :5.0
Kernel      :SGNK
k           :4
L           :1
Seed        :5
The 1th Iteration:
--------------------------------------------------
The 2th Iteration:
--------------------------------------------------
The 3th Iteration:
--------------------------------------------------
The 4th Iteration:
--------------------------------------------------
The 5th Iteration:
--------------------------------------------------
[[  1.          12.5          0.           0.24606037]
 [  2.          12.5          0.           0.25237304]
 [  3.          12.5          0.           0.25765523]
 [  4.          12.525001     0.05590177   0.2631918 ]
 [  5.          12.5          0.           0.26904455]
 [  6.          12.5          0.           0.27483255]
 [  7.          12.5          0.           0.279871  ]
 [  8.          12.5          0.           0.28540125]
 [  9.          12.5          0.           0.29050317]
 [ 10.          12.5          0.           0.2959087 ]
 [ 11.          12.5          0.           0.30092412]
 [ 12.          12.5          0.           0.30668232]
 [ 13.          12.5          0.           0.31239653]
 [ 14.          12.5          0.           0.31858706]
 [ 15.          12.5          0.           0.32375202]
 [ 16.          12.5          0.           0.32942462]
 [ 17.          12.5          0.           0.33457565]
 [ 18.          12.5          0.           0.34070784]
 [ 19.          12.5          0.           0.34611645]
 [ 20.          12.5          0.           0.35165474]
 [ 21.          12.5          0.           0.35853752]
 [ 22.          12.5          0.           0.36488768]
 [ 23.          12.5          0.           0.3709793 ]
 [ 24.          12.5          0.           0.3774345 ]
 [ 25.          12.5          0.           0.38411924]
 [ 26.          12.5          0.           0.39170256]
 [ 27.          12.875        0.8385255    0.399376  ]
 [ 28.          12.5          0.           0.4060997 ]
 [ 29.          12.5          0.           0.4125112 ]
 [ 30.          12.5          0.           0.4200236 ]
 [ 31.          12.5          0.           0.4264865 ]
 [ 32.          12.5          0.           0.43329993]
 [ 33.          12.5          0.           0.43975392]
 [ 34.          12.5          0.           0.44620475]
 [ 35.          12.5          0.           0.45296857]
 [ 36.          12.5          0.           0.4595321 ]
 [ 37.          12.5          0.           0.46725893]
 [ 38.          12.5          0.           0.47432443]
 [ 39.          12.5          0.           0.48138332]
 [ 40.          12.5          0.           0.48794228]
 [ 41.          12.5          0.           0.4948165 ]
 [ 42.          12.5          0.           0.50046915]
 [ 43.          12.5          0.           0.5060291 ]
 [ 44.          12.5          0.           0.51140594]
 [ 45.          12.5          0.           0.5177402 ]
 [ 46.          12.5          0.           0.5233571 ]
 [ 47.          12.5          0.           0.5292614 ]
 [ 48.          12.5          0.           0.5357554 ]
 [ 49.          12.5          0.           0.54224986]
 [ 50.          12.5          0.           0.5481336 ]
 [ 51.          12.5          0.           0.55421644]
 [ 52.          12.5          0.           0.5604102 ]
 [ 53.          12.5          0.           0.56569856]
 [ 54.          12.5          0.           0.5708613 ]
 [ 55.          12.5          0.           0.57780415]
 [ 56.          12.5          0.           0.5834415 ]
 [ 57.          12.5          0.           0.59035885]
 [ 58.          12.5          0.           0.5959938 ]
 [ 59.          12.5          0.           0.6018955 ]
 [ 60.          12.5          0.           0.6073289 ]
 [ 61.          12.5          0.           0.61354023]
 [ 62.          12.5          0.           0.61911434]
 [ 63.          12.5          0.           0.624922  ]
 [ 64.          12.5          0.           0.630537  ]
 [ 65.          12.5          0.           0.6372178 ]
 [ 66.          12.5          0.           0.64243674]
 [ 67.          12.5          0.           0.64763397]
 [ 68.          12.5          0.           0.6528099 ]
 [ 69.          12.5          0.           0.6587379 ]
 [ 70.          12.5          0.           0.6644127 ]
 [ 71.          12.475        0.05590177   0.67025065]
 [ 72.          12.45         0.0684652    0.6755863 ]
 [ 73.          12.425        0.06846529   0.68303144]
 [ 74.          12.425        0.06846529   0.6889634 ]
 [ 75.          12.45         0.1118034    0.6964333 ]
 [ 76.          12.575        0.38119867   0.701871  ]
 [ 77.          12.975        0.77761656   0.70839477]
 [ 78.          14.1          1.9312398    0.71418446]
 [ 79.          16.475        3.66508      0.71972066]
 [ 80.          18.           4.768058     0.7252814 ]
 [ 81.          19.125        5.252232     0.73083586]
 [ 82.          20.675001     4.7331944    0.7361568 ]
 [ 83.          20.675001     4.877083     0.74175197]
 [ 84.          19.925001     5.1246953    0.74744064]
 [ 85.          19.550001     5.1178303    0.75438017]
 [ 86.          19.325        4.577117     0.7603433 ]
 [ 87.          19.800001     3.8776205    0.76767945]
 [ 88.          21.550001     3.876613     0.77382106]
 [ 89.          22.025        4.480339     0.77992845]
 [ 90.          21.6          5.1260667    0.7860785 ]
 [ 91.          21.575        5.252678     0.7925617 ]
 [ 92.          21.975        5.335904     0.79901487]
 [ 93.          22.325        4.9446945    0.80616724]
 [ 94.          22.800001     4.0884748    0.8134265 ]
 [ 95.          23.95         1.5222312    0.82150906]
 [ 96.          24.125        1.0716519    0.8292782 ]
 [ 97.          24.15         1.0170422    0.8373127 ]
 [ 98.          24.075        1.3187351    0.84459937]
 [ 99.          24.           1.4842926    0.85188144]
 [100.          24.050001     1.3008411    0.85868436]
 [101.          24.2          1.036822     0.8648661 ]
 [102.          24.1          0.97788024   0.8705206 ]
 [103.          24.6          0.20539609   0.8767668 ]
 [104.          24.5          0.15309337   0.8837391 ]
 [105.          24.425001     0.18957189   0.89016944]
 [106.          24.475        0.16298023   0.8963532 ]
 [107.          24.35         0.2984331    0.90278304]
 [108.          24.15         0.6085331    0.90927774]
 [109.          24.25         0.42389563   0.91576463]
 [110.          24.1          0.6696548    0.92250377]
 [111.          24.375        0.38527587   0.9290795 ]
 [112.          24.2          0.30103987   0.9360954 ]
 [113.          23.6          1.393063     0.9427094 ]
 [114.          24.4          0.20539597   0.9497841 ]
 [115.          24.275        0.399218     0.95663416]
 [116.          21.925001     5.1307893    0.9644596 ]
 [117.          24.275        0.24044202   0.97197   ]
 [118.          22.           5.1112623    0.97934914]
 [119.          23.800001     0.8776743    0.98664993]
 [120.          22.4          3.548107     0.9937555 ]
 [121.          21.85         5.243597     1.0015782 ]
 [122.          22.1          5.3803754    1.0083098 ]
 [123.          24.300001     0.71041375   1.0156    ]
 [124.          24.6          3.2803864    1.0222361 ]
 [125.          21.7          5.5146112    1.0295657 ]
 [126.          24.775        0.51082045   1.0362339 ]
 [127.          24.275        0.77257705   1.0435041 ]
 [128.          22.050001     5.3492117    1.0515884 ]
 [129.          21.45         5.30816      1.0588423 ]
 [130.          22.95         3.1282482    1.0654056 ]
 [131.          23.6          1.4668205    1.071843  ]
 [132.          24.525        0.27099353   1.0790657 ]
 [133.          24.525        0.27099353   1.0871974 ]
 [134.          24.475        0.24044202   1.0949942 ]
 [135.          23.175001     3.1107173    1.1010853 ]
 [136.          23.075        2.6569486    1.1071382 ]
 [137.          23.775        1.1089127    1.1139988 ]
 [138.          24.475        0.39921796   1.1198772 ]
 [139.          24.525        0.27099344   1.1253573 ]
 [140.          24.1          1.2035105    1.1307795 ]
 [141.          24.675001     0.22707406   1.1359161 ]
 [142.          24.5          0.30618653   1.1414958 ]
 [143.          24.225        0.5755434    1.1471723 ]
 [144.          24.425001     0.30103987   1.1528164 ]
 [145.          24.5          0.31868902   1.1587623 ]
 [146.          24.575        0.31374776   1.1647995 ]
 [147.          24.6          0.2404423    1.1706316 ]
 [148.          24.675001     0.18957189   1.1763428 ]
 [149.          24.675001     0.27386153   1.182325  ]
 [150.          24.475        0.20539609   1.1899968 ]
 [151.          24.525        0.2984331    1.1959652 ]
 [152.          24.6          0.35794553   1.2015764 ]
 [153.          24.550001     0.3377311    1.2076365 ]
 [154.          24.375        0.36443448   1.2145089 ]
 [155.          24.475        0.2236068    1.2201238 ]
 [156.          24.65         0.18540524   1.2267123 ]
 [157.          24.65         0.2236068    1.2357739 ]
 [158.          24.65         0.28504354   1.2425156 ]
 [159.          24.375        0.15309298   1.2489303 ]
 [160.          24.2          0.7984362    1.255991  ]
 [161.          24.4          0.4088857    1.2609599 ]
 [162.          24.550001     0.37081024   1.2659304 ]
 [163.          24.15         0.8678279    1.27103   ]
 [164.          24.775        0.2404423    1.2762415 ]
 [165.          23.675001     2.201917     1.281791  ]
 [166.          24.075        0.8129806    1.2872452 ]
 [167.          24.45         0.20916475   1.2923418 ]
 [168.          24.675001     0.22707406   1.2978681 ]
 [169.          24.625        0.2338536    1.3041508 ]
 [170.          23.6          1.8779144    1.3105621 ]
 [171.          24.45         0.55621517   1.3163439 ]
 [172.          21.7          5.191339     1.3227051 ]
 [173.          24.225        1.1229149    1.328412  ]
 [174.          24.65         0.2053958    1.3340895 ]
 [175.          24.15         1.1838763    1.3402777 ]
 [176.          24.6          0.16298006   1.3466089 ]
 [177.          24.675001     0.2877716    1.3551363 ]
 [178.          24.725        0.16298006   1.3620106 ]
 [179.          24.25         0.98821175   1.3693707 ]
 [180.          24.5          0.3749998    1.377805  ]
 [181.          24.65         0.1369304    1.3852031 ]
 [182.          24.75         0.08838812   1.3925103 ]
 [183.          24.15         1.0803643    1.3999175 ]
 [184.          24.6          0.2236065    1.4073657 ]
 [185.          24.675001     0.27386153   1.4160582 ]
 [186.          24.65         0.25617397   1.4253759 ]
 [187.          24.65         0.1369304    1.4316342 ]
 [188.          24.7          0.14252193   1.4381026 ]
 [189.          24.325        0.8225342    1.4454453 ]
 [190.          24.825        0.24366993   1.4521142 ]
 [191.          24.75         0.19764236   1.4582536 ]
 [192.          24.725        0.2236065    1.4649032 ]
 [193.          24.625        0.2338536    1.4727261 ]
 [194.          24.625        0.2338536    1.4798478 ]
 [195.          24.525        0.22360666   1.4868821 ]
 [196.          24.625        0.15309337   1.4928492 ]
 [197.          24.65         0.1045822    1.4994    ]
 [198.          24.725        0.10458277   1.5053748 ]
 [199.          24.675001     0.22707406   1.5112622 ]
 [200.          24.65         0.25617376   1.5167105 ]]
The best results: 
Epoch: 190  24.83±0.24  1.452s
--------------- Train Done! ----------------
