Using cuda:0 device
Dataset     :Photo
Epochs      :200
LR X_s      :0.01
Learn A_s   :0
LR A_s      :0.01
Conden ratio:0.25
Ridge       :0.5
Kernel      :SGNK
k           :2
L           :1
Seed        :5
The 1th Iteration:
--------------------------------------------------
The 2th Iteration:
--------------------------------------------------
The 3th Iteration:
--------------------------------------------------
The 4th Iteration:
--------------------------------------------------
The 5th Iteration:
--------------------------------------------------
[[  1.          13.825        1.5677413    0.5502047 ]
 [  2.          18.2          6.0760803    0.5592851 ]
 [  3.          29.7          8.736865     0.56911933]
 [  4.          39.975002     7.6609807    0.5779613 ]
 [  5.          46.8          8.503033     0.58330387]
 [  6.          50.825        9.165407     0.5891234 ]
 [  7.          54.075        9.224881     0.5957424 ]
 [  8.          57.475002     9.632059     0.60377085]
 [  9.          60.275        9.53669      0.60980266]
 [ 10.          61.925        8.76365      0.61786807]
 [ 11.          62.875        8.112009     0.62583786]
 [ 12.          63.95         7.714941     0.6326598 ]
 [ 13.          65.125        7.645975     0.6382098 ]
 [ 14.          65.8          6.8114104    0.6468844 ]
 [ 15.          66.700005     6.2840323    0.65486735]
 [ 16.          67.5          5.4736586    0.66396403]
 [ 17.          68.475        5.0213604    0.67229486]
 [ 18.          68.925        5.0393763    0.6806833 ]
 [ 19.          69.625        4.699568     0.6919746 ]
 [ 20.          70.125        4.238035     0.70306075]
 [ 21.          70.625        3.8598495    0.7172727 ]
 [ 22.          71.225        3.4487317    0.7260358 ]
 [ 23.          71.6          3.2540836    0.7344454 ]
 [ 24.          71.950005     3.068998     0.74476385]
 [ 25.          72.35         2.9012396    0.7559596 ]
 [ 26.          72.825005     2.8251102    0.7685605 ]
 [ 27.          73.450005     2.6244042    0.7786858 ]
 [ 28.          73.725        2.520851     0.7932228 ]
 [ 29.          74.15         2.3789442    0.8066832 ]
 [ 30.          74.475        2.3157077    0.81256133]
 [ 31.          74.8          2.27005      0.8193354 ]
 [ 32.          75.125        2.0710056    0.8267216 ]
 [ 33.          75.225        2.1091316    0.8331914 ]
 [ 34.          75.475        2.1476731    0.8414101 ]
 [ 35.          75.6          2.062311     0.8539114 ]
 [ 36.          75.775        1.9271903    0.86481744]
 [ 37.          75.85         1.8924193    0.8716187 ]
 [ 38.          76.           1.9039432    0.8797817 ]
 [ 39.          76.15         1.8779144    0.8914833 ]
 [ 40.          76.3          1.6597252    0.9017997 ]
 [ 41.          76.5          1.3635889    0.9157114 ]
 [ 42.          76.725        1.282088     0.9273378 ]
 [ 43.          76.925        1.2796484    0.9406565 ]
 [ 44.          77.075005     1.1812335    0.95439875]
 [ 45.          77.225        1.0435815    0.9654463 ]
 [ 46.          77.5          0.701561     0.97226685]
 [ 47.          77.675        0.48088524   0.98099154]
 [ 48.          77.8          0.5046663    0.98845464]
 [ 49.          78.025        0.32355365   0.99759436]
 [ 50.          78.175        0.27386045   1.0054892 ]
 [ 51.          78.325005     0.33773217   1.0151306 ]
 [ 52.          78.575005     0.360121     1.0258507 ]
 [ 53.          78.775        0.36869797   1.0335852 ]
 [ 54.          78.950005     0.24366985   1.0451157 ]
 [ 55.          79.125        0.35355383   1.0566727 ]
 [ 56.          79.25         0.35355383   1.0682001 ]
 [ 57.          79.275        0.28504375   1.075687  ]
 [ 58.          79.4          0.27099344   1.0821565 ]
 [ 59.          79.625        0.26516476   1.0894874 ]
 [ 60.          79.700005     0.18957096   1.0973446 ]
 [ 61.          79.65         0.24044117   1.1066662 ]
 [ 62.          79.75         0.1767776    1.1150547 ]
 [ 63.          79.975        0.3893108    1.1249876 ]
 [ 64.          80.375        0.44194263   1.1350144 ]
 [ 65.          80.950005     0.81298095   1.1457628 ]
 [ 66.          81.925        0.7104136    1.1566415 ]
 [ 67.          83.125        1.3258252    1.1642584 ]
 [ 68.          84.175        1.1201273    1.173675  ]
 [ 69.          84.65         0.77257687   1.1839162 ]
 [ 70.          85.700005     0.7836214    1.1952091 ]
 [ 71.          86.65         0.96177006   1.2035109 ]
 [ 72.          87.225        0.33541018   1.2124825 ]
 [ 73.          87.9          0.38930959   1.219664  ]
 [ 74.          87.875        0.47598583   1.2271825 ]
 [ 75.          88.200005     0.71589106   1.2333708 ]
 [ 76.          88.35         0.80233943   1.2381684 ]
 [ 77.          87.825005     1.3127975    1.2426445 ]
 [ 78.          88.6          1.6474419    1.2479111 ]
 [ 79.          88.425        1.9477551    1.2532203 ]
 [ 80.          88.700005     1.0254573    1.2587177 ]
 [ 81.          88.925        0.7531182    1.2649244 ]
 [ 82.          88.950005     0.78362143   1.270554  ]
 [ 83.          89.6          1.24499      1.2774346 ]
 [ 84.          89.025        2.0337002    1.2830353 ]
 [ 85.          86.875        4.4572625    1.2892717 ]
 [ 86.          87.725        3.8824522    1.2963644 ]
 [ 87.          87.475        3.7980268    1.3027165 ]
 [ 88.          89.200005     1.0062304    1.3083767 ]
 [ 89.          87.4          3.8093224    1.3134339 ]
 [ 90.          88.75         2.2132413    1.3182862 ]
 [ 91.          88.775        1.666301     1.3224922 ]
 [ 92.          88.8          1.611967     1.3272327 ]
 [ 93.          89.025        1.0054538    1.3319694 ]
 [ 94.          89.575005     0.9082954    1.3364197 ]
 [ 95.          89.175        1.1339918    1.3426803 ]
 [ 96.          90.225        0.81202024   1.3478903 ]
 [ 97.          88.475        3.7846317    1.3527225 ]
 [ 98.          90.025        1.3299445    1.3571326 ]
 [ 99.          89.975        1.6942005    1.3617724 ]
 [100.          90.200005     1.1976529    1.3671174 ]
 [101.          91.4          0.2984334    1.3715591 ]
 [102.          90.1          3.0341797    1.3781031 ]
 [103.          91.225        0.46266985   1.3856982 ]
 [104.          89.625        2.5093582    1.3913263 ]
 [105.          89.3          2.48998      1.3970021 ]
 [106.          91.6          0.4626678    1.4035656 ]
 [107.          89.975        2.841379     1.4085982 ]
 [108.          89.575005     3.6094494    1.4146813 ]
 [109.          90.625        0.91429615   1.4209368 ]
 [110.          89.725        2.037539     1.4264064 ]
 [111.          89.875        1.9344724    1.4326309 ]
 [112.          90.450005     0.8129806    1.4388924 ]
 [113.          88.450005     1.9133576    1.4444422 ]
 [114.          91.25         0.5659616    1.4502143 ]
 [115.          90.9          0.7037844    1.4559664 ]
 [116.          89.825005     3.5822916    1.4606489 ]
 [117.          91.           1.5737085    1.465777  ]
 [118.          91.1          0.64590144   1.4700686 ]
 [119.          90.75         1.3258257    1.4758955 ]
 [120.          90.3          2.1297734    1.481164  ]
 [121.          91.           1.2437347    1.4901161 ]
 [122.          91.4          0.5258919    1.4982303 ]
 [123.          91.325005     0.7213263    1.5063021 ]
 [124.          91.625        0.3644343    1.5132217 ]
 [125.          90.575005     0.8865312    1.5199041 ]
 [126.          91.225        0.8023403    1.5257635 ]
 [127.          91.325005     0.60981524   1.5308809 ]
 [128.          91.725        0.29843408   1.5366831 ]
 [129.          91.025        0.95769906   1.5453339 ]
 [130.          90.575005     1.5973611    1.5549017 ]
 [131.          91.525        0.4088857    1.5623438 ]
 [132.          89.575005     4.193186     1.5710801 ]
 [133.          90.5          1.7919084    1.5791906 ]
 [134.          90.1          1.2636763    1.5870451 ]
 [135.          90.75         1.3664507    1.594936  ]
 [136.          91.125        1.1422293    1.6020511 ]
 [137.          90.725        1.0285001    1.6089467 ]
 [138.          91.3          0.6287388    1.6191361 ]
 [139.          90.375        0.8838847    1.625803  ]
 [140.          90.           2.323454     1.6320715 ]
 [141.          91.6          0.5332682    1.6411602 ]
 [142.          90.05         2.0588984    1.6483427 ]
 [143.          90.925        0.8459458    1.6580334 ]
 [144.          91.375        0.5994784    1.6701977 ]
 [145.          90.375        2.5950682    1.6805876 ]
 [146.          91.075005     0.9379171    1.6868824 ]
 [147.          90.875        1.1075028    1.6924343 ]
 [148.          91.05         0.7735869    1.6994793 ]
 [149.          91.025        1.9170299    1.705031  ]
 [150.          90.625        1.8477176    1.7100013 ]
 [151.          91.200005     0.73739344   1.7153527 ]
 [152.          91.700005     0.30104086   1.7212168 ]
 [153.          90.3          1.4646885    1.7326874 ]
 [154.          91.575005     0.53473175   1.741648  ]
 [155.          91.475        0.64590085   1.7503614 ]
 [156.          91.625        0.5229133    1.7605876 ]
 [157.          91.475        0.8168153    1.7680396 ]
 [158.          91.55         0.8033141    1.7751402 ]
 [159.          91.8          0.22707489   1.7798531 ]
 [160.          91.1          0.5618051    1.7866682 ]
 [161.          91.450005     0.42019302   1.7957855 ]
 [162.          91.4          0.55480856   1.8021576 ]
 [163.          91.525        0.58229077   1.8086846 ]
 [164.          91.775        0.36869702   1.8151993 ]
 [165.          91.825005     0.2877716    1.8201039 ]
 [166.          91.65         0.40888503   1.8246282 ]
 [167.          91.75         0.2795085    1.8315804 ]
 [168.          91.6          0.3112475    1.8386068 ]
 [169.          91.775        0.3992183    1.8488759 ]
 [170.          91.450005     0.5836322    1.861986  ]
 [171.          91.3          0.7104136    1.8712057 ]
 [172.          91.375        0.8838842    1.8774414 ]
 [173.          91.05         0.9039846    1.8854687 ]
 [174.          91.575005     0.5347312    1.8911036 ]
 [175.          90.675        1.4075695    1.8988165 ]
 [176.          90.450005     1.154474     1.9068514 ]
 [177.          90.375        1.494783     1.9142784 ]
 [178.          89.4          3.2827685    1.9274052 ]
 [179.          90.825005     0.7935288    1.9354547 ]
 [180.          89.975        2.8441272    1.9543902 ]
 [181.          90.15         2.0451927    1.9683579 ]
 [182.          90.55         1.5552326    1.9766325 ]
 [183.          91.425        0.50466627   1.9823605 ]
 [184.          90.15         1.7329522    1.9894928 ]
 [185.          91.05         0.8081615    1.9962838 ]
 [186.          91.525        0.2236068    2.0032222 ]
 [187.          91.675        0.33773142   2.0133557 ]
 [188.          91.075005     0.4011702    2.0227532 ]
 [189.          89.4          2.4212587    2.0302148 ]
 [190.          90.8          1.6644245    2.0369668 ]
 [191.          90.875        0.60596      2.050597  ]
 [192.          89.575005     3.2746654    2.0646074 ]
 [193.          90.925        0.7786209    2.072994  ]
 [194.          91.175        0.7786197    2.083199  ]
 [195.          91.200005     0.36012152   2.0927055 ]
 [196.          90.950005     1.2673792    2.0983055 ]
 [197.          91.4          0.6925937    2.1032588 ]
 [198.          91.75         0.47598583   2.1084251 ]
 [199.          91.525        0.38931143   2.114032  ]
 [200.          91.475        0.33541018   2.1220288 ]]
The best results: 
Epoch: 165  91.83±0.29  1.820s
--------------- Train Done! ----------------
--------------- Save Done! ----------------
