Using cuda:0 device
Dataset     :Photo
Epochs      :200
LR X_s      :0.01
Learn A_s   :0
LR A_s      :0.01
Conden ratio:0.25
Ridge       :0.5
Kernel      :SNTK
k           :2
L           :1
Seed        :5
The 1th Iteration:
--------------------------------------------------
The 2th Iteration:
--------------------------------------------------
The 3th Iteration:
--------------------------------------------------
The 4th Iteration:
--------------------------------------------------
The 5th Iteration:
--------------------------------------------------
[[  1.          12.7          0.18957189   0.40499327]
 [  2.          16.65         4.0247283    0.44754797]
 [  3.          17.125        6.0182014    0.49004945]
 [  4.          19.975        6.8261905    0.53260106]
 [  5.          24.225        2.9848576    0.5750043 ]
 [  6.          27.050001     2.9442742    0.6156971 ]
 [  7.          30.35         3.908524     0.6578333 ]
 [  8.          31.4          3.5026777    0.69853085]
 [  9.          32.225002     2.2628107    0.7417862 ]
 [ 10.          32.725002     0.8310386    0.7864782 ]
 [ 11.          32.825        1.2138524    0.8255083 ]
 [ 12.          32.725002     1.3092226    0.8670436 ]
 [ 13.          32.775        1.1937336    0.90910256]
 [ 14.          32.9          1.2067518    0.95584774]
 [ 15.          33.25         0.8705243    0.9987022 ]
 [ 16.          34.425        2.5733004    1.0440903 ]
 [ 17.          35.525        3.4982142    1.0902284 ]
 [ 18.          38.           5.272274     1.1346962 ]
 [ 19.          40.45         6.8861275    1.1794552 ]
 [ 20.          42.075        7.974863     1.2253115 ]
 [ 21.          43.100002     8.553326     1.267421  ]
 [ 22.          44.825       10.120601     1.3105124 ]
 [ 23.          46.5          9.725531     1.350906  ]
 [ 24.          48.05         9.582129     1.3957058 ]
 [ 25.          50.75         9.832186     1.4386389 ]
 [ 26.          51.875       10.032369     1.4808663 ]
 [ 27.          54.600002    10.051974     1.5200702 ]
 [ 28.          56.325       10.790838     1.5610684 ]
 [ 29.          58.          11.179292     1.6068068 ]
 [ 30.          59.55        10.853283     1.6543349 ]
 [ 31.          61.625        9.859164     1.6975287 ]
 [ 32.          63.275        8.683408     1.7379761 ]
 [ 33.          64.625        8.050621     1.7831879 ]
 [ 34.          66.075005     8.053338     1.82995   ]
 [ 35.          67.525        8.030412     1.8689498 ]
 [ 36.          69.125        7.5761757    1.9098049 ]
 [ 37.          70.575005     7.456959     1.9517708 ]
 [ 38.          71.875        7.697403     1.9941415 ]
 [ 39.          72.9          6.9784265    2.0385365 ]
 [ 40.          74.200005     5.211616     2.0770085 ]
 [ 41.          75.225        4.3851666    2.1175408 ]
 [ 42.          75.85         3.6863344    2.1600208 ]
 [ 43.          76.675        2.982501     2.2054927 ]
 [ 44.          76.950005     2.2991166    2.2484882 ]
 [ 45.          77.575005     1.5426236    2.2935495 ]
 [ 46.          77.950005     1.1201284    2.3304563 ]
 [ 47.          78.3          0.9706634    2.3754022 ]
 [ 48.          78.55         0.88653153   2.4160385 ]
 [ 49.          78.675        0.5968664    2.4581363 ]
 [ 50.          78.975        0.49529123   2.4976134 ]
 [ 51.          78.85         0.42756492   2.5402951 ]
 [ 52.          78.8          0.41079268   2.5824924 ]
 [ 53.          78.925        0.4889408    2.62405   ]
 [ 54.          78.8          0.66497225   2.66677   ]
 [ 55.          78.55         0.49686518   2.7111642 ]
 [ 56.          78.475        0.41833      2.753177  ]
 [ 57.          78.65         0.5258916    2.7991576 ]
 [ 58.          78.65         0.54054433   2.8408337 ]
 [ 59.          78.675        0.704893     2.8825963 ]
 [ 60.          78.6          0.5477234    2.925834  ]
 [ 61.          78.525        0.47103682   2.9700563 ]
 [ 62.          78.475        0.44546372   3.009458  ]
 [ 63.          78.525        0.4626689    3.053416  ]
 [ 64.          78.575005     0.5491468    3.093355  ]
 [ 65.          78.575005     0.49686518   3.1363807 ]
 [ 66.          78.475        0.47103608   3.174885  ]
 [ 67.          78.5          0.56596184   3.2155168 ]
 [ 68.          78.450005     0.48088413   3.2580564 ]
 [ 69.          78.4          0.4626681    3.2982662 ]
 [ 70.          78.55         0.40117016   3.3376915 ]
 [ 71.          78.6          0.38931027   3.3782043 ]
 [ 72.          78.725        0.47925848   3.4201925 ]
 [ 73.          78.85         0.44546458   3.4617825 ]
 [ 74.          78.825005     0.28777266   3.5038135 ]
 [ 75.          78.725        0.47925618   3.5446916 ]
 [ 76.          78.925        0.5768979    3.589092  ]
 [ 77.          78.950005     0.5700865    3.6294467 ]
 [ 78.          79.125        0.6373762    3.6728413 ]
 [ 79.          79.25         0.59947765   3.7161844 ]
 [ 80.          79.325005     0.59028596   3.759466  ]
 [ 81.          79.625        0.7395105    3.8018017 ]
 [ 82.          79.675        0.69933003   3.845555  ]
 [ 83.          79.65         0.5755432    3.8898208 ]
 [ 84.          79.700005     0.6410441    3.9371967 ]
 [ 85.          79.85         0.60853267   3.9793289 ]
 [ 86.          80.175        0.7104136    4.020037  ]
 [ 87.          80.225        0.78262395   4.06185   ]
 [ 88.          80.25         0.74477345   4.1037936 ]
 [ 89.          80.375        0.559017     4.1503816 ]
 [ 90.          80.725        1.0621319    4.191897  ]
 [ 91.          80.475        0.54054374   4.2343497 ]
 [ 92.          81.05         1.0443295    4.2767525 ]
 [ 93.          81.375        1.0789173    4.3143897 ]
 [ 94.          81.125        0.875        4.35931   ]
 [ 95.          81.200005     1.1201286    4.402471  ]
 [ 96.          81.700005     1.2549905    4.447414  ]
 [ 97.          81.75         1.0897248    4.4909167 ]
 [ 98.          81.775        0.8723173    4.5304294 ]
 [ 99.          81.65         1.2035109    4.5717325 ]
 [100.          82.4          1.5572413    4.6129584 ]
 [101.          82.375        0.96824604   4.656266  ]
 [102.          82.175        0.9625805    4.699805  ]
 [103.          82.55         0.8459463    4.742901  ]
 [104.          82.625        1.0716528    4.7861786 ]
 [105.          82.6          1.1871715    4.8298974 ]
 [106.          82.55         1.1645815    4.875848  ]
 [107.          82.175        0.8319781    4.9137487 ]
 [108.          83.15         0.6274942    4.955642  ]
 [109.          83.4          0.88565046   4.9924607 ]
 [110.          83.125        1.2437336    5.03115   ]
 [111.          82.700005     1.4131086    5.0674014 ]
 [112.          82.925        0.93791693   5.1093326 ]
 [113.          82.975        0.6696548    5.15037   ]
 [114.          83.425        0.85968745   5.191803  ]
 [115.          82.925        1.0292596    5.232967  ]
 [116.          83.225        0.76750463   5.274638  ]
 [117.          83.200005     0.7479138    5.314243  ]
 [118.          83.4          0.71479857   5.3548274 ]
 [119.          83.3          0.85055166   5.395301  ]
 [120.          83.675        0.80816185   5.44012   ]
 [121.          83.625        0.71261024   5.4853187 ]
 [122.          83.425        0.73207754   5.524688  ]
 [123.          83.575005     0.68236756   5.561605  ]
 [124.          83.700005     0.4472136    5.605608  ]
 [125.          83.575005     0.7048933    5.6493087 ]
 [126.          83.725        0.60207975   5.6907077 ]
 [127.          83.950005     0.37081072   5.7354293 ]
 [128.          83.725        0.6637968    5.777958  ]
 [129.          83.725        0.5822901    5.815688  ]
 [130.          83.65         0.41832992   5.854756  ]
 [131.          83.950005     0.32595944   5.8976974 ]
 [132.          84.           0.3952839    5.9404564 ]
 [133.          84.15         0.525892     5.9843416 ]
 [134.          83.450005     1.2917998    6.030695  ]
 [135.          84.200005     0.2877716    6.072868  ]
 [136.          84.075005     0.32596013   6.11709   ]
 [137.          84.65         0.1045822    6.159385  ]
 [138.          84.05         0.60337603   6.205213  ]
 [139.          83.825005     0.4383921    6.248629  ]
 [140.          84.475        0.3791447    6.290885  ]
 [141.          84.675        0.42938912   6.3360467 ]
 [142.          84.4          0.6519209    6.3812776 ]
 [143.          83.3          1.01781      6.425206  ]
 [144.          84.125        0.5728214    6.4670653 ]
 [145.          84.4          0.4792575    6.514606  ]
 [146.          84.450005     0.18957189   6.5535736 ]
 [147.          84.525        0.37914377   6.591871  ]
 [148.          84.425        0.77862024   6.6352587 ]
 [149.          84.3          0.73207754   6.6795015 ]
 [150.          84.475        0.73633385   6.7221084 ]
 [151.          84.475        0.9577003    6.7610903 ]
 [152.          84.725        0.7776155    6.8032837 ]
 [153.          84.475        0.57554317   6.8432846 ]
 [154.          84.450005     0.7735869    6.882169  ]
 [155.          84.775        1.0839754    6.925261  ]
 [156.          84.625        0.61871845   6.970521  ]
 [157.          84.625        0.91429716   7.0109034 ]
 [158.          84.8          0.9706634    7.051066  ]
 [159.          85.025        0.8767836    7.0896006 ]
 [160.          85.           1.5232565    7.130913  ]
 [161.          85.275        1.7664406    7.1770105 ]
 [162.          85.375        1.5687375    7.2214446 ]
 [163.          85.3          1.1878294    7.2664275 ]
 [164.          85.15         0.91172916   7.3118043 ]
 [165.          84.675        1.0368216    7.3564887 ]
 [166.          85.125        1.4469798    7.401072  ]
 [167.          85.575005     0.7935285    7.4454513 ]
 [168.          85.525        0.98979044   7.4894676 ]
 [169.          85.775        1.0694613    7.5308785 ]
 [170.          85.3          1.2393285    7.5744753 ]
 [171.          85.475        0.9287088    7.6196322 ]
 [172.          85.5          0.9560666    7.6651244 ]
 [173.          85.15         0.41833085   7.7034836 ]
 [174.          84.6          0.95769906   7.742345  ]
 [175.          85.625        0.8926785    7.784697  ]
 [176.          85.875        0.6123719    7.831122  ]
 [177.          85.700005     0.86872756   7.8723483 ]
 [178.          85.475        0.6212381    7.914131  ]
 [179.          85.3          1.2580998    7.954212  ]
 [180.          85.525        1.0131953    7.996877  ]
 [181.          85.575005     0.77862054   8.039546  ]
 [182.          85.775        0.94950646   8.088617  ]
 [183.          85.925        0.5968673    8.132951  ]
 [184.          85.55         1.4295986    8.181459  ]
 [185.          85.8          1.3964232    8.222356  ]
 [186.          85.875        1.0532687    8.267845  ]
 [187.          85.8          0.81298065   8.317149  ]
 [188.          86.375        0.42389655   8.366144  ]
 [189.          86.4          0.60207915   8.414255  ]
 [190.          86.           0.5863022    8.459726  ]
 [191.          86.525        0.69259477   8.506693  ]
 [192.          86.725        0.6336896    8.551801  ]
 [193.          86.575005     0.7213267    8.594114  ]
 [194.          86.375        0.91429687   8.637622  ]
 [195.          86.125        0.6312201    8.681371  ]
 [196.          85.725        1.1772585    8.722575  ]
 [197.          86.075005     0.5199168    8.765572  ]
 [198.          85.575005     1.4937358    8.806243  ]
 [199.          84.875        2.7386136    8.845996  ]
 [200.          84.3          3.2675006    8.888846  ]]
The best results: 
Epoch: 192  86.72±0.63  8.552s
--------------- Train Done! ----------------
