Using cuda:0 device
Dataset     :Photo
Epochs      :200
LR X_s      :0.01
Learn A_s   :0
LR A_s      :0.01
Conden ratio:0.5
Ridge       :5.0
Kernel      :SGNK
k           :1
L           :1
Seed        :5
The 1th Iteration:
--------------------------------------------------
The 2th Iteration:
--------------------------------------------------
The 3th Iteration:
--------------------------------------------------
The 4th Iteration:
--------------------------------------------------
The 5th Iteration:
--------------------------------------------------
[[  1.          14.6          3.9729557    0.3114632 ]
 [  2.          14.35         3.1117218    0.31590557]
 [  3.          15.725        3.668276     0.32029137]
 [  4.          18.25         4.3499284    0.32795888]
 [  5.          19.65         4.1939316    0.33466387]
 [  6.          20.775        4.6295586    0.33965132]
 [  7.          21.725        4.564982     0.34508038]
 [  8.          22.925001     5.278642     0.3491819 ]
 [  9.          23.7          4.867462     0.35327965]
 [ 10.          24.125        3.7583241    0.35743013]
 [ 11.          24.85         3.9274673    0.36165085]
 [ 12.          24.875        3.0142887    0.3658862 ]
 [ 13.          24.875        2.4574502    0.37076163]
 [ 14.          24.975        2.1819572    0.3765989 ]
 [ 15.          25.175001     1.9174361    0.380735  ]
 [ 16.          25.325        1.7401509    0.3848423 ]
 [ 17.          25.625        1.6677083    0.38896146]
 [ 18.          25.925001     1.6168063    0.39404503]
 [ 19.          26.175001     1.6737865    0.39917412]
 [ 20.          26.550001     1.7334031    0.40501523]
 [ 21.          26.975        1.9613448    0.40926218]
 [ 22.          27.425001     1.993348     0.41372243]
 [ 23.          27.7          1.8783303    0.4189957 ]
 [ 24.          28.15         1.9890327    0.4253997 ]
 [ 25.          28.625        2.023302     0.431284  ]
 [ 26.          29.45         2.0626895    0.43562767]
 [ 27.          30.4          2.273145     0.4405453 ]
 [ 28.          31.125        2.4622145    0.44537136]
 [ 29.          31.95         2.6832817    0.4509534 ]
 [ 30.          32.725002     3.0915709    0.45587394]
 [ 31.          33.75         3.2560046    0.45996562]
 [ 32.          34.725002     3.2202973    0.46394038]
 [ 33.          35.875        3.1436942    0.4712    ]
 [ 34.          36.975002     3.2851465    0.4778429 ]
 [ 35.          37.775        3.1775577    0.4823989 ]
 [ 36.          38.55         3.3337762    0.48679906]
 [ 37.          39.55         3.5538268    0.49141446]
 [ 38.          40.525        3.5193663    0.49566016]
 [ 39.          41.5          3.7196693    0.49981627]
 [ 40.          42.600002     3.6884532    0.50423324]
 [ 41.          43.875        3.6497004    0.5082213 ]
 [ 42.          44.850002     3.2982004    0.5127342 ]
 [ 43.          45.8          3.0382972    0.5190638 ]
 [ 44.          46.600002     2.9106486    0.526074  ]
 [ 45.          47.425        2.5641763    0.5311758 ]
 [ 46.          48.350002     2.7491477    0.53619236]
 [ 47.          49.4          2.5760312    0.54060173]
 [ 48.          50.05         2.3923707    0.5454926 ]
 [ 49.          51.15         2.185535     0.54963005]
 [ 50.          52.05         2.2072327    0.55422777]
 [ 51.          52.975002     2.360813     0.5583782 ]
 [ 52.          53.8          2.3395379    0.5640186 ]
 [ 53.          55.075        2.4568145    0.5702989 ]
 [ 54.          56.7          2.3210988    0.57541865]
 [ 55.          58.350002     2.1128328    0.5811036 ]
 [ 56.          59.9          2.2209938    0.58820677]
 [ 57.          61.425        1.7779026    0.59566635]
 [ 58.          63.100002     2.094263     0.6039899 ]
 [ 59.          64.55         1.6143894    0.6090774 ]
 [ 60.          66.125        1.7093488    0.61423343]
 [ 61.          67.875        1.729794     0.6195999 ]
 [ 62.          69.075005     2.0089638    0.6257802 ]
 [ 63.          70.525        1.6803094    0.63290364]
 [ 64.          72.125        0.9960855    0.63804495]
 [ 65.          73.25         1.0606608    0.64312893]
 [ 66.          74.225        1.1124297    0.6476651 ]
 [ 67.          75.25         0.90571153   0.6522421 ]
 [ 68.          76.175        0.67082036   0.65661126]
 [ 69.          76.875        0.57960147   0.6637195 ]
 [ 70.          77.4          0.5687157    0.6686569 ]
 [ 71.          77.925        0.25920558   0.6734099 ]
 [ 72.          78.55         0.4201946    0.67772084]
 [ 73.          78.875        0.62499875   0.68172896]
 [ 74.          79.525        0.93290544   0.6860859 ]
 [ 75.          80.725        1.0208758    0.6923254 ]
 [ 76.          80.975        1.2636752    0.6979084 ]
 [ 77.          82.975        1.8653916    0.70347506]
 [ 78.          83.875        1.0532688    0.7110947 ]
 [ 79.          83.525        1.0170423    0.71651846]
 [ 80.          85.25         1.9141741    0.72082895]
 [ 81.          86.625        0.52291375   0.72487026]
 [ 82.          85.825005     1.6022437    0.7290315 ]
 [ 83.          86.05         1.4963504    0.7333356 ]
 [ 84.          88.55         1.1712708    0.7388696 ]
 [ 85.          87.575005     0.6471079    0.74327016]
 [ 86.          87.525        1.3986596    0.75059986]
 [ 87.          88.4          1.0875719    0.755906  ]
 [ 88.          86.275        4.60163      0.76052105]
 [ 89.          84.475        6.8313384    0.76528376]
 [ 90.          87.           2.3485365    0.77037466]
 [ 91.          83.775        6.610479     0.77492774]
 [ 92.          80.200005     6.4387736    0.77932066]
 [ 93.          82.8          6.9183865    0.78621405]
 [ 94.          81.9          4.960312     0.79254293]
 [ 95.          81.700005     3.2675016    0.8000763 ]
 [ 96.          81.75         4.055281     0.80696267]
 [ 97.          83.6          3.1922765    0.8161847 ]
 [ 98.          83.275        5.666789     0.8229082 ]
 [ 99.          85.05         3.9017231    0.8322877 ]
 [100.          85.725        5.87859      0.8368682 ]
 [101.          88.15         2.6448653    0.8423695 ]
 [102.          86.725        3.1041806    0.84883624]
 [103.          87.200005     3.7672527    0.85424805]
 [104.          89.125        0.9142964    0.8591385 ]
 [105.          89.025        0.6812201    0.86711293]
 [106.          88.05         1.6071119    0.8739765 ]
 [107.          88.425        1.2580996    0.8790227 ]
 [108.          89.450005     1.154475     0.8837351 ]
 [109.          89.725        0.657885     0.888421  ]
 [110.          89.675        0.32595944   0.89276737]
 [111.          89.675        0.7104136    0.8982426 ]
 [112.          89.225        2.3072567    0.9028994 ]
 [113.          89.175        1.0330477    0.9087515 ]
 [114.          89.85         0.4626689    0.9132229 ]
 [115.          87.325005     5.0925803    0.9183378 ]
 [116.          89.525        1.3032409    0.92248267]
 [117.          88.975        3.607067     0.9286961 ]
 [118.          89.25         1.3778389    0.93560505]
 [119.          88.5          4.403479     0.94065136]
 [120.          87.950005     1.7866697    0.9449755 ]
 [121.          88.15         3.1204967    0.9493704 ]
 [122.          89.950005     0.81777203   0.9539343 ]
 [123.          87.225        4.160266     0.9605476 ]
 [124.          87.55         4.026863     0.96589756]
 [125.          88.65         3.5809834    0.9711189 ]
 [126.          86.05         4.950221     0.97628003]
 [127.          87.65         3.256484     0.9814622 ]
 [128.          86.975        4.430364     0.98613185]
 [129.          87.325005     4.3540573    0.9914762 ]
 [130.          87.675        4.4979167    0.9964029 ]
 [131.          88.125        3.2463923    1.0008239 ]
 [132.          88.8          2.2125347    1.0074569 ]
 [133.          87.5          4.301163     1.0121984 ]
 [134.          89.575005     2.6362858    1.0187206 ]
 [135.          87.450005     4.217338     1.0235305 ]
 [136.          88.950005     1.1201284    1.0280355 ]
 [137.          90.200005     0.85968745   1.0324265 ]
 [138.          87.025        5.2122145    1.0385014 ]
 [139.          88.700005     3.3629415    1.0466471 ]
 [140.          89.325005     1.1374311    1.0543575 ]
 [141.          89.375        1.6840248    1.0611427 ]
 [142.          89.           2.2724574    1.0663427 ]
 [143.          89.65         1.7011033    1.0706359 ]
 [144.          89.950005     0.59028596   1.076374  ]
 [145.          89.05         2.9667428    1.0812062 ]
 [146.          89.375        2.5799713    1.0861994 ]
 [147.          89.3          3.6769977    1.0912074 ]
 [148.          89.975        1.3958644    1.0979223 ]
 [149.          87.625        6.3016624    1.1047401 ]
 [150.          90.1          1.36187      1.1115917 ]
 [151.          89.9          2.1962316    1.1173652 ]
 [152.          88.8          4.6900826    1.122575  ]
 [153.          89.4          3.411148     1.1276487 ]
 [154.          88.625        4.290251     1.1328714 ]
 [155.          89.975        1.0510402    1.1379353 ]
 [156.          88.025        3.7399871    1.1431578 ]
 [157.          88.325005     3.2410932    1.1499163 ]
 [158.          89.725        1.7079775    1.1578482 ]
 [159.          89.35         2.1238973    1.1670742 ]
 [160.          89.725        1.8101277    1.1740092 ]
 [161.          90.05         1.1746006    1.1827326 ]
 [162.          88.3          3.6578255    1.1891356 ]
 [163.          88.25         3.247595     1.1960882 ]
 [164.          89.5          1.8729155    1.2057062 ]
 [165.          89.1          2.09799      1.2127498 ]
 [166.          88.950005     1.5949138    1.2172365 ]
 [167.          89.475        1.3618691    1.2229049 ]
 [168.          90.05         2.374342     1.2295774 ]
 [169.          87.775        4.260465     1.2365941 ]
 [170.          89.975        0.77761745   1.2436209 ]
 [171.          89.325005     1.9296211    1.2490777 ]
 [172.          89.875        0.3535525    1.2574875 ]
 [173.          89.4          1.2543675    1.263547  ]
 [174.          90.           2.015565     1.2698711 ]
 [175.          90.725        0.6869316    1.276666  ]
 [176.          90.75         1.4114487    1.2828683 ]
 [177.          90.125        1.5761904    1.2872282 ]
 [178.          90.025        1.1904569    1.2916294 ]
 [179.          89.5          2.3251352    1.2974306 ]
 [180.          89.25         3.0220544    1.3031397 ]
 [181.          89.700005     1.9597514    1.3098198 ]
 [182.          90.450005     0.67081976   1.3148841 ]
 [183.          89.65         1.8273095    1.319919  ]
 [184.          88.8          5.340441     1.3251965 ]
 [185.          90.1          2.0027325    1.3303175 ]
 [186.          89.575005     2.707916     1.3369617 ]
 [187.          89.950005     1.4806042    1.34599   ]
 [188.          90.700005     0.59028596   1.3515666 ]
 [189.          89.6          2.3838656    1.3573334 ]
 [190.          89.75         1.6274016    1.362331  ]
 [191.          90.450005     0.64104486   1.3672503 ]
 [192.          90.55         0.76342255   1.3729963 ]
 [193.          90.75         0.625001     1.3790709 ]
 [194.          90.5          0.50775176   1.3849081 ]
 [195.          90.5          0.31868872   1.3931267 ]
 [196.          90.425        0.6649718    1.3999968 ]
 [197.          90.025        0.8542177    1.4065077 ]
 [198.          90.450005     0.54914707   1.4119272 ]
 [199.          90.75         0.375        1.419403  ]
 [200.          90.675        0.27386135   1.4254965 ]]
The best results: 
Epoch: 176  90.75±1.41  1.283s
--------------- Train Done! ----------------
--------------- Save Done! ----------------
