Using cuda:0 device
Dataset     :Physics
Epochs      :200
LR X_s      :0.01
Learn A_s   :0
LR A_s      :0.01
Conden ratio:1.0
Ridge       :0.001
Kernel      :SGNK
k           :4
L           :1
Seed        :5
The 1th Iteration:
--------------------------------------------------
The 2th Iteration:
--------------------------------------------------
The 3th Iteration:
--------------------------------------------------
The 4th Iteration:
--------------------------------------------------
The 5th Iteration:
--------------------------------------------------
[[  1.          72.8          7.9309545    0.27024052]
 [  2.          83.28         4.3717256    0.27636552]
 [  3.          85.92         1.7355086    0.28121462]
 [  4.          86.439995     1.3145356    0.28601012]
 [  5.          86.88         1.3311666    0.29076347]
 [  6.          86.72         1.5658854    0.29559135]
 [  7.          86.64001      1.3667467    0.30033275]
 [  8.          86.88         1.308433     0.30507928]
 [  9.          87.119995     1.1882776    0.31022882]
 [ 10.          87.159996     1.1260561    0.31555834]
 [ 11.          87.200005     1.2083045    0.32134458]
 [ 12.          87.12         1.044989     0.3262065 ]
 [ 13.          87.200005     1.1224962    0.33196044]
 [ 14.          87.159996     1.1260554    0.33707076]
 [ 15.          87.159996     1.1949879    0.3421404 ]
 [ 16.          87.24         1.352034     0.3479975 ]
 [ 17.          87.12         1.6161702    0.35486373]
 [ 18.          87.159996     1.8022202    0.361634  ]
 [ 19.          87.12         1.6528764    0.36687848]
 [ 20.          87.00001      1.7606817    0.3733085 ]
 [ 21.          87.4          1.5033273    0.3824845 ]
 [ 22.          87.64         1.4380529    0.38805422]
 [ 23.          87.96         1.1949878    0.3936256 ]
 [ 24.          88.48         1.136661     0.3983229 ]
 [ 25.          88.88         0.98589987   0.4034905 ]
 [ 26.          89.12         0.83186656   0.4100716 ]
 [ 27.          89.079994     0.80746466   0.4156769 ]
 [ 28.          89.32         0.6723084    0.4203917 ]
 [ 29.          88.96         0.4560699    0.42604223]
 [ 30.          89.4          0.5830983    0.43079582]
 [ 31.          89.48         0.5215385    0.4367516 ]
 [ 32.          89.32         0.41472846   0.4429892 ]
 [ 33.          90.           0.3999971    0.44970703]
 [ 34.          89.44         1.2280061    0.45681754]
 [ 35.          89.88         0.7563044    0.46312687]
 [ 36.          89.68         0.60991865   0.4697845 ]
 [ 37.          89.88         0.26832783   0.47532067]
 [ 38.          90.12         0.5403722    0.47991878]
 [ 39.          90.24         0.26076704   0.4855445 ]
 [ 40.          90.159996     0.5549785    0.4916639 ]
 [ 41.          90.48         0.36331654   0.4965414 ]
 [ 42.          90.200005     0.44721287   0.5013602 ]
 [ 43.          90.159996     0.35777074   0.5064039 ]
 [ 44.          90.36         0.40987954   0.5112696 ]
 [ 45.          90.6          0.28284514   0.5164052 ]
 [ 46.          90.36001      0.38470578   0.5213171 ]
 [ 47.          90.4          0.28284737   0.5269184 ]
 [ 48.          90.64         0.38470346   0.5355291 ]
 [ 49.          90.71999      0.36331773   0.5401223 ]
 [ 50.          90.6          0.24494757   0.5457129 ]
 [ 51.          90.88         0.22803545   0.5505715 ]
 [ 52.          90.96001      0.384707     0.55604994]
 [ 53.          90.64001      0.16733196   0.56314653]
 [ 54.          90.76         0.08944605   0.56912154]
 [ 55.          90.72         0.22803551   0.5774134 ]
 [ 56.          90.72         0.17888762   0.5834401 ]
 [ 57.          90.6          0.31622836   0.5888671 ]
 [ 58.          90.80001      0.1414219    0.595319  ]
 [ 59.          90.68         0.22803496   0.6022991 ]
 [ 60.          90.48         0.84379965   0.61005634]
 [ 61.          90.28001      0.50199586   0.614953  ]
 [ 62.          90.48         0.78230566   0.6197493 ]
 [ 63.          90.4          0.28284737   0.6245956 ]
 [ 64.          90.4          0.5099048    0.62937504]
 [ 65.          90.48         0.54037404   0.6344053 ]
 [ 66.          90.48         0.30331543   0.6403946 ]
 [ 67.          90.64         0.4774944    0.6453475 ]
 [ 68.          90.6          0.14142056   0.65112126]
 [ 69.          91.           0.4690431    0.6560945 ]
 [ 70.          90.28001      0.7563056    0.6614493 ]
 [ 71.          90.560005     0.35777012   0.6658746 ]
 [ 72.          90.96         0.43359187   0.6705024 ]
 [ 73.          90.56         0.7127445    0.67514646]
 [ 74.          90.4          0.24495095   0.68001854]
 [ 75.          90.8          0.31622657   0.6849565 ]
 [ 76.          90.6          0.6782331    0.6900194 ]
 [ 77.          90.6          0.6480721    0.6952671 ]
 [ 78.          90.32         0.9230394    0.70385957]
 [ 79.          90.240005     0.63874775   0.7101628 ]
 [ 80.          90.44         0.8648717    0.7148668 ]
 [ 81.          90.439995     0.60663223   0.71943194]
 [ 82.          90.36         0.7797451    0.7238757 ]
 [ 83.          90.32         0.4816637    0.7284759 ]
 [ 84.          90.36         0.47749203   0.7333493 ]
 [ 85.          90.4          0.61644244   0.73917687]
 [ 86.          90.200005     0.5656841    0.74425733]
 [ 87.          90.92         0.5020016    0.74951667]
 [ 88.          90.71999      0.5761931    0.7556247 ]
 [ 89.          90.48         0.6870234    0.7617    ]
 [ 90.          90.840004     0.57271147   0.76684123]
 [ 91.          90.44         0.29664928   0.77277464]
 [ 92.          90.4          0.64807224   0.77752393]
 [ 93.          90.72001      0.5403694    0.78238606]
 [ 94.          90.32         0.48166397   0.78720325]
 [ 95.          90.4          0.40000185   0.79259086]
 [ 96.          90.64         0.82945985   0.79886407]
 [ 97.          90.72         0.64187104   0.8042885 ]
 [ 98.          90.24         0.26076558   0.81019306]
 [ 99.          91.08         0.3346612    0.8161751 ]
 [100.          90.32         0.57619303   0.8230047 ]
 [101.          90.8          0.6782334    0.8299574 ]
 [102.          90.200005     0.8000007    0.8345833 ]
 [103.          90.36         0.6985715    0.8391711 ]
 [104.          90.4          0.6324545    0.84603596]
 [105.          90.84         0.57271016   0.85095704]
 [106.          90.           0.6928173    0.855898  ]
 [107.          90.56         0.62289494   0.8626488 ]
 [108.          90.96         0.35777113   0.86827385]
 [109.          90.159996     0.2966447    0.8747156 ]
 [110.          90.32         0.68702126   0.8795294 ]
 [111.          90.52         0.41472775   0.88430655]
 [112.          90.920006     0.65726864   0.88895434]
 [113.          89.96001      1.013901     0.89384234]
 [114.          91.119995     0.62610185   0.8991399 ]
 [115.          89.96         0.8876934    0.90467185]
 [116.          90.4          0.5291487    0.91066706]
 [117.          90.8          0.7999983    0.91778433]
 [118.          90.520004     0.46043295   0.9226584 ]
 [119.          90.28         0.8318645    0.9278762 ]
 [120.          90.520004     0.33466795   0.9343902 ]
 [121.          90.8          0.6164429    0.93954575]
 [122.          90.6          1.1489114    0.9445767 ]
 [123.          89.68001      1.0639538    0.95099545]
 [124.          89.920006     0.8671829    0.9569031 ]
 [125.          89.96         1.1696177    0.96340066]
 [126.          90.520004     0.85557234   0.96832466]
 [127.          90.6          0.8944288    0.9760985 ]
 [128.          90.12         1.0256717    0.981909  ]
 [129.          90.04         0.4335893    0.987807  ]
 [130.          90.200005     0.76157326   0.992613  ]
 [131.          90.119995     0.9444591    0.9982306 ]
 [132.          90.04         0.4335857    1.0043167 ]
 [133.          90.24         0.6387448    1.0096775 ]
 [134.          90.44         0.5549757    1.0150658 ]
 [135.          90.6          0.774597     1.020529  ]
 [136.          90.36         0.8648708    1.025513  ]
 [137.          90.6          0.6782353    1.0304736 ]
 [138.          89.76         1.9099737    1.036156  ]
 [139.          90.159996     1.3520352    1.0413984 ]
 [140.          90.32001      0.65726835   1.0481207 ]
 [141.          89.76         1.4380549    1.0531764 ]
 [142.          90.32         0.3033169    1.0586293 ]
 [143.          90.48         0.30331543   1.0651878 ]
 [144.          90.76         0.60662895   1.070002  ]
 [145.          90.079994     0.9230354    1.0756248 ]
 [146.          90.76         1.1781344    1.0808111 ]
 [147.          89.68001      0.6723122    1.0853953 ]
 [148.          90.439995     0.47749165   1.0900859 ]
 [149.          90.72         0.54037195   1.0969698 ]
 [150.          90.12         0.794982     1.1033505 ]
 [151.          90.56         0.4560716    1.1126661 ]
 [152.          90.76         0.9528907    1.1224368 ]
 [153.          90.04         1.8242831    1.131566  ]
 [154.          90.880005     0.46043688   1.142907  ]
 [155.          90.6          0.67823195   1.149223  ]
 [156.          90.68         0.3898719    1.1547643 ]
 [157.          90.200005     0.20000204   1.161157  ]
 [158.          90.52         0.4147288    1.1662378 ]
 [159.          90.68         0.2683278    1.1738033 ]
 [160.          90.48         0.7014265    1.1803678 ]
 [161.          90.840004     0.62289673   1.1851773 ]
 [162.          90.28         0.3633172    1.1920561 ]
 [163.          90.44         0.1673306    1.201064  ]
 [164.          90.32001      0.36331636   1.2072613 ]
 [165.          90.56         0.69857216   1.2137371 ]
 [166.          90.64         0.5176873    1.2183447 ]
 [167.          90.71999      0.57619435   1.2231143 ]
 [168.          89.520004     1.5466062    1.2278788 ]
 [169.          90.8          0.5477228    1.2340416 ]
 [170.          90.6          0.7071057    1.2401211 ]
 [171.          90.52         0.756308     1.2460736 ]
 [172.          89.8          1.0583012    1.2524377 ]
 [173.          90.32         0.67231214   1.2583624 ]
 [174.          90.04         1.013901     1.2632687 ]
 [175.          90.240005     1.2521981    1.2679199 ]
 [176.          89.920006     1.3608824    1.2743062 ]
 [177.          91.04         0.47749203   1.2793717 ]
 [178.          90.159996     0.5176873    1.2870506 ]
 [179.          90.04         1.2116117    1.2962841 ]
 [180.          89.96         1.0139053    1.3040634 ]
 [181.          90.4          0.28284737   1.3115438 ]
 [182.          90.48         0.33466598   1.3187957 ]
 [183.          90.32         0.85557157   1.3258667 ]
 [184.          90.44         0.4979985    1.3331623 ]
 [185.          90.68         0.33466256   1.3393854 ]
 [186.          90.12         0.76941764   1.3457359 ]
 [187.          90.48         0.30331546   1.3515844 ]
 [188.          90.200005     0.9380821    1.3582032 ]
 [189.          90.840004     0.5549779    1.3636416 ]
 [190.          90.159996     0.7127424    1.3691906 ]
 [191.          90.12         0.59329766   1.3764595 ]
 [192.          90.44         0.16733234   1.3867115 ]
 [193.          90.27999      1.0917847    1.3971977 ]
 [194.          90.439995     0.9528905    1.4046427 ]
 [195.          90.68001      0.41472912   1.4132041 ]
 [196.          90.68         0.30331227   1.419801  ]
 [197.          90.159996     0.88769394   1.4270657 ]
 [198.          90.52         0.46043295   1.4339625 ]
 [199.          89.920006     1.1966602    1.440784  ]
 [200.          89.8          1.2727942    1.4471266 ]]
The best results: 
Epoch: 114  91.12±0.63  0.899s
--------------- Train Done! ----------------
--------------- Save Done! ----------------
