Using cuda:0 device
Dataset     :Physics
Epochs      :200
LR X_s      :0.01
Learn A_s   :0
LR A_s      :0.01
Conden ratio:1.0
Ridge       :0.001
Kernel      :SGNK
k           :1
L           :1
Seed        :5
The 1th Iteration:
--------------------------------------------------
The 2th Iteration:
--------------------------------------------------
The 3th Iteration:
--------------------------------------------------
The 4th Iteration:
--------------------------------------------------
The 5th Iteration:
--------------------------------------------------
[[  1.          63.120003     6.1945124    0.27239022]
 [  2.          80.12         5.203074     0.27744737]
 [  3.          84.96         2.5353506    0.28290644]
 [  4.          86.56         1.7742623    0.28975707]
 [  5.          87.08         1.487278     0.29610044]
 [  6.          87.52         1.5401298    0.30288348]
 [  7.          87.8          1.4282851    0.30786744]
 [  8.          88.           1.2490007    0.31320906]
 [  9.          88.200005     1.077031     0.31956872]
 [ 10.          88.240005     1.1523863    0.3242801 ]
 [ 11.          88.4          0.98994935   0.3297897 ]
 [ 12.          88.560005     0.8414275    0.33673707]
 [ 13.          88.72         0.7563086    0.34153643]
 [ 14.          89.04         0.6542167    0.34612748]
 [ 15.          89.28001      0.9549877    0.35078168]
 [ 16.          89.4          1.1575813    0.35658842]
 [ 17.          89.48         1.2537941    0.36304894]
 [ 18.          89.32         1.1366618    0.367438  ]
 [ 19.          89.52         1.0639555    0.37182555]
 [ 20.          89.71999      0.83186454   0.3771045 ]
 [ 21.          89.88         0.6723081    0.3834078 ]
 [ 22.          90.04         0.8763569    0.39010143]
 [ 23.          90.48         0.954987     0.39504582]
 [ 24.          90.80001      0.92736405   0.40002298]
 [ 25.          91.28         1.0353755    0.4046835 ]
 [ 26.          91.68         0.7155429    0.40934902]
 [ 27.          91.880005     0.54037267   0.41535708]
 [ 28.          92.04         0.60662836   0.4229094 ]
 [ 29.          92.           0.37416515   0.43214726]
 [ 30.          92.28001      0.3898717    0.43867835]
 [ 31.          92.04         0.5899178    0.44434854]
 [ 32.          92.36         0.58991086   0.4504579 ]
 [ 33.          92.           0.4472119    0.45814976]
 [ 34.          92.24         0.433593     0.46682054]
 [ 35.          92.520004     0.4147311    0.47533017]
 [ 36.          92.4          0.46904173   0.48267055]
 [ 37.          92.12         0.22803329   0.48741743]
 [ 38.          92.48         0.1788867    0.49291587]
 [ 39.          92.36         0.26076803   0.500584  ]
 [ 40.          92.32         0.33466324   0.50749475]
 [ 41.          92.4          0.37416616   0.5134054 ]
 [ 42.          92.240005     0.7402719    0.51783484]
 [ 43.          92.4          0.37416565   0.5230533 ]
 [ 44.          91.88         0.38987285   0.52774364]
 [ 45.          92.439995     0.32863453   0.53228426]
 [ 46.          92.36         0.4979963    0.53764147]
 [ 47.          92.36         0.43358788   0.5421663 ]
 [ 48.          92.200005     0.14142324   0.5466607 ]
 [ 49.          92.119995     0.33466497   0.55126464]
 [ 50.          92.200005     0.2828431    0.55663425]
 [ 51.          92.28         0.33466557   0.5617907 ]
 [ 52.          92.32         0.10954633   0.5671347 ]
 [ 53.          92.36001      0.35777235   0.57518095]
 [ 54.          92.36         0.29665062   0.5820349 ]
 [ 55.          92.32         0.22803695   0.58628166]
 [ 56.          92.32         0.10954691   0.59087014]
 [ 57.          92.24         0.21909045   0.59524274]
 [ 58.          92.32         0.22803411   0.6003519 ]
 [ 59.          92.28001      0.26832762   0.60492575]
 [ 60.          92.36         0.16733265   0.61036247]
 [ 61.          92.36         0.21908917   0.6152622 ]
 [ 62.          92.36001      0.2607678    0.61984295]
 [ 63.          92.28         0.22803557   0.62496555]
 [ 64.          92.200005     0.141421     0.6311193 ]
 [ 65.          92.159996     0.16733174   0.6354292 ]
 [ 66.          92.159996     0.21908858   0.63992506]
 [ 67.          92.159996     0.16733174   0.6445891 ]
 [ 68.          92.200005     0.20000076   0.6509209 ]
 [ 69.          92.28         0.22803545   0.6552667 ]
 [ 70.          92.200005     0.141421     0.65968716]
 [ 71.          92.240005     0.16733378   0.66462684]
 [ 72.          92.240005     0.16733378   0.67089313]
 [ 73.          92.2          0.1414219    0.6769002 ]
 [ 74.          92.240005     0.16733378   0.68190324]
 [ 75.          92.159996     0.16733097   0.68636316]
 [ 76.          92.12         0.17888483   0.6919123 ]
 [ 77.          92.159996     0.08944136   0.69878787]
 [ 78.          92.08001      0.10954284   0.7041063 ]
 [ 79.          92.08001      0.10954284   0.7092095 ]
 [ 80.          92.08001      0.10954284   0.71363896]
 [ 81.          92.04         0.08944136   0.7184892 ]
 [ 82.          91.96         0.08944136   0.7228724 ]
 [ 83.          92.           0.           0.7278048 ]
 [ 84.          92.           0.           0.7349804 ]
 [ 85.          92.           0.1414192    0.7396011 ]
 [ 86.          92.           0.           0.74399424]
 [ 87.          92.04         0.08944136   0.74850595]
 [ 88.          92.08         0.10954284   0.75417644]
 [ 89.          92.           0.           0.7587432 ]
 [ 90.          92.04         0.16732946   0.7634667 ]
 [ 91.          92.04         0.08944136   0.7696716 ]
 [ 92.          92.           0.1414192    0.7758181 ]
 [ 93.          92.04         0.16732946   0.7808592 ]
 [ 94.          91.96         0.08944136   0.7863274 ]
 [ 95.          92.08         0.10954284   0.7921173 ]
 [ 96.          92.08         0.10954284   0.8026369 ]
 [ 97.          92.119995     0.17888483   0.8087792 ]
 [ 98.          92.119995     0.17888483   0.8167887 ]
 [ 99.          92.119995     0.17888483   0.8227157 ]
 [100.          92.08         0.17888483   0.82843953]
 [101.          92.08         0.17888483   0.8329059 ]
 [102.          92.12         0.26832932   0.8391302 ]
 [103.          92.08         0.17888483   0.84530795]
 [104.          92.08         0.17888483   0.8514498 ]
 [105.          92.12         0.26832932   0.85696137]
 [106.          92.200005     0.24494965   0.8623671 ]
 [107.          92.119995     0.10954284   0.8696915 ]
 [108.          92.200005     0.24494965   0.8764491 ]
 [109.          92.159996     0.16733174   0.8818199 ]
 [110.          92.159996     0.16733174   0.887575  ]
 [111.          92.159996     0.16733174   0.89446527]
 [112.          92.159996     0.16733174   0.9000174 ]
 [113.          92.159996     0.16733174   0.9054293 ]
 [114.          92.159996     0.16733174   0.91024524]
 [115.          92.159996     0.16733174   0.9187174 ]
 [116.          92.159996     0.16733174   0.9251626 ]
 [117.          92.159996     0.16733174   0.93242705]
 [118.          92.159996     0.16733174   0.93979436]
 [119.          92.159996     0.16733174   0.94536155]
 [120.          92.159996     0.16733174   0.9498028 ]
 [121.          92.159996     0.16733174   0.95427936]
 [122.          92.159996     0.16733174   0.9586665 ]
 [123.          92.159996     0.16733174   0.96475506]
 [124.          92.159996     0.16733174   0.974274  ]
 [125.          92.159996     0.16733174   0.9814429 ]
 [126.          92.159996     0.16733174   0.98821205]
 [127.          92.159996     0.16733174   0.9961729 ]
 [128.          92.159996     0.16733174   1.0024388 ]
 [129.          92.159996     0.16733174   1.0095621 ]
 [130.          92.159996     0.16733174   1.0162481 ]
 [131.          92.159996     0.16733174   1.0221618 ]
 [132.          92.159996     0.16733174   1.0273215 ]
 [133.          92.159996     0.16733174   1.031911  ]
 [134.          92.159996     0.16733174   1.0391396 ]
 [135.          92.159996     0.16733174   1.0486231 ]
 [136.          92.159996     0.16733174   1.0545307 ]
 [137.          92.159996     0.16733174   1.0595459 ]
 [138.          92.159996     0.16733174   1.0668123 ]
 [139.          92.159996     0.16733174   1.0733006 ]
 [140.          92.159996     0.16733174   1.0795472 ]
 [141.          92.159996     0.16733174   1.0877434 ]
 [142.          92.159996     0.16733174   1.0957527 ]
 [143.          92.159996     0.16733174   1.1016644 ]
 [144.          92.159996     0.16733174   1.1118864 ]
 [145.          92.159996     0.16733174   1.1176943 ]
 [146.          92.159996     0.16733174   1.1234118 ]
 [147.          92.159996     0.16733174   1.1291697 ]
 [148.          92.159996     0.16733174   1.1348461 ]
 [149.          92.159996     0.16733174   1.1404365 ]
 [150.          92.159996     0.16733174   1.146669  ]
 [151.          92.159996     0.16733174   1.1529616 ]
 [152.          92.159996     0.16733174   1.1576128 ]
 [153.          92.200005     0.14142413   1.1629235 ]
 [154.          92.159996     0.16733174   1.168251  ]
 [155.          92.200005     0.14142413   1.1727649 ]
 [156.          92.200005     0.14142413   1.1782074 ]
 [157.          92.200005     0.14142413   1.1839088 ]
 [158.          92.200005     0.14142413   1.1892941 ]
 [159.          92.200005     0.14142413   1.1946242 ]
 [160.          92.200005     0.14142413   1.1990074 ]
 [161.          92.24         0.08944661   1.2040405 ]
 [162.          92.24         0.08944661   1.2103167 ]
 [163.          92.24         0.08944661   1.2186072 ]
 [164.          92.24         0.08944661   1.2254916 ]
 [165.          92.24         0.08944661   1.2316931 ]
 [166.          92.24         0.08944661   1.2362778 ]
 [167.          92.24         0.08944661   1.2409447 ]
 [168.          92.24         0.08944661   1.2459491 ]
 [169.          92.24         0.08944661   1.2515383 ]
 [170.          92.24         0.08944661   1.2560961 ]
 [171.          92.24         0.08944661   1.2611855 ]
 [172.          92.24         0.08944661   1.2659467 ]
 [173.          92.24         0.08944661   1.2707199 ]
 [174.          92.24         0.08944661   1.2752777 ]
 [175.          92.24         0.08944661   1.2816267 ]
 [176.          92.24         0.08944661   1.2868718 ]
 [177.          92.24         0.08944661   1.2943101 ]
 [178.          92.24         0.08944661   1.3008027 ]
 [179.          92.24         0.08944661   1.3052782 ]
 [180.          92.24         0.08944661   1.3098148 ]
 [181.          92.24         0.08944661   1.3141962 ]
 [182.          92.24         0.08944661   1.318535  ]
 [183.          92.24         0.08944661   1.3236086 ]
 [184.          92.24         0.08944661   1.3297646 ]
 [185.          92.24         0.08944661   1.3351231 ]
 [186.          92.24         0.08944661   1.3396853 ]
 [187.          92.24         0.08944661   1.3451675 ]
 [188.          92.24         0.08944661   1.3499204 ]
 [189.          92.24         0.08944661   1.3545415 ]
 [190.          92.24         0.08944661   1.3615915 ]
 [191.          92.24         0.08944661   1.3670553 ]
 [192.          92.24         0.08944661   1.3726615 ]
 [193.          92.24         0.08944661   1.3788378 ]
 [194.          92.24         0.08944661   1.3831933 ]
 [195.          92.24         0.08944661   1.3876871 ]
 [196.          92.24         0.08944661   1.3939008 ]
 [197.          92.24         0.08944661   1.4002197 ]
 [198.          92.24         0.08944661   1.4058281 ]
 [199.          92.24         0.08944661   1.4108981 ]
 [200.          92.24         0.08944661   1.4154129 ]]
The best results: 
Epoch: 35  92.52±0.41  0.475s
--------------- Train Done! ----------------
--------------- Save Done! ----------------
