Using cuda:0 device
Dataset     :Physics
Epochs      :200
LR X_s      :0.01
Learn A_s   :1
LR A_s      :0.01
Conden ratio:0.5
Ridge       :0.1
Kernel      :SGNK
k           :5
L           :1
Seed        :5
The 1th Iteration:
--------------------------------------------------
The 2th Iteration:
--------------------------------------------------
The 3th Iteration:
--------------------------------------------------
The 4th Iteration:
--------------------------------------------------
The 5th Iteration:
--------------------------------------------------
[[  1.          67.4          7.3253007    0.22208476]
 [  2.          82.4          2.9291637    0.23516794]
 [  3.          85.32         1.4872781    0.24833345]
 [  4.          86.12         0.9230379    0.2616028 ]
 [  5.          86.28001      1.1713234    0.27497634]
 [  6.          86.36         1.1949904    0.28844777]
 [  7.          86.56         1.3813053    0.30197415]
 [  8.          86.56         1.4099661    0.31587195]
 [  9.          86.48         1.4872794    0.32869348]
 [ 10.          86.56         1.4028534    0.34160087]
 [ 11.          86.48         1.5530627    0.3551332 ]
 [ 12.          86.6          1.462875     0.36867842]
 [ 13.          86.72         1.2696468    0.38233992]
 [ 14.          86.64001      1.126056     0.39836136]
 [ 15.          86.48         1.0059832    0.41186556]
 [ 16.          86.48         1.0059832    0.425659  ]
 [ 17.          86.52         1.1366633    0.4401892 ]
 [ 18.          86.520004     1.2132597    0.45327425]
 [ 19.          86.6          1.1999986    0.4665125 ]
 [ 20.          86.68         1.2774969    0.4790914 ]
 [ 21.          86.64001      1.1436796    0.4913856 ]
 [ 22.          86.6          1.1135541    0.5050544 ]
 [ 23.          86.6          1.1135541    0.5187111 ]
 [ 24.          86.68         1.1009086    0.5328907 ]
 [ 25.          86.8          1.1313717    0.5459916 ]
 [ 26.          86.8          1.1313717    0.55928534]
 [ 27.          86.8          1.1313717    0.57351685]
 [ 28.          86.840004     1.0620722    0.5887404 ]
 [ 29.          86.840004     1.0714473    0.6022306 ]
 [ 30.          86.920006     0.93380815   0.6156163 ]
 [ 31.          86.99999      0.92736083   0.6299965 ]
 [ 32.          87.04         0.8648689    0.6445001 ]
 [ 33.          87.12         0.782302     0.6590831 ]
 [ 34.          87.12         0.782302     0.67371976]
 [ 35.          87.159996     0.71274155   0.68832463]
 [ 36.          87.159996     0.71274155   0.7030644 ]
 [ 37.          87.159996     0.71274155   0.7178289 ]
 [ 38.          87.159996     0.71274155   0.73284805]
 [ 39.          87.119995     0.6723102    0.7478075 ]
 [ 40.          87.119995     0.6723102    0.76191115]
 [ 41.          87.119995     0.6723102    0.77586204]
 [ 42.          87.119995     0.6723102    0.79014206]
 [ 43.          87.119995     0.6723102    0.80512124]
 [ 44.          87.200005     0.54772234   0.82013905]
 [ 45.          87.24         0.49799502   0.8369198 ]
 [ 46.          87.28         0.46043447   0.85196745]
 [ 47.          87.36         0.53665686   0.86704063]
 [ 48.          87.4          0.509903     0.88221973]
 [ 49.          87.44         0.43358877   0.8974266 ]
 [ 50.          87.44         0.43358877   0.91247654]
 [ 51.          87.4          0.39999822   0.9278351 ]
 [ 52.          87.44         0.45607078   0.94329804]
 [ 53.          87.48         0.38987377   0.9593758 ]
 [ 54.          87.48         0.38987377   0.97495884]
 [ 55.          87.439995     0.32863343   0.9904227 ]
 [ 56.          87.439995     0.32863343   1.006132  ]
 [ 57.          87.439995     0.32863343   1.0218661 ]
 [ 58.          87.520004     0.3346642    1.0375826 ]
 [ 59.          87.520004     0.3346642    1.0532824 ]
 [ 60.          87.520004     0.3346642    1.0689169 ]
 [ 61.          87.560005     0.26077023   1.0845773 ]
 [ 62.          87.560005     0.26077023   1.1016934 ]
 [ 63.          87.56         0.2966475    1.1173428 ]
 [ 64.          87.56         0.2966475    1.1329478 ]
 [ 65.          87.52001      0.22803774   1.1473553 ]
 [ 66.          87.44         0.29664984   1.1642935 ]
 [ 67.          87.44         0.29664984   1.1797136 ]
 [ 68.          87.44         0.35776952   1.1952914 ]
 [ 69.          87.48         0.36331654   1.2126864 ]
 [ 70.          87.6          0.44721147   1.228122  ]
 [ 71.          87.6          0.44721147   1.2430276 ]
 [ 72.          87.6          0.31622857   1.257518  ]
 [ 73.          87.64001      0.2607686    1.2728701 ]
 [ 74.          87.64001      0.32863465   1.2892226 ]
 [ 75.          87.92         0.46043456   1.3057984 ]
 [ 76.          87.96         0.47749537   1.3212751 ]
 [ 77.          88.08001      0.3033169    1.3380786 ]
 [ 78.          88.159996     0.2607679    1.3534839 ]
 [ 79.          88.24         0.29664692   1.369045  ]
 [ 80.          88.32         0.17888549   1.3846626 ]
 [ 81.          88.36         0.26077262   1.4000676 ]
 [ 82.          88.36         0.26077154   1.4155867 ]
 [ 83.          88.71999      0.54036975   1.4309334 ]
 [ 84.          88.76         1.0139048    1.4463787 ]
 [ 85.          88.96001      0.55497813   1.4618441 ]
 [ 86.          89.08001      0.48166275   1.4774429 ]
 [ 87.          88.88         0.55856985   1.4930338 ]
 [ 88.          89.12         0.8074657    1.5078002 ]
 [ 89.          89.00001      0.46904227   1.5234267 ]
 [ 90.          89.240005     1.0714471    1.5390148 ]
 [ 91.          89.68         0.33466598   1.5545503 ]
 [ 92.          89.439995     0.5899158    1.5709153 ]
 [ 93.          89.48         1.1454265    1.5866365 ]
 [ 94.          89.28001      0.5761941    1.6025221 ]
 [ 95.          89.840004     0.38470834   1.618282  ]
 [ 96.          89.600006     0.7211102    1.634133  ]
 [ 97.          89.200005     1.0770327    1.6500072 ]
 [ 98.          89.920006     0.87863255   1.6657864 ]
 [ 99.          89.36         0.4560693    1.6811894 ]
 [100.          89.56         1.0620735    1.6968864 ]
 [101.          89.12         0.71553904   1.7123623 ]
 [102.          88.920006     0.7293842    1.72811   ]
 [103.          90.16         0.5899173    1.743803  ]
 [104.          90.12         0.30331293   1.7596819 ]
 [105.          89.920006     0.7563069    1.7753876 ]
 [106.          90.159996     0.55497944   1.7911056 ]
 [107.          89.52         0.6870218    1.806748  ]
 [108.          90.4          0.20000076   1.8224741 ]
 [109.          89.96         0.29664856   1.8382744 ]
 [110.          90.04         0.45606962   1.854188  ]
 [111.          90.67999      0.6572663    1.8700542 ]
 [112.          89.76         0.8988883    1.8864273 ]
 [113.          90.44         0.7127412    1.9023949 ]
 [114.          89.36001      0.9939815    1.918232  ]
 [115.          89.72         0.87863594   1.9339821 ]
 [116.          89.520004     1.0825875    1.949712  ]
 [117.          89.64001      0.6693274    1.9672432 ]
 [118.          90.200005     0.6164424    1.9826397 ]
 [119.          89.           1.0099487    1.9984162 ]
 [120.          89.96         0.45606658   2.0142314 ]
 [121.          88.88         2.161481     2.0313783 ]
 [122.          89.240005     1.013902     2.0471249 ]
 [123.          89.159996     0.7266407    2.0620725 ]
 [124.          89.48         1.0545143    2.0777972 ]
 [125.          89.76         0.841427     2.092928  ]
 [126.          89.64         0.58991194   2.108775  ]
 [127.          90.240005     0.6066335    2.1261551 ]
 [128.          90.12         0.80746603   2.141877  ]
 [129.          89.56         0.21909189   2.1574974 ]
 [130.          90.2          0.7348442    2.1747425 ]
 [131.          90.04         0.7127385    2.1902738 ]
 [132.          90.08         0.5761948    2.2059062 ]
 [133.          90.240005     0.62289697   2.2215354 ]
 [134.          90.12         0.8074653    2.2371523 ]
 [135.          89.439995     0.60662985   2.2519357 ]
 [136.          90.6          0.74833024   2.2668195 ]
 [137.          89.920006     1.4872786    2.2825077 ]
 [138.          89.8          0.40000138   2.2982118 ]
 [139.          90.200005     0.6324541    2.3132362 ]
 [140.          89.799995     0.7999991    2.3291745 ]
 [141.          89.76         0.5176884    2.3449056 ]
 [142.          90.200005     0.28284246   2.360654  ]
 [143.          89.56         1.5192118    2.3763542 ]
 [144.          90.32         0.30331418   2.3916214 ]
 [145.          90.159996     0.6841037    2.4073367 ]
 [146.          89.96         0.4560704    2.4231203 ]
 [147.          90.200005     0.28283975   2.4388497 ]
 [148.          89.76         0.35776815   2.454665  ]
 [149.          90.08         0.50199795   2.4711933 ]
 [150.          89.28         1.3608812    2.4870288 ]
 [151.          90.12         0.6099181    2.5029182 ]
 [152.          89.48         1.1798279    2.5189376 ]
 [153.          89.399994     0.63245654   2.5347345 ]
 [154.          90.           0.24494784   2.5505805 ]
 [155.          89.96         0.6387505    2.5663981 ]
 [156.          89.6          1.4491403    2.5824716 ]
 [157.          89.880005     0.33466503   2.5983515 ]
 [158.          89.48         1.1189291    2.614254  ]
 [159.          89.52         0.22803713   2.6301057 ]
 [160.          89.56         0.8173108    2.6459782 ]
 [161.          89.52         0.97570294   2.6619356 ]
 [162.          89.4          0.8717795    2.6778858 ]
 [163.          89.56         0.38470528   2.6937737 ]
 [164.          88.88         1.285301     2.7096503 ]
 [165.          88.68         2.7371485    2.7255144 ]
 [166.          89.200005     1.6970567    2.7395697 ]
 [167.          89.240005     1.0139028    2.753112  ]
 [168.          89.799995     0.6928213    2.7665963 ]
 [169.          89.76         0.72663516   2.7829616 ]
 [170.          90.12         0.3033129    2.7963605 ]
 [171.          89.76         0.63874686   2.8104951 ]
 [172.          89.76         0.7668116    2.8255377 ]
 [173.          89.96         0.3577712    2.8407285 ]
 [174.          89.68         0.7823062    2.8558042 ]
 [175.          90.159996     0.29664642   2.8710313 ]
 [176.          89.32         0.8786352    2.8865335 ]
 [177.          90.           0.6782342    2.9020278 ]
 [178.          89.560005     0.740272     2.920331  ]
 [179.          89.76         0.47749534   2.935769  ]
 [180.          89.76         0.49799368   2.951276  ]
 [181.          90.08         0.36331937   2.9678688 ]
 [182.          90.           0.31622878   2.9834373 ]
 [183.          89.64001      0.93166393   2.9991548 ]
 [184.          90.079994     0.1788827    3.01492   ]
 [185.          89.96001      0.26076558   3.030641  ]
 [186.          89.88         0.48166633   3.0462797 ]
 [187.          89.880005     0.54037154   3.0619056 ]
 [188.          90.           0.3162292    3.0776594 ]
 [189.          90.04         0.32863453   3.0934272 ]
 [190.          89.96         0.47749537   3.1091647 ]
 [191.          89.88         0.5403692    3.1249032 ]
 [192.          90.200005     0.24494913   3.1406174 ]
 [193.          89.76         0.6985689    3.1563523 ]
 [194.          89.96         0.16732946   3.172136  ]
 [195.          89.96         0.26076704   3.1878514 ]
 [196.          90.           0.24494836   3.2035959 ]
 [197.          89.72         0.78230625   3.219338  ]
 [198.          89.920006     0.64187026   3.2350755 ]
 [199.          89.560005     1.2116078    3.2509904 ]
 [200.          90.48         0.5585712    3.2668908 ]]
The best results: 
Epoch: 111  90.68±0.66  1.870s
--------------- Train Done! ----------------
