Using cuda:0 device
Dataset     :Physics
Epochs      :200
LR X_s      :0.01
Learn A_s   :1
LR A_s      :0.01
Conden ratio:0.5
Ridge       :10.0
Kernel      :SGNK
k           :3
L           :1
Seed        :5
The 1th Iteration:
--------------------------------------------------
The 2th Iteration:
--------------------------------------------------
The 3th Iteration:
--------------------------------------------------
The 4th Iteration:
--------------------------------------------------
The 5th Iteration:
--------------------------------------------------
[[  1.          24.4          9.398936     0.27143112]
 [  2.          33.04         9.7564335    0.27757025]
 [  3.          38.64        11.069237     0.28264925]
 [  4.          40.4         11.880235     0.29077283]
 [  5.          41.56        13.196514     0.29715052]
 [  6.          42.72        14.078778     0.30278626]
 [  7.          44.16        14.103474     0.30802175]
 [  8.          45.52        14.398334     0.31359527]
 [  9.          46.120003    14.712988     0.31964207]
 [ 10.          47.120003    14.244017     0.32584792]
 [ 11.          47.960003    13.889131     0.33071494]
 [ 12.          48.840004    13.020292     0.33551595]
 [ 13.          49.88        12.355242     0.340687  ]
 [ 14.          50.44        12.132932     0.34606346]
 [ 15.          50.88        11.847025     0.35227448]
 [ 16.          51.559998    11.053868     0.3588791 ]
 [ 17.          52.640003     9.9953985    0.36391655]
 [ 18.          53.680004     8.835837     0.37056097]
 [ 19.          54.76         7.486521     0.37784314]
 [ 20.          55.359997     7.1489854    0.38503918]
 [ 21.          56.120003     6.1361217    0.39058095]
 [ 22.          57.040005     5.8947425    0.39947778]
 [ 23.          58.039997     5.450505     0.40695864]
 [ 24.          58.96         5.193072     0.41324836]
 [ 25.          59.96         5.194999     0.41834632]
 [ 26.          60.480007     4.914469     0.42487812]
 [ 27.          61.4          4.6540303    0.4323704 ]
 [ 28.          62.120003     4.1487355    0.43904743]
 [ 29.          62.920002     3.7645712    0.4465289 ]
 [ 30.          63.640003     3.7159123    0.4538127 ]
 [ 31.          64.32         3.392933     0.4595898 ]
 [ 32.          65.04         3.4449959    0.4655357 ]
 [ 33.          65.88         3.232956     0.47165394]
 [ 34.          66.56         2.868448     0.4765173 ]
 [ 35.          67.6          3.3793492    0.48212287]
 [ 36.          68.4          3.3105876    0.4873364 ]
 [ 37.          69.520004     2.8761086    0.49212644]
 [ 38.          70.6          3.0692005    0.49703455]
 [ 39.          72.27999      2.2653913    0.5047591 ]
 [ 40.          74.119995     2.1194336    0.51104134]
 [ 41.          75.28         2.2698002    0.5181703 ]
 [ 42.          76.64001      1.7854989    0.5253894 ]
 [ 43.          77.96         2.02682      0.5302468 ]
 [ 44.          78.8          1.9078772    0.53513473]
 [ 45.          79.920006     1.6161689    0.54103065]
 [ 46.          80.76         1.5257801    0.5468072 ]
 [ 47.          81.64001      1.3145344    0.55240947]
 [ 48.          82.159996     1.1171366    0.5569474 ]
 [ 49.          82.520004     0.83186483   0.56309384]
 [ 50.          83.           0.7483337    0.56908774]
 [ 51.          83.4          0.56568444   0.57394636]
 [ 52.          83.56         0.5549761    0.5785279 ]
 [ 53.          83.88         0.576193     0.5834729 ]
 [ 54.          84.04         0.51768667   0.58881277]
 [ 55.          84.240005     0.45607275   0.5948965 ]
 [ 56.          84.4          0.50990343   0.6004514 ]
 [ 57.          84.68         0.62609774   0.60848635]
 [ 58.          84.8          0.848529     0.6140308 ]
 [ 59.          84.920006     1.0353755    0.6201202 ]
 [ 60.          85.           1.0295643    0.626541  ]
 [ 61.          85.159996     0.9316679    0.63280433]
 [ 62.          85.16         0.9316679    0.6393255 ]
 [ 63.          85.28         0.9858958    0.6451232 ]
 [ 64.          85.520004     0.75630116   0.65180355]
 [ 65.          85.68001      0.90110934   0.6577811 ]
 [ 66.          85.840004     0.8988894    0.66249794]
 [ 67.          85.8          0.9055406    0.6685774 ]
 [ 68.          85.96001      0.7924641    0.6738746 ]
 [ 69.          85.96         0.6841054    0.67858046]
 [ 70.          86.200005     0.44721287   0.6842868 ]
 [ 71.          86.32         0.46043658   0.6892363 ]
 [ 72.          86.4          0.50990343   0.69577426]
 [ 73.          86.44         0.5549818    0.70047426]
 [ 74.          86.479996     0.60991764   0.7075812 ]
 [ 75.          86.48         0.48166484   0.7130398 ]
 [ 76.          86.48         0.48166484   0.71862   ]
 [ 77.          86.52001      0.4604331    0.72571284]
 [ 78.          86.520004     0.43818012   0.73353374]
 [ 79.          86.520004     0.43818012   0.73831785]
 [ 80.          86.520004     0.43818012   0.74323726]
 [ 81.          86.64001      0.40987727   0.7484029 ]
 [ 82.          86.64         0.29664972   0.7565005 ]
 [ 83.          86.68         0.22803411   0.76158834]
 [ 84.          86.71999      0.3033131    0.76681226]
 [ 85.          86.88         0.303315     0.7728928 ]
 [ 86.          86.92         0.2683265    0.7793177 ]
 [ 87.          86.92         0.2683265    0.7850656 ]
 [ 88.          86.92         0.2683265    0.79059714]
 [ 89.          87.           0.19999695   0.79549277]
 [ 90.          86.920006     0.10954284   0.8010122 ]
 [ 91.          87.04         0.08944136   0.8062696 ]
 [ 92.          87.119995     0.10954284   0.8133321 ]
 [ 93.          87.200005     0.14142413   0.8198185 ]
 [ 94.          87.200005     0.14142413   0.82472223]
 [ 95.          87.200005     0.14142413   0.82956374]
 [ 96.          87.32         0.10954691   0.835298  ]
 [ 97.          87.36001      0.08944349   0.8406442 ]
 [ 98.          87.36001      0.08944349   0.84528255]
 [ 99.          87.4          0.           0.85129243]
 [100.          87.4          0.           0.85811883]
 [101.          87.4          0.           0.8641634 ]
 [102.          87.48         0.1788874    0.8707207 ]
 [103.          87.48         0.1788874    0.87822264]
 [104.          87.48         0.1788874    0.8845095 ]
 [105.          87.520004     0.17888655   0.8895842 ]
 [106.          87.520004     0.17888655   0.8946585 ]
 [107.          87.520004     0.17888655   0.8997572 ]
 [108.          87.560005     0.16733265   0.9053549 ]
 [109.          87.560005     0.16733265   0.91037196]
 [110.          87.72         0.22803494   0.91612166]
 [111.          87.76         0.21908742   0.9226734 ]
 [112.          87.76         0.21908742   0.9273602 ]
 [113.          87.76         0.21908742   0.93239975]
 [114.          87.76         0.21908742   0.9370497 ]
 [115.          87.76         0.21908957   0.9424305 ]
 [116.          87.76         0.21908957   0.94709444]
 [117.          87.840004     0.08944136   0.9519025 ]
 [118.          87.840004     0.08944136   0.95728296]
 [119.          87.880005     0.10954284   0.9640503 ]
 [120.          87.840004     0.16733174   0.9698626 ]
 [121.          87.92         0.2280349    0.97497255]
 [122.          87.96         0.21908957   0.9800779 ]
 [123.          87.96         0.21908957   0.986018  ]
 [124.          88.119995     0.10954284   0.9921261 ]
 [125.          88.200005     0.24494965   0.9967314 ]
 [126.          88.200005     0.24494965   1.0017911 ]
 [127.          88.28         0.22803551   1.0076325 ]
 [128.          88.28         0.22803551   1.0142157 ]
 [129.          88.32         0.26832697   1.0197155 ]
 [130.          88.32         0.26832697   1.0262928 ]
 [131.          88.36         0.2607672    1.0315623 ]
 [132.          88.32         0.3346631    1.0364406 ]
 [133.          88.32         0.3346631    1.0414499 ]
 [134.          88.28         0.30331203   1.0465878 ]
 [135.          88.28         0.30331203   1.0527334 ]
 [136.          88.28         0.30331203   1.0589414 ]
 [137.          88.28         0.30331203   1.0652088 ]
 [138.          88.28         0.26832885   1.0703909 ]
 [139.          88.28         0.26832885   1.0786959 ]
 [140.          88.28         0.26832885   1.0854801 ]
 [141.          88.28         0.26832885   1.0926598 ]
 [142.          88.28         0.26832885   1.0976084 ]
 [143.          88.28         0.26832885   1.1023924 ]
 [144.          88.159996     0.2607669    1.1076483 ]
 [145.          88.24         0.29664755   1.1125498 ]
 [146.          88.32         0.22803496   1.1187413 ]
 [147.          88.36         0.16733196   1.1248232 ]
 [148.          88.44         0.16733174   1.1316555 ]
 [149.          88.48         0.17888556   1.137369  ]
 [150.          88.52         0.22803612   1.1429752 ]
 [151.          88.56         0.26077223   1.1495522 ]
 [152.          88.56         0.40987775   1.1565228 ]
 [153.          88.68         0.43817633   1.1656166 ]
 [154.          88.68         0.38987285   1.1723197 ]
 [155.          88.72         0.36331737   1.178754  ]
 [156.          88.64001      0.21909045   1.1846273 ]
 [157.          88.880005     0.10954284   1.1917559 ]
 [158.          88.88         0.26832783   1.2001574 ]
 [159.          88.96         0.35777086   1.2067183 ]
 [160.          88.96         0.35777086   1.2129859 ]
 [161.          89.04         0.29664728   1.219196  ]
 [162.          89.12         0.22803329   1.225743  ]
 [163.          89.200005     0.20000172   1.2327639 ]
 [164.          89.200005     0.14142324   1.2414976 ]
 [165.          89.44         0.1673306    1.2467345 ]
 [166.          89.36         0.1673315    1.2523149 ]
 [167.          89.520004     0.17888378   1.2591699 ]
 [168.          89.64001      0.16733265   1.2665776 ]
 [169.          89.880005     0.41472986   1.2723368 ]
 [170.          89.96001      0.29664597   1.2778202 ]
 [171.          90.28001      0.52153593   1.2855448 ]
 [172.          90.           0.5477214    1.2923602 ]
 [173.          90.68001      0.3346632    1.2975357 ]
 [174.          90.48         0.52153593   1.3027306 ]
 [175.          90.80001      0.20000076   1.3098838 ]
 [176.          90.96001      0.6228973    1.3168445 ]
 [177.          90.8          0.28284156   1.3220006 ]
 [178.          91.08001      0.4381754    1.3274971 ]
 [179.          91.           0.78740126   1.3340782 ]
 [180.          91.240005     0.5899171    1.3392172 ]
 [181.          91.64         0.35777235   1.3453867 ]
 [182.          90.8          1.1661886    1.3517017 ]
 [183.          91.8          0.44721657   1.3576553 ]
 [184.          91.44         0.5727121    1.3642966 ]
 [185.          90.240005     1.3069049    1.3701314 ]
 [186.          91.68         0.5403727    1.3754752 ]
 [187.          91.159996     1.3221196    1.3817761 ]
 [188.          90.44         0.9838727    1.3892851 ]
 [189.          90.76         0.81731343   1.3965625 ]
 [190.          91.68         0.30331868   1.4040642 ]
 [191.          89.92         2.3731856    1.4125214 ]
 [192.          90.28         1.7922059    1.4188002 ]
 [193.          90.76         0.7402703    1.423789  ]
 [194.          89.99999      1.6492423    1.4293246 ]
 [195.          91.520004     0.36331823   1.4380897 ]
 [196.          91.32         0.64187384   1.4450868 ]
 [197.          91.08001      0.48166353   1.4511398 ]
 [198.          91.200005     0.81240255   1.4568313 ]
 [199.          90.72         0.8074661    1.4618315 ]
 [200.          90.4          1.6792834    1.4698547 ]]
The best results: 
Epoch: 183  91.80±0.45  1.358s
--------------- Train Done! ----------------
--------------- Save Done! ----------------
