Using cuda:0 device
Dataset     :Physics
Epochs      :200
LR X_s      :0.01
Learn A_s   :0
LR A_s      :0.01
Conden ratio:0.25
Ridge       :1.0
Kernel      :SGNK
k           :3
L           :1
Seed        :5
The 1th Iteration:
--------------------------------------------------
The 2th Iteration:
--------------------------------------------------
The 3th Iteration:
--------------------------------------------------
The 4th Iteration:
--------------------------------------------------
The 5th Iteration:
--------------------------------------------------
[[  1.          30.039999     7.0105624    0.29152828]
 [  2.          42.920002     9.6536       0.29828787]
 [  3.          53.          12.634081     0.3025057 ]
 [  4.          60.640003    14.30203      0.30742666]
 [  5.          66.8         12.453912     0.31184205]
 [  6.          70.64001     11.495563     0.31582522]
 [  7.          74.76         9.0877905    0.31993148]
 [  8.          77.56         7.287522     0.32404366]
 [  9.          79.88         5.5616555    0.32921717]
 [ 10.          81.68         3.966357     0.33364907]
 [ 11.          83.159996     2.8544674    0.33865753]
 [ 12.          84.24         2.2689211    0.343333  ]
 [ 13.          84.76         1.5962425    0.3472073 ]
 [ 14.          85.200005     1.191636     0.35140356]
 [ 15.          85.64         0.8988901    0.3554797 ]
 [ 16.          85.920006     0.80746335   0.36311507]
 [ 17.          86.12         0.7014272    0.36946416]
 [ 18.          86.36         0.47749516   0.3742499 ]
 [ 19.          86.56         0.40988007   0.3803854 ]
 [ 20.          86.8          0.46904066   0.38826734]
 [ 21.          86.8          0.56568694   0.39514858]
 [ 22.          87.           0.90553635   0.39893323]
 [ 23.          87.04         0.98387253   0.4029266 ]
 [ 24.          87.119995     1.1627553    0.40715203]
 [ 25.          87.200005     1.0198045    0.4143103 ]
 [ 26.          87.240005     1.0430734    0.41978356]
 [ 27.          87.240005     0.93166816   0.4243512 ]
 [ 28.          87.32         0.9654048    0.4297277 ]
 [ 29.          87.4          0.90554005   0.43534634]
 [ 30.          87.56         0.8294582    0.44066268]
 [ 31.          87.56         0.8294582    0.44686753]
 [ 32.          87.6          0.90553796   0.4510885 ]
 [ 33.          87.64001      0.8763558    0.45595106]
 [ 34.          87.71999      0.91213965   0.46076116]
 [ 35.          87.71999      0.9230379    0.46774086]
 [ 36.          87.72         0.80746454   0.47226858]
 [ 37.          87.68001      0.85556865   0.47615287]
 [ 38.          87.72         0.8786335    0.4812514 ]
 [ 39.          87.72         0.80746454   0.48648438]
 [ 40.          87.68001      0.7293838    0.49155807]
 [ 41.          87.8          0.6324574    0.49568754]
 [ 42.          87.8          0.6324574    0.49973127]
 [ 43.          87.68         0.6418732    0.5058078 ]
 [ 44.          87.68001      0.6723084    0.5101    ]
 [ 45.          87.76         0.5549779    0.514938  ]
 [ 46.          87.72         0.5403708    0.5195025 ]
 [ 47.          87.96001      0.45606712   0.5243067 ]
 [ 48.          88.           0.3999988    0.531687  ]
 [ 49.          88.04         0.32863122   0.5358653 ]
 [ 50.          88.159996     0.26076657   0.539941  ]
 [ 51.          88.08         0.36331528   0.54401505]
 [ 52.          88.159996     0.38470903   0.5497935 ]
 [ 53.          88.200005     0.3464122    0.5541219 ]
 [ 54.          88.200005     0.40000153   0.5587461 ]
 [ 55.          88.240005     0.35777333   0.56250817]
 [ 56.          88.28001      0.414728     0.5662075 ]
 [ 57.          88.32         0.46043462   0.5698676 ]
 [ 58.          88.36         0.5176863    0.5751204 ]
 [ 59.          88.44         0.51768506   0.58144975]
 [ 60.          88.520004     0.5932962    0.58804387]
 [ 61.          88.520004     0.5932962    0.5921341 ]
 [ 62.          88.520004     0.5932962    0.5970046 ]
 [ 63.          88.56         0.65422004   0.60186285]
 [ 64.          88.56         0.65422004   0.6057572 ]
 [ 65.          88.56         0.65422004   0.6128286 ]
 [ 66.          88.560005     0.6841059    0.6196379 ]
 [ 67.          88.6          0.6164411    0.6251116 ]
 [ 68.          88.68001      0.59329593   0.62908024]
 [ 69.          88.76         0.5549779    0.6330082 ]
 [ 70.          88.8          0.5477234    0.6373049 ]
 [ 71.          88.840004     0.60662854   0.64296734]
 [ 72.          88.840004     0.5366542    0.6492182 ]
 [ 73.          88.88         0.5761942    0.65325254]
 [ 74.          88.8          0.5098998    0.6585247 ]
 [ 75.          88.920006     0.46043712   0.66344017]
 [ 76.          88.880005     0.481665     0.669774  ]
 [ 77.          88.880005     0.481665     0.67604834]
 [ 78.          88.840004     0.4560719    0.6816412 ]
 [ 79.          88.88         0.38987297   0.6872026 ]
 [ 80.          88.88         0.38987297   0.691742  ]
 [ 81.          88.88         0.26832697   0.69630665]
 [ 82.          88.88         0.3898717    0.7000658 ]
 [ 83.          88.96         0.29664856   0.7037654 ]
 [ 84.          88.96         0.29664856   0.70773745]
 [ 85.          89.04         0.21908957   0.7118541 ]
 [ 86.          89.08001      0.22803433   0.71580195]
 [ 87.          89.12         0.26832697   0.7198331 ]
 [ 88.          89.24         0.26076704   0.72533464]
 [ 89.          89.24         0.26076704   0.7305387 ]
 [ 90.          89.27999      0.22803494   0.7345068 ]
 [ 91.          89.24         0.26076865   0.7386178 ]
 [ 92.          89.24         0.26076865   0.74263144]
 [ 93.          89.24         0.26076865   0.7480244 ]
 [ 94.          89.24         0.26076865   0.7535994 ]
 [ 95.          89.27999      0.22803494   0.7601805 ]
 [ 96.          89.32         0.22803606   0.76677555]
 [ 97.          89.32         0.22803606   0.77119863]
 [ 98.          89.24         0.26076704   0.77663493]
 [ 99.          89.28         0.22803377   0.7805641 ]
 [100.          89.32         0.22803411   0.7847376 ]
 [101.          89.32         0.22803411   0.7887394 ]
 [102.          89.32         0.22803411   0.79482305]
 [103.          89.479996     0.1788874    0.7988059 ]
 [104.          89.52         0.22803713   0.80629027]
 [105.          89.56         0.1673306    0.8127071 ]
 [106.          89.6          0.14142056   0.8208105 ]
 [107.          89.68         0.10954691   0.82810116]
 [108.          89.72         0.17888798   0.83286613]
 [109.          89.76         0.26076728   0.8375556 ]
 [110.          89.8          0.24494888   0.841474  ]
 [111.          89.840004     0.21908724   0.8453642 ]
 [112.          89.88         0.22803378   0.8493621 ]
 [113.          90.           0.2828438    0.855734  ]
 [114.          90.12         0.22803378   0.8621545 ]
 [115.          90.32         0.22803468   0.86821955]
 [116.          90.44         0.1673306    0.8750772 ]
 [117.          90.52         0.17888798   0.8818779 ]
 [118.          90.68001      0.17888483   0.88802797]
 [119.          90.76         0.16733378   0.8941221 ]
 [120.          90.880005     0.30331331   0.90068954]
 [121.          91.08         0.3346612    0.9062645 ]
 [122.          91.           0.5830958    0.91250116]
 [123.          91.04         0.35777146   0.9171791 ]
 [124.          91.28         0.30331126   0.9216221 ]
 [125.          91.4          0.37416613   0.92644256]
 [126.          91.600006     0.46904227   0.9313391 ]
 [127.          91.240005     0.817309     0.9352192 ]
 [128.          91.920006     0.41472998   0.9398651 ]
 [129.          91.32         0.62609744   0.9455007 ]
 [130.          91.16         1.0139055    0.94946355]
 [131.          91.44         0.7127412    0.95479244]
 [132.          90.6          1.61864      0.96178496]
 [133.          90.88         1.2296321    0.96894866]
 [134.          90.48         1.2775004    0.97621393]
 [135.          90.08         1.3311641    0.98293555]
 [136.          90.           2.0199008    0.98971176]
 [137.          90.48         1.3311659    0.9949177 ]
 [138.          90.920006     0.67230904   1.0005445 ]
 [139.          91.16         0.68410647   1.004516  ]
 [140.          91.08001      0.6572693    1.0085255 ]
 [141.          91.32         0.22803468   1.0123827 ]
 [142.          91.44         0.21909189   1.0164579 ]
 [143.          91.36001      0.2966505    1.0204201 ]
 [144.          91.32         0.1788874    1.0261185 ]
 [145.          91.16         0.65421873   1.0324758 ]
 [146.          91.520004     0.4147262    1.0368111 ]
 [147.          90.880005     1.4113858    1.0439049 ]
 [148.          91.76         0.32863364   1.050785  ]
 [149.          90.560005     0.9939809    1.0559189 ]
 [150.          90.08         2.7371538    1.0609236 ]
 [151.          90.28         3.2298596    1.0659047 ]
 [152.          91.159996     0.57271373   1.0704817 ]
 [153.          91.16         0.4979938    1.0750383 ]
 [154.          90.64001      1.5962445    1.0794861 ]
 [155.          90.200005     2.2360656    1.0844625 ]
 [156.          89.2          2.6570625    1.0911369 ]
 [157.          89.08001      2.0327346    1.0974599 ]
 [158.          86.24         5.6451755    1.103384  ]
 [159.          90.36         1.228007     1.1085829 ]
 [160.          90.6          0.63245636   1.1126293 ]
 [161.          90.48         0.72938377   1.1166811 ]
 [162.          90.48         0.6418731    1.1206216 ]
 [163.          90.8          0.6164401    1.1249866 ]
 [164.          91.04         0.45607102   1.1297381 ]
 [165.          91.159996     0.43359092   1.1339579 ]
 [166.          91.08001      0.41472802   1.1392928 ]
 [167.          91.           0.24494965   1.144001  ]
 [168.          91.04         0.16732946   1.1493782 ]
 [169.          91.           0.19999695   1.1545708 ]
 [170.          91.16         0.2607685    1.1595592 ]
 [171.          91.04         0.32863316   1.1635106 ]
 [172.          91.32         0.593294     1.1682537 ]
 [173.          89.36001      4.133761     1.1737298 ]
 [174.          88.28         6.875462     1.177593  ]
 [175.          91.200005     0.6164447    1.1815487 ]
 [176.          90.840004     1.3957078    1.1854547 ]
 [177.          91.240005     0.60663253   1.1899014 ]
 [178.          91.240005     0.7402724    1.1976069 ]
 [179.          91.28         0.6418746    1.2038314 ]
 [180.          91.48         0.41472912   1.2077388 ]
 [181.          91.32         0.48166287   1.211589  ]
 [182.          91.36         0.5549758    1.2162434 ]
 [183.          91.4          0.5656849    1.2207966 ]
 [184.          91.4          0.5656849    1.225145  ]
 [185.          91.36001      0.5176873    1.2290608 ]
 [186.          91.36001      0.51768684   1.2330415 ]
 [187.          91.4          0.5656849    1.2368945 ]
 [188.          91.32001      0.5215337    1.241415  ]
 [189.          91.36001      0.47749138   1.2469466 ]
 [190.          91.28001      0.46043268   1.2521356 ]
 [191.          91.28001      0.46043268   1.2568644 ]
 [192.          91.28         0.30331203   1.2619073 ]
 [193.          91.36001      0.16733174   1.2668549 ]
 [194.          91.36001      0.26076964   1.2717656 ]
 [195.          91.28001      0.46043307   1.27679   ]
 [196.          91.32         0.46043336   1.2808198 ]
 [197.          91.159996     0.38470903   1.284798  ]
 [198.          91.08001      0.22803329   1.2892612 ]
 [199.          91.159996     0.21908991   1.2931949 ]
 [200.          91.159996     0.2966447    1.2976726 ]]
The best results: 
Epoch: 128  91.92±0.41  0.940s
--------------- Train Done! ----------------
--------------- Save Done! ----------------
