Using cuda:0 device
Dataset     :Physics
Epochs      :200
LR X_s      :0.01
Learn A_s   :1
LR A_s      :0.01
Conden ratio:1.0
Ridge       :5.0
Kernel      :SGNK
k           :1
L           :1
Seed        :5
The 1th Iteration:
--------------------------------------------------
The 2th Iteration:
--------------------------------------------------
The 3th Iteration:
--------------------------------------------------
The 4th Iteration:
--------------------------------------------------
The 5th Iteration:
--------------------------------------------------
[[  1.          42.12        10.542866     0.2715632 ]
 [  2.          58.24         9.893835     0.27662802]
 [  3.          67.880005     6.6732297    0.2824626 ]
 [  4.          74.200005     5.1923       0.28821436]
 [  5.          78.36001      4.497555     0.29472852]
 [  6.          80.64001      3.7159128    0.3038372 ]
 [  7.          82.71999      2.9886463    0.3093185 ]
 [  8.          84.200005     2.0445056    0.31515464]
 [  9.          85.119995     1.7064608    0.32157016]
 [ 10.          85.880005     1.5205269    0.3272801 ]
 [ 11.          86.32         1.2377423    0.33482906]
 [ 12.          86.76         0.9939833    0.34099266]
 [ 13.          86.88         1.0353733    0.3481257 ]
 [ 14.          87.119995     0.9011121    0.35419494]
 [ 15.          87.36         0.9423393    0.36038446]
 [ 16.          87.439995     1.1260552    0.36735797]
 [ 17.          87.6          1.0862782    0.37496862]
 [ 18.          87.8          1.0000013    0.38222858]
 [ 19.          87.96         1.0237181    0.3918948 ]
 [ 20.          88.           1.0099483    0.4006765 ]
 [ 21.          88.12         0.8899461    0.40826592]
 [ 22.          88.16         0.8648688    0.41579404]
 [ 23.          88.200005     0.8717796    0.42374858]
 [ 24.          88.28         0.9011132    0.42972937]
 [ 25.          88.36001      0.86487156   0.4349943 ]
 [ 26.          88.4          0.9165141    0.44094267]
 [ 27.          88.4          0.9165141    0.4461928 ]
 [ 28.          88.44         0.8648696    0.4529074 ]
 [ 29.          88.44         0.8648696    0.4606757 ]
 [ 30.          88.48         0.8197522    0.4670948 ]
 [ 31.          88.48         0.84380144   0.47357422]
 [ 32.          88.64001      0.8049828    0.48188457]
 [ 33.          88.68         0.71553653   0.4871696 ]
 [ 34.          88.76         0.7536564    0.49441648]
 [ 35.          88.840004     0.7127406    0.5043118 ]
 [ 36.          88.96         0.7402683    0.5119015 ]
 [ 37.          89.04         0.7266381    0.5193546 ]
 [ 38.          89.12         0.68702596   0.52662677]
 [ 39.          89.12         0.68702596   0.53404695]
 [ 40.          89.04         0.6542175    0.54105663]
 [ 41.          89.08         0.593292     0.5483393 ]
 [ 42.          89.08         0.7014304    0.5532958 ]
 [ 43.          89.08         0.7563092    0.5598376 ]
 [ 44.          89.159996     0.74027276   0.56622595]
 [ 45.          89.12         0.68702596   0.5728763 ]
 [ 46.          89.12         0.68702596   0.5781534 ]
 [ 47.          89.159996     0.74027276   0.585643  ]
 [ 48.          89.240005     0.84142834   0.5962916 ]
 [ 49.          89.32         0.88994426   0.6051933 ]
 [ 50.          89.36         0.86487097   0.61266434]
 [ 51.          89.399994     0.84852946   0.6199893 ]
 [ 52.          89.44         0.71274084   0.62658006]
 [ 53.          89.48         0.7563058    0.6333052 ]
 [ 54.          89.48         0.7563058    0.6397456 ]
 [ 55.          89.520004     0.6870225    0.64819026]
 [ 56.          89.520004     0.70142716   0.6584395 ]
 [ 57.          89.560005     0.7402733    0.6679263 ]
 [ 58.          89.6          0.81240636   0.6743398 ]
 [ 59.          89.64001      0.85323095   0.680957  ]
 [ 60.          89.6          0.88317764   0.68670744]
 [ 61.          89.64001      0.8988894    0.69284487]
 [ 62.          89.68001      0.83186764   0.7011396 ]
 [ 63.          89.64001      0.7924675    0.7091194 ]
 [ 64.          89.64         0.6985669    0.7147925 ]
 [ 65.          89.6          0.7483277    0.72004443]
 [ 66.          89.6          0.7483277    0.7252739 ]
 [ 67.          89.560005     0.80498147   0.731093  ]
 [ 68.          89.560005     0.80498147   0.7363419 ]
 [ 69.          89.52001      0.7563043    0.7415516 ]
 [ 70.          89.48         0.72938335   0.74701416]
 [ 71.          89.44         0.7797435    0.7528863 ]
 [ 72.          89.44         0.7797435    0.75807184]
 [ 73.          89.4          0.7483318    0.763165  ]
 [ 74.          89.4          0.7483318    0.7685452 ]
 [ 75.          89.44         0.6985703    0.7742459 ]
 [ 76.          89.44         0.6985703    0.78164715]
 [ 77.          89.520004     0.7155457    0.788818  ]
 [ 78.          89.560005     0.7402712    0.79535383]
 [ 79.          89.520004     0.68702114   0.8015483 ]
 [ 80.          89.56         0.6228941    0.8083782 ]
 [ 81.          89.52001      0.70142716   0.8153809 ]
 [ 82.          89.560005     0.5899158    0.8232852 ]
 [ 83.          89.68         0.54036754   0.8307708 ]
 [ 84.          89.72         0.60991794   0.8389168 ]
 [ 85.          89.64         0.62289566   0.845747  ]
 [ 86.          89.64001      0.49800086   0.8536884 ]
 [ 87.          89.72         0.5932996    0.86247885]
 [ 88.          89.8          0.5099028    0.8686409 ]
 [ 89.          90.           0.489898     0.873798  ]
 [ 90.          90.200005     0.4242648    0.87952656]
 [ 91.          90.200005     0.37416613   0.88538516]
 [ 92.          90.28001      0.33466598   0.8918875 ]
 [ 93.          90.48         0.33466497   0.89812815]
 [ 94.          90.44         0.357772     0.90456784]
 [ 95.          90.48         0.33466497   0.9112816 ]
 [ 96.          90.479996     0.36332053   0.91789454]
 [ 97.          90.44         0.38470677   0.9233082 ]
 [ 98.          90.36001      0.38470775   0.9289581 ]
 [ 99.          90.48         0.30331543   0.9344141 ]
 [100.          90.64001      0.3577726    0.9400903 ]
 [101.          90.72001      0.33466598   0.94571275]
 [102.          90.76         0.32863504   0.95354   ]
 [103.          90.72001      0.43817762   0.9605673 ]
 [104.          90.68001      0.38987246   0.9679825 ]
 [105.          90.72         0.41472912   0.9732629 ]
 [106.          90.72         0.41472912   0.98081064]
 [107.          90.8          0.37416613   0.9882063 ]
 [108.          90.8          0.42426568   0.9943966 ]
 [109.          90.68         0.33466756   1.0008307 ]
 [110.          90.68001      0.30331516   1.0077931 ]
 [111.          90.64001      0.26076633   1.0145762 ]
 [112.          90.72         0.22803529   1.0205053 ]
 [113.          90.72         0.22803529   1.0257477 ]
 [114.          90.72001      0.17888483   1.0311279 ]
 [115.          90.8          0.28283975   1.0379795 ]
 [116.          90.8          0.28283975   1.0454994 ]
 [117.          90.71999      0.36331794   1.0509945 ]
 [118.          90.68001      0.3898715    1.058074  ]
 [119.          90.71999      0.36331794   1.0650381 ]
 [120.          90.76         0.2607685    1.0735067 ]
 [121.          90.68         0.30331606   1.0803045 ]
 [122.          90.840004     0.38470885   1.0867544 ]
 [123.          90.99999      0.509904     1.0931903 ]
 [124.          91.           0.3741692    1.0993807 ]
 [125.          91.12         0.41472876   1.1054952 ]
 [126.          91.240005     0.32863504   1.1115277 ]
 [127.          91.32         0.3033177    1.1170894 ]
 [128.          91.4          0.37416786   1.1223471 ]
 [129.          91.44         0.38470727   1.1274809 ]
 [130.          91.64         0.38470903   1.1328182 ]
 [131.          91.8          0.37416685   1.1404282 ]
 [132.          91.96         0.43359014   1.1466916 ]
 [133.          92.159996     0.32863632   1.1531504 ]
 [134.          92.12         0.22803329   1.1598781 ]
 [135.          92.36         0.2607672    1.1654315 ]
 [136.          92.200005     0.37416548   1.1709665 ]
 [137.          92.4          0.24495147   1.1767635 ]
 [138.          92.52         0.48166487   1.1827555 ]
 [139.          92.32         0.22803573   1.1885636 ]
 [140.          92.6          0.19999917   1.1982466 ]
 [141.          92.32         0.26833147   1.2046365 ]
 [142.          92.44         0.16733249   1.2108815 ]
 [143.          92.24         0.08944605   1.2161683 ]
 [144.          92.48         0.41473043   1.2217516 ]
 [145.          92.28         0.22803529   1.2269626 ]
 [146.          92.36001      0.16733174   1.2322971 ]
 [147.          92.240005     0.3577672    1.2375277 ]
 [148.          92.200005     0.50990236   1.243886  ]
 [149.          92.36001      0.3286349    1.250034  ]
 [150.          92.159996     0.26076657   1.255786  ]
 [151.          92.240005     0.6066297    1.2613518 ]
 [152.          92.32         0.22803494   1.2674059 ]
 [153.          91.920006     0.3898711    1.2742305 ]
 [154.          91.88         0.36331806   1.2809861 ]
 [155.          92.44         0.62289196   1.2876471 ]
 [156.          92.04         0.26076835   1.2946545 ]
 [157.          92.12         0.41472974   1.301063  ]
 [158.          92.240005     0.66932875   1.3069955 ]
 [159.          92.04         0.3847072    1.3122978 ]
 [160.          92.04         0.16732946   1.3175968 ]
 [161.          92.04         0.26076558   1.3246466 ]
 [162.          91.920006     0.10954284   1.3303432 ]
 [163.          91.96         0.08944136   1.335109  ]
 [164.          91.96         0.16732946   1.3400229 ]
 [165.          92.           0.1414192    1.3488439 ]
 [166.          92.159996     0.26076865   1.3576268 ]
 [167.          92.04         0.16732946   1.3642578 ]
 [168.          92.           0.1414192    1.3699961 ]
 [169.          91.880005     0.10954284   1.3756623 ]
 [170.          92.           0.1414192    1.3822054 ]
 [171.          92.04         0.08944136   1.3879145 ]
 [172.          92.           0.           1.3927784 ]
 [173.          91.920006     0.10954284   1.3975172 ]
 [174.          91.920006     0.10954284   1.4022824 ]
 [175.          91.92         0.10954284   1.407237  ]
 [176.          92.04         0.08944136   1.414366  ]
 [177.          92.08         0.17888556   1.4212265 ]
 [178.          92.04         0.08944136   1.4288424 ]
 [179.          92.04         0.08944136   1.4369739 ]
 [180.          92.           0.           1.4432666 ]
 [181.          92.           0.           1.450325  ]
 [182.          92.           0.           1.4557322 ]
 [183.          92.           0.           1.4610596 ]
 [184.          92.           0.           1.4668945 ]
 [185.          92.04         0.08944136   1.4736603 ]
 [186.          92.04         0.08944136   1.4786942 ]
 [187.          92.04         0.08944136   1.4837424 ]
 [188.          92.           0.           1.4896053 ]
 [189.          91.96         0.08944136   1.4964212 ]
 [190.          91.96         0.08944136   1.5018704 ]
 [191.          92.           0.           1.5082214 ]
 [192.          92.04         0.08944136   1.5136446 ]
 [193.          92.           0.1414192    1.5195173 ]
 [194.          92.           0.1414192    1.5264164 ]
 [195.          92.           0.1414192    1.5317326 ]
 [196.          92.           0.           1.5386674 ]
 [197.          92.           0.           1.5444937 ]
 [198.          91.96         0.08944136   1.5504605 ]
 [199.          91.96         0.08944136   1.5577582 ]
 [200.          91.96         0.08944136   1.563321  ]]
The best results: 
Epoch: 140  92.60±0.20  1.198s
--------------- Train Done! ----------------
--------------- Save Done! ----------------
