Using cuda:0 device
Dataset     :Physics
Epochs      :200
LR X_s      :0.01
Learn A_s   :0
LR A_s      :0.01
Conden ratio:0.25
Ridge       :0.5
Kernel      :SGNK
k           :4
L           :1
Seed        :5
The 1th Iteration:
--------------------------------------------------
The 2th Iteration:
--------------------------------------------------
The 3th Iteration:
--------------------------------------------------
The 4th Iteration:
--------------------------------------------------
The 5th Iteration:
--------------------------------------------------
[[  1.          35.960003     7.4234767    0.3027955 ]
 [  2.          50.92         8.853925     0.30775562]
 [  3.          61.92001      7.417011     0.31273675]
 [  4.          68.72         8.665563     0.31685233]
 [  5.          74.04         7.4342437    0.32145768]
 [  6.          77.92         5.3190217    0.32571054]
 [  7.          80.159996     4.116793     0.3303344 ]
 [  8.          82.12         2.6929557    0.33422443]
 [  9.          83.12         2.1004767    0.33846208]
 [ 10.          84.           1.5297062    0.3425139 ]
 [ 11.          84.56         1.1781331    0.34636804]
 [ 12.          84.96         1.3371606    0.35025617]
 [ 13.          85.28001      1.1713233    0.35428196]
 [ 14.          85.520004     1.188275     0.3589475 ]
 [ 15.          85.6          1.1832155    0.36416098]
 [ 16.          86.           1.1575825    0.37096244]
 [ 17.          86.240005     1.3371607    0.37794062]
 [ 18.          86.32         1.245796     0.38600656]
 [ 19.          86.48         1.1882765    0.3908609 ]
 [ 20.          86.44         1.2280065    0.39767048]
 [ 21.          86.4          1.1489105    0.40424305]
 [ 22.          86.520004     1.2049875    0.41258788]
 [ 23.          86.64001      1.1523856    0.41881558]
 [ 24.          86.72         1.1454257    0.42351848]
 [ 25.          86.71999      1.054512     0.42727438]
 [ 26.          86.76         0.95288855   0.43105683]
 [ 27.          86.8          1.0295628    0.43557644]
 [ 28.          86.84         0.8876917    0.44087824]
 [ 29.          86.96         0.9423407    0.44558546]
 [ 30.          86.96         1.003994     0.4495736 ]
 [ 31.          87.           0.8602336    0.45552197]
 [ 32.          87.04         0.8414289    0.4627796 ]
 [ 33.          87.12         0.9338094    0.4685906 ]
 [ 34.          87.08         0.92303866   0.47372413]
 [ 35.          87.12         0.91214      0.4775284 ]
 [ 36.          87.240005     0.8648696    0.48189518]
 [ 37.          87.240005     0.8648696    0.4864892 ]
 [ 38.          87.28001      0.6418713    0.4913058 ]
 [ 39.          87.32         0.6099178    0.4953362 ]
 [ 40.          87.36         0.5727154    0.49924898]
 [ 41.          87.439995     0.43359068   0.50386596]
 [ 42.          87.560005     0.5549761    0.5096914 ]
 [ 43.          87.6          0.58309346   0.5162981 ]
 [ 44.          87.6          0.56568444   0.52227473]
 [ 45.          87.64001      0.60662836   0.52866   ]
 [ 46.          87.56         0.5727118    0.5344835 ]
 [ 47.          87.6          0.6164398    0.539486  ]
 [ 48.          87.6          0.6164398    0.5467848 ]
 [ 49.          87.6          0.6324573    0.55374587]
 [ 50.          87.68         0.5761941    0.55801594]
 [ 51.          87.72         0.5932953    0.56620556]
 [ 52.          87.8          0.63245434   0.5714737 ]
 [ 53.          87.840004     0.66932696   0.57743186]
 [ 54.          88.           0.6782353    0.58248657]
 [ 55.          88.           0.61644375   0.5882827 ]
 [ 56.          88.           0.61644375   0.5969146 ]
 [ 57.          88.04         0.6693307    0.60238403]
 [ 58.          88.04         0.6693307    0.6090549 ]
 [ 59.          88.04         0.53665805   0.6136908 ]
 [ 60.          88.08         0.5403716    0.61836416]
 [ 61.          88.159996     0.47749344   0.6237487 ]
 [ 62.          88.08         0.5019988    0.6288156 ]
 [ 63.          88.08         0.5019988    0.6327325 ]
 [ 64.          88.200005     0.44721657   0.6365432 ]
 [ 65.          88.200005     0.44721657   0.64080375]
 [ 66.          88.119995     0.41472834   0.64527327]
 [ 67.          88.159996     0.35776827   0.6501883 ]
 [ 68.          88.159996     0.35776827   0.65504825]
 [ 69.          88.200005     0.37416324   0.6614265 ]
 [ 70.          88.240005     0.328632     0.66755676]
 [ 71.          88.32         0.36331722   0.67411196]
 [ 72.          88.32         0.36331722   0.67952704]
 [ 73.          88.36         0.29665062   0.68403304]
 [ 74.          88.28001      0.3898712    0.6884702 ]
 [ 75.          88.32         0.36331722   0.69610447]
 [ 76.          88.4          0.40000054   0.7033741 ]
 [ 77.          88.48         0.48166355   0.70932865]
 [ 78.          88.48         0.48166355   0.71372676]
 [ 79.          88.520004     0.54036903   0.72119665]
 [ 80.          88.48         0.5761929    0.7262578 ]
 [ 81.          88.560005     0.62289447   0.73190325]
 [ 82.          88.64001      0.60662836   0.73624027]
 [ 83.          88.64001      0.60662836   0.74134165]
 [ 84.          88.76         0.51768714   0.7496956 ]
 [ 85.          88.8          0.56568736   0.7542271 ]
 [ 86.          88.8          0.56568736   0.76007336]
 [ 87.          88.840004     0.45607188   0.765467  ]
 [ 88.          88.8          0.44721603   0.7715332 ]
 [ 89.          88.88         0.48166487   0.7769606 ]
 [ 90.          88.92         0.41472974   0.7828435 ]
 [ 91.          89.           0.40000057   0.7873768 ]
 [ 92.          89.08001      0.41472742   0.79134846]
 [ 93.          89.           0.4000001    0.7952816 ]
 [ 94.          88.96         0.43358892   0.7992382 ]
 [ 95.          89.           0.4000001    0.8045956 ]
 [ 96.          89.08         0.3898722    0.8100109 ]
 [ 97.          89.200005     0.31622756   0.8150987 ]
 [ 98.          89.32         0.22803602   0.82044756]
 [ 99.          89.32         0.30331516   0.8250891 ]
 [100.          89.6          0.2449499    0.8307258 ]
 [101.          89.44         0.26076996   0.834726  ]
 [102.          89.920006     0.36331743   0.8389112 ]
 [103.          89.6          0.31622696   0.8433139 ]
 [104.          89.92         0.41472864   0.8475973 ]
 [105.          90.08001      0.30331543   0.8531415 ]
 [106.          90.159996     0.49799562   0.85786575]
 [107.          90.28         0.22803551   0.861776  ]
 [108.          90.439995     0.55497617   0.86748713]
 [109.          89.96         0.16732946   0.87171745]
 [110.          90.48         0.5215356    0.87993014]
 [111.          90.28001      0.5019948    0.8856722 ]
 [112.          90.72         0.38987133   0.89236414]
 [113.          90.6          0.6633223    0.90009654]
 [114.          90.16         0.4979942    0.90810835]
 [115.          91.159996     0.32863247   0.91326827]
 [116.          90.08         0.715541     0.91793555]
 [117.          90.92         0.593294     0.9245634 ]
 [118.          90.44         1.0430703    0.9294958 ]
 [119.          90.16         0.4979942    0.93487257]
 [120.          91.200005     0.52915084   0.93967116]
 [121.          89.6          0.28284246   0.94600534]
 [122.          90.96         0.5176863    0.952187  ]
 [123.          89.72         1.0733125    0.9571356 ]
 [124.          91.00001      0.9273615    0.9630446 ]
 [125.          89.04         0.9208708    0.9694805 ]
 [126.          90.08001      0.923038     0.975148  ]
 [127.          89.32         1.3160554    0.9809024 ]
 [128.          90.240005     1.0990905    0.98733807]
 [129.          89.6          1.4212694    0.9928512 ]
 [130.          90.8          0.20000172   0.9967639 ]
 [131.          90.28         0.7014297    1.000781  ]
 [132.          90.           0.848529     1.0061959 ]
 [133.          90.76         0.5549769    1.0113305 ]
 [134.          90.6          0.19999854   1.0168248 ]
 [135.          91.04         0.35776827   1.0209228 ]
 [136.          89.64001      2.6283062    1.0271293 ]
 [137.          90.36         0.55498      1.0319169 ]
 [138.          89.84         1.558206     1.0370891 ]
 [139.          89.96001      1.9919829    1.043539  ]
 [140.          90.159996     1.5709863    1.0482644 ]
 [141.          90.920006     0.46043268   1.0533704 ]
 [142.          90.36         0.38470867   1.0590276 ]
 [143.          90.32         0.9444578    1.0654287 ]
 [144.          89.04         2.582247     1.0707867 ]
 [145.          90.32         0.79498893   1.0762061 ]
 [146.          89.56         1.1260625    1.0821205 ]
 [147.          90.24         0.72663397   1.0881608 ]
 [148.          90.200005     0.7071051    1.0924622 ]
 [149.          90.36         0.8876922    1.0992198 ]
 [150.          90.84         0.4335906    1.1067947 ]
 [151.          90.64         0.5727144    1.1107686 ]
 [152.          90.560005     0.47749165   1.11468   ]
 [153.          90.44         0.21908887   1.1201237 ]
 [154.          89.99999      0.7999997    1.1243447 ]
 [155.          87.           7.386471     1.128381  ]
 [156.          90.08         1.0825895    1.1325362 ]
 [157.          88.16         5.237172     1.1383995 ]
 [158.          89.64001      2.3765523    1.1437668 ]
 [159.          90.16         1.0430714    1.1499498 ]
 [160.          90.48         0.30331877   1.1560373 ]
 [161.          90.439995     0.26077086   1.1628401 ]
 [162.          90.520004     0.38987398   1.1678208 ]
 [163.          90.36         0.45607185   1.1717774 ]
 [164.          90.4          0.37416515   1.17565   ]
 [165.          90.28001      0.30331516   1.1808536 ]
 [166.          90.159996     0.2607684    1.1868429 ]
 [167.          90.36001      0.45607096   1.1925505 ]
 [168.          90.24         0.62289715   1.1989707 ]
 [169.          90.64001      0.2607691    1.2041149 ]
 [170.          90.200005     1.04881      1.2084333 ]
 [171.          90.72         0.3033133    1.212545  ]
 [172.          88.96         3.4507964    1.2172865 ]
 [173.          87.64001      6.2887187    1.2237421 ]
 [174.          90.12         1.0059832    1.2300053 ]
 [175.          89.6          1.6852294    1.2361596 ]
 [176.          90.04         0.43358964   1.2403421 ]
 [177.          90.44         0.1673306    1.245171  ]
 [178.          90.079994     0.3346612    1.2498327 ]
 [179.          90.439995     0.32863343   1.2539529 ]
 [180.          86.920006     5.027127     1.2585272 ]
 [181.          88.439995     2.8962042    1.263606  ]
 [182.          85.439995     7.148988     1.2685696 ]
 [183.          85.99999      8.669489     1.2738867 ]
 [184.          88.52         2.726171     1.28067   ]
 [185.          90.28         0.99599355   1.2855017 ]
 [186.          89.36         1.0807418    1.2905318 ]
 [187.          88.56         2.273323     1.2955182 ]
 [188.          89.200005     1.6124504    1.300708  ]
 [189.          88.52001      2.4108067    1.3054491 ]
 [190.          89.68         1.6946974    1.3101864 ]
 [191.          89.56         1.6087271    1.316047  ]
 [192.          90.08         1.2214748    1.321393  ]
 [193.          90.08001      1.221474     1.3267313 ]
 [194.          90.28001      0.8074643    1.3331319 ]
 [195.          90.4          0.7874008    1.3378762 ]
 [196.          90.6          0.58309394   1.3425273 ]
 [197.          90.52         0.5761919    1.3481183 ]
 [198.          90.52         0.6099153    1.3521556 ]
 [199.          90.32         0.6418727    1.356027  ]
 [200.          90.36         0.55498      1.359827  ]]
The best results: 
Epoch: 120  91.20±0.53  0.940s
--------------- Train Done! ----------------
--------------- Save Done! ----------------
