Using cuda:0 device
Dataset     :Physics
Epochs      :200
LR X_s      :0.01
Learn A_s   :1
LR A_s      :0.01
Conden ratio:0.5
Ridge       :0.001
Kernel      :SGNK
k           :4
L           :1
Seed        :5
The 1th Iteration:
--------------------------------------------------
The 2th Iteration:
--------------------------------------------------
The 3th Iteration:
--------------------------------------------------
The 4th Iteration:
--------------------------------------------------
The 5th Iteration:
--------------------------------------------------
[[  1.          70.           6.1967754    0.2990267 ]
 [  2.          84.240005     1.7966636    0.3056999 ]
 [  3.          86.27999      1.7469989    0.31295547]
 [  4.          87.           1.7204654    0.31966534]
 [  5.          86.96         1.6211095    0.32682118]
 [  6.          87.04         1.6876019    0.33264786]
 [  7.          87.04         1.9869584    0.33817717]
 [  8.          86.92         1.8899738    0.34469762]
 [  9.          86.72         2.027808     0.351855  ]
 [ 10.          86.8          1.9131144    0.36091486]
 [ 11.          86.68         1.9677379    0.36745453]
 [ 12.          86.6          1.9442229    0.37417856]
 [ 13.          86.76         1.8077613    0.38126126]
 [ 14.          86.840004     1.8568792    0.38692957]
 [ 15.          86.68         1.8471587    0.39284053]
 [ 16.          86.76         1.8297545    0.39995104]
 [ 17.          86.76         1.7515706    0.40848166]
 [ 18.          86.72         1.775388     0.41930753]
 [ 19.          86.68         1.8417407    0.42662597]
 [ 20.          86.840004     1.8729663    0.4335595 ]
 [ 21.          86.8          2.0639758    0.4430944 ]
 [ 22.          86.64001      2.1605587    0.45154998]
 [ 23.          86.68         2.211786     0.46001598]
 [ 24.          86.76         2.3891435    0.46569863]
 [ 25.          86.88         2.484351     0.47104904]
 [ 26.          86.96         2.5115728    0.47742873]
 [ 27.          87.119995     2.520318     0.48560748]
 [ 28.          87.200005     2.615342     0.49320656]
 [ 29.          87.200005     2.315166     0.49871275]
 [ 30.          87.36         2.1326036    0.5049488 ]
 [ 31.          87.8          1.685231     0.5123686 ]
 [ 32.          87.920006     1.5594882    0.51933515]
 [ 33.          88.04         1.4449905    0.52579004]
 [ 34.          88.159996     1.4240795    0.53308296]
 [ 35.          88.28         1.2617443    0.53905183]
 [ 36.          88.56         1.0899547    0.5442459 ]
 [ 37.          88.6          0.6633215    0.5519407 ]
 [ 38.          88.72         0.50199836   0.56071967]
 [ 39.          88.96         0.5549769    0.5711257 ]
 [ 40.          89.28         0.57619274   0.57896787]
 [ 41.          89.28001      0.41472965   0.5870417 ]
 [ 42.          89.64         0.43358627   0.59242636]
 [ 43.          89.56         0.26076633   0.59762734]
 [ 44.          89.72         0.30331483   0.6051899 ]
 [ 45.          89.84         0.26076752   0.61094916]
 [ 46.          89.8          0.2828431    0.61639655]
 [ 47.          89.68         0.30331817   0.6223827 ]
 [ 48.          89.71999      0.3033177    0.628027  ]
 [ 49.          89.920006     0.1788827    0.6348778 ]
 [ 50.          89.880005     0.30331543   0.6446237 ]
 [ 51.          89.840004     0.49799523   0.65191555]
 [ 52.          89.96         0.45607105   0.65903807]
 [ 53.          90.200005     0.20000172   0.6648747 ]
 [ 54.          90.240005     0.32863504   0.6697658 ]
 [ 55.          90.4          0.20000076   0.6747349 ]
 [ 56.          90.240005     0.26076794   0.68113846]
 [ 57.          90.08         0.87863696   0.6878872 ]
 [ 58.          90.159996     0.53665483   0.6943733 ]
 [ 59.          90.48         0.5761939    0.7017579 ]
 [ 60.          90.08         0.33466458   0.71128315]
 [ 61.          90.36         0.3847071    0.7169176 ]
 [ 62.          89.840004     0.8648684    0.72327745]
 [ 63.          90.4          0.7483338    0.7310474 ]
 [ 64.          90.48         0.54037017   0.7378828 ]
 [ 65.          90.04         0.38470766   0.7448318 ]
 [ 66.          90.52001      0.36331895   0.7551883 ]
 [ 67.          90.44         0.55497843   0.7627071 ]
 [ 68.          90.32001      0.36331636   0.7692391 ]
 [ 69.          90.56         0.5899145    0.774436  ]
 [ 70.          90.2          0.98995143   0.7813317 ]
 [ 71.          90.6          0.7071041    0.78685415]
 [ 72.          90.68         0.54036945   0.7943863 ]
 [ 73.          90.600006     0.37416565   0.8001594 ]
 [ 74.          90.71999      0.5585689    0.8077629 ]
 [ 75.          90.71999      0.576193     0.8162965 ]
 [ 76.          90.12001      0.8786344    0.82341856]
 [ 77.          90.6          0.31622735   0.829508  ]
 [ 78.          90.6          0.37416565   0.8349215 ]
 [ 79.          90.76         0.08944661   0.840465  ]
 [ 80.          90.240005     0.49799612   0.84671783]
 [ 81.          90.44         0.8173148    0.85247195]
 [ 82.          90.8          0.28283975   0.8600971 ]
 [ 83.          91.04         0.32863328   0.8661814 ]
 [ 84.          90.72001      0.3346612    0.87138367]
 [ 85.          90.2          0.63245684   0.87704104]
 [ 86.          90.6          0.5830968    0.882448  ]
 [ 87.          90.67999      0.36331877   0.8881447 ]
 [ 88.          90.200005     1.0198034    0.89614403]
 [ 89.          90.32         0.9230361    0.90150684]
 [ 90.          90.28         1.0639551    0.9069479 ]
 [ 91.          90.6          0.31622836   0.91258013]
 [ 92.          90.68         0.33466312   0.9181871 ]
 [ 93.          90.560005     0.38470948   0.92467993]
 [ 94.          91.           0.42426613   0.9316372 ]
 [ 95.          90.36         0.7924675    0.9397583 ]
 [ 96.          90.4          0.80000067   0.949065  ]
 [ 97.          90.119995     0.6418726    0.9580315 ]
 [ 98.          90.56         0.53665566   0.9667637 ]
 [ 99.          91.04         0.57271475   0.97422296]
 [100.          90.24         1.1949881    0.98259604]
 [101.          90.04         0.5899156    0.9900865 ]
 [102.          90.68         0.70142394   0.99650043]
 [103.          90.72         0.36331692   1.003292  ]
 [104.          90.48         0.6723077    1.0098898 ]
 [105.          90.64001      0.6985682    1.0151246 ]
 [106.          90.36001      0.5549768    1.020377  ]
 [107.          90.71999      0.5761936    1.0255884 ]
 [108.          90.8          0.67823267   1.0342534 ]
 [109.          90.8          0.3741687    1.0426388 ]
 [110.          90.520004     0.59329593   1.0477053 ]
 [111.          90.4          0.73484534   1.053879  ]
 [112.          90.36         0.43359014   1.0619701 ]
 [113.          90.6          0.31622836   1.0684084 ]
 [114.          91.           0.54772186   1.0744597 ]
 [115.          89.76         1.0334429    1.0794255 ]
 [116.          89.8          1.0862805    1.0844747 ]
 [117.          90.08001      1.0059826    1.089568  ]
 [118.          90.52         0.94446105   1.0957867 ]
 [119.          90.880005     0.64187413   1.1025512 ]
 [120.          90.32         0.5215375    1.1091865 ]
 [121.          89.8          1.           1.116999  ]
 [122.          90.32         0.756307     1.1254653 ]
 [123.          90.4          0.8485287    1.1304065 ]
 [124.          89.920006     0.41472834   1.1362724 ]
 [125.          90.56         0.40987745   1.1420107 ]
 [126.          91.           0.37416565   1.1467825 ]
 [127.          90.44         0.58991635   1.1542116 ]
 [128.          90.200005     0.67823267   1.1610649 ]
 [129.          90.520004     0.7155459    1.167246  ]
 [130.          90.16         0.68410367   1.174261  ]
 [131.          90.64         0.6693291    1.1796677 ]
 [132.          90.88         0.5215377    1.184987  ]
 [133.          90.64001      0.65421623   1.1910256 ]
 [134.          90.28001      0.540371     1.2001507 ]
 [135.          90.439995     0.76680845   1.208123  ]
 [136.          90.68         0.5215341    1.2166027 ]
 [137.          90.68         0.5403716    1.2228081 ]
 [138.          90.56         0.88769376   1.228093  ]
 [139.          90.6          0.31622857   1.2332948 ]
 [140.          90.32         0.3633197    1.2411776 ]
 [141.          90.28         0.9654005    1.2502102 ]
 [142.          90.76         0.38470793   1.2611006 ]
 [143.          90.64001      0.57271373   1.2703046 ]
 [144.          90.24         0.29664683   1.2758079 ]
 [145.          90.76         0.5366557    1.2812431 ]
 [146.          90.56         0.26076996   1.2870208 ]
 [147.          90.159996     0.79246557   1.292274  ]
 [148.          90.32         0.502        1.297474  ]
 [149.          90.64001      0.32863554   1.3026558 ]
 [150.          90.36001      0.53665847   1.3077427 ]
 [151.          90.32         0.33466408   1.3128623 ]
 [152.          90.71999      0.33466628   1.3193644 ]
 [153.          90.4          0.64807534   1.3275089 ]
 [154.          89.880005     1.3236327    1.3403605 ]
 [155.          89.840004     1.867621     1.3502661 ]
 [156.          90.40001      1.0295627    1.3593968 ]
 [157.          89.68         0.72938377   1.3645502 ]
 [158.          91.00001      0.34640983   1.3705543 ]
 [159.          90.72         0.6418678    1.3773102 ]
 [160.          90.48         1.1189276    1.3835    ]
 [161.          90.76         0.43358773   1.3908986 ]
 [162.          90.240005     0.622897     1.403148  ]
 [163.          90.           0.7348458    1.4139084 ]
 [164.          90.16         0.55497915   1.4227988 ]
 [165.          90.64001      0.260769     1.4314098 ]
 [166.          90.8          0.3741687    1.4398437 ]
 [167.          90.64         0.51768553   1.4451897 ]
 [168.          90.           0.7348487    1.4504312 ]
 [169.          90.520004     0.10954284   1.4564456 ]
 [170.          90.6          0.3741646    1.4615157 ]
 [171.          90.04         1.4926484    1.4668111 ]
 [172.          89.96001      1.0237182    1.473246  ]
 [173.          90.76         0.16733454   1.4835122 ]
 [174.          90.52001      0.26833186   1.4897963 ]
 [175.          90.32         0.4604365    1.4972773 ]
 [176.          90.12         0.5019959    1.503979  ]
 [177.          90.6          0.61644137   1.5097197 ]
 [178.          90.44         0.40988007   1.5164827 ]
 [179.          90.36         0.38470882   1.5240601 ]
 [180.          90.88         0.3033158    1.5301241 ]
 [181.          90.71999      0.43817762   1.5361055 ]
 [182.          90.920006     0.7014271    1.5418332 ]
 [183.          90.08001      1.1713258    1.5474098 ]
 [184.          91.12         0.22803545   1.5532053 ]
 [185.          90.840004     0.16733173   1.5587065 ]
 [186.          90.52         0.41472986   1.5656239 ]
 [187.          90.68001      0.30331647   1.5720941 ]
 [188.          90.48         0.3346646    1.5782108 ]
 [189.          90.4          0.37416512   1.5836233 ]
 [190.          90.64001      0.29665226   1.5892067 ]
 [191.          90.52         0.4147288    1.5969937 ]
 [192.          90.28         0.6418728    1.6029959 ]
 [193.          90.88         0.54036975   1.608373  ]
 [194.          90.200005     0.40000153   1.6142485 ]
 [195.          90.76         0.45606956   1.6195786 ]
 [196.          90.159996     0.9208677    1.6248626 ]
 [197.          90.64001      0.3577726    1.6312093 ]
 [198.          90.8          0.34641147   1.637254  ]
 [199.          90.36001      0.589915     1.6438698 ]
 [200.          90.64         0.26076704   1.6516846 ]]
The best results: 
Epoch: 184  91.12±0.23  1.553s
--------------- Train Done! ----------------
--------------- Save Done! ----------------
