Using cuda:0 device
Dataset     :Physics
Epochs      :200
LR X_s      :0.01
Learn A_s   :0
LR A_s      :0.01
Conden ratio:0.25
Ridge       :10.0
Kernel      :SGNK
k           :2
L           :1
Seed        :5
The 1th Iteration:
--------------------------------------------------
The 2th Iteration:
--------------------------------------------------
The 3th Iteration:
--------------------------------------------------
The 4th Iteration:
--------------------------------------------------
The 5th Iteration:
--------------------------------------------------
[[  1.          22.4          5.0378566    0.2766827 ]
 [  2.          21.08         2.3047779    0.2807462 ]
 [  3.          22.279999     4.9871836    0.28472883]
 [  4.          23.6          6.3229733    0.29094002]
 [  5.          26.560001     8.987102     0.2951053 ]
 [  6.          27.36        10.087021     0.29961237]
 [  7.          27.4          9.9579115    0.30604482]
 [  8.          27.4          9.862048     0.3114496 ]
 [  9.          27.36         9.462981     0.3166201 ]
 [ 10.          27.44         9.109775     0.3233815 ]
 [ 11.          27.800001     8.708616     0.32773104]
 [ 12.          27.960001     8.419501     0.33330163]
 [ 13.          28.36         8.052826     0.3378472 ]
 [ 14.          29.320002     7.493464     0.34241113]
 [ 15.          29.88         7.210548     0.34868938]
 [ 16.          30.720001     7.153461     0.35327417]
 [ 17.          31.520002     6.9377236    0.35704002]
 [ 18.          32.4          6.760177     0.3613847 ]
 [ 19.          33.079998     6.616041     0.36628315]
 [ 20.          33.56         6.1634417    0.3709093 ]
 [ 21.          34.44         5.921824     0.37546593]
 [ 22.          35.079998     5.4801455    0.38057956]
 [ 23.          36.079998     5.4122086    0.3855384 ]
 [ 24.          37.2          5.2249393    0.39198676]
 [ 25.          38.28         5.0469785    0.39640594]
 [ 26.          39.640003     5.277121     0.4005839 ]
 [ 27.          41.           5.163332     0.40552092]
 [ 28.          42.84         4.479733     0.41021028]
 [ 29.          44.320004     4.455558     0.41466624]
 [ 30.          45.840004     3.6038864    0.4186771 ]
 [ 31.          47.32         3.3543997    0.42268   ]
 [ 32.          49.040005     2.44295      0.42672887]
 [ 33.          50.280003     2.3134406    0.43117186]
 [ 34.          51.640003     1.8022184    0.43915614]
 [ 35.          52.919994     1.9626498    0.4453797 ]
 [ 36.          53.559998     1.5836661    0.45146322]
 [ 37.          54.320004     1.5336251    0.45634237]
 [ 38.          55.080006     1.3827517    0.46133572]
 [ 39.          55.96         1.8568785    0.46738505]
 [ 40.          56.8          1.8973678    0.47127396]
 [ 41.          57.120003     1.7005882    0.4751278 ]
 [ 42.          58.039997     1.7285836    0.4790824 ]
 [ 43.          58.8          1.6248069    0.48379898]
 [ 44.          59.68         1.7697474    0.4885684 ]
 [ 45.          60.960003     1.596246     0.49421048]
 [ 46.          61.840004     1.6816663    0.49984193]
 [ 47.          62.48         1.8793627    0.5071692 ]
 [ 48.          63.2          1.9646895    0.5152914 ]
 [ 49.          64.           2.395829     0.52022594]
 [ 50.          64.880005     2.3477666    0.52632165]
 [ 51.          65.36         2.1651793    0.5320845 ]
 [ 52.          65.71999      2.2297986    0.5370435 ]
 [ 53.          66.04         2.0218813    0.54197216]
 [ 54.          66.28001      1.9929873    0.54918075]
 [ 55.          66.840004     1.6697315    0.5551373 ]
 [ 56.          66.88         1.5270904    0.5605486 ]
 [ 57.          67.159996     1.7169734    0.5660746 ]
 [ 58.          67.6          1.7606791    0.5707878 ]
 [ 59.          68.           2.0445035    0.5759103 ]
 [ 60.          68.48         2.3941596    0.58057123]
 [ 61.          68.8          2.9799335    0.5859212 ]
 [ 62.          69.44         3.3087757    0.5908043 ]
 [ 63.          70.159996     3.4882638    0.5955093 ]
 [ 64.          70.88         3.767227     0.6017327 ]
 [ 65.          71.44         3.6834757    0.60598254]
 [ 66.          71.840004     3.8272684    0.6100084 ]
 [ 67.          72.6          3.7735925    0.6142088 ]
 [ 68.          73.56         3.8351028    0.61913514]
 [ 69.          74.6          3.911522     0.6245253 ]
 [ 70.          75.36         3.7666976    0.62940055]
 [ 71.          76.159996     3.3746126    0.6342361 ]
 [ 72.          76.920006     3.4542735    0.6398685 ]
 [ 73.          77.8          3.1112688    0.64549774]
 [ 74.          78.200005     2.87402      0.6528472 ]
 [ 75.          78.64001      2.9913232    0.6594971 ]
 [ 76.          79.28001      2.583022     0.6635825 ]
 [ 77.          79.84         2.69963      0.6687833 ]
 [ 78.          80.32         2.5163474    0.67392313]
 [ 79.          80.64001      2.3554199    0.6784841 ]
 [ 80.          81.12001      2.119433     0.6844133 ]
 [ 81.          81.68         2.256547     0.6897874 ]
 [ 82.          82.12         2.252108     0.6953412 ]
 [ 83.          82.32         2.152207     0.7006814 ]
 [ 84.          82.76         1.9718025    0.7063609 ]
 [ 85.          83.28001      1.8308442    0.7109552 ]
 [ 86.          83.6          1.7720045    0.7161588 ]
 [ 87.          83.84         1.6149317    0.7202669 ]
 [ 88.          84.08001      1.4872774    0.7253789 ]
 [ 89.          84.200005     1.4764833    0.7299468 ]
 [ 90.          84.52         1.261745     0.7339515 ]
 [ 91.          84.64         1.2116125    0.73803437]
 [ 92.          84.76         1.1260543    0.7419749 ]
 [ 93.          85.08         0.94445664   0.74652046]
 [ 94.          85.28         0.9444591    0.7508955 ]
 [ 95.          85.48         0.912143     0.75609607]
 [ 96.          85.6          0.8602329    0.7619881 ]
 [ 97.          85.6          0.8602329    0.7696766 ]
 [ 98.          85.68         0.78230584   0.7774497 ]
 [ 99.          85.76         0.72663796   0.78157014]
 [100.          85.76         0.82945776   0.7860512 ]
 [101.          85.96         0.65421706   0.78996146]
 [102.          86.           0.7348458    0.7938199 ]
 [103.          86.           0.7348458    0.79926586]
 [104.          86.119995     0.54037154   0.8046557 ]
 [105.          86.159996     0.55497897   0.80910605]
 [106.          86.36001      0.38470826   0.8151898 ]
 [107.          86.32         0.3033169    0.8204171 ]
 [108.          86.24         0.43359324   0.8260296 ]
 [109.          86.36         0.47749647   0.83033276]
 [110.          86.439995     0.4335882    0.8346187 ]
 [111.          86.52         0.5019953    0.8402115 ]
 [112.          86.56         0.53665525   0.8475898 ]
 [113.          86.76         0.4774917    0.85366267]
 [114.          86.920006     0.55857116   0.86011356]
 [115.          87.08001      0.5761946    0.8659873 ]
 [116.          87.159996     0.6387478    0.87157214]
 [117.          87.200005     0.6164411    0.8774869 ]
 [118.          87.32         0.7293838    0.88215154]
 [119.          87.40001      0.5830946    0.88679427]
 [120.          87.520004     0.68701977   0.89339715]
 [121.          87.48         0.64186954   0.90267605]
 [122.          87.48         0.64186954   0.91059667]
 [123.          87.44         0.6228954    0.9160498 ]
 [124.          87.44         0.6228954    0.9215223 ]
 [125.          87.48         0.57619405   0.92633754]
 [126.          87.48         0.57619405   0.93282455]
 [127.          87.44         0.57271266   0.9367706 ]
 [128.          87.48         0.57619405   0.94070333]
 [129.          87.48         0.5403692    0.9472956 ]
 [130.          87.52         0.48166367   0.9536629 ]
 [131.          87.56         0.5176864    0.95987874]
 [132.          87.520004     0.5761928    0.96411574]
 [133.          87.56         0.5176864    0.970561  ]
 [134.          87.56         0.6228939    0.9771202 ]
 [135.          87.56         0.6228939    0.9821202 ]
 [136.          87.56         0.6228939    0.9899232 ]
 [137.          87.520004     0.5761928    0.9964563 ]
 [138.          87.6          0.5656838    1.0038544 ]
 [139.          87.6          0.5656838    1.0098422 ]
 [140.          87.64         0.6228943    1.0205599 ]
 [141.          87.71999      0.71553785   1.0262929 ]
 [142.          87.71999      0.71553785   1.0305468 ]
 [143.          87.8          0.8124057    1.0354294 ]
 [144.          87.8          0.8124057    1.039672  ]
 [145.          87.880005     0.7694178    1.0435447 ]
 [146.          87.880005     0.80746436   1.0474538 ]
 [147.          87.880005     0.80746436   1.0537385 ]
 [148.          87.96001      0.8988886    1.0582539 ]
 [149.          88.04         0.8049853    1.0626177 ]
 [150.          88.12         0.7155436    1.0680994 ]
 [151.          88.12         0.67230654   1.075322  ]
 [152.          88.28001      0.65726733   1.0806847 ]
 [153.          88.439995     0.76681054   1.0860581 ]
 [154.          88.64001      0.7127432    1.0916512 ]
 [155.          88.68         0.64187545   1.0956722 ]
 [156.          88.8          0.61643726   1.1004084 ]
 [157.          88.76         0.68410474   1.1052105 ]
 [158.          88.92         0.50199866   1.1102016 ]
 [159.          88.92         0.5215382    1.1149045 ]
 [160.          89.16         0.47749507   1.1201836 ]
 [161.          89.12         0.5403709    1.1258334 ]
 [162.          89.240005     0.5176882    1.1307029 ]
 [163.          89.439995     0.4560709    1.1350638 ]
 [164.          89.36         0.45607093   1.1391737 ]
 [165.          89.56         0.32863238   1.1449095 ]
 [166.          89.76         0.08944661   1.1513995 ]
 [167.          89.88         0.22803329   1.157648  ]
 [168.          89.840004     0.26076752   1.1660942 ]
 [169.          90.           0.28284177   1.1720384 ]
 [170.          89.96001      0.47749606   1.1785548 ]
 [171.          90.240005     0.43358964   1.1838654 ]
 [172.          90.04         0.35777172   1.1896524 ]
 [173.          90.32         0.36331895   1.1939602 ]
 [174.          90.32         0.17888483   1.1991491 ]
 [175.          90.64001      0.51768714   1.207117  ]
 [176.          90.840004     0.3847087    1.2124051 ]
 [177.          90.84         0.40987775   1.2168308 ]
 [178.          91.           0.46904296   1.2213066 ]
 [179.          91.08         0.4147296    1.2255787 ]
 [180.          91.200005     0.5099013    1.230634  ]
 [181.          91.12         0.46043262   1.2351997 ]
 [182.          91.32         0.8786309    1.241721  ]
 [183.          91.079994     0.36332044   1.2489662 ]
 [184.          92.159996     0.2966447    1.2568595 ]
 [185.          91.48         0.7823019    1.2617778 ]
 [186.          91.32         0.57619524   1.2676305 ]
 [187.          92.4          0.42426598   1.2731886 ]
 [188.          91.32         0.59329426   1.2772219 ]
 [189.          91.76         0.384707     1.281444  ]
 [190.          91.96001      1.2116098    1.285654  ]
 [191.          91.28         1.6828554    1.2897234 ]
 [192.          91.16         0.74027085   1.2957785 ]
 [193.          91.44         1.0430726    1.3007793 ]
 [194.          91.8          0.90553737   1.3068022 ]
 [195.          90.08         0.9549875    1.3109888 ]
 [196.          91.36001      0.6693316    1.3150443 ]
 [197.          92.56         0.62289643   1.3191503 ]
 [198.          91.840004     0.9838682    1.323209  ]
 [199.          90.           1.4628727    1.3281062 ]
 [200.          91.200005     0.5656856    1.3329533 ]]
The best results: 
Epoch: 197  92.56±0.62  1.319s
--------------- Train Done! ----------------
--------------- Save Done! ----------------
