Using cuda:0 device
Dataset     :Physics
Epochs      :200
LR X_s      :0.01
Learn A_s   :0
LR A_s      :0.01
Conden ratio:1.0
Ridge       :5.0
Kernel      :SGNK
k           :5
L           :1
Seed        :5
The 1th Iteration:
--------------------------------------------------
The 2th Iteration:
--------------------------------------------------
The 3th Iteration:
--------------------------------------------------
The 4th Iteration:
--------------------------------------------------
The 5th Iteration:
--------------------------------------------------
[[  1.          44.           6.3435       0.23480473]
 [  2.          64.           8.014988     0.24667941]
 [  3.          72.28001      6.082104     0.2580309 ]
 [  4.          75.6          6.081122     0.26979408]
 [  5.          78.520004     5.092346     0.28130037]
 [  6.          80.12         5.098233     0.29320022]
 [  7.          81.32         4.6467175    0.30518356]
 [  8.          82.72         2.9953282    0.3175051 ]
 [  9.          83.71999      1.9929881    0.32972917]
 [ 10.          84.32         1.5006653    0.34182152]
 [ 11.          84.71999      1.460136     0.35415807]
 [ 12.          85.24         1.1081517    0.36679158]
 [ 13.          85.44         0.71274513   0.37950087]
 [ 14.          85.48         0.52153563   0.39337832]
 [ 15.          85.68         0.54037017   0.4055786 ]
 [ 16.          85.76         0.47749537   0.41865832]
 [ 17.          85.8          0.48989552   0.43167636]
 [ 18.          86.04         0.51768667   0.44454   ]
 [ 19.          86.04         0.38471085   0.45768005]
 [ 20.          86.08         0.41472587   0.47034627]
 [ 21.          86.159996     0.32863328   0.4840346 ]
 [ 22.          86.28001      0.48166367   0.49709415]
 [ 23.          86.28         0.501995     0.51050884]
 [ 24.          86.32         0.46043435   0.5245708 ]
 [ 25.          86.44         0.43359014   0.53766483]
 [ 26.          86.48         0.41473028   0.550432  ]
 [ 27.          86.48         0.30331606   0.56520694]
 [ 28.          86.520004     0.26832932   0.5789066 ]
 [ 29.          86.56         0.35777318   0.59150684]
 [ 30.          86.6          0.37416786   0.60636795]
 [ 31.          86.76         0.43359193   0.61985993]
 [ 32.          86.80001      0.44721532   0.6329296 ]
 [ 33.          86.80001      0.44721532   0.6465969 ]
 [ 34.          86.80001      0.44721532   0.6601434 ]
 [ 35.          86.840004     0.4560716    0.6741449 ]
 [ 36.          86.880005     0.5761936    0.6874837 ]
 [ 37.          86.840004     0.5176882    0.70149153]
 [ 38.          86.840004     0.5176882    0.71507746]
 [ 39.          86.8          0.5999985    0.72892106]
 [ 40.          86.840004     0.6228943    0.74287885]
 [ 41.          86.840004     0.6228943    0.7563426 ]
 [ 42.          86.840004     0.6228943    0.7704405 ]
 [ 43.          86.88         0.6572646    0.78396636]
 [ 44.          86.88         0.6572646    0.7979921 ]
 [ 45.          86.96001      0.7402703    0.81208813]
 [ 46.          86.96001      0.7402703    0.8261787 ]
 [ 47.          86.96001      0.7402703    0.8400864 ]
 [ 48.          87.079994     0.72938347   0.85427094]
 [ 49.          87.079994     0.72938347   0.86921215]
 [ 50.          87.04         0.69856787   0.88371795]
 [ 51.          87.079994     0.6099203    0.89814013]
 [ 52.          87.119995     0.5215369    0.91273975]
 [ 53.          87.159996     0.43358955   0.9273381 ]
 [ 54.          87.200005     0.3741687    0.9416006 ]
 [ 55.          87.200005     0.3741687    0.95635986]
 [ 56.          87.200005     0.3741687    0.9703668 ]
 [ 57.          87.200005     0.3741687    0.9852716 ]
 [ 58.          87.200005     0.3741687    0.99948275]
 [ 59.          87.240005     0.38470837   1.0139713 ]
 [ 60.          87.240005     0.40988082   1.0283798 ]
 [ 61.          87.159996     0.328637     1.0425053 ]
 [ 62.          87.159996     0.328637     1.057663  ]
 [ 63.          87.159996     0.328637     1.0717646 ]
 [ 64.          87.200005     0.3741687    1.086508  ]
 [ 65.          87.159996     0.35777172   1.1022156 ]
 [ 66.          87.159996     0.35777172   1.1168464 ]
 [ 67.          87.159996     0.35777172   1.1315699 ]
 [ 68.          87.159996     0.35777172   1.1450266 ]
 [ 69.          87.159996     0.35777172   1.1598415 ]
 [ 70.          87.159996     0.35777172   1.1738422 ]
 [ 71.          87.200005     0.3741687    1.188505  ]
 [ 72.          87.200005     0.3741687    1.2030547 ]
 [ 73.          87.200005     0.3741687    1.217646  ]
 [ 74.          87.240005     0.29664677   1.2327578 ]
 [ 75.          87.28         0.30331483   1.2472981 ]
 [ 76.          87.28         0.30331483   1.2624797 ]
 [ 77.          87.28         0.30331483   1.2768072 ]
 [ 78.          87.28001      0.30331185   1.2915395 ]
 [ 79.          87.32001      0.33466023   1.3061653 ]
 [ 80.          87.32001      0.33466023   1.3206772 ]
 [ 81.          87.36         0.35777012   1.3358408 ]
 [ 82.          87.4          0.28284088   1.350253  ]
 [ 83.          87.4          0.28284088   1.3652657 ]
 [ 84.          87.439995     0.32863125   1.38005   ]
 [ 85.          87.4          0.28284088   1.3960576 ]
 [ 86.          87.4          0.28284088   1.4109657 ]
 [ 87.          87.32         0.30331352   1.425486  ]
 [ 88.          87.32         0.30331352   1.4419035 ]
 [ 89.          87.32         0.30331352   1.4567302 ]
 [ 90.          87.32         0.30331352   1.471391  ]
 [ 91.          87.32         0.30331352   1.4862204 ]
 [ 92.          87.32         0.30331352   1.500398  ]
 [ 93.          87.32         0.30331352   1.5152705 ]
 [ 94.          87.4          0.20000076   1.5295161 ]
 [ 95.          87.4          0.24494757   1.5442113 ]
 [ 96.          87.44         0.26076633   1.5588114 ]
 [ 97.          87.44         0.26076633   1.5749444 ]
 [ 98.          87.48         0.2683262    1.5896326 ]
 [ 99.          87.56         0.35777077   1.6038821 ]
 [100.          87.68         0.3033169    1.6182326 ]
 [101.          87.68         0.3033169    1.6323022 ]
 [102.          87.68         0.3033169    1.6470898 ]
 [103.          87.68         0.3033169    1.6646633 ]
 [104.          87.72         0.22803551   1.6795958 ]
 [105.          87.72         0.3033146    1.6968068 ]
 [106.          87.76         0.26076865   1.711317  ]
 [107.          87.72         0.26832885   1.7259158 ]
 [108.          87.71999      0.2683262    1.7406679 ]
 [109.          87.68001      0.17888798   1.7555403 ]
 [110.          87.72         0.22803551   1.7702894 ]
 [111.          87.72         0.22803551   1.7849674 ]
 [112.          87.68         0.22803612   1.7999859 ]
 [113.          87.64001      0.21909021   1.8144963 ]
 [114.          87.64001      0.21909021   1.8294432 ]
 [115.          87.72         0.17888762   1.8439808 ]
 [116.          87.840004     0.26076657   1.8586735 ]
 [117.          87.880005     0.26832643   1.8729333 ]
 [118.          87.88         0.30331504   1.8870662 ]
 [119.          87.88         0.30331504   1.9015664 ]
 [120.          87.920006     0.3633215    1.915651  ]
 [121.          87.920006     0.3633215    1.9300826 ]
 [122.          87.880005     0.41472775   1.9448868 ]
 [123.          87.880005     0.41472775   1.9595889 ]
 [124.          87.880005     0.41472775   1.9740593 ]
 [125.          87.840004     0.45606887   1.9892495 ]
 [126.          87.76         0.45606938   2.0033424 ]
 [127.          87.840004     0.51768935   2.0169532 ]
 [128.          87.920006     0.50199836   2.0309243 ]
 [129.          87.920006     0.50199836   2.0455866 ]
 [130.          87.88         0.46043435   2.0595376 ]
 [131.          88.04         0.38470688   2.075269  ]
 [132.          88.200005     0.24494784   2.0896802 ]
 [133.          88.16         0.21908899   2.1040845 ]
 [134.          88.32         0.17888549   2.1197455 ]
 [135.          88.32         0.17888483   2.1339848 ]
 [136.          88.32         0.17888483   2.1492252 ]
 [137.          88.36         0.16733265   2.1636415 ]
 [138.          88.36         0.16733265   2.1791103 ]
 [139.          88.560005     0.26077056   2.1937351 ]
 [140.          88.44         0.26076996   2.2084033 ]
 [141.          88.71999      0.5403715    2.222124  ]
 [142.          88.96         0.21908742   2.2370296 ]
 [143.          89.           0.3162292    2.2520375 ]
 [144.          89.08         0.4147271    2.266831  ]
 [145.          89.28         0.72938275   2.2815723 ]
 [146.          89.48         0.6418702    2.2960086 ]
 [147.          89.44         0.38470727   2.3104613 ]
 [148.          89.28001      0.46043444   2.326698  ]
 [149.          89.8          0.34641185   2.3416317 ]
 [150.          89.48         0.8671765    2.3564737 ]
 [151.          89.32         0.7155427    2.371372  ]
 [152.          89.52         0.70142305   2.3861806 ]
 [153.          89.84         0.38470867   2.4007635 ]
 [154.          89.56         0.4979972    2.4138935 ]
 [155.          89.520004     0.95498616   2.4289742 ]
 [156.          89.68         0.71553975   2.4421191 ]
 [157.          89.64001      0.9423371    2.4578924 ]
 [158.          89.840004     0.53665763   2.4722576 ]
 [159.          90.           0.40000153   2.48634   ]
 [160.          89.4          0.8485282    2.5005293 ]
 [161.          90.240005     0.47749287   2.5148802 ]
 [162.          89.200005     1.4422204    2.5291677 ]
 [163.          89.520004     1.6037456    2.5433712 ]
 [164.          89.119995     2.3047783    2.5580556 ]
 [165.          89.159996     1.8022207    2.5725038 ]
 [166.          89.72         0.5403682    2.5871034 ]
 [167.          90.240005     0.7797442    2.6017106 ]
 [168.          90.08         0.33466005   2.6162062 ]
 [169.          90.04         0.38470826   2.6313279 ]
 [170.          90.08001      0.43817872   2.6461163 ]
 [171.          89.96001      0.5176854    2.6611006 ]
 [172.          90.08         0.36331496   2.6757572 ]
 [173.          90.32         0.3033182    2.6905162 ]
 [174.          90.           0.28284112   2.7057045 ]
 [175.          90.4          0.2828456    2.7201912 ]
 [176.          88.72         3.7592566    2.7350323 ]
 [177.          89.44         1.8460779    2.7494452 ]
 [178.          89.920006     0.64187247   2.7639656 ]
 [179.          89.76         0.72663516   2.7789438 ]
 [180.          87.96001      2.947542     2.7949152 ]
 [181.          88.48         4.2322598    2.811184  ]
 [182.          88.32         3.2820706    2.825437  ]
 [183.          88.4          3.0066614    2.840559  ]
 [184.          88.840004     2.2378564    2.8553698 ]
 [185.          89.28001      1.1366645    2.8701417 ]
 [186.          89.6          1.0099524    2.8857095 ]
 [187.          89.56         0.357772     2.8998573 ]
 [188.          89.56         0.6542176    2.9148266 ]
 [189.          89.520004     0.5761938    2.9293993 ]
 [190.          89.64001      0.35777003   2.943949  ]
 [191.          89.72001      0.5215386    2.9578092 ]
 [192.          89.44         0.5549766    2.9709938 ]
 [193.          89.48         0.46043277   2.9853203 ]
 [194.          89.48         0.46043277   2.9996026 ]
 [195.          89.76         0.684105     3.0144575 ]
 [196.          89.68         0.64186984   3.029007  ]
 [197.          89.68         0.460435     3.0429096 ]
 [198.          89.520004     0.41472986   3.0577638 ]
 [199.          89.6          0.42426345   3.072086  ]
 [200.          89.68         0.36331895   3.0868375 ]]
The best results: 
Epoch: 175  90.40±0.28  2.720s
--------------- Train Done! ----------------
