Using cuda:0 device
Dataset     :Physics
Epochs      :200
LR X_s      :0.01
Learn A_s   :0
LR A_s      :0.01
Conden ratio:0.5
Ridge       :5.0
Kernel      :SGNK
k           :5
L           :1
Seed        :5
The 1th Iteration:
--------------------------------------------------
The 2th Iteration:
--------------------------------------------------
The 3th Iteration:
--------------------------------------------------
The 4th Iteration:
--------------------------------------------------
The 5th Iteration:
--------------------------------------------------
[[  1.          28.84         9.753358     0.2269949 ]
 [  2.          34.2         14.523774     0.23815404]
 [  3.          40.48        23.739674     0.24939947]
 [  4.          44.48        27.486942     0.26033577]
 [  5.          47.44        28.188438     0.27177444]
 [  6.          50.36        28.225306     0.28315482]
 [  7.          53.52        27.469473     0.29458728]
 [  8.          56.          26.528477     0.30636904]
 [  9.          59.040005    24.532185     0.31801078]
 [ 10.          62.48        21.375032     0.329659  ]
 [ 11.          66.04        18.134718     0.34087402]
 [ 12.          68.48        15.775043     0.35216466]
 [ 13.          71.32        13.5134       0.3638931 ]
 [ 14.          74.12001     11.564255     0.37561995]
 [ 15.          76.200005    10.40096      0.3872517 ]
 [ 16.          77.96         8.117143     0.401935  ]
 [ 17.          79.44         6.5412564    0.4135928 ]
 [ 18.          80.76         5.294149     0.4255774 ]
 [ 19.          82.36         3.932939     0.43713388]
 [ 20.          83.28         3.1830835    0.4484465 ]
 [ 21.          83.8          2.3280876    0.4604829 ]
 [ 22.          84.12         2.3177557    0.4716184 ]
 [ 23.          84.28         2.2829838    0.48458537]
 [ 24.          84.72         2.247666     0.4961942 ]
 [ 25.          85.04         1.9152007    0.507571  ]
 [ 26.          85.520004     1.3608797    0.5200742 ]
 [ 27.          85.840004     1.0430725    0.5327334 ]
 [ 28.          86.04         1.033443     0.5451853 ]
 [ 29.          86.08         1.0733103    0.5579571 ]
 [ 30.          86.119995     0.92303777   0.57074386]
 [ 31.          86.28001      0.6723073    0.5829533 ]
 [ 32.          86.28001      0.5761938    0.5951583 ]
 [ 33.          86.32         0.4604355    0.60745305]
 [ 34.          86.32001      0.33466136   0.6196496 ]
 [ 35.          86.36001      0.38470447   0.6319387 ]
 [ 36.          86.4          0.28284425   0.6448888 ]
 [ 37.          86.32001      0.36331877   0.6575547 ]
 [ 38.          86.36         0.219088     0.67080957]
 [ 39.          86.4          0.28284425   0.68373644]
 [ 40.          86.560005     0.26077023   0.6970459 ]
 [ 41.          86.64         0.29664955   0.71048254]
 [ 42.          86.76         0.21909033   0.72344166]
 [ 43.          86.840004     0.16733174   0.73669803]
 [ 44.          87.08001      0.22803433   0.7500381 ]
 [ 45.          87.159996     0.16733174   0.7636648 ]
 [ 46.          87.159996     0.16733174   0.7768983 ]
 [ 47.          87.200005     0.14142413   0.7902354 ]
 [ 48.          87.200005     0.14142413   0.8038563 ]
 [ 49.          87.24         0.08944661   0.81759167]
 [ 50.          87.240005     0.2607691    0.8312063 ]
 [ 51.          87.240005     0.2607691    0.84503746]
 [ 52.          87.159996     0.21909079   0.8585585 ]
 [ 53.          87.12         0.17888847   0.8722607 ]
 [ 54.          87.12         0.17888847   0.88641834]
 [ 55.          87.159996     0.16733424   0.9001523 ]
 [ 56.          87.12001      0.22803557   0.9138984 ]
 [ 57.          87.119995     0.17888483   0.92756385]
 [ 58.          87.159996     0.16733173   0.9411684 ]
 [ 59.          87.200005     0.14142324   0.9551412 ]
 [ 60.          87.24         0.16733341   0.96892303]
 [ 61.          87.200005     0.24494836   0.98264676]
 [ 62.          87.200005     0.24494836   0.99667996]
 [ 63.          87.159996     0.2607679    1.0101429 ]
 [ 64.          87.159996     0.2607679    1.0241727 ]
 [ 65.          87.12001      0.22803557   1.0388842 ]
 [ 66.          87.08001      0.22803329   1.0527824 ]
 [ 67.          87.12001      0.30331463   1.0663795 ]
 [ 68.          87.12001      0.30331463   1.079868  ]
 [ 69.          87.08001      0.22803329   1.0939063 ]
 [ 70.          87.12001      0.22803557   1.1074638 ]
 [ 71.          87.159996     0.16733424   1.1214188 ]
 [ 72.          87.200005     0.14142324   1.1352094 ]
 [ 73.          87.200005     0.14142324   1.1503199 ]
 [ 74.          87.200005     0.14142324   1.1645209 ]
 [ 75.          87.28         0.10954748   1.1781785 ]
 [ 76.          87.28         0.10954748   1.1923332 ]
 [ 77.          87.32         0.10954633   1.206385  ]
 [ 78.          87.36         0.1673315    1.2204086 ]
 [ 79.          87.36         0.1673315    1.2338626 ]
 [ 80.          87.439995     0.26077086   1.2472308 ]
 [ 81.          87.48         0.22803897   1.2619056 ]
 [ 82.          87.44         0.21909109   1.2755418 ]
 [ 83.          87.44         0.21909109   1.288509  ]
 [ 84.          87.44         0.21909109   1.3017803 ]
 [ 85.          87.44         0.21909109   1.3156512 ]
 [ 86.          87.4          0.28284737   1.3291985 ]
 [ 87.          87.44         0.2966518    1.3430077 ]
 [ 88.          87.44         0.2966518    1.3567555 ]
 [ 89.          87.44         0.2966518    1.3702906 ]
 [ 90.          87.44         0.2966518    1.3842356 ]
 [ 91.          87.44         0.2966518    1.3979691 ]
 [ 92.          87.44         0.2966518    1.4115142 ]
 [ 93.          87.520004     0.36332187   1.4249127 ]
 [ 94.          87.560005     0.38471013   1.4386197 ]
 [ 95.          87.600006     0.31622916   1.4527209 ]
 [ 96.          87.64001      0.26076987   1.4658587 ]
 [ 97.          87.71999      0.22803628   1.4792778 ]
 [ 98.          87.71999      0.22803628   1.4928055 ]
 [ 99.          87.8          0.14142413   1.5061419 ]
 [100.          87.880005     0.22803329   1.5199449 ]
 [101.          87.920006     0.3033158    1.533528  ]
 [102.          87.880005     0.22803329   1.5470406 ]
 [103.          87.84         0.2607669    1.5607965 ]
 [104.          87.8          0.31622654   1.5756378 ]
 [105.          87.8          0.31622654   1.5891987 ]
 [106.          87.72         0.3346627    1.6019452 ]
 [107.          87.8          0.37416583   1.6146678 ]
 [108.          87.8          0.37416583   1.6276807 ]
 [109.          87.76         0.43359157   1.6407219 ]
 [110.          87.76         0.43359157   1.6548992 ]
 [111.          87.84         0.5176873    1.6679112 ]
 [112.          87.88         0.50199616   1.6813824 ]
 [113.          87.88         0.50199616   1.6938599 ]
 [114.          87.920006     0.5761962    1.7070105 ]
 [115.          87.920006     0.5761962    1.7205929 ]
 [116.          88.           0.5656876    1.7334118 ]
 [117.          88.08001      0.5019965    1.7460873 ]
 [118.          88.08001      0.5019965    1.7591933 ]
 [119.          88.12         0.50199616   1.7741604 ]
 [120.          88.12         0.50199616   1.7864891 ]
 [121.          88.12         0.46043336   1.8002061 ]
 [122.          88.08         0.30331543   1.8134291 ]
 [123.          88.08         0.30331543   1.8268385 ]
 [124.          88.119995     0.3346646    1.840588  ]
 [125.          88.079994     0.3033158    1.8538809 ]
 [126.          88.159996     0.35777086   1.8672396 ]
 [127.          88.12         0.3633146    1.8810679 ]
 [128.          88.200005     0.3741687    1.894739  ]
 [129.          88.200005     0.3741687    1.9082127 ]
 [130.          88.16         0.38470736   1.9217585 ]
 [131.          88.200005     0.4242633    1.9351364 ]
 [132.          88.16         0.38470736   1.9490775 ]
 [133.          88.200005     0.31622776   1.962427  ]
 [134.          88.159996     0.2607689    1.9759511 ]
 [135.          88.12         0.30331525   1.9898952 ]
 [136.          88.12         0.30331525   2.0035121 ]
 [137.          88.240005     0.26076764   2.0169964 ]
 [138.          88.240005     0.16733417   2.0297368 ]
 [139.          88.36         0.21909021   2.0426483 ]
 [140.          88.56         0.21909109   2.055619  ]
 [141.          88.520004     0.22803329   2.0687394 ]
 [142.          88.520004     0.22803897   2.083034  ]
 [143.          88.48         0.22803713   2.0957668 ]
 [144.          88.52         0.1788874    2.1086128 ]
 [145.          88.68         0.46043813   2.1220372 ]
 [146.          88.560005     0.16733265   2.1354167 ]
 [147.          88.880005     0.4147315    2.1488981 ]
 [148.          88.56         0.2966475    2.1623964 ]
 [149.          89.119995     0.22803329   2.1757755 ]
 [150.          88.8          0.46904147   2.1891963 ]
 [151.          89.27999      0.41472912   2.2016406 ]
 [152.          89.16         0.93166167   2.2157023 ]
 [153.          89.8          0.40000153   2.228209  ]
 [154.          89.159996     0.7797442    2.2407312 ]
 [155.          89.32         0.76941663   2.2531602 ]
 [156.          90.           0.37416378   2.2653883 ]
 [157.          89.439995     0.7536588    2.2777832 ]
 [158.          89.84         0.69857      2.2900314 ]
 [159.          89.72         0.4604331    2.3018584 ]
 [160.          89.68         0.93380743   2.3140085 ]
 [161.          89.68001      0.5019976    2.3262603 ]
 [162.          90.200005     0.6782328    2.3390334 ]
 [163.          89.64001      0.38470915   2.3517165 ]
 [164.          90.159996     0.74027234   2.3640893 ]
 [165.          89.84         1.0334423    2.3761501 ]
 [166.          90.           0.9055399    2.3886204 ]
 [167.          89.159996     1.7966646    2.4011347 ]
 [168.          88.68         1.5139327    2.4147866 ]
 [169.          89.36001      1.3813038    2.4268937 ]
 [170.          88.48         1.7239505    2.4392865 ]
 [171.          89.8          0.6782339    2.4520016 ]
 [172.          89.64001      0.49799657   2.4649265 ]
 [173.          89.71999      0.30331454   2.4781919 ]
 [174.          89.96         1.0899546    2.491393  ]
 [175.          89.920006     0.36331955   2.503803  ]
 [176.          89.68         0.46043634   2.5156264 ]
 [177.          90.           0.6164422    2.5279348 ]
 [178.          90.04         0.60663074   2.5413988 ]
 [179.          89.8          0.4472153    2.553614  ]
 [180.          90.04         0.38470477   2.566625  ]
 [181.          90.32         0.3633178    2.5799356 ]
 [182.          90.24         0.26076803   2.5919816 ]
 [183.          90.159996     0.43359098   2.604058  ]
 [184.          86.520004     5.023144     2.617211  ]
 [185.          88.48         4.304878     2.630015  ]
 [186.          88.12         3.9130547    2.6430016 ]
 [187.          88.12         1.9677434    2.656098  ]
 [188.          88.68         2.175313     2.670401  ]
 [189.          88.8          1.876165     2.683392  ]
 [190.          89.76         0.8988906    2.6968644 ]
 [191.          89.8          0.92736363   2.7102387 ]
 [192.          89.68         0.8437986    2.723967  ]
 [193.          89.240005     1.3296626    2.7373989 ]
 [194.          89.12001      1.3608797    2.7509606 ]
 [195.          88.920006     0.9011094    2.764533  ]
 [196.          86.68         5.523764     2.7780511 ]
 [197.          87.92         2.8656588    2.792966  ]
 [198.          88.920006     0.9444591    2.8065917 ]
 [199.          89.44         0.5549766    2.8202074 ]
 [200.          89.48         0.6723093    2.8359306 ]]
The best results: 
Epoch: 181  90.32±0.36  2.580s
--------------- Train Done! ----------------
