Using cuda:0 device
Dataset     :Pubmed
Epochs      :200
LR X_s      :0.01
Learn A_s   :0
LR A_s      :0.01
Conden ratio:1.0
Ridge       :0.1
Kernel      :SGNK
k           :5
L           :1
Seed        :5
The 1th Iteration:
--------------------------------------------------
The 2th Iteration:
--------------------------------------------------
The 3th Iteration:
--------------------------------------------------
The 4th Iteration:
--------------------------------------------------
The 5th Iteration:
--------------------------------------------------
[[  1.          51.600002     9.836922     0.26216045]
 [  2.          63.72         5.7720876    0.26721606]
 [  3.          67.22         4.3251576    0.27384916]
 [  4.          68.42         3.4952817    0.2784941 ]
 [  5.          68.76         3.022084     0.28318673]
 [  6.          69.1          2.6542423    0.28793103]
 [  7.          69.32         2.1672554    0.29238516]
 [  8.          69.48         1.6376814    0.29704714]
 [  9.          69.48         1.3700378    0.3015913 ]
 [ 10.          69.6          1.1291562    0.30656338]
 [ 11.          69.740005     1.0358591    0.31263992]
 [ 12.          69.98         0.8671767    0.3181378 ]
 [ 13.          69.9          0.6204847    0.3229954 ]
 [ 14.          70.04         0.82036495   0.32759815]
 [ 15.          70.1          0.6782334    0.3317774 ]
 [ 16.          70.06         0.66557926   0.33666283]
 [ 17.          69.979996     0.64187104   0.34115925]
 [ 18.          69.78001      0.62209207   0.3464852 ]
 [ 19.          69.6          0.68920285   0.35066053]
 [ 20.          69.4          0.87464046   0.3552694 ]
 [ 21.          69.24         0.9343432    0.3593648 ]
 [ 22.          69.12         0.9257446    0.36381346]
 [ 23.          68.96         0.8988857    0.36820942]
 [ 24.          68.840004     0.82945603   0.37260318]
 [ 25.          68.68         0.5761924    0.37762514]
 [ 26.          68.54         0.52249277   0.3822498 ]
 [ 27.          68.36         0.36468935   0.38738212]
 [ 28.          68.4          0.141421     0.39163384]
 [ 29.          68.340004     0.08944441   0.39622602]
 [ 30.          68.4          0.15811308   0.40353963]
 [ 31.          68.42         0.19235332   0.40906626]
 [ 32.          68.46         0.19493546   0.41638324]
 [ 33.          68.439995     0.23021692   0.42045996]
 [ 34.          68.56         0.35071534   0.4263812 ]
 [ 35.          68.6          0.44721276   0.43225837]
 [ 36.          68.62         0.47644663   0.4364929 ]
 [ 37.          68.64001      0.48270282   0.44121748]
 [ 38.          68.64001      0.4615176    0.44569007]
 [ 39.          68.64         0.3361513    0.45062444]
 [ 40.          68.659996     0.40373236   0.4547371 ]
 [ 41.          68.6          0.32403955   0.45878783]
 [ 42.          68.700005     0.21213269   0.46266294]
 [ 43.          68.68001      0.34205487   0.46648866]
 [ 44.          68.76         0.32093498   0.47042894]
 [ 45.          68.8          0.33911854   0.47568747]
 [ 46.          68.86         0.38470775   0.48015133]
 [ 47.          68.840004     0.43358907   0.48453307]
 [ 48.          68.8          0.43011826   0.4891245 ]
 [ 49.          68.82         0.43243495   0.49507666]
 [ 50.          68.76         0.52725786   0.5010242 ]
 [ 51.          68.76         0.5319774    0.506529  ]
 [ 52.          68.76         0.50299186   0.5131275 ]
 [ 53.          68.8          0.58736825   0.5173984 ]
 [ 54.          68.74         0.7231867    0.52173656]
 [ 55.          68.68         0.6870223    0.52653897]
 [ 56.          68.740005     0.7635459    0.5312688 ]
 [ 57.          68.76         0.7197223    0.53695464]
 [ 58.          68.78001      0.72594786   0.5437338 ]
 [ 59.          68.78001      0.7563061    0.5498408 ]
 [ 60.          68.86         0.7765307    0.5566664 ]
 [ 61.          68.840004     0.77330446   0.56131685]
 [ 62.          68.9          0.78739977   0.5666253 ]
 [ 63.          68.94         0.79246444   0.57160497]
 [ 64.          68.92         0.8700553    0.5758711 ]
 [ 65.          68.9          0.9027711    0.5801711 ]
 [ 66.          68.98         0.90387875   0.5847221 ]
 [ 67.          68.96001      0.90443105   0.58952826]
 [ 68.          69.04         0.8876928    0.59629774]
 [ 69.          69.04         0.90443176   0.6009409 ]
 [ 70.          69.159996     0.9208691    0.60617346]
 [ 71.          69.240005     0.85615593   0.6107825 ]
 [ 72.          69.32001      0.8105547    0.6150895 ]
 [ 73.          69.38         0.87578386   0.61943984]
 [ 74.          69.74         0.5941383    0.6237933 ]
 [ 75.          69.71999      0.60166264   0.6291146 ]
 [ 76.          69.86         0.54129237   0.6336578 ]
 [ 77.          70.1          0.5147849    0.6391075 ]
 [ 78.          70.12         0.3033177    0.6456236 ]
 [ 79.          70.44         0.3361539    0.6504534 ]
 [ 80.          70.700005     0.14142324   0.6546916 ]
 [ 81.          70.8          0.30821756   0.6597544 ]
 [ 82.          71.22001      0.43243676   0.66460544]
 [ 83.          71.600006     0.33912042   0.6691024 ]
 [ 84.          71.68         0.38340664   0.6738887 ]
 [ 85.          72.08001      0.38986993   0.6809985 ]
 [ 86.          72.560005     0.5079355    0.686413  ]
 [ 87.          72.740005     0.59413755   0.6909341 ]
 [ 88.          72.700005     0.5656847    0.6962374 ]
 [ 89.          73.3          0.3807897    0.7016735 ]
 [ 90.          74.159996     0.28809413   0.70704335]
 [ 91.          73.420006     0.6379663    0.7123124 ]
 [ 92.          74.740005     1.0526147    0.7180013 ]
 [ 93.          74.56         0.6024949    0.72275466]
 [ 94.          74.5          1.1135542    0.7276813 ]
 [ 95.          75.32         0.9203255    0.73264647]
 [ 96.          75.           1.6462088    0.73771256]
 [ 97.          75.78         1.3026918    0.74171406]
 [ 98.          74.9          1.5329683    0.74682754]
 [ 99.          75.08001      1.2049901    0.7528855 ]
 [100.          77.24         1.0691116    0.75911325]
 [101.          75.           0.46904173   0.76592296]
 [102.          76.56         0.8988879    0.7711114 ]
 [103.          76.06         1.1760077    0.775645  ]
 [104.          76.04         1.3903248    0.7819842 ]
 [105.          77.020004     1.8512179    0.7862537 ]
 [106.          75.76         1.7213364    0.7909031 ]
 [107.          75.28         2.5083897    0.79517233]
 [108.          74.28         2.0583956    0.802528  ]
 [109.          76.240005     1.567801     0.8079249 ]
 [110.          76.           3.0166168    0.8132634 ]
 [111.          75.68         2.1947672    0.8183039 ]
 [112.          76.48         1.4025003    0.8236111 ]
 [113.          77.159996     1.4639       0.828695  ]
 [114.          75.920006     1.7253975    0.83348256]
 [115.          77.18         2.1052291    0.8383881 ]
 [116.          73.9          2.1828866    0.8425684 ]
 [117.          72.74         6.3045993    0.8482019 ]
 [118.          76.94         1.8474332    0.8547169 ]
 [119.          76.54         2.0107205    0.85993767]
 [120.          76.32         2.4014566    0.8642433 ]
 [121.          75.520004     2.2631862    0.8684986 ]
 [122.          76.28         2.471233     0.8737632 ]
 [123.          77.1          1.858764     0.8789034 ]
 [124.          77.240005     1.2361209    0.8833942 ]
 [125.          76.8          2.552447     0.8878725 ]
 [126.          77.3          2.315166     0.8927073 ]
 [127.          77.78001      0.64961684   0.8970734 ]
 [128.          77.8          0.7483323    0.90132445]
 [129.          77.880005     1.0894941    0.9057032 ]
 [130.          77.08         2.4983988    0.9103138 ]
 [131.          76.96         1.619569     0.9158315 ]
 [132.          77.52         1.1777086    0.9205021 ]
 [133.          77.86         1.0454668    0.9258625 ]
 [134.          75.72         2.2420986    0.9316258 ]
 [135.          77.8          2.4320774    0.9380745 ]
 [136.          78.200005     1.1937355    0.9441865 ]
 [137.          77.4          1.2083057    0.9482735 ]
 [138.          78.22         0.71902275   0.9524002 ]
 [139.          77.88         0.99347997   0.95649624]
 [140.          77.340004     0.68775004   0.96094656]
 [141.          77.020004     2.3700209    0.96515065]
 [142.          77.1          1.9078763    0.96950626]
 [143.          76.52         3.4127676    0.97487843]
 [144.          76.44         2.8936133    0.9814911 ]
 [145.          77.1          2.331311     0.9902956 ]
 [146.          78.159996     1.5820862    0.99540377]
 [147.          77.5          1.2569814    0.9997034 ]
 [148.          78.76         1.2421752    1.0047435 ]
 [149.          78.08001      1.0425918    1.0094304 ]
 [150.          75.58001      2.9166737    1.0150207 ]
 [151.          76.4          2.8530717    1.0198702 ]
 [152.          77.079994     2.1614807    1.0240898 ]
 [153.          78.22         1.1388572    1.0287535 ]
 [154.          77.58         1.3217403    1.0333017 ]
 [155.          77.22001      1.616171     1.0399245 ]
 [156.          77.200005     1.7058711    1.0455846 ]
 [157.          77.88         0.9497384    1.0509708 ]
 [158.          77.340004     2.858847     1.0571941 ]
 [159.          78.68001      0.6906519    1.0629209 ]
 [160.          77.71999      2.5645645    1.0671513 ]
 [161.          76.880005     2.7334976    1.071211  ]
 [162.          77.420006     0.8348668    1.075833  ]
 [163.          77.439995     2.8970654    1.0811827 ]
 [164.          78.9          0.8660278    1.0856256 ]
 [165.          77.78         0.43817773   1.0902662 ]
 [166.          77.9          1.374772     1.0948666 ]
 [167.          77.48         1.4324826    1.1000111 ]
 [168.          76.98         2.9609094    1.1066756 ]
 [169.          77.62         1.4394456    1.1117783 ]
 [170.          78.08         0.7790981    1.116937  ]
 [171.          76.9          1.3874432    1.1209875 ]
 [172.          78.54         0.6985685    1.1259388 ]
 [173.          78.38         1.0401921    1.1309865 ]
 [174.          78.36         0.5941392    1.1372269 ]
 [175.          77.92         2.616676     1.1417576 ]
 [176.          78.           1.6477247    1.146191  ]
 [177.          78.           1.790253     1.150691  ]
 [178.          78.659996     0.78930527   1.1567475 ]
 [179.          77.3          2.1330729    1.1616133 ]
 [180.          77.42         2.0559666    1.1661074 ]
 [181.          75.54         2.342649     1.1706669 ]
 [182.          78.579994     2.1902056    1.1749767 ]
 [183.          79.02001      1.4822288    1.1793238 ]
 [184.          77.28         3.5421746    1.1840343 ]
 [185.          78.159996     1.4673123    1.1892958 ]
 [186.          78.82         1.4024978    1.1940012 ]
 [187.          78.52         0.6723106    1.1988252 ]
 [188.          77.32         2.6451864    1.2036184 ]
 [189.          78.56         1.4707129    1.2084277 ]
 [190.          79.18001      0.77910185   1.2132924 ]
 [191.          78.14001      0.5594641    1.2175173 ]
 [192.          77.64001      2.579342     1.2230734 ]
 [193.          78.159996     1.2177849    1.2281615 ]
 [194.          78.16         1.8270174    1.2328402 ]
 [195.          78.46         1.4415234    1.2371563 ]
 [196.          78.82         1.3179535    1.241407  ]
 [197.          78.28         0.43243396   1.2456015 ]
 [198.          78.240005     0.55045515   1.2503064 ]
 [199.          78.98         0.38987246   1.2543664 ]
 [200.          76.78001      1.5514495    1.259215  ]]
The best results: 
Epoch: 190  79.18±0.78  1.213s
--------------- Train Done! ----------------
