Using cuda:0 device
Dataset     :Pubmed
Epochs      :200
LR X_s      :0.01
Learn A_s   :0
LR A_s      :0.01
Conden ratio:1.0
Ridge       :1.0
Kernel      :SGNK
k           :3
L           :1
Seed        :5
The 1th Iteration:
--------------------------------------------------
The 2th Iteration:
--------------------------------------------------
The 3th Iteration:
--------------------------------------------------
The 4th Iteration:
--------------------------------------------------
The 5th Iteration:
--------------------------------------------------
[[  1.          46.96         9.916804     0.40131593]
 [  2.          58.8          7.3861346    0.4069864 ]
 [  3.          64.58         6.659354     0.4125854 ]
 [  4.          67.1          5.497729     0.42115054]
 [  5.          68.28         4.3135853    0.43284106]
 [  6.          68.77999      3.568897     0.4420325 ]
 [  7.          69.21999      3.4244716    0.4529588 ]
 [  8.          69.54         3.0021646    0.4628105 ]
 [  9.          69.5          2.5739074    0.46961966]
 [ 10.          69.68         2.162637     0.47986993]
 [ 11.          69.920006     1.9485893    0.49088594]
 [ 12.          69.840004     1.799444     0.49803495]
 [ 13.          69.86         1.6349306    0.5051977 ]
 [ 14.          69.920006     1.5449901    0.51214856]
 [ 15.          70.1          1.3360417    0.5196001 ]
 [ 16.          70.08         1.2597619    0.52720207]
 [ 17.          70.26         1.1349005    0.53736883]
 [ 18.          70.380005     1.0401918    0.54616255]
 [ 19.          70.5          1.024696     0.55258787]
 [ 20.          70.560005     0.9762177    0.56337845]
 [ 21.          70.58001      0.95760137   0.57257384]
 [ 22.          70.740005     0.89330655   0.5812743 ]
 [ 23.          70.82         0.8927463    0.5899543 ]
 [ 24.          70.96         0.7127407    0.6003733 ]
 [ 25.          71.16         0.68044037   0.60863876]
 [ 26.          71.240005     0.6228965    0.6186189 ]
 [ 27.          71.21999      0.6942603    0.6269709 ]
 [ 28.          71.32         0.6496122    0.63301843]
 [ 29.          71.3          0.73484206   0.63947123]
 [ 30.          71.240005     0.71972364   0.6453934 ]
 [ 31.          71.28001      0.72249466   0.6508479 ]
 [ 32.          71.240005     0.80187744   0.6579218 ]
 [ 33.          71.1          0.7106364    0.66300714]
 [ 34.          70.98         0.6418715    0.67238593]
 [ 35.          70.94         0.6580255    0.67966145]
 [ 36.          70.920006     0.51185817   0.6920668 ]
 [ 37.          70.88         0.5403714    0.70574296]
 [ 38.          70.840004     0.55946267   0.7175746 ]
 [ 39.          70.700005     0.5522706    0.7302174 ]
 [ 40.          70.659996     0.55497795   0.741273  ]
 [ 41.          70.64001      0.55497885   0.75394326]
 [ 42.          70.64001      0.67675924   0.76111454]
 [ 43.          70.6          0.6204832    0.77147806]
 [ 44.          70.6          0.6204832    0.7810616 ]
 [ 45.          70.6          0.6204832    0.79065365]
 [ 46.          70.62         0.6496143    0.8064232 ]
 [ 47.          70.64001      0.6387492    0.8173809 ]
 [ 48.          70.619995     0.54037213   0.82936776]
 [ 49.          70.66         0.45055348   0.8381416 ]
 [ 50.          70.68001      0.49193573   0.8501237 ]
 [ 51.          70.659996     0.482702     0.85685885]
 [ 52.          70.619995     0.46583262   0.8616185 ]
 [ 53.          70.64001      0.45055452   0.8658559 ]
 [ 54.          70.68001      0.408655     0.87227625]
 [ 55.          70.71999      0.46043172   0.8777424 ]
 [ 56.          70.78         0.41472784   0.88448447]
 [ 57.          70.88         0.34205362   0.8905155 ]
 [ 58.          70.96         0.36469534   0.89528257]
 [ 59.          71.           0.418333     0.90331286]
 [ 60.          71.060005     0.35776994   0.9088597 ]
 [ 61.          71.100006     0.37416282   0.91639847]
 [ 62.          71.12         0.40249106   0.9274889 ]
 [ 63.          71.16         0.4560687    0.94256765]
 [ 64.          71.159996     0.41593248   0.95543796]
 [ 65.          71.28001      0.45496988   0.96843356]
 [ 66.          71.36         0.4449731    0.97915566]
 [ 67.          71.44         0.5412934    0.98735946]
 [ 68.          71.560005     0.477491     0.9972791 ]
 [ 69.          71.6          0.3391146    1.006595  ]
 [ 70.          71.68         0.27748966   1.020922  ]
 [ 71.          71.76         0.2302181    1.0292647 ]
 [ 72.          71.76         0.28809586   1.0360125 ]
 [ 73.          71.82         0.4438452    1.0437303 ]
 [ 74.          71.840004     0.35776776   1.0519257 ]
 [ 75.          71.840004     0.46151915   1.058843  ]
 [ 76.          71.920006     0.57183677   1.0682905 ]
 [ 77.          71.880005     0.2949566    1.0831388 ]
 [ 78.          72.           0.48477024   1.093854  ]
 [ 79.          72.16         0.15165977   1.1045238 ]
 [ 80.          72.18         0.35637063   1.1156696 ]
 [ 81.          72.200005     0.4183288    1.1232197 ]
 [ 82.          72.420006     0.23874523   1.1319286 ]
 [ 83.          72.24         0.62689924   1.1410707 ]
 [ 84.          72.98         0.7328039    1.1474307 ]
 [ 85.          72.18         1.3590391    1.1572361 ]
 [ 86.          72.86         2.241201     1.1657705 ]
 [ 87.          71.64001      3.7125478    1.1728518 ]
 [ 88.          73.920006     1.1584508    1.1840868 ]
 [ 89.          72.840004     1.6890811    1.1975373 ]
 [ 90.          73.28         2.58399      1.2057823 ]
 [ 91.          73.22         2.6948082    1.2120781 ]
 [ 92.          70.62         4.637026     1.2207352 ]
 [ 93.          74.159996     1.8915603    1.230459  ]
 [ 94.          72.94         4.113756     1.2399224 ]
 [ 95.          74.78         1.6991155    1.2493075 ]
 [ 96.          75.36         1.8352134    1.2599039 ]
 [ 97.          75.36         0.82945794   1.272732  ]
 [ 98.          76.340004     1.8955195    1.2839692 ]
 [ 99.          76.240005     1.0261579    1.2938648 ]
 [100.          77.32         1.5319911    1.3037081 ]
 [101.          74.3          3.053685     1.3126053 ]
 [102.          74.06         0.8706332    1.3230306 ]
 [103.          70.840004     7.167497     1.3354644 ]
 [104.          73.92         2.9115272    1.3457774 ]
 [105.          75.96         1.4449899    1.3562664 ]
 [106.          75.72         3.7439294    1.3644503 ]
 [107.          73.32         6.3950768    1.3730252 ]
 [108.          74.98         2.3647425    1.3861955 ]
 [109.          75.1          1.9646851    1.3989966 ]
 [110.          76.08         1.4855968    1.4085369 ]
 [111.          77.020004     0.5263093    1.4164206 ]
 [112.          77.14         1.1545557    1.427195  ]
 [113.          76.8          0.8602341    1.4381794 ]
 [114.          76.5          1.2469953    1.4481415 ]
 [115.          74.22         4.1451206    1.460028  ]
 [116.          74.96         1.8716311    1.46883   ]
 [117.          75.920006     2.251001     1.4781156 ]
 [118.          74.76         3.1341686    1.4912752 ]
 [119.          76.06         2.7024055    1.5031124 ]
 [120.          77.8          2.6248786    1.5152302 ]
 [121.          75.96001      2.1709454    1.5266278 ]
 [122.          74.420006     6.827664     1.5366603 ]
 [123.          75.9          1.7818484    1.5453522 ]
 [124.          76.619995     1.6269618    1.5540516 ]
 [125.          76.86         1.9217178    1.5618267 ]
 [126.          73.659996     7.5490394    1.570481  ]
 [127.          76.840004     2.1019006    1.5802188 ]
 [128.          76.740005     1.5306875    1.5902369 ]
 [129.          76.94         2.233382     1.595677  ]
 [130.          76.6          2.380127     1.603247  ]
 [131.          77.5          1.4300345    1.6097548 ]
 [132.          77.659996     1.071448     1.615661  ]
 [133.          77.920006     1.0425922    1.6237606 ]
 [134.          77.56         1.1414901    1.6316214 ]
 [135.          77.88         0.396232     1.6407318 ]
 [136.          76.560005     1.4909731    1.6468836 ]
 [137.          73.42         4.053027     1.6534722 ]
 [138.          75.740005     2.3179758    1.6599683 ]
 [139.          77.200005     1.5280732    1.6664053 ]
 [140.          77.58         1.302688     1.6723225 ]
 [141.          77.700005     0.7615756    1.6796929 ]
 [142.          76.34         1.9565248    1.6874026 ]
 [143.          75.14         4.9681993    1.6916761 ]
 [144.          76.06         1.7558467    1.6995621 ]
 [145.          77.14001      1.7242385    1.7104816 ]
 [146.          75.6          3.4380245    1.724885  ]
 [147.          77.28001      2.0620382    1.7375965 ]
 [148.          78.5          0.64420366   1.7473248 ]
 [149.          77.3          1.7846582    1.7603883 ]
 [150.          77.14001      1.6592158    1.7717465 ]
 [151.          71.9         11.411177     1.7777933 ]
 [152.          73.           6.237387     1.7909333 ]
 [153.          75.46         3.7878742    1.8014952 ]
 [154.          76.68001      2.6780565    1.8095459 ]
 [155.          76.64001      1.6334028    1.8176163 ]
 [156.          76.88         1.5770223    1.8318818 ]
 [157.          74.54         0.8294563    1.8422129 ]
 [158.          74.1          5.584352     1.8546654 ]
 [159.          74.66         2.6005752    1.8667316 ]
 [160.          76.68         0.4658327    1.8776795 ]
 [161.          77.28         1.2049903    1.8859437 ]
 [162.          77.62         0.73959273   1.8962231 ]
 [163.          77.840004     0.8561521    1.9054718 ]
 [164.          75.44         4.0277786    1.9146267 ]
 [165.          75.12001      6.23835      1.9236447 ]
 [166.          77.68001      1.3608822    1.9382485 ]
 [167.          78.18         1.69322      1.9481169 ]
 [168.          76.86001      1.0644253    1.9579089 ]
 [169.          77.240005     2.6025016    1.9711268 ]
 [170.          76.21999      2.76713      1.9811455 ]
 [171.          77.           1.7902522    1.9934925 ]
 [172.          76.92         2.5381107    2.0028055 ]
 [173.          76.46         2.9142737    2.0158544 ]
 [174.          78.06         0.69498247   2.02729   ]
 [175.          76.22001      2.955843     2.0407815 ]
 [176.          75.08         5.6861253    2.0533302 ]
 [177.          74.62         6.625483     2.0605352 ]
 [178.          77.240005     2.3222854    2.0741837 ]
 [179.          77.98         1.3311638    2.0853674 ]
 [180.          77.8          1.481555     2.0965822 ]
 [181.          77.26         2.143132     2.106138  ]
 [182.          77.26         2.106658     2.119889  ]
 [183.          76.200005     3.908325     2.1250908 ]
 [184.          77.98         1.4042768    2.1314735 ]
 [185.          78.14001      1.1781347    2.1386871 ]
 [186.          78.64001      0.9449874    2.1466534 ]
 [187.          78.68         0.925743     2.1541717 ]
 [188.          78.14001      1.4976677    2.162151  ]
 [189.          78.119995     1.1233897    2.169233  ]
 [190.          78.240005     1.0549868    2.179223  ]
 [191.          74.28         7.2202473    2.1908786 ]
 [192.          74.56         4.639828     2.2021608 ]
 [193.          73.880005     5.105095     2.2091453 ]
 [194.          76.700005     2.2394183    2.220868  ]
 [195.          75.86         3.2230442    2.2287276 ]
 [196.          78.34         1.1545597    2.2431126 ]
 [197.          77.8          1.4628756    2.2527068 ]
 [198.          76.840004     1.7657864    2.262209  ]
 [199.          77.14001      0.8264417    2.2687654 ]
 [200.          77.1          1.1597419    2.2745612 ]]
The best results: 
Epoch: 187  78.68±0.93  2.154s
--------------- Train Done! ----------------
--------------- Save Done! ----------------
