Using cuda:0 device
Dataset     :Pubmed
Epochs      :200
LR X_s      :0.01
Learn A_s   :0
LR A_s      :0.01
Conden ratio:1.0
Ridge       :10.0
Kernel      :SNTK
k           :5
L           :1
Seed        :5
The 1th Iteration:
--------------------------------------------------
The 2th Iteration:
--------------------------------------------------
The 3th Iteration:
--------------------------------------------------
The 4th Iteration:
--------------------------------------------------
The 5th Iteration:
--------------------------------------------------
[[  1.          35.44         9.9367       0.35607052]
 [  2.          31.74        12.545238     0.39278054]
 [  3.          29.779999    11.518985     0.42517778]
 [  4.          27.2         12.599404     0.46287104]
 [  5.          28.48        14.4961       0.50216466]
 [  6.          28.24        14.629183     0.5349206 ]
 [  7.          20.4          5.366563     0.5728977 ]
 [  8.          18.           0.           0.6162438 ]
 [  9.          18.           0.           0.65192443]
 [ 10.          18.           0.           0.68999743]
 [ 11.          18.           0.           0.7260593 ]
 [ 12.          18.           0.           0.76132554]
 [ 13.          18.           0.           0.7883896 ]
 [ 14.          18.           0.           0.8188608 ]
 [ 15.          18.           0.           0.84727746]
 [ 16.          18.           0.           0.8774436 ]
 [ 17.          18.           0.           0.90910625]
 [ 18.          18.           0.           0.93542975]
 [ 19.          18.           0.           0.96367246]
 [ 20.          18.           0.           0.9955161 ]
 [ 21.          18.           0.           1.0302143 ]
 [ 22.          18.           0.           1.058424  ]
 [ 23.          18.           0.           1.092129  ]
 [ 24.          18.           0.           1.1295452 ]
 [ 25.          18.           0.           1.1696867 ]
 [ 26.          18.           0.           1.2071488 ]
 [ 27.          18.           0.           1.2424958 ]
 [ 28.          18.           0.           1.2809975 ]
 [ 29.          18.           0.           1.3223536 ]
 [ 30.          18.           0.           1.3648888 ]
 [ 31.          18.           0.           1.4012905 ]
 [ 32.          18.           0.           1.4355589 ]
 [ 33.          18.           0.           1.4720525 ]
 [ 34.          18.           0.           1.5036625 ]
 [ 35.          18.           0.           1.5391687 ]
 [ 36.          18.           0.           1.5694073 ]
 [ 37.          18.           0.           1.6036986 ]
 [ 38.          18.           0.           1.6355457 ]
 [ 39.          18.           0.           1.6688626 ]
 [ 40.          18.           0.           1.6952604 ]
 [ 41.          18.           0.           1.7281363 ]
 [ 42.          18.           0.           1.7564852 ]
 [ 43.          18.           0.           1.7909437 ]
 [ 44.          18.           0.           1.8219233 ]
 [ 45.          18.           0.           1.8522002 ]
 [ 46.          18.           0.           1.8811696 ]
 [ 47.          18.           0.           1.9139951 ]
 [ 48.          18.           0.           1.9460033 ]
 [ 49.          18.           0.           1.9783919 ]
 [ 50.          18.           0.           2.013448  ]
 [ 51.          18.           0.           2.0493686 ]
 [ 52.          18.           0.           2.0867627 ]
 [ 53.          18.           0.           2.125558  ]
 [ 54.          18.           0.           2.1669362 ]
 [ 55.          18.           0.           2.2071333 ]
 [ 56.          18.           0.           2.246162  ]
 [ 57.          18.           0.           2.2809112 ]
 [ 58.          18.           0.           2.3168833 ]
 [ 59.          18.           0.           2.3495393 ]
 [ 60.          18.           0.           2.3831232 ]
 [ 61.          18.           0.           2.4124298 ]
 [ 62.          18.           0.           2.449737  ]
 [ 63.          18.           0.           2.4876754 ]
 [ 64.          18.           0.           2.523113  ]
 [ 65.          18.           0.           2.5553806 ]
 [ 66.          18.           0.           2.5870364 ]
 [ 67.          18.           0.           2.6211345 ]
 [ 68.          18.           0.           2.657908  ]
 [ 69.          18.           0.           2.6898935 ]
 [ 70.          18.           0.           2.7200515 ]
 [ 71.          18.           0.           2.7519743 ]
 [ 72.          18.           0.           2.78576   ]
 [ 73.          18.           0.           2.8223882 ]
 [ 74.          18.           0.           2.8588212 ]
 [ 75.          18.           0.           2.8933275 ]
 [ 76.          18.           0.           2.929689  ]
 [ 77.          18.           0.           2.970844  ]
 [ 78.          18.           0.           3.005857  ]
 [ 79.          18.           0.           3.0449646 ]
 [ 80.          18.           0.           3.0871043 ]
 [ 81.          18.           0.           3.1217422 ]
 [ 82.          18.           0.           3.1501794 ]
 [ 83.          18.           0.           3.1801052 ]
 [ 84.          18.           0.           3.2067547 ]
 [ 85.          18.           0.           3.2348404 ]
 [ 86.          18.           0.           3.265618  ]
 [ 87.          18.060001     0.08944315   3.3003082 ]
 [ 88.          18.12         0.13038397   3.3364663 ]
 [ 89.          18.24         0.230217     3.3703575 ]
 [ 90.          18.28         0.31144774   3.40906   ]
 [ 91.          18.560001     0.559464     3.4519737 ]
 [ 92.          18.76         0.76681155   3.4858234 ]
 [ 93.          18.980001     0.88430744   3.5210721 ]
 [ 94.          19.24         1.0990901    3.5616517 ]
 [ 95.          19.4          1.1510859    3.5992572 ]
 [ 96.          19.660002     1.3939145    3.6365712 ]
 [ 97.          19.800001     1.5346007    3.6755009 ]
 [ 98.          20.08         1.7683321    3.7130756 ]
 [ 99.          20.36         2.006987     3.7519815 ]
 [100.          20.54         2.154762     3.7929215 ]
 [101.          20.820002     2.4087336    3.8360596 ]
 [102.          20.980001     2.508386     3.8739522 ]
 [103.          21.26         2.637802     3.9126763 ]
 [104.          21.520002     2.6630805    3.9505737 ]
 [105.          21.72         2.7508178    3.9872742 ]
 [106.          21.96         2.7627885    4.020617  ]
 [107.          22.2          2.8363707    4.0521555 ]
 [108.          22.34         2.8910205    4.0822835 ]
 [109.          22.460001     2.9305286    4.1081414 ]
 [110.          22.800001     3.0091522    4.1362844 ]
 [111.          22.86         3.085125     4.166124  ]
 [112.          23.1          3.1992185    4.197308  ]
 [113.          23.32         3.2259889    4.2294397 ]
 [114.          23.52         3.2729194    4.26376   ]
 [115.          23.740002     3.371647     4.300358  ]
 [116.          23.800001     3.4183328    4.3309703 ]
 [117.          24.           3.4777863    4.3631415 ]
 [118.          24.2          3.5390682    4.397424  ]
 [119.          24.380003     3.412037     4.432629  ]
 [120.          24.66         3.1934314    4.467491  ]
 [121.          24.880001     3.1594303    4.503924  ]
 [122.          25.           3.2101395    4.5371547 ]
 [123.          25.16         3.2600617    4.5728745 ]
 [124.          25.320002     3.026054     4.614115  ]
 [125.          25.42         2.9953296    4.6512127 ]
 [126.          25.539999     2.958547     4.6885123 ]
 [127.          25.64         2.994662     4.7253847 ]
 [128.          26.039999     2.9475417    4.758677  ]
 [129.          26.08         2.9422784    4.794107  ]
 [130.          26.520002     2.9609118    4.832482  ]
 [131.          26.72         3.3003025    4.86454   ]
 [132.          27.14         3.3605056    4.898553  ]
 [133.          28.12         3.6355188    4.9335823 ]
 [134.          28.24         4.1949973    4.9658513 ]
 [135.          29.9          5.100489     4.9992995 ]
 [136.          29.2          4.3777847    5.0317197 ]
 [137.          31.480001     6.1779466    5.06262   ]
 [138.          31.380003     4.6461816    5.092046  ]
 [139.          34.38         6.6706085    5.1268625 ]
 [140.          36.28         6.1324534    5.1592164 ]
 [141.          37.88         6.434049     5.191892  ]
 [142.          42.44         9.448704     5.2233796 ]
 [143.          38.760006     3.6184258    5.256305  ]
 [144.          50.18        15.521822     5.289949  ]
 [145.          39.56         8.941364     5.3241906 ]
 [146.          52.920002    13.059363     5.3609214 ]
 [147.          53.2          9.011937     5.3952174 ]
 [148.          48.04         9.355373     5.4336977 ]
 [149.          62.540005     5.5468907    5.474778  ]
 [150.          41.620003    10.575776     5.5174007 ]
 [151.          65.08         4.523493     5.558518  ]
 [152.          49.2         14.423767     5.6014247 ]
 [153.          59.440002     9.391379     5.6462183 ]
 [154.          61.68         7.589268     5.691143  ]
 [155.          49.420002    13.341928     5.731767  ]
 [156.          66.840004     3.6569116    5.7698817 ]
 [157.          56.100002     7.522632     5.802294  ]
 [158.          62.66         7.478504     5.8337235 ]
 [159.          50.760002    19.841574     5.8714476 ]
 [160.          51.7         15.210686     5.904401  ]
 [161.          67.18         4.8710375    5.9441066 ]
 [162.          58.68        13.638071     5.9801407 ]
 [163.          63.72         6.325109     6.011281  ]
 [164.          55.9          2.541654     6.044086  ]
 [165.          59.4          8.456658     6.076763  ]
 [166.          55.66        13.114612     6.1054792 ]
 [167.          58.559998     9.010438     6.1357403 ]
 [168.          63.420002     5.74343      6.165311  ]
 [169.          60.040005     8.323041     6.1949043 ]
 [170.          62.340004     4.983772     6.2323856 ]
 [171.          64.86001      2.4037504    6.2691183 ]
 [172.          60.68         8.254515     6.308435  ]
 [173.          56.88        12.550976     6.3503456 ]
 [174.          58.26        12.784875     6.3922267 ]
 [175.          49.66        20.129156     6.4263964 ]
 [176.          60.440002     8.960635     6.468281  ]
 [177.          64.520004     8.387908     6.5091186 ]
 [178.          63.600002     6.7849092    6.5504823 ]
 [179.          61.88         6.552634     6.5855365 ]
 [180.          61.7          8.075272     6.626922  ]
 [181.          61.640003     8.363194     6.6635623 ]
 [182.          61.22         8.131542     6.7054377 ]
 [183.          61.100002     9.036868     6.740785  ]
 [184.          49.3         17.889803     6.770668  ]
 [185.          60.059998     7.086819     6.806762  ]
 [186.          61.5          7.270487     6.8368964 ]
 [187.          62.5          7.283542     6.862848  ]
 [188.          62.72         7.2406483    6.8882823 ]
 [189.          63.           6.9638343    6.9163294 ]
 [190.          62.9          6.452905     6.941475  ]
 [191.          63.76         7.2175493    6.968616  ]
 [192.          63.3          6.4152174    6.9995737 ]
 [193.          63.8          6.4233947    7.0317473 ]
 [194.          53.24        20.091118     7.0628014 ]
 [195.          62.66         4.501444     7.094495  ]
 [196.          64.12         6.352715     7.1287856 ]
 [197.          64.06         5.6238766    7.163213  ]
 [198.          64.36         5.3621817    7.2009187 ]
 [199.          64.48         5.06626      7.2378893 ]
 [200.          64.56         4.557741     7.272278  ]]
The best results: 
Epoch: 161  67.18±4.87  5.944s
--------------- Train Done! ----------------
