Using cuda:0 device
Dataset     :Pubmed
Epochs      :200
LR X_s      :0.01
Learn A_s   :1
LR A_s      :0.01
Conden ratio:0.25
Ridge       :0.001
Kernel      :SGNK
k           :5
L           :1
Seed        :5
The 1th Iteration:
--------------------------------------------------
The 2th Iteration:
--------------------------------------------------
The 3th Iteration:
--------------------------------------------------
The 4th Iteration:
--------------------------------------------------
The 5th Iteration:
--------------------------------------------------
[[  1.          36.64        10.420076     0.25252882]
 [  2.          36.72        10.466231     0.25649557]
 [  3.          36.64        10.420076     0.26060247]
 [  4.          36.64        10.420076     0.26457793]
 [  5.          37.76        11.309199     0.26942888]
 [  6.          31.98        12.761934     0.27362156]
 [  7.          31.98        12.761934     0.27795434]
 [  8.          31.98        12.761934     0.28211436]
 [  9.          31.98        12.761934     0.2864062 ]
 [ 10.          31.98        12.761934     0.29101482]
 [ 11.          31.98        12.761934     0.29661855]
 [ 12.          33.66        14.701122     0.3009089 ]
 [ 13.          33.3         14.22445      0.30732903]
 [ 14.          29.560001    11.651737     0.31180096]
 [ 15.          27.320002    12.761934     0.31731066]
 [ 16.          27.320002    12.761934     0.32181993]
 [ 17.          27.320002    12.761934     0.32633662]
 [ 18.          27.320002    12.761934     0.33086082]
 [ 19.          22.660002    10.420076     0.3354747 ]
 [ 20.          22.5         10.062305     0.34004974]
 [ 21.          20.84         6.3504333    0.34497586]
 [ 22.          16.480001     3.3988235    0.35003892]
 [ 23.          15.94         4.6063       0.35424432]
 [ 24.          16.86         2.5491173    0.35852814]
 [ 25.          17.74         0.5813772    0.36279342]
 [ 26.          17.960001     0.08944321   0.36674532]
 [ 27.          18.           0.           0.3706464 ]
 [ 28.          18.           0.           0.37485108]
 [ 29.          18.           0.           0.3800486 ]
 [ 30.          18.           0.           0.384224  ]
 [ 31.          18.           0.           0.38847175]
 [ 32.          18.           0.           0.39261767]
 [ 33.          18.           0.           0.3968682 ]
 [ 34.          18.           0.           0.40183565]
 [ 35.          18.           0.           0.40698242]
 [ 36.          18.           0.           0.4115996 ]
 [ 37.          18.           0.           0.41748986]
 [ 38.          18.           0.           0.42215028]
 [ 39.          18.           0.           0.4266018 ]
 [ 40.          18.           0.           0.43120512]
 [ 41.          18.02         0.04472139   0.43596312]
 [ 42.          18.039999     0.05477244   0.4407187 ]
 [ 43.          18.02         0.04472139   0.44619295]
 [ 44.          18.02         0.04472139   0.45184922]
 [ 45.          18.02         0.04472139   0.45699874]
 [ 46.          18.02         0.04472139   0.46320745]
 [ 47.          18.02         0.04472139   0.46925178]
 [ 48.          18.02         0.04472139   0.47420964]
 [ 49.          18.02         0.04472139   0.4792213 ]
 [ 50.          18.1          0.22360666   0.48459983]
 [ 51.          18.28         0.62609905   0.4898525 ]
 [ 52.          18.480001     1.0733123    0.49521413]
 [ 53.          18.74         1.6546907    0.50081456]
 [ 54.          19.14         2.5491178    0.50655013]
 [ 55.          19.539999     3.443545     0.5120785 ]
 [ 56.          19.880001     4.203808     0.5184874 ]
 [ 57.          21.560001     7.9604015    0.5243951 ]
 [ 58.          21.82         8.5417795    0.53018683]
 [ 59.          21.960001     8.854829     0.53736246]
 [ 60.          22.           8.944272     0.5435374 ]
 [ 61.          22.12         9.2126       0.5494773 ]
 [ 62.          22.92        11.001453     0.556414  ]
 [ 63.          23.02        11.225061     0.5623409 ]
 [ 64.          23.6         12.521981     0.56785005]
 [ 65.          24.          13.416408     0.5734215 ]
 [ 66.          24.02        13.461128     0.57995695]
 [ 67.          24.1         13.640015     0.5856324 ]
 [ 68.          24.12        13.684735     0.5913837 ]
 [ 69.          24.1         13.640015     0.5965684 ]
 [ 70.          24.18        13.818901     0.6021348 ]
 [ 71.          24.2         13.863622     0.60820043]
 [ 72.          24.26        13.886072     0.6142952 ]
 [ 73.          24.279999    13.930794     0.61984533]
 [ 74.          24.279999    13.930794     0.62520546]
 [ 75.          24.340002    14.0092125    0.6304943 ]
 [ 76.          24.460001    13.999928     0.63596314]
 [ 77.          24.76        13.957186     0.64104766]
 [ 78.          26.340002    13.721625     0.64699656]
 [ 79.          27.060001    13.781256     0.65192837]
 [ 80.          27.559998    13.519727     0.6573035 ]
 [ 81.          28.160002    13.600846     0.66334057]
 [ 82.          28.720001    13.575419     0.66863286]
 [ 83.          29.539999    13.616095     0.6738406 ]
 [ 84.          30.          13.852256     0.67968315]
 [ 85.          31.159998    13.748565     0.6856554 ]
 [ 86.          28.62        13.551089     0.6912896 ]
 [ 87.          29.48        13.677243     0.6966889 ]
 [ 88.          30.359999    13.797392     0.7020751 ]
 [ 89.          28.4         15.127623     0.7074178 ]
 [ 90.          28.58        15.282572     0.71405435]
 [ 91.          29.720001    14.748796     0.7199874 ]
 [ 92.          30.2         14.809627     0.72645277]
 [ 93.          30.539999    14.580397     0.73299927]
 [ 94.          30.98        14.491619     0.7403544 ]
 [ 95.          31.659998    14.433051     0.74777323]
 [ 96.          32.96        14.815295     0.75371426]
 [ 97.          35.079998    16.447706     0.7601091 ]
 [ 98.          35.54        16.882475     0.7669601 ]
 [ 99.          35.98        17.286758     0.77442473]
 [100.          42.940002    14.107727     0.7800732 ]
 [101.          43.22        14.174872     0.7848966 ]
 [102.          43.4         13.860196     0.78965217]
 [103.          43.94        13.462838     0.79443216]
 [104.          44.54        13.028929     0.799086  ]
 [105.          44.86        12.906316     0.8034658 ]
 [106.          44.74        14.755441     0.8077326 ]
 [107.          45.52        14.904095     0.81267685]
 [108.          46.620003    15.572476     0.8179884 ]
 [109.          46.9         15.633297     0.82285947]
 [110.          49.18        12.538421     0.8271362 ]
 [111.          50.74        10.685177     0.8320324 ]
 [112.          51.18        10.83822      0.836463  ]
 [113.          53.819996    13.1735325    0.84238416]
 [114.          55.640003    11.142399     0.84744877]
 [115.          55.98        11.348879     0.85265887]
 [116.          56.600002    11.857487     0.8586382 ]
 [117.          58.119995    11.257308     0.86404085]
 [118.          55.02        17.776163     0.8688063 ]
 [119.          55.580006    16.814936     0.8734671 ]
 [120.          55.96        16.025854     0.879418  ]
 [121.          56.22        14.962688     0.8841425 ]
 [122.          56.4         14.043325     0.8903654 ]
 [123.          56.559998    13.2722645    0.8950438 ]
 [124.          56.640003    12.634992     0.9000477 ]
 [125.          56.580006    12.087888     0.904785  ]
 [126.          56.859997    11.705684     0.90937215]
 [127.          57.580006    10.912928     0.9144499 ]
 [128.          57.579998    10.500094     0.920004  ]
 [129.          58.079998    10.0203285    0.9255415 ]
 [130.          50.88        17.6266       0.9309044 ]
 [131.          50.820004    17.63936      0.9359167 ]
 [132.          51.26        17.873669     0.9411511 ]
 [133.          51.3         17.55819      0.9464146 ]
 [134.          51.18        17.581013     0.9511892 ]
 [135.          54.100002    12.186675     0.95607585]
 [136.          53.540005    12.380146     0.96100897]
 [137.          53.100002    13.694709     0.9658832 ]
 [138.          53.100002    14.636429     0.9707829 ]
 [139.          53.339996    15.079224     0.9757334 ]
 [140.          53.28        15.42067      0.9811783 ]
 [141.          53.859997    15.363203     0.987343  ]
 [142.          53.48        15.342653     0.9937879 ]
 [143.          53.7         15.066021     0.9994303 ]
 [144.          52.66        16.384537     1.0062904 ]
 [145.          54.100002    14.109395     1.0105189 ]
 [146.          49.540005    16.861881     1.0153793 ]
 [147.          49.46        16.184496     1.0202157 ]
 [148.          51.3         14.782761     1.0247813 ]
 [149.          51.7         11.281621     1.0290517 ]
 [150.          50.620003    10.599622     1.0340579 ]
 [151.          49.46        11.976354     1.037924  ]
 [152.          49.540005    11.51816      1.0424601 ]
 [153.          52.940002     9.56206      1.046203  ]
 [154.          50.040005    12.965067     1.0499576 ]
 [155.          50.820004    12.738013     1.0537281 ]
 [156.          51.140003    12.674108     1.0583645 ]
 [157.          52.3         11.838707     1.0622883 ]
 [158.          54.76        15.698344     1.0664674 ]
 [159.          54.38        16.29776      1.0704991 ]
 [160.          54.559998    16.449408     1.0744168 ]
 [161.          53.96        16.819721     1.0790054 ]
 [162.          53.440002    17.33257      1.0829962 ]
 [163.          54.18        17.16412      1.0870329 ]
 [164.          55.16        17.973118     1.0910532 ]
 [165.          54.78        18.516937     1.0949773 ]
 [166.          53.68        16.556479     1.100528  ]
 [167.          53.859997    16.265545     1.1051539 ]
 [168.          54.559998    15.671885     1.1101063 ]
 [169.          54.640003    15.510415     1.114443  ]
 [170.          55.440002    15.827602     1.1189613 ]
 [171.          57.580006    17.27388      1.123362  ]
 [172.          57.8         17.71398      1.127677  ]
 [173.          57.859997    17.987719     1.1324085 ]
 [174.          56.040005    16.163324     1.1363182 ]
 [175.          53.980007    14.92739      1.140411  ]
 [176.          54.059998    14.216999     1.1465415 ]
 [177.          54.320004    13.124671     1.1517829 ]
 [178.          54.620003    12.00175      1.156241  ]
 [179.          55.600002    10.364601     1.1605943 ]
 [180.          57.2          9.713137     1.1650536 ]
 [181.          58.16         9.524338     1.1703833 ]
 [182.          58.440002     9.3569765    1.1749634 ]
 [183.          58.8          9.513149     1.179519  ]
 [184.          58.88         9.7760935    1.184241  ]
 [185.          60.820004    10.209162     1.189139  ]
 [186.          60.44        11.119263     1.1942765 ]
 [187.          60.          11.484553     1.1998947 ]
 [188.          59.380005    12.037109     1.2047113 ]
 [189.          62.559998    11.8441105    1.2102036 ]
 [190.          62.559998    12.018027     1.2153262 ]
 [191.          62.7         12.256632     1.2202593 ]
 [192.          64.560005    13.67015      1.2239879 ]
 [193.          63.48        13.33593      1.2284316 ]
 [194.          63.46        13.581717     1.2323258 ]
 [195.          63.380005    13.669017     1.2365458 ]
 [196.          62.38        16.218414     1.2405722 ]
 [197.          61.78        15.1620245    1.2443734 ]
 [198.          61.9         14.724809     1.2482321 ]
 [199.          61.640003    14.319324     1.25229   ]
 [200.          62.46        15.072591     1.2565178 ]]
The best results: 
Epoch: 192  64.56±13.67  1.224s
--------------- Train Done! ----------------
