Using cuda:0 device
Dataset     :Pubmed
Epochs      :200
LR X_s      :0.01
Learn A_s   :0
LR A_s      :0.01
Conden ratio:0.25
Ridge       :0.001
Kernel      :SGNK
k           :3
L           :1
Seed        :5
The 1th Iteration:
--------------------------------------------------
The 2th Iteration:
--------------------------------------------------
The 3th Iteration:
--------------------------------------------------
The 4th Iteration:
--------------------------------------------------
The 5th Iteration:
--------------------------------------------------
[[  1.          37.3          3.08464      0.71226215]
 [  2.          45.980003     3.4288495    0.7186773 ]
 [  3.          52.820004     3.1491263    0.7246212 ]
 [  4.          57.440002     2.7254353    0.72938603]
 [  5.          60.74         3.05745      0.7334437 ]
 [  6.          62.74         3.3508208    0.7382664 ]
 [  7.          64.           3.2295525    0.7434058 ]
 [  8.          65.340004     3.6156611    0.7494658 ]
 [  9.          66.1          3.624223     0.75660557]
 [ 10.          66.78001      3.6189773    0.76374406]
 [ 11.          67.159996     3.658961     0.77111316]
 [ 12.          67.380005     3.7692175    0.7781765 ]
 [ 13.          67.700005     3.6667416    0.78370684]
 [ 14.          67.880005     3.1870058    0.79203165]
 [ 15.          68.           3.3279119    0.79872525]
 [ 16.          68.14001      2.9963315    0.8029022 ]
 [ 17.          68.21999      2.7923105    0.8090254 ]
 [ 18.          68.3          2.821346     0.8150961 ]
 [ 19.          68.36         2.6082573    0.820614  ]
 [ 20.          68.56         2.3554187    0.8260674 ]
 [ 21.          68.64001      2.3554199    0.83139515]
 [ 22.          68.840004     2.2501097    0.83803904]
 [ 23.          68.740005     2.2700222    0.84292203]
 [ 24.          68.560005     2.8377821    0.84764177]
 [ 25.          68.4          3.1000018    0.85271245]
 [ 26.          68.06         3.3102877    0.85764563]
 [ 27.          67.700005     3.595136     0.86237794]
 [ 28.          67.68         3.713758     0.8684689 ]
 [ 29.          67.6          3.593744     0.8738722 ]
 [ 30.          67.28         3.8518832    0.8789118 ]
 [ 31.          67.02         3.5088446    0.88587016]
 [ 32.          66.72         3.4845364    0.8937855 ]
 [ 33.          66.439995     3.8141823    0.9037277 ]
 [ 34.          67.1          3.822958     0.9095177 ]
 [ 35.          67.1          4.169532     0.9179384 ]
 [ 36.          67.46         4.4466844    0.9249029 ]
 [ 37.          67.5          4.008118     0.9308996 ]
 [ 38.          67.5          3.7202175    0.9371306 ]
 [ 39.          67.740005     3.5225008    0.9442024 ]
 [ 40.          68.240005     3.1942132    0.9510952 ]
 [ 41.          68.3          3.0773377    0.9569669 ]
 [ 42.          68.44         3.266193     0.9618088 ]
 [ 43.          68.68         3.205773     0.97020817]
 [ 44.          69.3          2.968165     0.9752488 ]
 [ 45.          70.04         2.9091249    0.9811163 ]
 [ 46.          70.32         2.984459     0.9859808 ]
 [ 47.          70.46         2.4151607    0.99035066]
 [ 48.          70.159996     2.3201315    0.9949507 ]
 [ 49.          70.22         1.9804071    0.99956703]
 [ 50.          70.3          1.6867124    1.0033238 ]
 [ 51.          70.5          1.3076689    1.00647   ]
 [ 52.          70.659996     1.287631     1.0094205 ]
 [ 53.          70.880005     1.444644     1.0122489 ]
 [ 54.          70.8          1.3693076    1.0168949 ]
 [ 55.          70.840004     0.991462     1.0218657 ]
 [ 56.          70.98         0.965401     1.0275004 ]
 [ 57.          71.21999      0.7854936    1.0331059 ]
 [ 58.          71.240005     0.92086977   1.0377544 ]
 [ 59.          71.06         1.0830503    1.0426704 ]
 [ 60.          70.78         1.2537935    1.048766  ]
 [ 61.          70.880005     1.2597594    1.0567648 ]
 [ 62.          70.96         1.2421736    1.0606283 ]
 [ 63.          70.76         1.2817955    1.064439  ]
 [ 64.          71.1          1.320983     1.0723677 ]
 [ 65.          71.26         1.1414908    1.0802941 ]
 [ 66.          71.240005     0.9633264    1.0867492 ]
 [ 67.          71.520004     0.67231      1.0929275 ]
 [ 68.          71.68         0.746323     1.0959872 ]
 [ 69.          71.46         0.7402708    1.0993886 ]
 [ 70.          71.68         0.7596033    1.1045929 ]
 [ 71.          71.700005     0.8543999    1.1088965 ]
 [ 72.          71.9          0.5999988    1.1135744 ]
 [ 73.          71.78001      1.070982     1.1177063 ]
 [ 74.          72.1          0.79056734   1.122866  ]
 [ 75.          72.18         1.0616004    1.1277775 ]
 [ 76.          72.240005     0.79875034   1.131257  ]
 [ 77.          72.439995     0.8820461    1.1362412 ]
 [ 78.          72.44         0.7162407    1.1419227 ]
 [ 79.          72.58         0.7155413    1.1463085 ]
 [ 80.          72.700005     0.8631326    1.1512349 ]
 [ 81.          72.68         0.6978536    1.1598924 ]
 [ 82.          72.84         0.6542182    1.1648146 ]
 [ 83.          73.020004     0.52630776   1.172239  ]
 [ 84.          72.920006     0.5118574    1.1801876 ]
 [ 85.          73.14001      0.3911511    1.1876343 ]
 [ 86.          73.200005     0.5338513    1.1958647 ]
 [ 87.          73.4          0.31622535   1.1999238 ]
 [ 88.          73.4          0.5830961    1.2033944 ]
 [ 89.          73.5          0.33911806   1.2069104 ]
 [ 90.          73.46001      0.5224947    1.2130933 ]
 [ 91.          73.68001      0.39623258   1.2212572 ]
 [ 92.          73.700005     0.39370018   1.2291626 ]
 [ 93.          73.98         0.28635526   1.2341172 ]
 [ 94.          74.02         0.19235408   1.2378386 ]
 [ 95.          74.14001      0.34351197   1.2415243 ]
 [ 96.          74.21999      0.31144857   1.2464714 ]
 [ 97.          74.32         0.618063     1.2496926 ]
 [ 98.          74.4          0.1870824    1.2540722 ]
 [ 99.          74.68         0.614005     1.2574462 ]
 [100.          74.240005     0.15166047   1.265296  ]
 [101.          74.54         0.6107396    1.270466  ]
 [102.          74.54         0.39115274   1.2750701 ]
 [103.          74.659996     0.7700661    1.2782248 ]
 [104.          74.840004     0.37815547   1.2830052 ]
 [105.          74.76         0.15166102   1.2874297 ]
 [106.          75.12         0.5540759    1.2916478 ]
 [107.          74.68001      0.3114456    1.295101  ]
 [108.          75.6          0.8124055    1.2997407 ]
 [109.          74.659996     0.57706046   1.3040514 ]
 [110.          75.54         0.40373412   1.3090363 ]
 [111.          75.           0.82764757   1.314984  ]
 [112.          75.58         0.6140038    1.3188032 ]
 [113.          75.32         0.7694162    1.3243287 ]
 [114.          75.12         0.54497933   1.3319933 ]
 [115.          75.78         0.78549427   1.3370692 ]
 [116.          74.96         0.6024941    1.3441628 ]
 [117.          75.5          0.2645747    1.3495711 ]
 [118.          76.380005     0.43243447   1.3539039 ]
 [119.          74.9          0.42426547   1.3611709 ]
 [120.          76.32         0.5167235    1.3650459 ]
 [121.          75.98         0.58906823   1.3701943 ]
 [122.          75.740005     0.5412938    1.3775553 ]
 [123.          76.71999      0.45497125   1.3846172 ]
 [124.          76.020004     1.0134094    1.3893635 ]
 [125.          75.48         0.7085199    1.3940166 ]
 [126.          77.18001      0.29495537   1.3991302 ]
 [127.          75.36         0.55045456   1.4026431 ]
 [128.          76.64001      0.58566535   1.4082876 ]
 [129.          76.98         0.6797061    1.4126376 ]
 [130.          75.78         0.6797072    1.4182537 ]
 [131.          76.56         0.70922613   1.4248847 ]
 [132.          77.17999      0.34205458   1.4310906 ]
 [133.          75.62         0.2949556    1.4359133 ]
 [134.          77.62         0.5449785    1.4413036 ]
 [135.          76.340004     0.93967867   1.4446871 ]
 [136.          76.26         0.5983303    1.4502919 ]
 [137.          77.54         0.70922214   1.4566668 ]
 [138.          75.880005     0.7463247    1.4624017 ]
 [139.          76.96         0.72663623   1.4678667 ]
 [140.          77.42         0.8105529    1.4742793 ]
 [141.          76.240005     0.6877532    1.4792718 ]
 [142.          77.52         0.3563705    1.4824222 ]
 [143.          76.700005     1.1401734    1.4877487 ]
 [144.          76.78         0.45497003   1.4932436 ]
 [145.          77.28001      0.71203995   1.4994873 ]
 [146.          76.58         0.84380245   1.5037402 ]
 [147.          77.5          0.39999866   1.5073231 ]
 [148.          77.200005     1.5182257    1.5103253 ]
 [149.          76.4          1.5182236    1.5144707 ]
 [150.          77.26         0.427782     1.51769   ]
 [151.          77.340004     0.7797431    1.5229266 ]
 [152.          76.9          0.8154727    1.5293217 ]
 [153.          77.119995     0.3898716    1.5345378 ]
 [154.          77.340004     1.0139068    1.5415196 ]
 [155.          77.479996     1.0940751    1.5461721 ]
 [156.          77.08         0.7694156    1.5531107 ]
 [157.          77.4          0.73824227   1.5585121 ]
 [158.          77.6          1.3341632    1.5635564 ]
 [159.          77.340004     1.150215     1.5729328 ]
 [160.          77.48         0.5357243    1.578137  ]
 [161.          77.8          0.71763456   1.587849  ]
 [162.          77.56         1.429335     1.5952427 ]
 [163.          77.36         1.2012497    1.6038555 ]
 [164.          78.1          0.40620393   1.6120497 ]
 [165.          77.02         1.2637247    1.618269  ]
 [166.          77.6          1.2942165    1.6255025 ]
 [167.          78.02         0.55856824   1.6320908 ]
 [168.          77.619995     0.7694133    1.6400574 ]
 [169.          76.98         1.1649051    1.645633  ]
 [170.          78.340004     0.28809446   1.6527852 ]
 [171.          77.82         1.0709823    1.6593331 ]
 [172.          76.98         1.3292863    1.666809  ]
 [173.          78.1          0.15811369   1.6741737 ]
 [174.          77.82         1.049764     1.6816653 ]
 [175.          77.78001      1.5006684    1.687719  ]
 [176.          78.1          0.27386513   1.6930274 ]
 [177.          77.939995     0.87920356   1.7024138 ]
 [178.          77.76         0.45606956   1.7079037 ]
 [179.          78.18001      0.5761924    1.71094   ]
 [180.          77.78         0.3114512    1.7140115 ]
 [181.          77.86         1.2837435    1.7194155 ]
 [182.          78.26         0.5941374    1.7263879 ]
 [183.          77.92         0.44384775   1.7316159 ]
 [184.          78.700005     0.49497604   1.7373787 ]
 [185.          77.68001      1.1777074    1.7422446 ]
 [186.          77.76         0.5899123    1.7483788 ]
 [187.          78.12001      0.43243396   1.7531098 ]
 [188.          77.64001      1.350186     1.7589594 ]
 [189.          78.060005     0.48270112   1.7628659 ]
 [190.          78.08001      0.30331126   1.7664684 ]
 [191.          78.32         1.2617443    1.7709366 ]
 [192.          77.86         0.90719366   1.7741092 ]
 [193.          78.46001      0.72318953   1.7792009 ]
 [194.          77.86         0.5941378    1.7856553 ]
 [195.          78.44         0.7797462    1.7913653 ]
 [196.          78.14         0.42778358   1.7954048 ]
 [197.          78.46         0.4827017    1.801329  ]
 [198.          78.020004     0.7362085    1.8063338 ]
 [199.          78.46         0.5029909    1.8104957 ]
 [200.          78.64001      0.9289805    1.8161271 ]]
The best results: 
Epoch: 184  78.70±0.49  1.737s
--------------- Train Done! ----------------
--------------- Save Done! ----------------
