Using cuda:0 device
Dataset     :Pubmed
Epochs      :200
LR X_s      :0.01
Learn A_s   :0
LR A_s      :0.01
Conden ratio:0.5
Ridge       :5.0
Kernel      :SGNK
k           :1
L           :1
Seed        :5
The 1th Iteration:
--------------------------------------------------
The 2th Iteration:
--------------------------------------------------
The 3th Iteration:
--------------------------------------------------
The 4th Iteration:
--------------------------------------------------
The 5th Iteration:
--------------------------------------------------
[[  1.          34.760002    10.748163     0.45546457]
 [  2.          35.940002    10.922362     0.46619067]
 [  3.          37.54        11.727233     0.4746979 ]
 [  4.          39.579998    12.6240635    0.4856471 ]
 [  5.          41.420002    13.479317     0.4952999 ]
 [  6.          43.28        14.355556     0.5040387 ]
 [  7.          44.84        15.286694     0.51829016]
 [  8.          46.48        16.112944     0.5308532 ]
 [  9.          47.78        16.948658     0.5442235 ]
 [ 10.          49.04        17.5038       0.5551145 ]
 [ 11.          50.18        17.901033     0.5641977 ]
 [ 12.          51.280006    17.798513     0.57949513]
 [ 13.          52.3         17.466396     0.5899361 ]
 [ 14.          53.3         16.480597     0.59969383]
 [ 15.          54.4         15.316168     0.60978734]
 [ 16.          55.919994    14.177341     0.61888355]
 [ 17.          56.88        13.038482     0.62674457]
 [ 18.          57.9         11.536246     0.6362412 ]
 [ 19.          59.180004    10.589004     0.6451143 ]
 [ 20.          59.940002     9.751563     0.65211743]
 [ 21.          61.           8.785499     0.6582316 ]
 [ 22.          61.820004     8.28746      0.66336167]
 [ 23.          62.340004     7.9854884    0.66783893]
 [ 24.          62.919994     7.4008117    0.6740355 ]
 [ 25.          63.540005     7.06739      0.68135244]
 [ 26.          63.96         6.5427833    0.6891031 ]
 [ 27.          64.56         5.9428954    0.70235366]
 [ 28.          64.920006     5.58856      0.71629095]
 [ 29.          65.159996     5.3561187    0.7305561 ]
 [ 30.          65.659996     5.114978     0.741838  ]
 [ 31.          65.98         4.904795     0.7538325 ]
 [ 32.          66.340004     4.7799597    0.76763844]
 [ 33.          66.58001      4.5240474    0.7779479 ]
 [ 34.          66.72         4.4330597    0.78971356]
 [ 35.          66.9          4.21426      0.8047517 ]
 [ 36.          67.04         4.096704     0.81950563]
 [ 37.          67.26         3.9934943    0.83093166]
 [ 38.          67.420006     3.8264859    0.8367862 ]
 [ 39.          67.84         3.3930798    0.8421244 ]
 [ 40.          67.96         3.4004395    0.8495944 ]
 [ 41.          68.12         3.3048449    0.85629237]
 [ 42.          68.200005     3.355591     0.8631636 ]
 [ 43.          68.36         3.1548364    0.8735871 ]
 [ 44.          68.520004     3.0177832    0.88286155]
 [ 45.          68.86         2.9202735    0.89453715]
 [ 46.          68.920006     2.8525422    0.9050242 ]
 [ 47.          69.08         2.6432922    0.91704637]
 [ 48.          69.26         2.605378     0.92887133]
 [ 49.          69.6          2.605763     0.94436514]
 [ 50.          69.78         2.5193267    0.95576   ]
 [ 51.          69.82         2.3381605    0.9684149 ]
 [ 52.          70.           2.228228     0.9834137 ]
 [ 53.          70.3          2.1365852    0.9928743 ]
 [ 54.          70.36001      2.023118     0.99744797]
 [ 55.          70.5          1.9287312    1.0055571 ]
 [ 56.          70.8          1.8152133    1.0115101 ]
 [ 57.          71.           1.7073373    1.0195498 ]
 [ 58.          71.           1.5475786    1.0327066 ]
 [ 59.          71.200005     1.544346     1.0377983 ]
 [ 60.          71.36001      1.5404576    1.0472699 ]
 [ 61.          71.46001      1.4791894    1.0585321 ]
 [ 62.          71.54         1.3334153    1.0712485 ]
 [ 63.          71.56         1.3296624    1.0856943 ]
 [ 64.          71.54         1.1717498    1.0922632 ]
 [ 65.          71.44         1.0784248    1.1036981 ]
 [ 66.          71.6          1.1532544    1.1152756 ]
 [ 67.          71.64001      1.045465     1.1236228 ]
 [ 68.          71.66         1.0406723    1.1305811 ]
 [ 69.          71.76         0.94498694   1.1374782 ]
 [ 70.          71.840004     0.8414257    1.1435902 ]
 [ 71.          71.94         0.853228     1.1502452 ]
 [ 72.          72.02001      0.6797057    1.1561955 ]
 [ 73.          72.08001      0.6534513    1.1621708 ]
 [ 74.          72.1          0.66332287   1.1692276 ]
 [ 75.          72.159996     0.6268957    1.1767123 ]
 [ 76.          72.04         0.55497795   1.1839764 ]
 [ 77.          71.98         0.6016628    1.1893749 ]
 [ 78.          71.840004     0.7300691    1.1981243 ]
 [ 79.          71.8          0.5000008    1.207169  ]
 [ 80.          71.740005     0.33615667   1.2188376 ]
 [ 81.          71.68         0.45497414   1.2295929 ]
 [ 82.          71.659996     0.38470817   1.2427038 ]
 [ 83.          71.4          0.25495133   1.2533206 ]
 [ 84.          71.18         0.34205094   1.2653643 ]
 [ 85.          71.18         0.33466193   1.2742096 ]
 [ 86.          71.08001      0.38340712   1.2878255 ]
 [ 87.          71.14001      0.3974929    1.2977307 ]
 [ 88.          71.08         0.37682983   1.3044146 ]
 [ 89.          70.98         0.37682676   1.3100355 ]
 [ 90.          70.94         0.30495664   1.3244988 ]
 [ 91.          70.86         0.49295184   1.3315941 ]
 [ 92.          70.82         0.6058033    1.3417008 ]
 [ 93.          70.92         0.45497268   1.3520912 ]
 [ 94.          71.           0.6164429    1.3595375 ]
 [ 95.          70.94         0.45606923   1.3677632 ]
 [ 96.          71.           0.48476833   1.3778363 ]
 [ 97.          70.939995     0.5504556    1.3887433 ]
 [ 98.          71.08         0.3962286    1.3990568 ]
 [ 99.          71.1          0.41832954   1.4099188 ]
 [100.          71.14001      0.55497766   1.4190102 ]
 [101.          71.340004     0.30495846   1.4320844 ]
 [102.          71.22         0.67601776   1.4395573 ]
 [103.          71.78001      0.87005895   1.4476355 ]
 [104.          70.98         0.9833615    1.4580796 ]
 [105.          72.32         1.160603     1.4631222 ]
 [106.          71.240005     2.1651752    1.470542  ]
 [107.          72.68         1.5865041    1.4773502 ]
 [108.          71.46001      1.7008817    1.4848198 ]
 [109.          72.4          1.3892486    1.491984  ]
 [110.          72.36         1.8187914    1.4984288 ]
 [111.          71.84         2.7808273    1.5063765 ]
 [112.          73.3          2.342008     1.5170387 ]
 [113.          73.54         3.3328674    1.5291007 ]
 [114.          67.9          5.615157     1.5400447 ]
 [115.          73.94         3.3388646    1.5514412 ]
 [116.          66.22         6.8554363    1.5669688 ]
 [117.          70.68         7.3035603    1.5792245 ]
 [118.          70.21999      5.756038     1.5896978 ]
 [119.          65.72         6.648085     1.6023076 ]
 [120.          71.880005     5.044007     1.6148503 ]
 [121.          69.28001      9.882663     1.6236836 ]
 [122.          65.84         8.045992     1.6350374 ]
 [123.          71.159996     2.756447     1.6436062 ]
 [124.          69.94         5.3341346    1.6557074 ]
 [125.          57.440002     7.289582     1.6652592 ]
 [126.          64.28         9.499315     1.6780809 ]
 [127.          71.02         5.573328     1.6873404 ]
 [128.          72.06         4.8112364    1.6987978 ]
 [129.          74.72         1.2132598    1.7116543 ]
 [130.          66.3          6.9372177    1.7193378 ]
 [131.          64.020004    10.573882     1.7311745 ]
 [132.          67.54         7.275163     1.7411404 ]
 [133.          71.21999      6.4356046    1.7516984 ]
 [134.          68.920006     7.307324     1.7627112 ]
 [135.          68.920006     6.920042     1.7773417 ]
 [136.          61.239998    18.504402     1.7873207 ]
 [137.          65.22         7.0083513    1.7994909 ]
 [138.          67.4          7.6697474    1.8077248 ]
 [139.          68.38         8.707009     1.8147866 ]
 [140.          71.8          1.7832549    1.8221406 ]
 [141.          71.740005     1.6801797    1.8296452 ]
 [142.          72.159996     1.9359766    1.8364464 ]
 [143.          72.96         1.3813043    1.8430818 ]
 [144.          73.76         1.3740487    1.8502439 ]
 [145.          74.14001      1.7529979    1.8589445 ]
 [146.          74.12         1.6649338    1.8672568 ]
 [147.          74.21999      1.3065231    1.8750954 ]
 [148.          74.12         0.46043578   1.8833462 ]
 [149.          70.86001     10.288978     1.8911413 ]
 [150.          71.76         8.630352     1.8991276 ]
 [151.          72.62001      5.2827106    1.9056647 ]
 [152.          69.76         9.473281     1.91257   ]
 [153.          71.98         5.5549088    1.920845  ]
 [154.          74.840004     2.0875828    1.9321454 ]
 [155.          73.64001      1.8433677    1.9410537 ]
 [156.          68.18001     11.668633     1.9464626 ]
 [157.          71.21999      5.802326     1.9516795 ]
 [158.          71.340004     5.9981694    1.9592593 ]
 [159.          72.1          5.628944     1.966792  ]
 [160.          67.1         10.980664     1.974602  ]
 [161.          69.14001      6.578984     1.9838289 ]
 [162.          68.32         6.231935     1.9882857 ]
 [163.          67.4          9.11674      1.9938341 ]
 [164.          67.4         10.482606     1.9984843 ]
 [165.          67.48        10.56939      2.002954  ]
 [166.          68.06        10.299175     2.0101223 ]
 [167.          68.240005     9.776656     2.0185163 ]
 [168.          68.66         9.531686     2.0249786 ]
 [169.          69.380005     9.898839     2.0326145 ]
 [170.          69.72         9.819726     2.041703  ]
 [171.          69.48         9.269953     2.0492504 ]
 [172.          66.38        10.466708     2.0547945 ]
 [173.          64.76        12.998194     2.062029  ]
 [174.          68.740005     8.435225     2.0697765 ]
 [175.          69.020004     8.421817     2.0798018 ]
 [176.          69.1          8.477323     2.087598  ]
 [177.          69.52         8.566914     2.098027  ]
 [178.          69.9          7.935995     2.1061926 ]
 [179.          69.8          7.5594316    2.1184335 ]
 [180.          67.46         7.6995444    2.124559  ]
 [181.          64.52        12.611185     2.1353426 ]
 [182.          65.14001     12.232867     2.143319  ]
 [183.          65.740005    11.688369     2.1494002 ]
 [184.          66.12        11.560363     2.1544435 ]
 [185.          66.4         11.0428705    2.1599796 ]
 [186.          66.62        10.886783     2.168704  ]
 [187.          66.82        10.616825     2.1781154 ]
 [188.          66.9         10.448686     2.187643  ]
 [189.          67.06        10.284843     2.197265  ]
 [190.          67.32        10.137406     2.2087061 ]
 [191.          67.3         10.059323     2.2199616 ]
 [192.          67.44         9.957058     2.227489  ]
 [193.          67.71999      9.855303     2.2342033 ]
 [194.          67.86         9.762838     2.241104  ]
 [195.          68.08001      9.789384     2.2523744 ]
 [196.          67.82         9.300912     2.2600777 ]
 [197.          66.920006     8.586735     2.2677212 ]
 [198.          63.5         10.13484      2.2761457 ]
 [199.          62.920002    11.208121     2.283964  ]
 [200.          63.480007    10.5845175    2.2929733 ]]
The best results: 
Epoch: 154  74.84±2.09  1.932s
--------------- Train Done! ----------------
--------------- Save Done! ----------------
