Using cuda:0 device
Dataset     :Pubmed
Epochs      :200
LR X_s      :0.01
Learn A_s   :0
LR A_s      :0.01
Conden ratio:0.5
Ridge       :0.1
Kernel      :SNTK
k           :2
L           :1
Seed        :5
The 1th Iteration:
--------------------------------------------------
The 2th Iteration:
--------------------------------------------------
The 3th Iteration:
--------------------------------------------------
The 4th Iteration:
--------------------------------------------------
The 5th Iteration:
--------------------------------------------------
[[  1.          39.76         6.920477     0.35301882]
 [  2.          42.859997     7.731301     0.38284442]
 [  3.          43.100002     8.675252     0.4123574 ]
 [  4.          43.160004     9.300699     0.43843517]
 [  5.          42.64         9.336112     0.47322002]
 [  6.          42.38         9.444153     0.508716  ]
 [  7.          42.640003     9.780236     0.5423352 ]
 [  8.          42.72         9.949471     0.57542855]
 [  9.          42.500004     9.92925      0.6114527 ]
 [ 10.          42.719997     9.923307     0.6466087 ]
 [ 11.          42.559998     9.581649     0.68741035]
 [ 12.          42.66         9.217809     0.72619313]
 [ 13.          42.760002     8.96231      0.7609383 ]
 [ 14.          43.100002     8.363911     0.7969338 ]
 [ 15.          43.24         8.206583     0.83062375]
 [ 16.          43.340004     8.383495     0.86264145]
 [ 17.          43.26         8.331745     0.89828014]
 [ 18.          43.420002     8.13185      0.9340605 ]
 [ 19.          43.559998     8.03013      0.9741497 ]
 [ 20.          43.56         8.102036     1.0093774 ]
 [ 21.          43.6          7.9053783    1.0435877 ]
 [ 22.          44.02         7.774124     1.0728106 ]
 [ 23.          44.260002     7.6949987    1.1055746 ]
 [ 24.          44.82         7.5509605    1.132705  ]
 [ 25.          44.84         7.409656     1.1650002 ]
 [ 26.          45.300003     7.15367      1.1976174 ]
 [ 27.          45.600002     7.1253066    1.2291082 ]
 [ 28.          45.920002     6.8547063    1.2562377 ]
 [ 29.          46.48         6.6807184    1.2860911 ]
 [ 30.          47.100002     6.7014923    1.3141435 ]
 [ 31.          47.74         6.393982     1.3465037 ]
 [ 32.          48.48         5.875969     1.3816563 ]
 [ 33.          49.2          5.6519904    1.4126877 ]
 [ 34.          49.719997     5.511534     1.4458468 ]
 [ 35.          50.58         5.3298216    1.4792323 ]
 [ 36.          51.26         5.247189     1.5092522 ]
 [ 37.          51.920002     5.06083      1.5434878 ]
 [ 38.          52.600002     4.840971     1.5830824 ]
 [ 39.          53.340004     4.8133144    1.6165192 ]
 [ 40.          54.16         4.614434     1.6506957 ]
 [ 41.          54.680004     4.326893     1.6862456 ]
 [ 42.          55.359997     3.994747     1.7242031 ]
 [ 43.          55.940002     4.03584      1.762791  ]
 [ 44.          56.5          4.058325     1.7987101 ]
 [ 45.          57.16         3.944997     1.8359311 ]
 [ 46.          57.78         3.7659001    1.8698031 ]
 [ 47.          58.519997     3.6030543    1.907709  ]
 [ 48.          59.119995     3.4061708    1.948963  ]
 [ 49.          59.920002     3.1451542    1.9861952 ]
 [ 50.          60.52         3.067084     2.0142574 ]
 [ 51.          61.02         3.0392425    2.0440595 ]
 [ 52.          61.559998     2.9644558    2.0735662 ]
 [ 53.          62.22         2.6051855    2.1057544 ]
 [ 54.          62.859997     2.3849516    2.135222  ]
 [ 55.          63.5          2.3526576    2.1674407 ]
 [ 56.          64.08         2.2443247    2.19149   ]
 [ 57.          64.44         2.1663342    2.223292  ]
 [ 58.          65.04         2.3681204    2.253123  ]
 [ 59.          65.58         2.344566     2.2816353 ]
 [ 60.          66.18         2.6147656    2.3145494 ]
 [ 61.          66.659996     2.6025004    2.347401  ]
 [ 62.          67.66         2.658569     2.3811932 ]
 [ 63.          67.94         2.7564454    2.4190261 ]
 [ 64.          68.3          2.6767483    2.4515176 ]
 [ 65.          68.659996     2.5744915    2.4831312 ]
 [ 66.          69.08001      2.6966653    2.5133762 ]
 [ 67.          69.56         2.545192     2.5473263 ]
 [ 68.          69.71999      2.548923     2.5856435 ]
 [ 69.          70.200005     2.4361842    2.6208522 ]
 [ 70.          70.5          2.461706     2.660154  ]
 [ 71.          70.88         2.4641435    2.699567  ]
 [ 72.          71.020004     2.481331     2.739329  ]
 [ 73.          71.36         2.3415833    2.7774112 ]
 [ 74.          71.36         2.2434323    2.8209844 ]
 [ 75.          71.6          2.3043416    2.8625124 ]
 [ 76.          71.740005     2.2345026    2.9021657 ]
 [ 77.          72.020004     2.3752892    2.9367375 ]
 [ 78.          72.18         2.4118462    2.97206   ]
 [ 79.          72.36001      2.4254906    3.0071938 ]
 [ 80.          72.6          2.564176     3.0366848 ]
 [ 81.          72.76         2.6538653    3.0625498 ]
 [ 82.          72.880005     2.5351517    3.0917535 ]
 [ 83.          72.96         2.4521394    3.120428  ]
 [ 84.          73.12         2.311279     3.1492727 ]
 [ 85.          73.08001      2.6724508    3.1828456 ]
 [ 86.          73.28         2.8331926    3.2111351 ]
 [ 87.          73.340004     2.8840926    3.238961  ]
 [ 88.          73.240005     3.129376     3.2710369 ]
 [ 89.          73.240005     3.1245792    3.299421  ]
 [ 90.          73.020004     3.2329543    3.3286774 ]
 [ 91.          73.04         3.3560407    3.3593087 ]
 [ 92.          73.119995     3.4535491    3.3915741 ]
 [ 93.          73.1          3.527747     3.4258118 ]
 [ 94.          72.880005     3.5180967    3.4592285 ]
 [ 95.          73.32         3.5981956    3.4914818 ]
 [ 96.          73.04         3.5359576    3.527807  ]
 [ 97.          73.06         3.6977048    3.5663764 ]
 [ 98.          73.18001      3.3640747    3.605997  ]
 [ 99.          72.98         3.59889      3.6502633 ]
 [100.          73.36001      3.9373832    3.6876104 ]
 [101.          73.340004     3.7726653    3.7278912 ]
 [102.          73.18001      4.1829424    3.771921  ]
 [103.          74.02         3.5604782    3.8142865 ]
 [104.          73.58         4.3740125    3.85476   ]
 [105.          74.86         2.9568558    3.894947  ]
 [106.          74.3          3.0683877    3.9244606 ]
 [107.          74.5          3.9667382    3.9591138 ]
 [108.          75.68         1.6634314    3.9893754 ]
 [109.          75.18         2.6789932    4.023742  ]
 [110.          72.6          5.614269     4.0570474 ]
 [111.          75.06         5.9914947    4.088882  ]
 [112.          67.1          8.963818     4.120533  ]
 [113.          70.86         5.959697     4.1561923 ]
 [114.          70.98         6.061106     4.1877694 ]
 [115.          63.66         9.52276      4.218789  ]
 [116.          75.200005     1.8124555    4.2512283 ]
 [117.          77.04         1.3594112    4.282485  ]
 [118.          73.42         2.9617553    4.308539  ]
 [119.          72.200005     6.823122     4.3398395 ]
 [120.          64.82        12.031917     4.3718753 ]
 [121.          64.920006    10.625771     4.403842  ]
 [122.          65.92        12.107515     4.4341125 ]
 [123.          70.62         6.882369     4.4693303 ]
 [124.          73.76         2.3212075    4.5030074 ]
 [125.          75.740005     1.342759     4.536901  ]
 [126.          71.76         5.391011     4.5728745 ]
 [127.          72.64001      4.1392035    4.6134925 ]
 [128.          70.119995    11.564255     4.652704  ]
 [129.          74.98         3.9315383    4.6909685 ]
 [130.          76.76         1.0737766    4.731849  ]
 [131.          76.82         0.985899     4.7723575 ]
 [132.          75.77999      1.933136     4.8073206 ]
 [133.          74.560005     2.5793388    4.8434596 ]
 [134.          74.26         4.0771303    4.886046  ]
 [135.          74.6          2.70832      4.9226546 ]
 [136.          71.          10.40865      4.957303  ]
 [137.          70.240005    13.393023     4.989255  ]
 [138.          75.94         3.119775     5.0193706 ]
 [139.          75.96         1.9398446    5.049792  ]
 [140.          72.9          8.464632     5.084254  ]
 [141.          74.700005     4.0031233    5.11625   ]
 [142.          74.02         4.8894796    5.143593  ]
 [143.          75.4          2.9597278    5.175633  ]
 [144.          76.200005     2.1714075    5.2053423 ]
 [145.          71.68001     11.571388     5.2352033 ]
 [146.          73.520004     7.8706436    5.2634935 ]
 [147.          68.840004    10.278766     5.29634   ]
 [148.          65.840004     9.135261     5.328091  ]
 [149.          68.119995     8.03536      5.3626056 ]
 [150.          70.619995    10.535035     5.4003386 ]
 [151.          71.46        10.175854     5.4362955 ]
 [152.          73.36         7.2717276    5.4740925 ]
 [153.          73.5          4.229657     5.5123286 ]
 [154.          74.520004     2.2971716    5.5517764 ]
 [155.          75.06         2.112583     5.5899215 ]
 [156.          75.22         2.9911542    5.6334224 ]
 [157.          75.           2.8442926    5.6699305 ]
 [158.          73.82         2.120613     5.7009645 ]
 [159.          70.38         9.033936     5.7352786 ]
 [160.          70.619995     8.764244     5.771037  ]
 [161.          71.3          7.718483     5.809504  ]
 [162.          75.200005     1.6462088    5.8453293 ]
 [163.          75.64001      1.4791901    5.8793197 ]
 [164.          75.340004     1.9320948    5.918123  ]
 [165.          72.14001      4.9394317    5.9498086 ]
 [166.          72.32         5.5603056    5.9865937 ]
 [167.          68.56        14.524565     6.0255775 ]
 [168.          70.62        10.453565     6.0616007 ]
 [169.          71.26        10.555707     6.0929275 ]
 [170.          72.420006     8.302832     6.12779   ]
 [171.          73.119995     6.8379107    6.156879  ]
 [172.          73.64001      6.402187     6.1834364 ]
 [173.          73.9          5.8107686    6.2137322 ]
 [174.          74.1          5.7070127    6.239205  ]
 [175.          74.68001      5.971766     6.2711825 ]
 [176.          74.38         6.2551575    6.296592  ]
 [177.          74.200005     6.6471806    6.3255763 ]
 [178.          74.1          7.096477     6.3559847 ]
 [179.          74.22         7.659441     6.389175  ]
 [180.          74.06         7.999562     6.4265437 ]
 [181.          72.78001      7.778946     6.4602942 ]
 [182.          70.           8.040833     6.4985566 ]
 [183.          65.76        11.303006     6.534463  ]
 [184.          70.52         9.084435     6.5668597 ]
 [185.          72.12         8.591682     6.603824  ]
 [186.          72.56         8.032001     6.6415834 ]
 [187.          72.58         8.045618     6.678273  ]
 [188.          73.04         7.9027176    6.7128105 ]
 [189.          73.46001      7.6617885    6.745579  ]
 [190.          69.939995     9.811883     6.7806864 ]
 [191.          69.56         9.949019     6.813811  ]
 [192.          70.740005     8.121453     6.8477015 ]
 [193.          72.76         6.8083043    6.87907   ]
 [194.          69.44        10.068912     6.912277  ]
 [195.          70.28         7.619187     6.9436836 ]
 [196.          65.86        15.211444     6.9692383 ]
 [197.          71.21999      7.196319     6.9960794 ]
 [198.          72.96         5.882432     7.0265427 ]
 [199.          74.21999      6.354289     7.0565047 ]
 [200.          72.86         5.8380656    7.082906  ]]
The best results: 
Epoch: 117  77.04±1.36  4.282s
--------------- Train Done! ----------------
