Using cuda:0 device
Dataset     :Pubmed
Epochs      :200
LR X_s      :0.01
Learn A_s   :1
LR A_s      :0.01
Conden ratio:0.5
Ridge       :10.0
Kernel      :SGNK
k           :2
L           :1
Seed        :5
The 1th Iteration:
--------------------------------------------------
The 2th Iteration:
--------------------------------------------------
The 3th Iteration:
--------------------------------------------------
The 4th Iteration:
--------------------------------------------------
The 5th Iteration:
--------------------------------------------------
[[  1.          31.74        12.5452385    0.2548038 ]
 [  2.          31.74        12.5452385    0.2594138 ]
 [  3.          31.74        12.5452385    0.26482   ]
 [  4.          22.539999    10.15175      0.2692039 ]
 [  5.          22.539999    10.15175      0.27356872]
 [  6.          22.539999    10.15175      0.27836385]
 [  7.          18.           0.           0.2829195 ]
 [  8.          18.           0.           0.2874855 ]
 [  9.          18.           0.           0.29200393]
 [ 10.          18.           0.           0.29652688]
 [ 11.          18.           0.           0.3010802 ]
 [ 12.          18.           0.           0.3055081 ]
 [ 13.          18.           0.           0.31316304]
 [ 14.          18.           0.           0.31844226]
 [ 15.          18.           0.           0.3241487 ]
 [ 16.          18.           0.           0.3299144 ]
 [ 17.          18.           0.           0.33617893]
 [ 18.          18.           0.           0.341664  ]
 [ 19.          18.           0.           0.34701666]
 [ 20.          18.           0.           0.3519682 ]
 [ 21.          18.           0.           0.35716692]
 [ 22.          18.           0.           0.3619578 ]
 [ 23.          18.           0.           0.36669445]
 [ 24.          18.           0.           0.37178546]
 [ 25.          18.           0.           0.37641072]
 [ 26.          18.           0.           0.38093144]
 [ 27.          18.           0.           0.38561335]
 [ 28.          18.           0.           0.3902966 ]
 [ 29.          18.           0.           0.39534503]
 [ 30.          18.           0.           0.40054128]
 [ 31.          18.           0.           0.40532643]
 [ 32.          18.           0.           0.41015434]
 [ 33.          18.           0.           0.41568595]
 [ 34.          18.           0.           0.42006263]
 [ 35.          18.           0.           0.4245607 ]
 [ 36.          18.           0.           0.4290207 ]
 [ 37.          18.           0.           0.43441793]
 [ 38.          18.           0.           0.43901834]
 [ 39.          18.           0.           0.44397077]
 [ 40.          18.           0.           0.4487477 ]
 [ 41.          18.           0.           0.4535895 ]
 [ 42.          18.           0.           0.45810357]
 [ 43.          18.           0.           0.46322042]
 [ 44.          18.           0.           0.4687408 ]
 [ 45.          18.           0.           0.47333914]
 [ 46.          18.           0.           0.47825232]
 [ 47.          18.           0.           0.48348638]
 [ 48.          18.           0.           0.4896679 ]
 [ 49.          18.           0.           0.49550557]
 [ 50.          18.           0.           0.49996278]
 [ 51.          18.           0.           0.50516576]
 [ 52.          18.           0.           0.509785  ]
 [ 53.          18.           0.           0.5148521 ]
 [ 54.          18.           0.           0.51940143]
 [ 55.          18.           0.           0.5245146 ]
 [ 56.          18.           0.           0.5305373 ]
 [ 57.          18.           0.           0.5358467 ]
 [ 58.          18.02         0.04472121   0.5407889 ]
 [ 59.          18.14         0.31304988   0.5460705 ]
 [ 60.          18.7          1.5652474    0.5515577 ]
 [ 61.          19.4          3.1304953    0.55699843]
 [ 62.          20.9          6.484597     0.5631589 ]
 [ 63.          21.42         7.6473513    0.5680658 ]
 [ 64.          22.28         8.855337     0.57311016]
 [ 65.          23.539999    10.021876     0.57897526]
 [ 66.          25.52        10.731123     0.5853408 ]
 [ 67.          28.4         10.484513     0.59017134]
 [ 68.          31.7         10.338521     0.5959331 ]
 [ 69.          34.36        10.303543     0.6025116 ]
 [ 70.          35.9         10.374729     0.60831445]
 [ 71.          37.18        10.1772785    0.6130595 ]
 [ 72.          38.64         8.160454     0.61822444]
 [ 73.          40.4          5.928745     0.6233477 ]
 [ 74.          40.960003     4.873191     0.6293275 ]
 [ 75.          41.760002     4.549505     0.6342669 ]
 [ 76.          41.24         4.7689643    0.6391267 ]
 [ 77.          40.18         5.910752     0.64463025]
 [ 78.          39.600002     5.8978815    0.6496195 ]
 [ 79.          38.78         5.2684903    0.6553411 ]
 [ 80.          38.28         4.6863637    0.66044974]
 [ 81.          37.3          5.011487     0.66557586]
 [ 82.          36.18         5.156743     0.67130965]
 [ 83.          36.04         4.828354     0.67760104]
 [ 84.          36.760002     4.1686926    0.6836503 ]
 [ 85.          37.540005     3.6800816    0.6893148 ]
 [ 86.          38.420002     3.4186258    0.69497865]
 [ 87.          39.920002     4.1172814    0.7017207 ]
 [ 88.          40.98         5.3899918    0.70968926]
 [ 89.          42.28         6.1933026    0.7155196 ]
 [ 90.          43.36         6.634982     0.7210074 ]
 [ 91.          44.06         6.5485106    0.7255882 ]
 [ 92.          44.54         5.366377     0.7303246 ]
 [ 93.          44.94         4.9115167    0.73581713]
 [ 94.          45.260002     4.056846     0.740357  ]
 [ 95.          45.3          3.8425257    0.7448959 ]
 [ 96.          45.760006     3.677364     0.7494456 ]
 [ 97.          46.5          4.793227     0.75399196]
 [ 98.          47.26         5.538322     0.7586038 ]
 [ 99.          47.7          6.081941     0.76335853]
 [100.          48.359997     7.0269465    0.76804113]
 [101.          48.960003     6.3374276    0.77266484]
 [102.          49.38         6.0849795    0.77735144]
 [103.          49.320004     5.3634872    0.78247195]
 [104.          49.28         4.537841     0.787584  ]
 [105.          49.56         5.3200555    0.79424804]
 [106.          50.100002     6.3549185    0.799112  ]
 [107.          51.14         6.9460783    0.8042412 ]
 [108.          51.22         6.973306     0.80948776]
 [109.          51.380005     7.0414486    0.81400126]
 [110.          52.440002     7.247967     0.8205164 ]
 [111.          52.160004     6.785867     0.8250685 ]
 [112.          52.040005     6.4271307    0.8298546 ]
 [113.          52.600002     5.835238     0.8348036 ]
 [114.          53.559998     5.592226     0.8393896 ]
 [115.          53.640003     6.0089917    0.844007  ]
 [116.          54.079998     5.7355914    0.8494936 ]
 [117.          54.96         6.23081      0.8549256 ]
 [118.          55.859997     7.2940397    0.8594713 ]
 [119.          57.24         8.669082     0.865105  ]
 [120.          57.46         8.667928     0.871044  ]
 [121.          56.540005     7.673851     0.87624454]
 [122.          56.4          6.438166     0.8805901 ]
 [123.          56.519997     5.570188     0.88502294]
 [124.          57.7          5.902962     0.88985676]
 [125.          57.74         6.929864     0.8944351 ]
 [126.          58.96         7.1297264    0.89907545]
 [127.          58.620003     7.4861197    0.9034874 ]
 [128.          58.579998     5.992663     0.9078714 ]
 [129.          57.019997     6.1255193    0.9122669 ]
 [130.          57.02         7.1471667    0.91667616]
 [131.          57.76         8.210846     0.9221212 ]
 [132.          59.48         6.649211     0.92746943]
 [133.          60.880005     6.915348     0.93206996]
 [134.          60.880005     7.5872955    0.93711853]
 [135.          60.2          7.3664765    0.94422466]
 [136.          58.079998     7.060594     0.94890785]
 [137.          55.9          5.7493505    0.9533059 ]
 [138.          57.040005     5.3612504    0.9577694 ]
 [139.          58.4          5.6311636    0.9622612 ]
 [140.          59.380005     5.6539392    0.966722  ]
 [141.          60.859997     6.3101506    0.9710663 ]
 [142.          61.5          5.2834654    0.97737354]
 [143.          60.480007     4.6980834    0.9819887 ]
 [144.          60.559998     2.9871383    0.9873673 ]
 [145.          60.119995     3.632079     0.99320024]
 [146.          60.780006     4.9007134    0.99851125]
 [147.          62.619995     6.121029     1.0039988 ]
 [148.          62.840004     6.3978915    1.010106  ]
 [149.          63.28         6.287446     1.0145676 ]
 [150.          63.4          5.8227997    1.0192295 ]
 [151.          62.26         5.4857087    1.0234749 ]
 [152.          61.8          5.5520263    1.0274394 ]
 [153.          61.24         6.0293455    1.031462  ]
 [154.          62.040005     6.59113      1.0354652 ]
 [155.          62.3          6.8894835    1.0394057 ]
 [156.          62.640003     7.222049     1.0434483 ]
 [157.          63.2          6.6659603    1.047768  ]
 [158.          64.22         5.52965      1.0519446 ]
 [159.          63.98         4.347066     1.0562054 ]
 [160.          64.24         4.2594595    1.0604889 ]
 [161.          64.58         4.2909207    1.0648459 ]
 [162.          65.54         6.1051607    1.0693702 ]
 [163.          66.18         6.518973     1.0737472 ]
 [164.          65.82         5.5755706    1.0781327 ]
 [165.          65.04         5.99066      1.0825579 ]
 [166.          63.940002     6.0500417    1.0879349 ]
 [167.          62.9          6.8245883    1.0933659 ]
 [168.          62.52         6.4153724    1.0980531 ]
 [169.          63.940002     5.08655      1.1025724 ]
 [170.          65.42         5.711565     1.1084257 ]
 [171.          65.9          6.534523     1.1139971 ]
 [172.          66.86         4.3844047    1.1190661 ]
 [173.          67.060005     4.4082894    1.123477  ]
 [174.          65.86001      6.0710793    1.1278719 ]
 [175.          64.380005     7.1886725    1.1335219 ]
 [176.          64.71999      7.0186896    1.1383463 ]
 [177.          65.420006     5.713756     1.1426486 ]
 [178.          65.92         4.04314      1.1472889 ]
 [179.          66.060005     3.5018578    1.1527957 ]
 [180.          66.060005     4.1506634    1.157395  ]
 [181.          66.56         3.658278     1.1617578 ]
 [182.          66.76         3.414382     1.1661433 ]
 [183.          66.840004     3.5948567    1.17057   ]
 [184.          66.8          5.4548125    1.1756699 ]
 [185.          66.200005     5.944325     1.1801449 ]
 [186.          66.18001      5.9073687    1.1845216 ]
 [187.          66.6          4.614109     1.1898396 ]
 [188.          66.68         4.6137853    1.1944379 ]
 [189.          66.84         3.9246657    1.1990496 ]
 [190.          66.28         3.8460362    1.2042669 ]
 [191.          66.159996     4.0611563    1.208864  ]
 [192.          66.48         4.4195013    1.2140992 ]
 [193.          67.78         3.3862932    1.2187805 ]
 [194.          68.1          4.0969505    1.224109  ]
 [195.          67.54         5.2194834    1.2290657 ]
 [196.          67.04         5.7465634    1.234883  ]
 [197.          66.58001      5.449039     1.2411917 ]
 [198.          67.26         5.5378695    1.2459829 ]
 [199.          67.18         5.2665915    1.2510372 ]
 [200.          67.48         4.940343     1.2556155 ]]
The best results: 
Epoch: 194  68.10±4.10  1.224s
--------------- Train Done! ----------------
