Using cuda:0 device
Dataset     :Pubmed
Epochs      :200
LR X_s      :0.01
Learn A_s   :1
LR A_s      :0.01
Conden ratio:0.25
Ridge       :1.0
Kernel      :SGNK
k           :2
L           :1
Seed        :5
The 1th Iteration:
--------------------------------------------------
The 2th Iteration:
--------------------------------------------------
The 3th Iteration:
--------------------------------------------------
The 4th Iteration:
--------------------------------------------------
The 5th Iteration:
--------------------------------------------------
[[  1.          22.64        10.375356     0.27514535]
 [  2.          22.72        10.55424      0.27972794]
 [  3.          18.800001     1.7888545    0.28392026]
 [  4.          18.           0.           0.28826284]
 [  5.          18.           0.           0.29253206]
 [  6.          18.           0.           0.2967176 ]
 [  7.          18.           0.           0.3009371 ]
 [  8.          18.           0.           0.30518427]
 [  9.          18.           0.           0.30946308]
 [ 10.          18.           0.           0.313893  ]
 [ 11.          18.           0.           0.3184487 ]
 [ 12.          18.           0.           0.3233916 ]
 [ 13.          18.           0.           0.32787815]
 [ 14.          18.           0.           0.3327748 ]
 [ 15.          18.           0.           0.3376011 ]
 [ 16.          18.           0.           0.34155688]
 [ 17.          18.           0.           0.34603825]
 [ 18.          18.           0.           0.34971038]
 [ 19.          18.           0.           0.35390607]
 [ 20.          18.           0.           0.35754535]
 [ 21.          18.           0.           0.361075  ]
 [ 22.          18.           0.           0.36518842]
 [ 23.          18.           0.           0.3710795 ]
 [ 24.          18.           0.           0.37544283]
 [ 25.          18.           0.           0.3792405 ]
 [ 26.          18.           0.           0.38372573]
 [ 27.          18.           0.           0.38819152]
 [ 28.          18.           0.           0.39306504]
 [ 29.          18.           0.           0.39685914]
 [ 30.          18.           0.           0.40043488]
 [ 31.          18.           0.           0.40415835]
 [ 32.          18.           0.           0.40849003]
 [ 33.          18.           0.           0.41297683]
 [ 34.          18.           0.           0.41742012]
 [ 35.          18.           0.           0.42239103]
 [ 36.          18.           0.           0.42678872]
 [ 37.          18.           0.           0.43047163]
 [ 38.          18.           0.           0.4341013 ]
 [ 39.          18.           0.           0.43780896]
 [ 40.          18.           0.           0.44178796]
 [ 41.          18.           0.           0.44650403]
 [ 42.          18.           0.           0.45115516]
 [ 43.          18.02         0.04472139   0.45512524]
 [ 44.          18.12         0.26832846   0.4590387 ]
 [ 45.          18.380001     0.8497057    0.46305585]
 [ 46.          18.880001     1.9677398    0.4673638 ]
 [ 47.          19.4          3.1304953    0.47149378]
 [ 48.          19.880001     4.203808     0.47558376]
 [ 49.          20.660002     5.8367805    0.47974172]
 [ 50.          21.5          7.659635     0.4836792 ]
 [ 51.          21.62         7.7635045    0.48770285]
 [ 52.          22.300001     8.906178     0.49213162]
 [ 53.          22.94         9.558139     0.49611327]
 [ 54.          23.74        10.596132     0.49972278]
 [ 55.          24.660002    11.10036      0.5034624 ]
 [ 56.          25.42        11.672489     0.50732636]
 [ 57.          26.259998    12.573305     0.5111083 ]
 [ 58.          27.14        12.781353     0.51482886]
 [ 59.          28.4         12.490997     0.51900893]
 [ 60.          31.38        12.085404     0.52286166]
 [ 61.          33.74        10.702943     0.5270131 ]
 [ 62.          36.4          9.385094     0.53115433]
 [ 63.          40.280003     8.197073     0.53548926]
 [ 64.          43.7          7.5723186    0.5411064 ]
 [ 65.          48.02         6.5251055    0.5455048 ]
 [ 66.          51.120003     6.0738783    0.5497807 ]
 [ 67.          53.579998     6.334193     0.5543323 ]
 [ 68.          55.600002     5.764981     0.558755  ]
 [ 69.          57.48         5.920473     0.56344324]
 [ 70.          59.5          4.1587267    0.5681015 ]
 [ 71.          60.72         3.8790455    0.572648  ]
 [ 72.          61.540005     3.7660317    0.5773808 ]
 [ 73.          62.219997     3.6683776    0.58240056]
 [ 74.          61.600002     3.299242     0.5876655 ]
 [ 75.          62.18         3.2904391    0.5921897 ]
 [ 76.          62.3          3.232646     0.59766793]
 [ 77.          62.3          2.6162946    0.6023228 ]
 [ 78.          62.28         3.060554     0.6072189 ]
 [ 79.          62.3          4.912228     0.61188334]
 [ 80.          62.079998     5.7386394    0.61691326]
 [ 81.          64.82         2.1603224    0.62210053]
 [ 82.          65.26         2.1349483    0.62680227]
 [ 83.          65.36         2.1927161    0.6316845 ]
 [ 84.          65.98         2.3742368    0.63705826]
 [ 85.          67.32         2.4631264    0.6418911 ]
 [ 86.          67.72         2.407697     0.6462826 ]
 [ 87.          68.           2.305426     0.6511564 ]
 [ 88.          67.99999      1.7649345    0.65639454]
 [ 89.          67.74         2.381804     0.66085786]
 [ 90.          67.21999      3.2729168    0.66556466]
 [ 91.          65.67999      5.8729863    0.67067474]
 [ 92.          64.58         7.092391     0.6752805 ]
 [ 93.          63.8          7.465923     0.680087  ]
 [ 94.          66.020004     2.1182559    0.68441427]
 [ 95.          65.76         1.9603571    0.6891384 ]
 [ 96.          65.8          2.6334383    0.6939077 ]
 [ 97.          65.72         2.2807925    0.6988639 ]
 [ 98.          65.659996     2.3276608    0.7038862 ]
 [ 99.          64.840004     2.8684494    0.70897716]
 [100.          65.8          2.252775     0.7141551 ]
 [101.          65.42         3.4859712    0.7194487 ]
 [102.          65.48         4.2628627    0.72476286]
 [103.          64.76         6.178433     0.7295997 ]
 [104.          62.719997     9.873803     0.73505276]
 [105.          62.4         10.854261     0.7405461 ]
 [106.          64.44         6.4096026    0.7468569 ]
 [107.          62.66         8.899605     0.752959  ]
 [108.          62.320004    10.073084     0.7580763 ]
 [109.          62.320004    11.104142     0.762972  ]
 [110.          62.88        11.488123     0.7680561 ]
 [111.          65.22         8.118621     0.7731236 ]
 [112.          67.659996     3.9329393    0.7780417 ]
 [113.          68.240005     2.550099     0.78432256]
 [114.          69.06         2.354354     0.7891477 ]
 [115.          68.77999      3.1744294    0.79482406]
 [116.          68.340004     3.38349      0.7998446 ]
 [117.          68.14         3.328364     0.80539554]
 [118.          68.5          3.043026     0.8098509 ]
 [119.          67.9          3.77028      0.8153147 ]
 [120.          68.14001      3.86303      0.82005596]
 [121.          67.9          3.4785035    0.8248105 ]
 [122.          68.68         2.9811075    0.8298718 ]
 [123.          69.200005     3.099999     0.8348498 ]
 [124.          69.12         3.3944066    0.84089416]
 [125.          69.420006     3.4259331    0.8454835 ]
 [126.          69.32001      3.2337308    0.8499872 ]
 [127.          68.880005     2.9354768    0.8546185 ]
 [128.          69.5          3.2023423    0.8593203 ]
 [129.          68.86         4.5324397    0.86525726]
 [130.          69.68001      3.9436016    0.87137616]
 [131.          69.58001      4.0776234    0.8761875 ]
 [132.          69.32         3.7083685    0.8810951 ]
 [133.          68.86         3.8455164    0.88656694]
 [134.          68.28001      2.9046516    0.89142495]
 [135.          66.98         3.9562604    0.8959527 ]
 [136.          65.9          5.5668664    0.9003126 ]
 [137.          65.4          8.718658     0.9051241 ]
 [138.          65.659996     8.0005       0.9094154 ]
 [139.          66.46001      6.6763015    0.91369516]
 [140.          68.200005     3.7027023    0.9179492 ]
 [141.          68.88         2.6262152    0.9219335 ]
 [142.          69.26         2.4223957    0.9258211 ]
 [143.          69.14001      3.2585278    0.9298319 ]
 [144.          69.28001      3.200311     0.9339655 ]
 [145.          69.48         3.1188118    0.9379409 ]
 [146.          68.96         3.3605042    0.9419233 ]
 [147.          68.           4.2819405    0.94632417]
 [148.          67.340004     4.9181304    0.95107996]
 [149.          67.3          5.4332304    0.9560496 ]
 [150.          66.880005     7.5257564    0.9602432 ]
 [151.          68.14001      6.6774244    0.9645031 ]
 [152.          68.71999      5.082516     0.9685314 ]
 [153.          68.920006     3.5209374    0.9727675 ]
 [154.          69.32         2.9020698    0.97719616]
 [155.          69.38         2.8420095    0.98130846]
 [156.          69.71999      2.7725456    0.98550624]
 [157.          69.64001      3.7660341    0.98959696]
 [158.          68.240005     9.389252     0.99369955]
 [159.          68.18        10.771118     0.9978609 ]
 [160.          66.58001     13.787568     1.0021203 ]
 [161.          67.04        12.442989     1.0064102 ]
 [162.          67.96         8.597848     1.0106525 ]
 [163.          67.86         7.235883     1.0152615 ]
 [164.          67.86         5.752218     1.0195446 ]
 [165.          69.6          2.6267834    1.0238507 ]
 [166.          70.420006     1.8047147    1.0286092 ]
 [167.          70.52         1.1882775    1.0333949 ]
 [168.          70.26         1.9320974    1.0382754 ]
 [169.          70.58         2.3794959    1.0429614 ]
 [170.          70.58001      2.7662227    1.0486298 ]
 [171.          70.5          3.0659397    1.0533974 ]
 [172.          70.340004     2.5967295    1.0582719 ]
 [173.          69.68         3.0523777    1.0633249 ]
 [174.          69.98         2.7344103    1.0684959 ]
 [175.          70.840004     1.7401114    1.0739388 ]
 [176.          71.020004     1.8780314    1.0793848 ]
 [177.          69.96         2.482541     1.0854081 ]
 [178.          69.           3.4626558    1.0917456 ]
 [179.          70.08         2.7635078    1.0972863 ]
 [180.          70.44         3.200468     1.1027037 ]
 [181.          71.14         3.1117508    1.1077929 ]
 [182.          71.22         3.3252077    1.1132942 ]
 [183.          69.240005     5.4802365    1.1187187 ]
 [184.          70.64001      2.8762825    1.1241242 ]
 [185.          70.56         3.1722236    1.1296362 ]
 [186.          70.27999      3.8551245    1.1347206 ]
 [187.          70.4          5.026928     1.1402053 ]
 [188.          70.520004     3.5821815    1.1461114 ]
 [189.          70.76         2.8605955    1.151928  ]
 [190.          70.700005     2.7422626    1.156271  ]
 [191.          71.659996     2.0218828    1.1605815 ]
 [192.          71.840004     1.388524     1.1649824 ]
 [193.          71.98         1.5449922    1.1694643 ]
 [194.          71.71999      2.1947694    1.1753348 ]
 [195.          72.           3.004163     1.1800579 ]
 [196.          71.3          4.533762     1.184673  ]
 [197.          71.3          4.768124     1.1890492 ]
 [198.          71.88         4.0326157    1.193469  ]
 [199.          72.06         2.94839      1.1979144 ]
 [200.          71.72         2.803032     1.2029022 ]]
The best results: 
Epoch: 199  72.06±2.95  1.198s
--------------- Train Done! ----------------
