Using cuda:0 device
Dataset     :Pubmed
Epochs      :200
LR X_s      :0.01
Learn A_s   :0
LR A_s      :0.01
Conden ratio:0.25
Ridge       :0.1
Kernel      :SNTK
k           :1
L           :1
Seed        :5
The 1th Iteration:
--------------------------------------------------
The 2th Iteration:
--------------------------------------------------
The 3th Iteration:
--------------------------------------------------
The 4th Iteration:
--------------------------------------------------
The 5th Iteration:
--------------------------------------------------
[[  1.          35.9         10.055595     0.36103866]
 [  2.          36.68        10.342242     0.3916845 ]
 [  3.          37.219997    10.541916     0.4208015 ]
 [  4.          38.320004    10.903532     0.45156813]
 [  5.          39.72        11.276392     0.47976533]
 [  6.          41.5         11.280515     0.5031994 ]
 [  7.          42.98        11.260862     0.5273816 ]
 [  8.          44.42        10.952031     0.55222386]
 [  9.          45.88        10.921859     0.5738485 ]
 [ 10.          47.04         9.924868     0.5967812 ]
 [ 11.          47.620003     8.91667      0.6183173 ]
 [ 12.          48.4          8.038969     0.64260036]
 [ 13.          48.840004     7.592299     0.6646645 ]
 [ 14.          49.219997     6.857623     0.6848496 ]
 [ 15.          49.620003     6.560259     0.7100554 ]
 [ 16.          49.600002     5.9380136    0.7395599 ]
 [ 17.          49.780003     5.596161     0.7645943 ]
 [ 18.          50.12         5.413593     0.7886162 ]
 [ 19.          50.46         5.0948977    0.816667  ]
 [ 20.          50.7          4.9532804    0.85105765]
 [ 21.          51.02         5.043512     0.8859803 ]
 [ 22.          51.48         5.1920123    0.9204945 ]
 [ 23.          51.7          5.1763887    0.9591171 ]
 [ 24.          51.9          5.1855574    0.996603  ]
 [ 25.          52.           5.1720405    1.0347012 ]
 [ 26.          52.320004     5.5233135    1.0757316 ]
 [ 27.          52.5          5.424942     1.1138833 ]
 [ 28.          52.88         5.516974     1.1503226 ]
 [ 29.          53.320004     5.736462     1.182527  ]
 [ 30.          53.5          5.651106     1.2157091 ]
 [ 31.          53.620003     5.7538676    1.2462494 ]
 [ 32.          53.859997     5.9529824    1.2707275 ]
 [ 33.          54.140003     6.051694     1.2930332 ]
 [ 34.          54.48         6.181586     1.3177165 ]
 [ 35.          54.78         6.212649     1.3429998 ]
 [ 36.          54.9          6.290071     1.3705997 ]
 [ 37.          55.019997     6.29023      1.388841  ]
 [ 38.          55.100002     6.281321     1.4135358 ]
 [ 39.          55.340004     6.357908     1.4420234 ]
 [ 40.          55.559998     6.3445234    1.464132  ]
 [ 41.          55.920002     6.477422     1.4915214 ]
 [ 42.          56.16         6.6837864    1.5150038 ]
 [ 43.          56.46         6.6748033    1.5393065 ]
 [ 44.          56.72         6.813002     1.562991  ]
 [ 45.          57.02         6.9639792    1.5908148 ]
 [ 46.          57.28         6.8918056    1.6163689 ]
 [ 47.          57.480007     6.9668527    1.6447471 ]
 [ 48.          57.7          7.0618706    1.6772833 ]
 [ 49.          58.16         7.24831      1.7105114 ]
 [ 50.          58.48         7.3876266    1.7469791 ]
 [ 51.          58.559998     7.3866777    1.7814705 ]
 [ 52.          58.820004     7.3404355    1.8201481 ]
 [ 53.          59.079998     7.494465     1.8581451 ]
 [ 54.          59.480007     7.4791055    1.8926891 ]
 [ 55.          59.96         7.272071     1.9280503 ]
 [ 56.          60.320004     7.361182     1.9619526 ]
 [ 57.          60.519997     7.290198     1.9979107 ]
 [ 58.          60.7          7.388843     2.0325186 ]
 [ 59.          60.9          7.4296713    2.0570507 ]
 [ 60.          61.040005     7.516515     2.091222  ]
 [ 61.          61.280006     7.398783     2.1132607 ]
 [ 62.          61.440002     7.172726     2.1403434 ]
 [ 63.          61.739998     7.2445135    2.167086  ]
 [ 64.          61.88         7.2299366    2.1920173 ]
 [ 65.          62.           7.1351247    2.2193513 ]
 [ 66.          62.019997     7.2004843    2.2464554 ]
 [ 67.          62.019997     7.312112     2.2685068 ]
 [ 68.          61.96         7.23208      2.2923832 ]
 [ 69.          61.9          7.1815743    2.3201153 ]
 [ 70.          61.8          7.221493     2.3495793 ]
 [ 71.          61.819996     7.2074265    2.3783052 ]
 [ 72.          61.600002     7.4242845    2.402403  ]
 [ 73.          61.559998     7.19743      2.4302244 ]
 [ 74.          61.359997     7.2012496    2.4592476 ]
 [ 75.          60.96         7.2074976    2.492016  ]
 [ 76.          60.76         7.193609     2.525314  ]
 [ 77.          60.780006     7.2140145    2.557703  ]
 [ 78.          60.359997     7.496532     2.593553  ]
 [ 79.          60.280006     7.804294     2.6295016 ]
 [ 80.          60.2          8.065979     2.6640546 ]
 [ 81.          60.           8.299095     2.6960187 ]
 [ 82.          59.72         8.433386     2.737112  ]
 [ 83.          59.420002     8.81799      2.7777605 ]
 [ 84.          59.280006     8.897865     2.812505  ]
 [ 85.          59.079998     9.244295     2.8453152 ]
 [ 86.          58.9          9.545418     2.874263  ]
 [ 87.          58.66         9.49937      2.9000156 ]
 [ 88.          58.3          9.311017     2.9264796 ]
 [ 89.          58.16         9.393509     2.9535956 ]
 [ 90.          57.840004     9.503842     2.982494  ]
 [ 91.          57.440002     9.285634     3.0055573 ]
 [ 92.          57.3          9.199727     3.02528   ]
 [ 93.          56.98         9.229952     3.0512743 ]
 [ 94.          56.98         9.241861     3.0734184 ]
 [ 95.          56.840004     9.5085745    3.098128  ]
 [ 96.          56.72         9.1987505    3.1268241 ]
 [ 97.          56.66         9.251108     3.1487548 ]
 [ 98.          56.540005     9.407339     3.178809  ]
 [ 99.          56.359997     8.943601     3.201516  ]
 [100.          56.140003     8.864425     3.223669  ]
 [101.          55.919994     8.806361     3.2560394 ]
 [102.          56.2          8.732125     3.283777  ]
 [103.          56.080006     8.946341     3.3132236 ]
 [104.          56.559998     9.230276     3.342266  ]
 [105.          56.559998     9.160949     3.3758252 ]
 [106.          57.079998     9.306826     3.4112077 ]
 [107.          57.420002     9.248621     3.4461217 ]
 [108.          58.260006     9.13362      3.4820936 ]
 [109.          57.420002     9.074526     3.5180595 ]
 [110.          60.719997     9.590726     3.5585115 ]
 [111.          57.320004     8.959188     3.596106  ]
 [112.          63.339996    10.625816     3.6355035 ]
 [113.          57.819996     9.169077     3.6729753 ]
 [114.          64.740005    10.473206     3.7024117 ]
 [115.          58.46         7.892273     3.7276459 ]
 [116.          62.640003     8.143278     3.7520835 ]
 [117.          57.26        12.0099125    3.7820594 ]
 [118.          63.980007    11.73188      3.80804   ]
 [119.          66.740005     9.223502     3.833805  ]
 [120.          62.419994     7.9700675    3.8553314 ]
 [121.          64.78         7.8560166    3.8762245 ]
 [122.          56.540005     7.6395683    3.9032285 ]
 [123.          68.14001      5.303112     3.9293625 ]
 [124.          58.940002    10.272439     3.9540908 ]
 [125.          68.68         6.7020144    3.9749515 ]
 [126.          63.560005     7.9311423    3.9986572 ]
 [127.          67.78         7.774446     4.0277505 ]
 [128.          66.86001     10.998092     4.053475  ]
 [129.          63.18         8.252695     4.076516  ]
 [130.          67.76         4.3580995    4.1081786 ]
 [131.          62.26        21.525406     4.1334076 ]
 [132.          70.26         6.6882725    4.164436  ]
 [133.          72.06         4.838697     4.1948733 ]
 [134.          69.44         7.143037     4.2292786 ]
 [135.          70.020004     6.7703023    4.2644277 ]
 [136.          68.88         6.617177     4.2997155 ]
 [137.          64.3          7.364781     4.337424  ]
 [138.          60.859997    11.180471     4.373281  ]
 [139.          61.52        11.185125     4.405514  ]
 [140.          62.320004     6.4793506    4.4438195 ]
 [141.          66.78001      7.8225307    4.4795327 ]
 [142.          59.739998    18.176304     4.5146804 ]
 [143.          67.740005     5.0919547    4.5462403 ]
 [144.          68.4          4.535967     4.5755944 ]
 [145.          70.5          7.250175     4.602499  ]
 [146.          67.88         8.483042     4.6261296 ]
 [147.          60.28        12.252024     4.650544  ]
 [148.          62.5         10.675672     4.6719193 ]
 [149.          64.22        12.167664     4.693185  ]
 [150.          68.86         9.687001     4.7195735 ]
 [151.          65.06        11.72702      4.742966  ]
 [152.          63.339996    10.153225     4.7670226 ]
 [153.          58.9         11.060513     4.789773  ]
 [154.          56.          13.300376     4.8090787 ]
 [155.          57.2         10.95856      4.8360415 ]
 [156.          57.7         10.914438     4.860588  ]
 [157.          59.719997     9.4473295    4.8817024 ]
 [158.          61.96         8.529244     4.902893  ]
 [159.          62.74         8.02795      4.929291  ]
 [160.          63.38         7.571131     4.958427  ]
 [161.          63.859997     8.161372     4.981933  ]
 [162.          64.38         8.253907     5.010245  ]
 [163.          64.08         7.4368687    5.042863  ]
 [164.          60.8          5.7502174    5.07657   ]
 [165.          61.7          7.2818294    5.113472  ]
 [166.          63.18         8.865495     5.146829  ]
 [167.          64.46         9.70222      5.180328  ]
 [168.          65.340004     8.0705       5.2133613 ]
 [169.          57.52         7.235814     5.249994  ]
 [170.          51.600002    17.851612     5.2840886 ]
 [171.          60.2          7.782351     5.3173766 ]
 [172.          64.58         3.035952     5.351005  ]
 [173.          64.3          3.3645215    5.3818016 ]
 [174.          63.78         6.2818785    5.411168  ]
 [175.          63.68         7.4085755    5.4403358 ]
 [176.          63.18         7.7179656    5.467435  ]
 [177.          63.120003     7.7454486    5.494062  ]
 [178.          63.3          7.421927     5.519754  ]
 [179.          64.18         6.5059204    5.5438    ]
 [180.          64.880005     5.9604545    5.5688257 ]
 [181.          66.           5.4872584    5.6009955 ]
 [182.          66.54         5.1602335    5.6275225 ]
 [183.          66.9          5.3174243    5.6454725 ]
 [184.          67.04         5.6650696    5.6700354 ]
 [185.          67.14001      5.9150634    5.6984615 ]
 [186.          67.3          5.885998     5.72083   ]
 [187.          67.12         5.6557064    5.748154  ]
 [188.          67.04         5.540577     5.77118   ]
 [189.          67.           5.8403764    5.796783  ]
 [190.          67.02         5.581847     5.819192  ]
 [191.          66.92         5.508807     5.8497224 ]
 [192.          67.06         5.4394827    5.884479  ]
 [193.          67.200005     5.293392     5.915591  ]
 [194.          67.72         5.2155538    5.951334  ]
 [195.          67.92         5.0825157    5.987262  ]
 [196.          68.26         5.0018       6.022393  ]
 [197.          68.6          4.8057256    6.0608053 ]
 [198.          68.700005     4.682414     6.1008    ]
 [199.          68.94         4.3015122    6.139604  ]
 [200.          69.28001      4.16257      6.177092  ]]
The best results: 
Epoch: 133  72.06±4.84  4.195s
--------------- Train Done! ----------------
