Using cuda:0 device
Dataset     :Pubmed
Epochs      :200
LR X_s      :0.01
Learn A_s   :0
LR A_s      :0.01
Conden ratio:0.25
Ridge       :0.5
Kernel      :SNTK
k           :4
L           :1
Seed        :5
The 1th Iteration:
--------------------------------------------------
The 2th Iteration:
--------------------------------------------------
The 3th Iteration:
--------------------------------------------------
The 4th Iteration:
--------------------------------------------------
The 5th Iteration:
--------------------------------------------------
[[  1.          37.06        10.777431     0.3512226 ]
 [  2.          36.960003    10.645328     0.3855524 ]
 [  3.          37.579998    12.295203     0.41752997]
 [  4.          36.36        12.960054     0.4525002 ]
 [  5.          33.16        13.088469     0.49286157]
 [  6.          29.44        12.351639     0.5304951 ]
 [  7.          26.2          9.461236     0.5667517 ]
 [  8.          24.060001     7.134633     0.6061653 ]
 [  9.          22.68         5.40805      0.6471244 ]
 [ 10.          21.720001     4.0058703    0.6832921 ]
 [ 11.          21.320002     3.4142356    0.7132953 ]
 [ 12.          20.880001     2.8856547    0.74151033]
 [ 13.          20.9          2.8792357    0.7711047 ]
 [ 14.          21.           3.0033317    0.8054146 ]
 [ 15.          21.26         3.3298645    0.8352648 ]
 [ 16.          21.380001     3.4859724    0.86788714]
 [ 17.          21.62         3.7211554    0.9033868 ]
 [ 18.          21.980001     3.978945     0.93798584]
 [ 19.          22.300001     4.168332     0.9691473 ]
 [ 20.          22.58         4.3854303    0.9988103 ]
 [ 21.          23.08         4.7683334    1.0288914 ]
 [ 22.          23.460001     5.0326934    1.0556157 ]
 [ 23.          23.9          5.014977     1.0837696 ]
 [ 24.          24.539999     5.275225     1.1099719 ]
 [ 25.          25.04         5.5270247    1.1453993 ]
 [ 26.          25.62         5.8887177    1.174187  ]
 [ 27.          26.14         6.1174335    1.2022061 ]
 [ 28.          26.560001     6.086296     1.2311757 ]
 [ 29.          27.179998     6.2210937    1.2612909 ]
 [ 30.          27.779999     6.3156147    1.2961317 ]
 [ 31.          28.4          6.581793     1.3256615 ]
 [ 32.          29.08         6.7458878    1.3612988 ]
 [ 33.          29.6          6.9372196    1.3931135 ]
 [ 34.          30.320002     7.2275176    1.4267632 ]
 [ 35.          31.12         7.5585713    1.4635931 ]
 [ 36.          31.7          7.728196     1.4959627 ]
 [ 37.          32.3          8.04674      1.532539  ]
 [ 38.          32.98         8.455886     1.5654224 ]
 [ 39.          33.64         8.6036625    1.5976237 ]
 [ 40.          34.760002     9.0298395    1.6324961 ]
 [ 41.          35.760002     9.268927     1.6660236 ]
 [ 42.          36.86         9.76079      1.6964474 ]
 [ 43.          37.920002     9.746127     1.7320725 ]
 [ 44.          38.8          9.582537     1.7631902 ]
 [ 45.          39.88         9.64816      1.7936836 ]
 [ 46.          40.84         9.610046     1.8216504 ]
 [ 47.          41.8          9.69768      1.8472592 ]
 [ 48.          43.100002     9.762941     1.874102  ]
 [ 49.          44.08         9.688242     1.901252  ]
 [ 50.          45.24         9.507523     1.9313182 ]
 [ 51.          46.24         9.484882     1.9599733 ]
 [ 52.          47.3          9.50158      1.9858799 ]
 [ 53.          48.100002     9.564518     2.0108974 ]
 [ 54.          49.26         9.807803     2.036293  ]
 [ 55.          50.3          9.760892     2.0692554 ]
 [ 56.          51.18         9.801376     2.0956848 ]
 [ 57.          52.140003     9.540598     2.1218307 ]
 [ 58.          52.780006     9.669902     2.155764  ]
 [ 59.          53.640003     9.213739     2.1884506 ]
 [ 60.          54.18         9.284234     2.2230346 ]
 [ 61.          54.719997     9.110269     2.2564375 ]
 [ 62.          55.640003     8.785385     2.290835  ]
 [ 63.          56.120003     8.708444     2.3249261 ]
 [ 64.          56.519997     8.558447     2.3615    ]
 [ 65.          56.940002     8.509583     2.401018  ]
 [ 66.          57.359997     8.430184     2.4347727 ]
 [ 67.          57.78         8.310053     2.4711773 ]
 [ 68.          58.140003     8.117758     2.5035424 ]
 [ 69.          58.579998     7.9134073    2.5343544 ]
 [ 70.          59.3          7.8765483    2.5650408 ]
 [ 71.          59.78         8.067963     2.5967848 ]
 [ 72.          60.160004     8.011744     2.6291597 ]
 [ 73.          60.780006     7.8855557    2.6607912 ]
 [ 74.          61.2          7.599013     2.6890142 ]
 [ 75.          61.460003     7.4925303    2.7216575 ]
 [ 76.          62.040005     7.335053     2.7518785 ]
 [ 77.          62.3          7.202429     2.7738419 ]
 [ 78.          62.7          7.0416613    2.8061357 ]
 [ 79.          62.98         6.875827     2.8371751 ]
 [ 80.          63.140003     6.7132726    2.8651567 ]
 [ 81.          63.3          6.502308     2.9001474 ]
 [ 82.          63.68         6.325109     2.9307954 ]
 [ 83.          64.06         6.211924     2.961147  ]
 [ 84.          64.44         6.0010834    2.9868386 ]
 [ 85.          64.6          5.797843     3.0175755 ]
 [ 86.          65.           5.604017     3.04426   ]
 [ 87.          65.44         5.2185245    3.0735157 ]
 [ 88.          65.78001      4.9058146    3.1025703 ]
 [ 89.          66.200005     4.666369     3.134033  ]
 [ 90.          66.54         4.442186     3.165758  ]
 [ 91.          66.82         4.3597       3.2023714 ]
 [ 92.          67.1          3.9724057    3.2421367 ]
 [ 93.          67.42         3.519517     3.2781014 ]
 [ 94.          67.68001      3.2491527    3.3149984 ]
 [ 95.          68.06         3.2020295    3.3481882 ]
 [ 96.          68.22         3.0210915    3.381585  ]
 [ 97.          68.200005     3.0058274    3.4165306 ]
 [ 98.          68.4          2.8062458    3.4501045 ]
 [ 99.          68.6          2.7422612    3.4829223 ]
 [100.          68.62001      2.6696465    3.5158386 ]
 [101.          69.02         2.4793146    3.5438817 ]
 [102.          69.22         2.616679     3.570643  ]
 [103.          69.38         2.2993493    3.5953815 ]
 [104.          69.48         2.3188381    3.622868  ]
 [105.          69.420006     2.3123584    3.650084  ]
 [106.          69.54         2.2345035    3.6807802 ]
 [107.          69.64001      2.3093257    3.7123456 ]
 [108.          69.78001      2.4345436    3.73862   ]
 [109.          69.920006     2.1741698    3.766513  ]
 [110.          70.06         2.2108812    3.791844  ]
 [111.          69.94         2.0169284    3.8173356 ]
 [112.          70.08001      2.1440637    3.8425546 ]
 [113.          70.08001      2.1335423    3.8701088 ]
 [114.          70.240005     2.3437161    3.901883  ]
 [115.          70.420006     2.3583899    3.9336247 ]
 [116.          70.58         2.0933228    3.963166  ]
 [117.          71.08         2.7261689    3.9955907 ]
 [118.          71.46         1.3557299    4.0284247 ]
 [119.          70.76         2.458253     4.060003  ]
 [120.          72.48         1.2091298    4.0956526 ]
 [121.          70.96         2.6810458    4.130882  ]
 [122.          72.64001      0.8354634    4.1661086 ]
 [123.          69.82         5.846966     4.1998024 ]
 [124.          73.159996     1.2953774    4.2345123 ]
 [125.          69.58001      8.074468     4.2627406 ]
 [126.          73.939995     1.3957064    4.2946777 ]
 [127.          73.520004     1.640734     4.3275847 ]
 [128.          71.840004     3.8318396    4.3594036 ]
 [129.          67.86         9.214553     4.3909683 ]
 [130.          67.079994    14.209221     4.42537   ]
 [131.          74.           2.4606903    4.456572  ]
 [132.          69.200005     8.269219     4.4912257 ]
 [133.          72.           3.1772618    4.518703  ]
 [134.          69.119995     6.5944657    4.550458  ]
 [135.          59.74        15.163542     4.576629  ]
 [136.          67.8          9.941075     4.607219  ]
 [137.          69.18001      9.849215     4.6386247 ]
 [138.          69.38         9.883673     4.669561  ]
 [139.          68.8          9.8298       4.703023  ]
 [140.          59.96        22.783175     4.732476  ]
 [141.          67.240005    11.903906     4.758069  ]
 [142.          69.8         11.787068     4.783882  ]
 [143.          69.880005    12.470646     4.813192  ]
 [144.          66.56        11.441721     4.8464303 ]
 [145.          57.28        11.444301     4.8778453 ]
 [146.          48.66        17.183365     4.911428  ]
 [147.          57.4         12.693699     4.9479017 ]
 [148.          57.100002    11.585119     4.983209  ]
 [149.          57.260006    11.403642     5.020206  ]
 [150.          58.119995    11.711406     5.0583506 ]
 [151.          58.920002    12.417205     5.0959954 ]
 [152.          59.100002    12.62141      5.1342807 ]
 [153.          59.540005    12.965841     5.170635  ]
 [154.          59.26        13.2018175    5.2017407 ]
 [155.          59.480007    13.38869      5.2330956 ]
 [156.          59.640003    13.500482     5.264536  ]
 [157.          59.88        13.590881     5.2961893 ]
 [158.          59.68        13.6116495    5.325275  ]
 [159.          60.019997    14.077537     5.3612833 ]
 [160.          60.359997    14.410689     5.3864164 ]
 [161.          60.74        14.848671     5.415565  ]
 [162.          60.600002    14.572746     5.444639  ]
 [163.          60.96        14.728983     5.471702  ]
 [164.          60.059998    12.996271     5.502491  ]
 [165.          55.76        11.525321     5.5353556 ]
 [166.          56.28        11.323958     5.567668  ]
 [167.          57.559998    10.72511      5.5985556 ]
 [168.          59.620003    10.616355     5.6263022 ]
 [169.          61.040005    11.166602     5.6539707 ]
 [170.          61.539997    11.235791     5.685899  ]
 [171.          61.840004    11.17354      5.7183824 ]
 [172.          61.8         10.83605      5.745284  ]
 [173.          62.100002    10.649649     5.776063  ]
 [174.          62.360004    10.445478     5.809036  ]
 [175.          62.460003    10.070898     5.843877  ]
 [176.          63.080006    10.174331     5.8784328 ]
 [177.          63.46        10.409513     5.9143605 ]
 [178.          64.18        10.678812     5.9477158 ]
 [179.          64.76        11.106888     5.983053  ]
 [180.          65.18001     11.174839     6.020822  ]
 [181.          65.46        10.794582     6.0595145 ]
 [182.          63.78         9.657226     6.0920253 ]
 [183.          61.519997     9.95299      6.123527  ]
 [184.          52.72        11.454781     6.1559486 ]
 [185.          56.680004     4.6719375    6.1857104 ]
 [186.          56.46         5.2266626    6.2172017 ]
 [187.          59.5          4.799999     6.250312  ]
 [188.          60.359997     2.7709212    6.2819376 ]
 [189.          61.040005     2.1984065    6.311525  ]
 [190.          61.820004     2.7362413    6.3365774 ]
 [191.          62.38         3.0375986    6.363014  ]
 [192.          62.7          2.79016      6.390613  ]
 [193.          63.16         2.4079025    6.4194307 ]
 [194.          63.340004     1.9424196    6.452205  ]
 [195.          63.660004     1.4501743    6.482068  ]
 [196.          63.9          1.1554193    6.5082436 ]
 [197.          64.38         0.9471019    6.5361915 ]
 [198.          64.840004     1.3575716    6.5663466 ]
 [199.          65.04         1.7487148    6.5933366 ]
 [200.          65.21999      2.2196848    6.626191  ]]
The best results: 
Epoch: 131  74.00±2.46  4.457s
--------------- Train Done! ----------------
