Using cuda:0 device
Dataset     :Pubmed
Epochs      :200
LR X_s      :0.01
Learn A_s   :0
LR A_s      :0.01
Conden ratio:1.0
Ridge       :0.01
Kernel      :SNTK
k           :3
L           :1
Seed        :5
The 1th Iteration:
--------------------------------------------------
The 2th Iteration:
--------------------------------------------------
The 3th Iteration:
--------------------------------------------------
The 4th Iteration:
--------------------------------------------------
The 5th Iteration:
--------------------------------------------------
[[  1.          50.480003     9.663954     0.35296112]
 [  2.          55.74        10.696634     0.38829437]
 [  3.          57.420002    10.177524     0.42203614]
 [  4.          58.059998     9.212111     0.45790645]
 [  5.          58.320004     7.919089     0.4931717 ]
 [  6.          58.040005     7.2713847    0.53095317]
 [  7.          58.22         6.334984     0.56640494]
 [  8.          58.239998     5.8414865    0.60000014]
 [  9.          58.100002     5.5964265    0.6377606 ]
 [ 10.          57.88         5.4029613    0.67573684]
 [ 11.          57.540005     5.2828035    0.7091905 ]
 [ 12.          57.380005     5.087434     0.7452732 ]
 [ 13.          57.2          4.8954062    0.78123134]
 [ 14.          56.980007     4.848919     0.8196279 ]
 [ 15.          56.8          4.5885735    0.85194874]
 [ 16.          56.7          4.2017865    0.8857275 ]
 [ 17.          56.66         3.9620714    0.92012197]
 [ 18.          56.859997     3.7858963    0.9558472 ]
 [ 19.          57.040005     3.5338373    0.9845769 ]
 [ 20.          57.24         3.2723076    1.0167702 ]
 [ 21.          57.620003     2.9961655    1.0519987 ]
 [ 22.          58.079998     2.8507886    1.0863123 ]
 [ 23.          58.539997     2.5948038    1.1159126 ]
 [ 24.          59.079998     2.4722462    1.1474236 ]
 [ 25.          59.619995     2.3231459    1.1872748 ]
 [ 26.          60.2          2.4970002    1.2211592 ]
 [ 27.          61.019997     2.4661708    1.25513   ]
 [ 28.          61.580006     2.5420458    1.2917136 ]
 [ 29.          62.140003     2.9108398    1.326951  ]
 [ 30.          62.72         3.0161264    1.3669604 ]
 [ 31.          63.080006     3.0011659    1.4010983 ]
 [ 32.          63.380005     2.9986687    1.4348363 ]
 [ 33.          63.660004     2.8771527    1.4744631 ]
 [ 34.          63.78         2.827016     1.5137314 ]
 [ 35.          63.840004     2.9921584    1.550469  ]
 [ 36.          63.78         2.870014     1.5887718 ]
 [ 37.          63.78         2.8411252    1.6291603 ]
 [ 38.          63.859997     2.7409878    1.6658719 ]
 [ 39.          63.98         2.4843519    1.6982635 ]
 [ 40.          64.04         2.3511703    1.7345275 ]
 [ 41.          64.159996     2.3330235    1.769462  ]
 [ 42.          64.32         2.2208111    1.8018569 ]
 [ 43.          64.5          2.0469494    1.8303784 ]
 [ 44.          64.86         1.7952683    1.8600944 ]
 [ 45.          65.16         1.3849202    1.8860635 ]
 [ 46.          65.54         1.4240768    1.9133345 ]
 [ 47.          65.67999      1.3442496    1.9426779 ]
 [ 48.          66.06         1.3240077    1.9699367 ]
 [ 49.          66.46         1.3501834    2.0019639 ]
 [ 50.          66.64         1.3464742    2.0323517 ]
 [ 51.          66.8          1.2864676    2.0648603 ]
 [ 52.          67.           1.3285356    2.0968788 ]
 [ 53.          67.26         1.2300419    2.1296244 ]
 [ 54.          67.58         1.084897     2.164962  ]
 [ 55.          67.74         1.021273     2.2024086 ]
 [ 56.          67.98         0.9338129    2.2339756 ]
 [ 57.          68.28         0.9257433    2.269898  ]
 [ 58.          68.58         0.8105548    2.3059213 ]
 [ 59.          68.96         0.77006304   2.336853  ]
 [ 60.          69.44         0.9914618    2.3701308 ]
 [ 61.          69.76         0.9316665    2.405196  ]
 [ 62.          69.98         1.0917858    2.4425495 ]
 [ 63.          70.26         1.0382701    2.4828937 ]
 [ 64.          70.700005     0.97468126   2.5199792 ]
 [ 65.          71.           0.87749696   2.5614629 ]
 [ 66.          70.98         0.8043645    2.5944526 ]
 [ 67.          71.159996     0.5727108    2.628634  ]
 [ 68.          71.32         0.56302786   2.6687095 ]
 [ 69.          71.48         0.5540748    2.7088113 ]
 [ 70.          71.72         0.5495455    2.7425084 ]
 [ 71.          71.740005     0.53197765   2.7760544 ]
 [ 72.          71.82         0.558567     2.804084  ]
 [ 73.          71.88         0.34928605   2.836898  ]
 [ 74.          71.88         0.25884247   2.8664563 ]
 [ 75.          71.82         0.29495546   2.9002695 ]
 [ 76.          71.920006     0.13038084   2.9313293 ]
 [ 77.          72.12         0.164315     2.9618404 ]
 [ 78.          72.1          0.15811308   2.989078  ]
 [ 79.          72.14001      0.30496225   3.0178983 ]
 [ 80.          72.06         0.4098769    3.0519736 ]
 [ 81.          72.340004     0.21908876   3.0842674 ]
 [ 82.          72.200005     0.1581167    3.1193502 ]
 [ 83.          72.119995     0.3962309    3.1545093 ]
 [ 84.          72.4          0.27386153   3.188361  ]
 [ 85.          72.159996     0.3209393    3.2186952 ]
 [ 86.          72.18         0.4658327    3.2534409 ]
 [ 87.          72.619995     0.34928292   3.2879448 ]
 [ 88.          72.4          0.41832796   3.3265054 ]
 [ 89.          72.26         0.40988073   3.3643892 ]
 [ 90.          72.9          0.62048465   3.4021714 ]
 [ 91.          72.62         0.31144735   3.4360485 ]
 [ 92.          72.86001      0.48270082   3.4759834 ]
 [ 93.          73.26         0.42190015   3.5113938 ]
 [ 94.          73.32         0.41472864   3.548467  ]
 [ 95.          73.26         1.0691112    3.586439  ]
 [ 96.          73.62         0.589067     3.6227129 ]
 [ 97.          73.420006     0.8642921    3.661523  ]
 [ 98.          73.8          1.191639     3.6892922 ]
 [ 99.          73.48         0.9959911    3.7223434 ]
 [100.          74.159996     0.7569673    3.754797  ]
 [101.          74.28         2.009228     3.7842586 ]
 [102.          74.159996     0.55946416   3.8188577 ]
 [103.          74.240005     2.019405     3.8478248 ]
 [104.          74.36         1.1414905    3.8763764 ]
 [105.          74.26         1.7700287    3.9063509 ]
 [106.          74.5          1.6718254    3.9330585 ]
 [107.          74.38         1.9175522    3.9645212 ]
 [108.          75.12         1.0281078    3.996212  ]
 [109.          74.84         1.8063773    4.0237703 ]
 [110.          76.54         0.95288724   4.053943  ]
 [111.          75.42         1.6021835    4.087686  ]
 [112.          76.28         0.61806196   4.11928   ]
 [113.          75.08         1.9639268    4.1515856 ]
 [114.          76.9          1.2020797    4.182316  ]
 [115.          75.52         0.9176045    4.218311  ]
 [116.          75.86         2.3617816    4.2578044 ]
 [117.          75.98         1.3255211    4.296058  ]
 [118.          76.52         1.4584249    4.333135  ]
 [119.          75.04         1.3464782    4.3667483 ]
 [120.          76.240005     1.4380527    4.405783  ]
 [121.          75.52         2.1718647    4.4459853 ]
 [122.          75.9          3.1772645    4.4820247 ]
 [123.          76.44         0.9914633    4.520327  ]
 [124.          77.82         0.90387905   4.5549335 ]
 [125.          76.12         2.259867     4.597869  ]
 [126.          76.27999      1.2676727    4.6341906 ]
 [127.          74.159996     2.1102126    4.6673923 ]
 [128.          74.52         2.8234758    4.699789  ]
 [129.          76.28         1.6991175    4.7348185 ]
 [130.          76.840004     1.8928828    4.7719607 ]
 [131.          75.700005     2.3685393    4.804309  ]
 [132.          75.880005     2.5830235    4.841101  ]
 [133.          76.240005     1.1013643    4.87772   ]
 [134.          75.4          2.5894022    4.907919  ]
 [135.          75.64001      1.5274171    4.940329  ]
 [136.          75.64         1.7184324    4.972992  ]
 [137.          75.8          1.9798987    5.008352  ]
 [138.          76.659996     2.9661424    5.045763  ]
 [139.          76.12         2.5449958    5.075674  ]
 [140.          75.340004     2.1881523    5.1103234 ]
 [141.          75.04         3.2292418    5.149883  ]
 [142.          75.54         1.5852438    5.1880965 ]
 [143.          75.88         2.4478562    5.2208047 ]
 [144.          75.22         1.7739784    5.262033  ]
 [145.          76.54         2.0427933    5.301832  ]
 [146.          74.96         2.754631     5.3418527 ]
 [147.          75.700005     1.5264343    5.3800845 ]
 [148.          73.46         5.665952     5.4177456 ]
 [149.          75.46         2.0069897    5.455618  ]
 [150.          76.92         1.0232297    5.491016  ]
 [151.          77.08         2.0216322    5.5285964 ]
 [152.          76.68         1.8430964    5.5669246 ]
 [153.          75.64001      2.6688912    5.6030393 ]
 [154.          76.420006     1.7527125    5.6415973 ]
 [155.          75.04         2.263405     5.6759815 ]
 [156.          73.8          5.600001     5.709006  ]
 [157.          75.86         1.3408955    5.746488  ]
 [158.          76.36         1.1238337    5.7784357 ]
 [159.          75.659996     1.76862      5.8103547 ]
 [160.          76.08001      1.5833501    5.843153  ]
 [161.          77.18         0.7362069    5.8786774 ]
 [162.          77.82         1.1691879    5.91148   ]
 [163.          75.44         3.6418388    5.950428  ]
 [164.          74.659996     2.8918858    5.9852877 ]
 [165.          74.700005     4.7785974    6.024527  ]
 [166.          74.380005     6.2319326    6.0599666 ]
 [167.          75.44         4.481406     6.093536  ]
 [168.          75.3          3.2580678    6.132914  ]
 [169.          76.76         0.8961012    6.1728296 ]
 [170.          76.36         3.4982858    6.2095885 ]
 [171.          76.78001      2.1463914    6.2471724 ]
 [172.          76.1          2.8151357    6.285238  ]
 [173.          76.14001      3.746064     6.321337  ]
 [174.          75.9          2.4779034    6.3601947 ]
 [175.          76.88         0.8642918    6.3968163 ]
 [176.          75.74         2.939048     6.4319215 ]
 [177.          74.62         2.8943045    6.469331  ]
 [178.          77.32         0.54497594   6.509636  ]
 [179.          76.079994     3.0111456    6.549457  ]
 [180.          76.04         5.517519     6.5886154 ]
 [181.          76.240005     3.26006      6.6280594 ]
 [182.          77.58         1.6976465    6.6683245 ]
 [183.          76.64001      2.6359053    6.7036057 ]
 [184.          75.619995     4.784035     6.7349496 ]
 [185.          77.38         1.0281056    6.76709   ]
 [186.          76.340004     1.5109618    6.802584  ]
 [187.          76.08         1.8992103    6.8361144 ]
 [188.          75.32         3.3476882    6.872772  ]
 [189.          74.1          6.639277     6.907266  ]
 [190.          76.48         3.1712756    6.942997  ]
 [191.          77.32         1.0134082    6.9832153 ]
 [192.          75.700005     2.6239288    7.0228076 ]
 [193.          74.64001      5.2685876    7.057364  ]
 [194.          76.42         2.3402967    7.0960336 ]
 [195.          77.8          1.2708291    7.1386933 ]
 [196.          76.159996     2.0069911    7.177462  ]
 [197.          73.9          6.991783     7.2124667 ]
 [198.          74.32         5.1163435    7.249866  ]
 [199.          76.54         2.1279109    7.288283  ]
 [200.          76.420006     1.9149413    7.32389   ]]
The best results: 
Epoch: 124  77.82±0.90  4.555s
--------------- Train Done! ----------------
