Using cuda:0 device
Dataset     :Pubmed
Epochs      :200
LR X_s      :0.01
Learn A_s   :0
LR A_s      :0.01
Conden ratio:0.5
Ridge       :5.0
Kernel      :SNTK
k           :1
L           :1
Seed        :5
The 1th Iteration:
--------------------------------------------------
The 2th Iteration:
--------------------------------------------------
The 3th Iteration:
--------------------------------------------------
The 4th Iteration:
--------------------------------------------------
The 5th Iteration:
--------------------------------------------------
[[  1.          31.679998    12.3516       0.35108453]
 [  2.          31.62        12.433303     0.38288164]
 [  3.          31.62        12.433303     0.41490802]
 [  4.          31.62        12.433303     0.4432136 ]
 [  5.          31.74        12.5452385    0.47007307]
 [  6.          32.88        13.824869     0.50238985]
 [  7.          33.46        14.364818     0.53446   ]
 [  8.          33.9         14.749067     0.56669384]
 [  9.          33.78        15.045996     0.59930176]
 [ 10.          33.54        15.212758     0.6350197 ]
 [ 11.          33.320004    15.456294     0.6668992 ]
 [ 12.          33.079998    15.565892     0.6925852 ]
 [ 13.          32.86        15.710761     0.72629255]
 [ 14.          32.56        15.762075     0.7568714 ]
 [ 15.          32.340004    15.732706     0.7882957 ]
 [ 16.          32.079998    15.44691      0.82358295]
 [ 17.          31.9         15.286432     0.85769457]
 [ 18.          31.9         15.175638     0.89667284]
 [ 19.          32.02        15.187231     0.93115425]
 [ 20.          32.04        15.085855     0.96836627]
 [ 21.          32.2         15.172179     1.0125699 ]
 [ 22.          32.28        15.090294     1.0518292 ]
 [ 23.          32.44        15.095296     1.0944868 ]
 [ 24.          32.66        15.122434     1.1345273 ]
 [ 25.          32.820004    15.1610365    1.1705207 ]
 [ 26.          32.98        14.995234     1.210448  ]
 [ 27.          33.22        14.900738     1.2468112 ]
 [ 28.          33.4         14.764315     1.2810544 ]
 [ 29.          33.600002    14.741098     1.3168777 ]
 [ 30.          33.86        14.614138     1.3499284 ]
 [ 31.          34.24        14.438767     1.3841699 ]
 [ 32.          34.48        14.352771     1.4200833 ]
 [ 33.          34.600002    14.264117     1.4526665 ]
 [ 34.          34.68        14.171521     1.4908069 ]
 [ 35.          34.96        14.119596     1.5234547 ]
 [ 36.          35.2         14.0443945    1.5532215 ]
 [ 37.          35.579998    13.835172     1.5831836 ]
 [ 38.          35.940002    13.736921     1.6136528 ]
 [ 39.          36.22        13.601728     1.643588  ]
 [ 40.          36.460003    13.454851     1.676506  ]
 [ 41.          36.74        13.35732      1.7082194 ]
 [ 42.          36.98        13.251868     1.7465878 ]
 [ 43.          37.3         13.155037     1.7818192 ]
 [ 44.          37.600002    13.030158     1.8162692 ]
 [ 45.          37.94        13.013761     1.8551053 ]
 [ 46.          38.079998    12.901821     1.8922255 ]
 [ 47.          38.18        12.870003     1.9261265 ]
 [ 48.          38.36        12.813783     1.964055  ]
 [ 49.          38.72        12.672688     1.9996718 ]
 [ 50.          38.92        12.606228     2.0374248 ]
 [ 51.          39.260002    12.42912      2.072968  ]
 [ 52.          39.540005    12.240832     2.1078346 ]
 [ 53.          39.780003    12.247532     2.1432247 ]
 [ 54.          39.84        12.189462     2.1771598 ]
 [ 55.          40.18        12.231802     2.21309   ]
 [ 56.          40.320004    12.173004     2.2447927 ]
 [ 57.          40.540005    12.1660595    2.2766588 ]
 [ 58.          40.86        11.868784     2.3128102 ]
 [ 59.          41.02        11.853988     2.3472855 ]
 [ 60.          41.320004    11.728896     2.3767538 ]
 [ 61.          41.54        11.578559     2.4064598 ]
 [ 62.          41.840004    11.322898     2.4379754 ]
 [ 63.          41.960003    11.260906     2.4677663 ]
 [ 64.          42.28        10.92964      2.5058422 ]
 [ 65.          42.48        10.67764      2.540801  ]
 [ 66.          42.620003    10.507474     2.5722644 ]
 [ 67.          42.86        10.18445      2.603227  ]
 [ 68.          42.960003    10.068913     2.6351306 ]
 [ 69.          43.3          9.838445     2.669182  ]
 [ 70.          43.579998     9.592548     2.7005577 ]
 [ 71.          43.920002     9.278039     2.7353199 ]
 [ 72.          44.120003     9.096539     2.7668266 ]
 [ 73.          44.3          8.925525     2.7993128 ]
 [ 74.          44.460003     8.654652     2.8344924 ]
 [ 75.          44.68         8.506292     2.8693712 ]
 [ 76.          44.88         8.474196     2.905424  ]
 [ 77.          45.060005     8.306204     2.9431083 ]
 [ 78.          45.16         8.358411     2.9831684 ]
 [ 79.          45.22         8.43635      3.0170522 ]
 [ 80.          45.32         8.396844     3.0503252 ]
 [ 81.          45.400005     8.396726     3.088249  ]
 [ 82.          45.4          8.410112     3.122819  ]
 [ 83.          45.42         8.421222     3.1593144 ]
 [ 84.          45.420002     8.463274     3.194091  ]
 [ 85.          45.34         8.459195     3.227544  ]
 [ 86.          45.34         8.408805     3.2599983 ]
 [ 87.          45.460003     8.304998     3.2969747 ]
 [ 88.          45.460003     8.22545      3.3358574 ]
 [ 89.          45.600002     8.104937     3.370037  ]
 [ 90.          45.74         8.039154     3.4057527 ]
 [ 91.          45.9          8.028387     3.4406464 ]
 [ 92.          46.           8.083627     3.4750519 ]
 [ 93.          46.100002     8.131112     3.5096262 ]
 [ 94.          46.219997     7.9948115    3.5469983 ]
 [ 95.          46.28         7.9810405    3.582903  ]
 [ 96.          46.28         7.9351735    3.6117477 ]
 [ 97.          46.420002     7.83977      3.6433513 ]
 [ 98.          46.58         7.8846054    3.674527  ]
 [ 99.          46.72         7.7431903    3.7076652 ]
 [100.          47.           7.6811457    3.739924  ]
 [101.          47.100002     7.7301354    3.774978  ]
 [102.          47.280003     7.616232     3.8093948 ]
 [103.          47.52         7.582678     3.8468728 ]
 [104.          47.84         7.455401     3.8802972 ]
 [105.          48.14         7.303628     3.9146364 ]
 [106.          48.44         7.221358     3.9515076 ]
 [107.          48.52         7.0878057    3.9885457 ]
 [108.          48.760002     6.951114     4.01997   ]
 [109.          48.92         6.646203     4.0551157 ]
 [110.          49.04         6.4979224    4.0886126 ]
 [111.          49.100002     6.3023796    4.1245866 ]
 [112.          49.16         6.237228     4.1627245 ]
 [113.          49.2          5.9636397    4.200706  ]
 [114.          49.24         5.859436     4.234588  ]
 [115.          49.28         5.763854     4.2704315 ]
 [116.          49.4          5.4740286    4.3080935 ]
 [117.          49.26         5.50527      4.3485627 ]
 [118.          49.52         5.303489     4.3850594 ]
 [119.          49.440002     5.28895      4.425018  ]
 [120.          49.680004     4.9976993    4.4619956 ]
 [121.          49.54         4.732124     4.4911776 ]
 [122.          49.74         4.6789966    4.5246444 ]
 [123.          50.04         4.70723      4.553678  ]
 [124.          49.84         4.4869814    4.5823526 ]
 [125.          50.100002     4.627634     4.6135974 ]
 [126.          50.08         4.6029325    4.6473746 ]
 [127.          50.060005     4.4139547    4.67678   ]
 [128.          50.24         4.637132     4.712288  ]
 [129.          49.94         4.4466834    4.7485557 ]
 [130.          50.420002     4.5855207    4.7823024 ]
 [131.          50.100002     4.2438197    4.81768   ]
 [132.          50.7          4.4300103    4.853077  ]
 [133.          50.86         3.0745728    4.88261   ]
 [134.          51.22         4.6305494    4.913654  ]
 [135.          52.340004     2.241205     4.946834  ]
 [136.          50.4          5.279678     4.981121  ]
 [137.          52.519997     3.2368212    5.014174  ]
 [138.          49.859997     6.504845     5.048967  ]
 [139.          51.28         3.7425938    5.084996  ]
 [140.          51.140003     5.536515     5.122149  ]
 [141.          53.18         1.8060998    5.15997   ]
 [142.          53.059998     6.279569     5.195502  ]
 [143.          53.26         4.2323756    5.2377586 ]
 [144.          54.040005    13.709596     5.2748656 ]
 [145.          53.48         7.170565     5.3119717 ]
 [146.          52.28         9.8905       5.34441   ]
 [147.          59.100002    11.067069     5.3809624 ]
 [148.          46.68        11.4765835    5.417943  ]
 [149.          54.           0.78421843   5.4509654 ]
 [150.          40.340004    18.45367      5.481199  ]
 [151.          51.600002    19.957956     5.510804  ]
 [152.          59.46         3.8914006    5.536916  ]
 [153.          57.600002     2.2671576    5.57147   ]
 [154.          55.980007     4.717732     5.60254   ]
 [155.          41.72        19.90382      5.634525  ]
 [156.          57.74         8.139595     5.6651864 ]
 [157.          50.960003     6.875537     5.700008  ]
 [158.          51.940002     5.425219     5.7356443 ]
 [159.          50.980003     8.281728     5.7721634 ]
 [160.          53.540005     9.807294     5.804221  ]
 [161.          51.8          4.9310246    5.836988  ]
 [162.          54.640003     4.298604     5.8702073 ]
 [163.          49.52        16.963255     5.906484  ]
 [164.          52.040005    12.868295     5.9408984 ]
 [165.          59.540005     5.1679792    5.9788513 ]
 [166.          60.98         5.262794     6.01564   ]
 [167.          52.920002    17.817606     6.0538416 ]
 [168.          58.96         3.2082691    6.0936007 ]
 [169.          60.24         8.330846     6.131988  ]
 [170.          50.840004    13.969359     6.167436  ]
 [171.          53.72         7.546323     6.2042985 ]
 [172.          54.100002     6.6682086    6.242883  ]
 [173.          55.640003     3.3485813    6.277933  ]
 [174.          57.440002     3.090793     6.315725  ]
 [175.          58.7          6.6486855    6.35103   ]
 [176.          59.26         8.111904     6.380804  ]
 [177.          59.66         7.662114     6.4075165 ]
 [178.          60.38         7.3045883    6.434484  ]
 [179.          60.8          7.3664784    6.467637  ]
 [180.          60.48         6.7184076    6.49834   ]
 [181.          60.38         6.333797     6.5269504 ]
 [182.          60.640003     6.2091064    6.5610595 ]
 [183.          61.           6.3572807    6.592096  ]
 [184.          60.74         5.866259     6.6239557 ]
 [185.          63.38         6.5005355    6.657963  ]
 [186.          57.059998     9.541647     6.689317  ]
 [187.          49.280003    18.041952     6.722318  ]
 [188.          56.340004    15.01476      6.7543864 ]
 [189.          60.059998     7.289239     6.7878838 ]
 [190.          61.260006     4.4724727    6.8255935 ]
 [191.          61.840004     5.7795343    6.863586  ]
 [192.          61.66         6.666933     6.9022408 ]
 [193.          61.619995     7.656825     6.9438157 ]
 [194.          62.140003     8.148498     6.9863544 ]
 [195.          62.18         8.287157     7.023286  ]
 [196.          62.24         8.418611     7.0671816 ]
 [197.          62.38         8.34248      7.108098  ]
 [198.          62.44         8.263653     7.142995  ]
 [199.          62.559998     8.050654     7.178833  ]
 [200.          62.76         7.985486     7.2132416 ]]
The best results: 
Epoch: 185  63.38±6.50  6.658s
--------------- Train Done! ----------------
