Using cuda:0 device
Dataset     :Pubmed
Epochs      :200
LR X_s      :0.01
Learn A_s   :1
LR A_s      :0.01
Conden ratio:0.25
Ridge       :1.0
Kernel      :SGNK
k           :3
L           :1
Seed        :5
The 1th Iteration:
--------------------------------------------------
The 2th Iteration:
--------------------------------------------------
The 3th Iteration:
--------------------------------------------------
The 4th Iteration:
--------------------------------------------------
The 5th Iteration:
--------------------------------------------------
[[  1.          22.660002    10.420076     0.27289057]
 [  2.          22.660002    10.420076     0.27757317]
 [  3.          18.           0.           0.28216478]
 [  4.          18.           0.           0.28688785]
 [  5.          18.           0.           0.291994  ]
 [  6.          18.           0.           0.29686242]
 [  7.          18.           0.           0.301222  ]
 [  8.          18.           0.           0.3058369 ]
 [  9.          18.           0.           0.31106004]
 [ 10.          18.           0.           0.31585288]
 [ 11.          18.           0.           0.32023516]
 [ 12.          18.           0.           0.32466775]
 [ 13.          18.           0.           0.32935047]
 [ 14.          18.           0.           0.3339846 ]
 [ 15.          18.           0.           0.3387021 ]
 [ 16.          18.           0.           0.34380707]
 [ 17.          18.           0.           0.34854284]
 [ 18.          18.           0.           0.35318777]
 [ 19.          18.           0.           0.35776973]
 [ 20.          18.           0.           0.36244068]
 [ 21.          18.           0.           0.36717102]
 [ 22.          18.           0.           0.37189275]
 [ 23.          18.           0.           0.37681937]
 [ 24.          18.           0.           0.38180566]
 [ 25.          18.           0.           0.38684902]
 [ 26.          18.           0.           0.39195228]
 [ 27.          18.           0.           0.39712173]
 [ 28.          18.           0.           0.40232894]
 [ 29.          18.           0.           0.40759167]
 [ 30.          18.           0.           0.41292697]
 [ 31.          18.           0.           0.41854188]
 [ 32.          18.           0.           0.42360717]
 [ 33.          18.           0.           0.42869002]
 [ 34.          18.           0.           0.4342676 ]
 [ 35.          18.           0.           0.43853268]
 [ 36.          18.           0.           0.44239756]
 [ 37.          18.           0.           0.44630852]
 [ 38.          18.           0.           0.45041737]
 [ 39.          18.           0.           0.4545096 ]
 [ 40.          18.           0.           0.45903477]
 [ 41.          18.           0.           0.46340632]
 [ 42.          18.           0.           0.46755692]
 [ 43.          18.           0.           0.47184882]
 [ 44.          18.           0.           0.47633234]
 [ 45.          18.           0.           0.48082033]
 [ 46.          18.           0.           0.48505402]
 [ 47.          18.           0.           0.48969927]
 [ 48.          18.           0.           0.49439436]
 [ 49.          18.           0.           0.49930152]
 [ 50.          18.           0.           0.50411224]
 [ 51.          18.           0.           0.5091535 ]
 [ 52.          18.           0.           0.5142419 ]
 [ 53.          18.           0.           0.5188388 ]
 [ 54.          18.08         0.10954487   0.5247023 ]
 [ 55.          18.300001     0.4123105    0.5301009 ]
 [ 56.          19.520002     2.124147     0.534867  ]
 [ 57.          21.880001     5.2684913    0.54038525]
 [ 58.          24.020002     7.6231236    0.5451152 ]
 [ 59.          26.259998     9.666592     0.54978245]
 [ 60.          28.1         10.237675     0.5544023 ]
 [ 61.          30.08        11.013492     0.5591538 ]
 [ 62.          32.120003    10.878281     0.56403476]
 [ 63.          34.44        10.563285     0.57026666]
 [ 64.          36.24         9.920332     0.57526785]
 [ 65.          38.840004     7.9001904    0.5808069 ]
 [ 66.          40.4          5.955249     0.58606285]
 [ 67.          42.02         4.3660054    0.5909121 ]
 [ 68.          42.84         3.5683339    0.5956125 ]
 [ 69.          42.920002     3.7532644    0.6003616 ]
 [ 70.          43.079998     4.2564073    0.6050494 ]
 [ 71.          43.420002     4.6321697    0.6095876 ]
 [ 72.          43.24         5.3556514    0.61514515]
 [ 73.          43.499996     4.9653797    0.62072885]
 [ 74.          43.16         4.757415     0.6258598 ]
 [ 75.          42.76         4.8055177    0.63069606]
 [ 76.          42.820004     4.476829     0.6358531 ]
 [ 77.          43.38         3.6085997    0.6419542 ]
 [ 78.          43.54         4.357522     0.647849  ]
 [ 79.          44.359997     4.815391     0.6529534 ]
 [ 80.          45.180004     4.8551       0.6582372 ]
 [ 81.          46.2          2.892231     0.66349804]
 [ 82.          47.68         2.6565008    0.6687458 ]
 [ 83.          48.78         2.06325      0.6744775 ]
 [ 84.          50.54         2.2545514    0.6798405 ]
 [ 85.          52.26         2.7951734    0.6853132 ]
 [ 86.          52.9          2.9214718    0.6907747 ]
 [ 87.          54.059998     5.339756     0.6959324 ]
 [ 88.          54.940002     4.5213933    0.7007237 ]
 [ 89.          54.78         3.694184     0.70539564]
 [ 90.          54.76         3.5837128    0.71020126]
 [ 91.          55.46         3.678722     0.71485394]
 [ 92.          56.859997     3.6211874    0.71957403]
 [ 93.          57.88         3.573794     0.7245878 ]
 [ 94.          58.38         3.8951256    0.7293681 ]
 [ 95.          58.420002     5.168849     0.7344037 ]
 [ 96.          59.160004     5.7825603    0.73947006]
 [ 97.          59.940002     6.8867984    0.74475116]
 [ 98.          60.24         7.208884     0.75099295]
 [ 99.          60.7          7.2656736    0.756384  ]
 [100.          61.319996     7.2627144    0.76156443]
 [101.          61.78         7.013345     0.76666915]
 [102.          62.46         5.426139     0.7726786 ]
 [103.          62.820004     4.234029     0.7779821 ]
 [104.          62.619995     3.721826     0.7833374 ]
 [105.          62.519997     3.4578886    0.78796405]
 [106.          61.9          4.211294     0.7936528 ]
 [107.          61.3          5.212966     0.7985136 ]
 [108.          61.480007     7.25927      0.8034424 ]
 [109.          61.820004     7.7460966    0.8081526 ]
 [110.          63.38         6.103032     0.8121136 ]
 [111.          64.48         6.440652     0.81677085]
 [112.          66.88         5.966323     0.8205822 ]
 [113.          68.68         5.188161     0.8245596 ]
 [114.          69.16         4.542354     0.82831824]
 [115.          68.659996     5.313001     0.83201456]
 [116.          67.44         5.88498      0.835663  ]
 [117.          65.4          6.771633     0.83937836]
 [118.          63.059998     5.963472     0.8437149 ]
 [119.          62.940002     4.6731157    0.8476519 ]
 [120.          64.18001      3.6169064    0.8513829 ]
 [121.          65.119995     3.3372145    0.85586894]
 [122.          66.700005     2.7322156    0.86068946]
 [123.          67.1          2.8328412    0.8643913 ]
 [124.          67.700005     3.1488109    0.868645  ]
 [125.          67.12         3.3796449    0.8727502 ]
 [126.          66.78         4.1251674    0.87646353]
 [127.          65.78         4.1936836    0.88105434]
 [128.          63.3          3.6386833    0.885112  ]
 [129.          61.2          5.5131664    0.8902427 ]
 [130.          61.28         7.2223263    0.8937174 ]
 [131.          61.620003     7.5380363    0.8971184 ]
 [132.          62.559998     6.171142     0.9004823 ]
 [133.          62.640003     6.0945063    0.9038014 ]
 [134.          63.3          4.7063766    0.9074089 ]
 [135.          63.620003     4.401364     0.911993  ]
 [136.          65.200005     3.7168524    0.91608393]
 [137.          65.9          4.063866     0.9196003 ]
 [138.          67.740005     5.111553     0.92318344]
 [139.          68.32         4.813211     0.9268096 ]
 [140.          69.240005     3.9144604    0.93050116]
 [141.          69.659996     3.5260465    0.93423903]
 [142.          69.28001      3.480949     0.9380335 ]
 [143.          69.420006     3.3907232    0.9419508 ]
 [144.          69.68001      3.0343063    0.94597495]
 [145.          69.42         3.1625936    0.9498068 ]
 [146.          69.           4.167134     0.95375854]
 [147.          68.700005     5.953571     0.9583336 ]
 [148.          67.920006     7.2812767    0.9623359 ]
 [149.          66.92         6.890356     0.96643704]
 [150.          65.92         6.771779     0.97079945]
 [151.          65.76         6.020216     0.9745623 ]
 [152.          66.54         6.1072087    0.97841686]
 [153.          67.1          6.4478683    0.9820933 ]
 [154.          68.200005     5.8685603    0.98631173]
 [155.          68.64001      4.4528646    0.9901805 ]
 [156.          69.159996     3.4681406    0.99488735]
 [157.          69.340004     2.7645986    0.9989172 ]
 [158.          69.68         2.3857927    1.0031197 ]
 [159.          70.4          2.031008     1.0073925 ]
 [160.          70.44         2.5608602    1.0119874 ]
 [161.          70.6          2.745905     1.0165434 ]
 [162.          70.36001      3.12618      1.0210431 ]
 [163.          70.26         3.0402288    1.0254039 ]
 [164.          69.76         3.5018585    1.0301784 ]
 [165.          69.58         3.7837806    1.0348288 ]
 [166.          69.88         4.3820086    1.0396003 ]
 [167.          70.32001      4.6413364    1.0444388 ]
 [168.          69.920006     5.0982347    1.049386  ]
 [169.          70.1          5.2587996    1.0542108 ]
 [170.          69.8          5.0877314    1.0590136 ]
 [171.          68.58001      4.496332     1.0638897 ]
 [172.          67.82001      4.0319967    1.0690355 ]
 [173.          67.340004     4.234738     1.0740198 ]
 [174.          67.4          3.4445596    1.079046  ]
 [175.          68.22         3.7292087    1.08381   ]
 [176.          68.98         4.045613     1.0887781 ]
 [177.          70.3          3.4256363    1.0940028 ]
 [178.          70.619995     2.2698033    1.0987358 ]
 [179.          70.06         1.9856966    1.1031815 ]
 [180.          68.94         2.45214      1.1076292 ]
 [181.          69.619995     2.5781794    1.111951  ]
 [182.          70.06         3.1730127    1.1163393 ]
 [183.          70.4          3.7316244    1.1204529 ]
 [184.          70.56         3.359018     1.1245656 ]
 [185.          70.78001      3.828445     1.1284065 ]
 [186.          69.18001      6.1738973    1.1327928 ]
 [187.          66.58        11.44408      1.1365774 ]
 [188.          65.920006    12.726822     1.1404608 ]
 [189.          66.28        12.376266     1.1445299 ]
 [190.          67.62         9.174532     1.1483554 ]
 [191.          68.71999      5.945335     1.1524748 ]
 [192.          69.46         5.2175684    1.156675  ]
 [193.          69.38         4.6348677    1.1606945 ]
 [194.          68.71999      4.906831     1.1659673 ]
 [195.          67.24         6.6522927    1.1708581 ]
 [196.          67.36         7.187001     1.1759942 ]
 [197.          68.240005     6.037631     1.1813406 ]
 [198.          69.98         3.4193568    1.1860765 ]
 [199.          70.68         2.7941039    1.1912386 ]
 [200.          70.52001      3.90666      1.195666  ]]
The best results: 
Epoch: 185  70.78±3.83  1.128s
--------------- Train Done! ----------------
