Using cuda:0 device
Dataset     :Pubmed
Epochs      :200
LR X_s      :0.01
Learn A_s   :0
LR A_s      :0.01
Conden ratio:1.0
Ridge       :0.1
Kernel      :SNTK
k           :1
L           :1
Seed        :5
The 1th Iteration:
--------------------------------------------------
The 2th Iteration:
--------------------------------------------------
The 3th Iteration:
--------------------------------------------------
The 4th Iteration:
--------------------------------------------------
The 5th Iteration:
--------------------------------------------------
[[  1.          46.34         8.78937      0.36514536]
 [  2.          49.98         9.563054     0.40348908]
 [  3.          53.16         9.101539     0.43808323]
 [  4.          55.180004     9.10313      0.4717362 ]
 [  5.          56.8          8.224656     0.50023663]
 [  6.          57.5          7.2377477    0.530818  ]
 [  7.          57.96         7.00771      0.5587919 ]
 [  8.          58.26         6.6187615    0.60093206]
 [  9.          58.28         5.991412     0.629763  ]
 [ 10.          58.579998     5.673359     0.6636352 ]
 [ 11.          58.380005     5.2499514    0.69694895]
 [ 12.          58.52         5.0830097    0.72787654]
 [ 13.          58.24         5.1027465    0.75989634]
 [ 14.          58.22         4.821514     0.7989834 ]
 [ 15.          58.440002     4.868573     0.8337638 ]
 [ 16.          58.380005     4.930213     0.86698055]
 [ 17.          58.420002     4.6900964    0.9002684 ]
 [ 18.          58.559998     4.7109423    0.93448585]
 [ 19.          58.7          4.7555246    0.97132725]
 [ 20.          58.920002     4.786125     1.0086612 ]
 [ 21.          59.16         4.790409     1.0426165 ]
 [ 22.          59.5          4.7723145    1.0756902 ]
 [ 23.          59.74         4.66401      1.112798  ]
 [ 24.          60.           4.7942677    1.1483197 ]
 [ 25.          60.100002     4.356032     1.1831226 ]
 [ 26.          60.46         4.502001     1.2170695 ]
 [ 27.          60.600002     4.490546     1.2571837 ]
 [ 28.          60.88         4.501888     1.2892106 ]
 [ 29.          61.22         4.493552     1.3204397 ]
 [ 30.          61.420002     4.136666     1.3558807 ]
 [ 31.          61.76         4.1343694    1.3876785 ]
 [ 32.          62.28         4.1877213    1.4153315 ]
 [ 33.          62.559998     4.336244     1.4465532 ]
 [ 34.          62.980007     4.477389     1.4759188 ]
 [ 35.          63.440002     4.7109466    1.5063213 ]
 [ 36.          63.72         4.616494     1.5340639 ]
 [ 37.          63.98         4.635405     1.5604657 ]
 [ 38.          64.18         4.442634     1.5885273 ]
 [ 39.          64.36         4.363828     1.6144832 ]
 [ 40.          64.659996     4.196783     1.6455777 ]
 [ 41.          64.740005     4.155478     1.6802216 ]
 [ 42.          64.74         4.206304     1.7161067 ]
 [ 43.          64.92         4.198452     1.749387  ]
 [ 44.          65.18         4.4013634    1.7862892 ]
 [ 45.          65.44         4.2647405    1.8206837 ]
 [ 46.          65.420006     4.1918955    1.8552649 ]
 [ 47.          65.52         4.267552     1.8943522 ]
 [ 48.          65.58         3.9720275    1.9336716 ]
 [ 49.          65.76         3.77399      1.972811  ]
 [ 50.          65.96001      3.6149707    2.0144598 ]
 [ 51.          65.86         3.4558642    2.058892  ]
 [ 52.          66.           3.6124783    2.0974832 ]
 [ 53.          66.14001      3.7186022    2.1286817 ]
 [ 54.          66.46         3.7580578    2.1569078 ]
 [ 55.          66.58         3.7943363    2.1868248 ]
 [ 56.          66.71999      3.8816235    2.2163846 ]
 [ 57.          67.04         3.9373856    2.2497923 ]
 [ 58.          67.18         3.873887     2.278979  ]
 [ 59.          67.28         3.9429708    2.3053997 ]
 [ 60.          67.44         3.9639635    2.333186  ]
 [ 61.          67.44         3.9752977    2.363727  ]
 [ 62.          67.56         3.9959974    2.3886907 ]
 [ 63.          67.76         4.064848     2.4192612 ]
 [ 64.          67.9          4.1575236    2.4489722 ]
 [ 65.          68.04         3.9443636    2.481318  ]
 [ 66.          68.1          3.9881094    2.5131607 ]
 [ 67.          68.08         4.065957     2.5468526 ]
 [ 68.          68.18001      4.3286247    2.576672  ]
 [ 69.          68.22         4.2967453    2.611284  ]
 [ 70.          68.06         4.439933     2.6493104 ]
 [ 71.          67.939995     4.4931054    2.6894324 ]
 [ 72.          67.86         4.3420024    2.727346  ]
 [ 73.          67.66         4.4404955    2.7628334 ]
 [ 74.          67.38         4.2961583    2.801711  ]
 [ 75.          67.200005     4.239101     2.8374403 ]
 [ 76.          66.94         4.4674377    2.8754194 ]
 [ 77.          66.68         4.4773874    2.911846  ]
 [ 78.          66.54         4.5036654    2.952098  ]
 [ 79.          66.22         4.5855207    2.9824615 ]
 [ 80.          65.96         4.5927105    3.0108883 ]
 [ 81.          65.76         4.7584667    3.0392992 ]
 [ 82.          65.48         5.1572285    3.0683436 ]
 [ 83.          65.4          5.3851657    3.1001654 ]
 [ 84.          65.26         5.162169     3.1303475 ]
 [ 85.          64.94         5.4706497    3.166499  ]
 [ 86.          65.           5.4004626    3.1971443 ]
 [ 87.          64.920006     5.175617     3.2307153 ]
 [ 88.          64.8          5.397221     3.2669625 ]
 [ 89.          65.06         5.4665346    3.2989557 ]
 [ 90.          65.3          5.495453     3.330983  ]
 [ 91.          65.54         5.5188775    3.3571305 ]
 [ 92.          65.6          5.6342688    3.387587  ]
 [ 93.          66.3          5.275416     3.42049   ]
 [ 94.          66.740005     5.4187655    3.456792  ]
 [ 95.          67.06         5.3016987    3.4927716 ]
 [ 96.          67.94         5.288477     3.5311909 ]
 [ 97.          68.700005     5.8180747    3.5688896 ]
 [ 98.          69.439995     4.8122764    3.6091201 ]
 [ 99.          69.740005     5.2676373    3.6499696 ]
 [100.          70.82         5.615782     3.6874611 ]
 [101.          71.420006     3.9587903    3.725767  ]
 [102.          71.64001      4.3563743    3.7680047 ]
 [103.          72.380005     2.9785905    3.8068407 ]
 [104.          72.200005     4.7323346    3.8436067 ]
 [105.          72.6          2.880104     3.8799455 ]
 [106.          71.9          8.670927     3.9151733 ]
 [107.          70.659996     4.231785     3.9493554 ]
 [108.          71.32         6.11531      3.9817662 ]
 [109.          66.08         5.9301763    4.0141497 ]
 [110.          69.020004     3.9758012    4.046553  ]
 [111.          65.200005     8.301505     4.077065  ]
 [112.          71.18         5.511078     4.1128273 ]
 [113.          69.5          5.5049987    4.1481752 ]
 [114.          72.740005     4.595976     4.181339  ]
 [115.          65.9         10.450597     4.210351  ]
 [116.          73.           3.8006582    4.2413692 ]
 [117.          73.68001      2.344569     4.274958  ]
 [118.          70.520004     6.8049245    4.308897  ]
 [119.          67.700005     9.540701     4.342795  ]
 [120.          72.78         3.9858472    4.3819127 ]
 [121.          70.36         8.0101795    4.4172797 ]
 [122.          72.28         6.951401     4.455772  ]
 [123.          72.08         7.508463     4.492233  ]
 [124.          72.21999      4.4851985    4.531196  ]
 [125.          72.28         6.6533475    4.5660768 ]
 [126.          73.9          3.5986085    4.6017113 ]
 [127.          73.06         4.0942645    4.6348777 ]
 [128.          70.54         5.7396       4.669173  ]
 [129.          71.98         6.310069     4.704455  ]
 [130.          71.340004     8.526605     4.742368  ]
 [131.          76.34         1.6531799    4.774048  ]
 [132.          74.840004     3.5281725    4.8070183 ]
 [133.          73.840004     1.9060433    4.837837  ]
 [134.          69.86001      7.668313     4.8707542 ]
 [135.          68.340004    11.346717     4.8975825 ]
 [136.          73.420006     3.64239      4.931021  ]
 [137.          74.3          1.9937404    4.9607415 ]
 [138.          74.78         3.1244195    4.992599  ]
 [139.          75.76         1.2259661    5.0269427 ]
 [140.          75.04         1.4415253    5.0629745 ]
 [141.          70.44         6.6673083    5.0928893 ]
 [142.          69.96        10.449783     5.1268    ]
 [143.          71.68         5.800174     5.160924  ]
 [144.          75.32         2.1649492    5.1917777 ]
 [145.          71.28001      8.167435     5.22908   ]
 [146.          71.26        10.006896     5.2684064 ]
 [147.          75.920006     1.5368803    5.3073707 ]
 [148.          69.62         9.479556     5.3441677 ]
 [149.          72.58001      6.2078176    5.380668  ]
 [150.          71.200005    10.4057665    5.4151683 ]
 [151.          75.36         1.1013596    5.452072  ]
 [152.          75.920006     1.3179536    5.490625  ]
 [153.          76.58001      1.0010016    5.5243697 ]
 [154.          75.46         1.9034208    5.5606394 ]
 [155.          70.6          8.492055     5.5917354 ]
 [156.          72.240005     6.080542     5.623903  ]
 [157.          72.98         5.715506     5.658218  ]
 [158.          75.26         1.965452     5.691005  ]
 [159.          75.96         1.7728497    5.72486   ]
 [160.          75.48         2.6771252    5.7601175 ]
 [161.          75.04         2.9296756    5.794305  ]
 [162.          71.04        10.238798     5.8278155 ]
 [163.          71.62         8.830177     5.864533  ]
 [164.          72.159996     9.0665865    5.903091  ]
 [165.          73.32         6.2535596    5.9399824 ]
 [166.          74.5          3.7874768    5.9675283 ]
 [167.          75.48         1.5336195    6.0023246 ]
 [168.          75.880005     1.3535115    6.0370684 ]
 [169.          76.36         1.2641205    6.0686517 ]
 [170.          76.8          0.93005234   6.09749   ]
 [171.          76.48         1.3553604    6.132687  ]
 [172.          76.18         1.2194256    6.1727667 ]
 [173.          76.119995     1.2537957    6.2074614 ]
 [174.          76.200005     0.8717778    6.2450323 ]
 [175.          76.58001      1.0109389    6.2778034 ]
 [176.          76.8          1.0222526    6.3082805 ]
 [177.          77.06         0.81731665   6.344168  ]
 [178.          76.9          0.4847699    6.3785567 ]
 [179.          76.96         0.2701863    6.4160395 ]
 [180.          76.76         1.1013607    6.450699  ]
 [181.          74.659996     2.4764874    6.478162  ]
 [182.          71.659996     9.547931     6.512626  ]
 [183.          62.380005    10.360117     6.549806  ]
 [184.          57.280006    17.198168     6.58175   ]
 [185.          61.160004    10.046297     6.622818  ]
 [186.          66.12        11.495087     6.6616526 ]
 [187.          67.46        10.801064     6.696009  ]
 [188.          71.3          4.007495     6.7333817 ]
 [189.          72.8          2.4443836    6.770143  ]
 [190.          73.94         1.4993328    6.804695  ]
 [191.          75.14001      1.0382695    6.8399005 ]
 [192.          75.3          1.1768609    6.8739715 ]
 [193.          75.12001      1.3535155    6.908542  ]
 [194.          74.98         1.9031543    6.9382815 ]
 [195.          74.340004     2.4089422    6.9727387 ]
 [196.          73.880005     2.5645652    7.0101104 ]
 [197.          73.68001      2.91839      7.0441346 ]
 [198.          73.920006     3.0719683    7.0791383 ]
 [199.          73.74         3.0940244    7.115009  ]
 [200.          73.8          2.755904     7.1477427 ]]
The best results: 
Epoch: 177  77.06±0.82  6.344s
--------------- Train Done! ----------------
