Using cuda:1 device
Dataset     :Citeseer
Epochs      :200
LR X_s      :0.01
Learn A_s   :0
LR A_s      :0.01
Conden ratio:0.5
Ridge       :0.1
Kernel      :SNTK
k           :4
L           :1
Seed        :5
The 1th Iteration:
--------------------------------------------------
The 2th Iteration:
--------------------------------------------------
The 3th Iteration:
--------------------------------------------------
The 4th Iteration:
--------------------------------------------------
The 5th Iteration:
--------------------------------------------------
[[  1.          15.079999     6.2487597    0.37731987]
 [  2.          18.6          8.881722     0.41103888]
 [  3.          19.320002     6.408354     0.44735828]
 [  4.          20.300001     6.139219     0.48205253]
 [  5.          21.12         6.188861     0.51731485]
 [  6.          22.060001     4.5313354    0.5501787 ]
 [  7.          22.660002     2.905684     0.5837738 ]
 [  8.          23.240002     1.5306861    0.6189515 ]
 [  9.          23.68         0.6610598    0.65733206]
 [ 10.          23.859999     0.5983313    0.6874153 ]
 [ 11.          24.020002     0.614003     0.72008574]
 [ 12.          24.280003     0.6610597    0.7521226 ]
 [ 13.          24.34         0.56833076   0.78256696]
 [ 14.          24.28         0.43817845   0.81625235]
 [ 15.          24.26         0.4219004    0.84846306]
 [ 16.          24.4          0.514781     0.8801277 ]
 [ 17.          24.36         0.4722285    0.9108019 ]
 [ 18.          24.4          0.4743411    0.94111234]
 [ 19.          24.44         0.43358946   0.97357124]
 [ 20.          24.539999     0.3847076    1.0036157 ]
 [ 21.          24.64         0.3847073    1.033979  ]
 [ 22.          24.7          0.3674231    1.0637919 ]
 [ 23.          24.74         0.4393175    1.0949916 ]
 [ 24.          24.84         0.44497234   1.1266474 ]
 [ 25.          24.86         0.47222868   1.1558685 ]
 [ 26.          24.980001     0.6260985    1.1851755 ]
 [ 27.          24.960001     0.47222927   1.214277  ]
 [ 28.          24.960001     0.47222927   1.2448002 ]
 [ 29.          24.96         0.35777032   1.2747939 ]
 [ 30.          25.08         0.5069513    1.3031758 ]
 [ 31.          25.1          0.48476732   1.3315071 ]
 [ 32.          25.240002     0.4159327    1.359251  ]
 [ 33.          25.4          0.6284902    1.3875569 ]
 [ 34.          25.720001     0.90111005   1.4178084 ]
 [ 35.          25.920002     1.0521411    1.4483647 ]
 [ 36.          26.08         1.2988452    1.4793342 ]
 [ 37.          26.179998     1.4096102    1.5089725 ]
 [ 38.          26.26         1.5709873    1.5394045 ]
 [ 39.          26.420002     1.5754365    1.5701834 ]
 [ 40.          26.740004     1.6712272    1.600411  ]
 [ 41.          27.240004     1.6009364    1.6336613 ]
 [ 42.          27.64         1.7854972    1.6695403 ]
 [ 43.          28.279999     2.3069458    1.7025747 ]
 [ 44.          28.6          2.4289913    1.7357657 ]
 [ 45.          29.019999     2.4076962    1.7710568 ]
 [ 46.          29.58         2.2576537    1.808119  ]
 [ 47.          30.1          2.32056      1.8428396 ]
 [ 48.          30.679998     2.1498835    1.8792886 ]
 [ 49.          31.300001     1.8261981    1.9101124 ]
 [ 50.          31.720001     1.7064588    1.9432915 ]
 [ 51.          32.16         1.708216     1.9762801 ]
 [ 52.          32.68         1.6783925    2.0089905 ]
 [ 53.          33.24         1.5662067    2.0417888 ]
 [ 54.          33.579998     1.6177151    2.0730617 ]
 [ 55.          33.920002     1.4549925    2.1041467 ]
 [ 56.          34.16         1.3126312    2.1376832 ]
 [ 57.          34.440002     1.2320716    2.170699  ]
 [ 58.          34.780003     1.3330424    2.2027473 ]
 [ 59.          35.100002     1.4781744    2.2349243 ]
 [ 60.          35.820004     1.7369509    2.2676523 ]
 [ 61.          36.64         2.0647042    2.3006227 ]
 [ 62.          37.18         1.8281134    2.3327432 ]
 [ 63.          38.02         1.7512856    2.3661706 ]
 [ 64.          38.620003     1.8116293    2.401535  ]
 [ 65.          39.3          1.4966632    2.433532  ]
 [ 66.          40.100002     1.7073364    2.466547  ]
 [ 67.          40.920002     1.8005562    2.4989648 ]
 [ 68.          41.86         1.9034176    2.5297172 ]
 [ 69.          43.24         2.5471551    2.5596874 ]
 [ 70.          45.059998     2.9517796    2.592558  ]
 [ 71.          47.06         3.333617     2.6255767 ]
 [ 72.          49.24         3.3396108    2.65673   ]
 [ 73.          51.040005     3.419504     2.6869183 ]
 [ 74.          52.5          2.8169131    2.7195854 ]
 [ 75.          53.940002     2.496597     2.7512834 ]
 [ 76.          55.059998     2.536335     2.7834196 ]
 [ 77.          56.040005     1.9217182    2.815394  ]
 [ 78.          56.9          1.7677671    2.845888  ]
 [ 79.          57.540005     1.6226532    2.8770185 ]
 [ 80.          58.16         1.6742166    2.906952  ]
 [ 81.          58.640003     1.7854974    2.9384036 ]
 [ 82.          59.2          1.7606816    2.9716516 ]
 [ 83.          59.420002     1.9370075    3.0043316 ]
 [ 84.          59.74         1.9060426    3.0367916 ]
 [ 85.          60.2          1.8934097    3.0694082 ]
 [ 86.          60.320004     1.6754099    3.103076  ]
 [ 87.          60.559998     1.8836138    3.1367233 ]
 [ 88.          61.           1.9735751    3.168455  ]
 [ 89.          61.24         1.9768664    3.2007134 ]
 [ 90.          61.66         1.9641794    3.230851  ]
 [ 91.          62.02         2.0620365    3.260962  ]
 [ 92.          62.76         1.8955219    3.2943494 ]
 [ 93.          62.980007     1.7824142    3.3261456 ]
 [ 94.          63.360004     1.9730674    3.3585794 ]
 [ 95.          63.680004     1.896576     3.3914917 ]
 [ 96.          63.98         1.7166823    3.4226816 ]
 [ 97.          64.32         1.6392083    3.454622  ]
 [ 98.          64.68001      1.7455637    3.4907205 ]
 [ 99.          64.8          1.4781733    3.5246952 ]
 [100.          64.71999      1.2214737    3.5578797 ]
 [101.          65.18         1.3386543    3.5890195 ]
 [102.          65.04         0.9528894    3.6210861 ]
 [103.          65.3          0.92466164   3.650526  ]
 [104.          65.26         0.7021393    3.6784685 ]
 [105.          65.14001      0.8111708    3.7064157 ]
 [106.          65.3          0.6164405    3.737574  ]
 [107.          65.76         0.5176881    3.7669587 ]
 [108.          65.44         0.41593328   3.7974145 ]
 [109.          66.14         0.45607105   3.8282878 ]
 [110.          65.86         0.7021379    3.8620193 ]
 [111.          66.6          0.6123739    3.8902721 ]
 [112.          66.56         0.63482463   3.9196775 ]
 [113.          67.           1.2083045    3.9513528 ]
 [114.          67.58001      0.94445676   3.983645  ]
 [115.          67.44         0.9528897    4.0143094 ]
 [116.          67.12         0.9418098    4.043302  ]
 [117.          67.420006     1.2255615    4.0723433 ]
 [118.          67.520004     1.1300455    4.1027255 ]
 [119.          67.68         1.0733143    4.133035  ]
 [120.          67.159996     1.3630868    4.1633263 ]
 [121.          67.659996     1.0261575    4.19399   ]
 [122.          69.380005     0.78866804   4.2256336 ]
 [123.          68.22         1.6315634    4.2548814 ]
 [124.          68.8          0.73143595   4.286403  ]
 [125.          68.44         0.4037316    4.3145003 ]
 [126.          68.14001      0.9316644    4.3434305 ]
 [127.          69.08         1.063954     4.3718257 ]
 [128.          67.52         1.4342256    4.401147  ]
 [129.          67.26         0.9787749    4.430501  ]
 [130.          69.32         1.2091326    4.458844  ]
 [131.          68.420006     2.2764006    4.489137  ]
 [132.          67.76         2.006988     4.5195513 ]
 [133.          68.740005     1.4842504    4.553372  ]
 [134.          68.420006     2.1347125    4.5838485 ]
 [135.          66.420006     2.4437692    4.613845  ]
 [136.          67.560005     0.45055628   4.644439  ]
 [137.          69.76         0.90718985   4.6759663 ]
 [138.          68.200005     1.8587644    4.709251  ]
 [139.          67.26         1.744418     4.7424674 ]
 [140.          67.28         1.1122041    4.7744126 ]
 [141.          68.68         0.80124754   4.806231  ]
 [142.          69.38         2.1844902    4.837838  ]
 [143.          66.96         1.4258345    4.8673944 ]
 [144.          67.4          1.4781756    4.8974767 ]
 [145.          67.6          0.7483296    4.9276853 ]
 [146.          67.34         0.9528896    4.9577003 ]
 [147.          67.3          1.2999989    4.990427  ]
 [148.          67.62         1.7020582    5.020273  ]
 [149.          67.6          1.2806226    5.053731  ]
 [150.          66.78001      1.1256107    5.085949  ]
 [151.          67.48         1.177712     5.1172504 ]
 [152.          68.200005     1.3038374    5.1487374 ]
 [153.          67.71999      1.2755393    5.180424  ]
 [154.          67.86         1.3221163    5.2088394 ]
 [155.          67.54         1.3704       5.237551  ]
 [156.          67.56         1.9372666    5.265228  ]
 [157.          67.840004     1.0310175    5.2963843 ]
 [158.          67.58         2.2720065    5.32921   ]
 [159.          68.5          0.90277565   5.3594756 ]
 [160.          67.8          2.2605305    5.3941517 ]
 [161.          67.21999      1.1454257    5.4248157 ]
 [162.          66.619995     1.2577771    5.457701  ]
 [163.          67.64001      0.6542198    5.4911256 ]
 [164.          68.32         1.1924765    5.523809  ]
 [165.          67.840004     1.7896938    5.5552745 ]
 [166.          67.52         1.349811     5.5867014 ]
 [167.          68.           1.4491379    5.6189547 ]
 [168.          68.4          1.1313692    5.65279   ]
 [169.          68.840004     1.7329181    5.6879005 ]
 [170.          68.67999      1.4923126    5.72117   ]
 [171.          68.54         0.3646894    5.755774  ]
 [172.          67.68         1.2336932    5.788641  ]
 [173.          67.68001      1.4720739    5.821487  ]
 [174.          67.96         0.96591854   5.855566  ]
 [175.          68.060005     0.8203669    5.889114  ]
 [176.          67.84         0.90719557   5.9225893 ]
 [177.          67.18001      1.2557883    5.9573298 ]
 [178.          67.5          0.9643637    5.9921956 ]
 [179.          66.72         1.6783928    6.028638  ]
 [180.          66.42         1.2911216    6.063147  ]
 [181.          66.78001      1.9214611    6.096536  ]
 [182.          66.240005     3.4355488    6.1307    ]
 [183.          67.1          0.99246925   6.161239  ]
 [184.          65.740005     0.68775135   6.191672  ]
 [185.          65.14001      1.6905642    6.226085  ]
 [186.          65.76         3.7852345    6.255399  ]
 [187.          67.86         1.340896     6.2850738 ]
 [188.          67.58         1.5417527    6.312879  ]
 [189.          67.26         1.2660949    6.341038  ]
 [190.          67.3          1.2980726    6.370133  ]
 [191.          67.520004     1.6946962    6.400037  ]
 [192.          65.88         1.5122815    6.4338646 ]
 [193.          66.98         1.5817697    6.4668617 ]
 [194.          68.1          2.3291612    6.4988756 ]
 [195.          67.72001      2.3134372    6.530484  ]
 [196.          67.9          1.1180376    6.5612564 ]
 [197.          67.76         1.2541915    6.59583   ]
 [198.          67.28         1.3754997    6.6298614 ]
 [199.          67.3          1.3379105    6.660779  ]
 [200.          67.36001      1.1653296    6.6956573 ]]
The best results: 
Epoch: 137  69.76±0.91  4.676s
--------------- Train Done! ----------------
