Using cuda:1 device
Dataset     :Photo
Epochs      :200
LR X_s      :0.01
Learn A_s   :0
LR A_s      :0.01
Conden ratio:0.25
Ridge       :0.5
Kernel      :SNTK
k           :2
L           :1
Seed        :5
The 1th Iteration:
--------------------------------------------------
The 2th Iteration:
--------------------------------------------------
The 3th Iteration:
--------------------------------------------------
The 4th Iteration:
--------------------------------------------------
The 5th Iteration:
--------------------------------------------------
[[  1.          12.7          0.18957189   0.28924033]
 [  2.          16.65         4.0247283    0.31116667]
 [  3.          17.125        6.0182014    0.33138067]
 [  4.          19.975        6.8261905    0.35103446]
 [  5.          24.225        2.9848576    0.3710905 ]
 [  6.          27.050001     2.9442742    0.39157858]
 [  7.          30.35         3.908524     0.4141329 ]
 [  8.          31.4          3.5026777    0.43532953]
 [  9.          32.225002     2.2628107    0.4575586 ]
 [ 10.          32.725002     0.8310386    0.4787179 ]
 [ 11.          32.825        1.2138524    0.50125974]
 [ 12.          32.725002     1.3092226    0.5246638 ]
 [ 13.          32.775        1.1937336    0.547584  ]
 [ 14.          32.9          1.2067518    0.57139784]
 [ 15.          33.25         0.8705243    0.59344435]
 [ 16.          34.425        2.5733004    0.61583775]
 [ 17.          35.525        3.4982142    0.6364781 ]
 [ 18.          38.           5.272274     0.6572265 ]
 [ 19.          40.45         6.8861275    0.67783195]
 [ 20.          42.075        7.974863     0.6971746 ]
 [ 21.          43.100002     8.553326     0.71899545]
 [ 22.          44.825       10.120601     0.7388974 ]
 [ 23.          46.5          9.725531     0.7576963 ]
 [ 24.          48.05         9.582129     0.7785782 ]
 [ 25.          50.75         9.832186     0.7985806 ]
 [ 26.          51.875       10.032369     0.8215273 ]
 [ 27.          54.600002    10.051974     0.8424408 ]
 [ 28.          56.325       10.790838     0.864353  ]
 [ 29.          58.          11.179292     0.88426876]
 [ 30.          59.55        10.853283     0.90584964]
 [ 31.          61.625        9.859164     0.92749566]
 [ 32.          63.275        8.683408     0.9473149 ]
 [ 33.          64.625        8.050621     0.9661649 ]
 [ 34.          66.075005     8.053338     0.98763275]
 [ 35.          67.525        8.030412     1.0098107 ]
 [ 36.          69.125        7.5761757    1.0358824 ]
 [ 37.          70.575005     7.456959     1.0580277 ]
 [ 38.          71.875        7.697403     1.0812445 ]
 [ 39.          72.9          6.9784265    1.105587  ]
 [ 40.          74.200005     5.211616     1.1289603 ]
 [ 41.          75.225        4.3851666    1.152058  ]
 [ 42.          75.85         3.6863344    1.1763643 ]
 [ 43.          76.675        2.982501     1.1996707 ]
 [ 44.          76.950005     2.2991166    1.2214727 ]
 [ 45.          77.575005     1.5426236    1.2413826 ]
 [ 46.          77.950005     1.1201284    1.2608641 ]
 [ 47.          78.3          0.9706634    1.2808437 ]
 [ 48.          78.55         0.88653153   1.299643  ]
 [ 49.          78.675        0.5968664    1.3193944 ]
 [ 50.          78.975        0.49529123   1.3419583 ]
 [ 51.          78.85         0.42756492   1.3632649 ]
 [ 52.          78.8          0.41079268   1.3861876 ]
 [ 53.          78.925        0.4889408    1.4084066 ]
 [ 54.          78.8          0.66497225   1.4312117 ]
 [ 55.          78.55         0.49686518   1.4530054 ]
 [ 56.          78.475        0.41833      1.4772147 ]
 [ 57.          78.65         0.5258916    1.4986019 ]
 [ 58.          78.65         0.54054433   1.5207717 ]
 [ 59.          78.675        0.704893     1.5438846 ]
 [ 60.          78.6          0.5477234    1.5645741 ]
 [ 61.          78.525        0.47103682   1.5897759 ]
 [ 62.          78.475        0.44546372   1.6094401 ]
 [ 63.          78.525        0.4626689    1.6322043 ]
 [ 64.          78.575005     0.5491468    1.6526963 ]
 [ 65.          78.575005     0.49686518   1.6752433 ]
 [ 66.          78.475        0.47103608   1.6972984 ]
 [ 67.          78.5          0.56596184   1.7197741 ]
 [ 68.          78.450005     0.48088413   1.7420037 ]
 [ 69.          78.4          0.4626681    1.7660306 ]
 [ 70.          78.55         0.40117016   1.7897701 ]
 [ 71.          78.6          0.38931027   1.8149649 ]
 [ 72.          78.725        0.47925848   1.8396965 ]
 [ 73.          78.85         0.44546458   1.8651723 ]
 [ 74.          78.825005     0.28777266   1.8916291 ]
 [ 75.          78.725        0.47925618   1.9174031 ]
 [ 76.          78.925        0.5768979    1.9405321 ]
 [ 77.          78.950005     0.5700865    1.9623886 ]
 [ 78.          79.125        0.6373762    1.9845097 ]
 [ 79.          79.25         0.59947765   2.0064125 ]
 [ 80.          79.325005     0.59028596   2.0295284 ]
 [ 81.          79.625        0.7395105    2.0543852 ]
 [ 82.          79.675        0.69933003   2.079052  ]
 [ 83.          79.65         0.5755432    2.1035352 ]
 [ 84.          79.700005     0.6410441    2.1290615 ]
 [ 85.          79.85         0.60853267   2.155771  ]
 [ 86.          80.175        0.7104136    2.183176  ]
 [ 87.          80.225        0.78262395   2.2085328 ]
 [ 88.          80.25         0.74477345   2.234162  ]
 [ 89.          80.375        0.559017     2.257179  ]
 [ 90.          80.725        1.0621319    2.2797716 ]
 [ 91.          80.475        0.54054374   2.301174  ]
 [ 92.          81.05         1.0443295    2.3211448 ]
 [ 93.          81.375        1.0789173    2.3436906 ]
 [ 94.          81.125        0.875        2.3640149 ]
 [ 95.          81.200005     1.1201286    2.386051  ]
 [ 96.          81.700005     1.2549905    2.4049683 ]
 [ 97.          81.75         1.0897248    2.4267938 ]
 [ 98.          81.775        0.8723173    2.448102  ]
 [ 99.          81.65         1.2035109    2.4702525 ]
 [100.          82.4          1.5572413    2.4900308 ]
 [101.          82.375        0.96824604   2.5122192 ]
 [102.          82.175        0.9625805    2.5330086 ]
 [103.          82.55         0.8459463    2.5553315 ]
 [104.          82.625        1.0716528    2.5761554 ]
 [105.          82.6          1.1871715    2.5975392 ]
 [106.          82.55         1.1645815    2.6207294 ]
 [107.          82.175        0.8319781    2.643996  ]
 [108.          83.15         0.6274942    2.6650882 ]
 [109.          83.4          0.88565046   2.687296  ]
 [110.          83.125        1.2437336    2.708712  ]
 [111.          82.700005     1.4131086    2.7304127 ]
 [112.          82.925        0.93791693   2.7540634 ]
 [113.          82.975        0.6696548    2.7767518 ]
 [114.          83.425        0.85968745   2.8002112 ]
 [115.          82.925        1.0292596    2.8232381 ]
 [116.          83.225        0.76750463   2.8486705 ]
 [117.          83.200005     0.7479138    2.874368  ]
 [118.          83.4          0.71479857   2.9000657 ]
 [119.          83.3          0.85055166   2.9258273 ]
 [120.          83.675        0.80816185   2.9509099 ]
 [121.          83.625        0.71261024   2.9761477 ]
 [122.          83.425        0.73207754   3.0023837 ]
 [123.          83.575005     0.68236756   3.027823  ]
 [124.          83.700005     0.4472136    3.0511816 ]
 [125.          83.575005     0.7048933    3.0758152 ]
 [126.          83.725        0.60207975   3.0995522 ]
 [127.          83.950005     0.37081072   3.1229706 ]
 [128.          83.725        0.6637968    3.1471944 ]
 [129.          83.725        0.5822901    3.1686041 ]
 [130.          83.65         0.41832992   3.1912105 ]
 [131.          83.950005     0.32595944   3.213698  ]
 [132.          84.           0.3952839    3.235974  ]
 [133.          84.15         0.525892     3.2577698 ]
 [134.          83.450005     1.2917998    3.2792912 ]
 [135.          84.200005     0.2877716    3.3023796 ]
 [136.          84.075005     0.32596013   3.324765  ]
 [137.          84.65         0.1045822    3.3460908 ]
 [138.          84.05         0.60337603   3.3702927 ]
 [139.          83.825005     0.4383921    3.3904855 ]
 [140.          84.475        0.3791447    3.4098325 ]
 [141.          84.675        0.42938912   3.42924   ]
 [142.          84.4          0.6519209    3.4498565 ]
 [143.          83.3          1.01781      3.4701347 ]
 [144.          84.125        0.5728214    3.491253  ]
 [145.          84.4          0.4792575    3.512555  ]
 [146.          84.450005     0.18957189   3.5353143 ]
 [147.          84.525        0.37914377   3.5570602 ]
 [148.          84.425        0.77862024   3.5794983 ]
 [149.          84.3          0.73207754   3.6010818 ]
 [150.          84.475        0.73633385   3.6234329 ]
 [151.          84.475        0.9577003    3.6466434 ]
 [152.          84.725        0.7776155    3.6682045 ]
 [153.          84.475        0.57554317   3.6905766 ]
 [154.          84.450005     0.7735869    3.711212  ]
 [155.          84.775        1.0839754    3.7331593 ]
 [156.          84.625        0.61871845   3.7532444 ]
 [157.          84.625        0.91429716   3.7752404 ]
 [158.          84.8          0.9706634    3.7961586 ]
 [159.          85.025        0.8767836    3.8174036 ]
 [160.          85.           1.5232565    3.8388104 ]
 [161.          85.275        1.7664406    3.862857  ]
 [162.          85.375        1.5687375    3.8845952 ]
 [163.          85.3          1.1878294    3.905473  ]
 [164.          85.15         0.91172916   3.9273827 ]
 [165.          84.675        1.0368216    3.952467  ]
 [166.          85.125        1.4469798    3.9750893 ]
 [167.          85.575005     0.7935285    3.997853  ]
 [168.          85.525        0.98979044   4.019295  ]
 [169.          85.775        1.0694613    4.0416727 ]
 [170.          85.3          1.2393285    4.0635576 ]
 [171.          85.475        0.9287088    4.0897217 ]
 [172.          85.5          0.9560666    4.109878  ]
 [173.          85.15         0.41833085   4.1311164 ]
 [174.          84.6          0.95769906   4.153908  ]
 [175.          85.625        0.8926785    4.176356  ]
 [176.          85.875        0.6123719    4.1992235 ]
 [177.          85.700005     0.86872756   4.2215934 ]
 [178.          85.475        0.6212381    4.243873  ]
 [179.          85.3          1.2580998    4.265565  ]
 [180.          85.525        1.0131953    4.2874894 ]
 [181.          85.575005     0.77862054   4.311012  ]
 [182.          85.775        0.94950646   4.3337483 ]
 [183.          85.925        0.5968673    4.355819  ]
 [184.          85.55         1.4295986    4.3772745 ]
 [185.          85.8          1.3964232    4.3987293 ]
 [186.          85.875        1.0532687    4.4187617 ]
 [187.          85.8          0.81298065   4.4403877 ]
 [188.          86.375        0.42389655   4.4608245 ]
 [189.          86.4          0.60207915   4.481792  ]
 [190.          86.           0.5863022    4.502543  ]
 [191.          86.525        0.69259477   4.5235515 ]
 [192.          86.725        0.6336896    4.546557  ]
 [193.          86.575005     0.7213267    4.568485  ]
 [194.          86.375        0.91429687   4.590234  ]
 [195.          86.125        0.6312201    4.612878  ]
 [196.          85.725        1.1772585    4.6332965 ]
 [197.          86.075005     0.5199168    4.6533875 ]
 [198.          85.575005     1.4937358    4.67535   ]
 [199.          84.875        2.7386136    4.6965895 ]
 [200.          84.3          3.2675006    4.7196846 ]]
The best results: 
Epoch: 192  86.72±0.63  4.547s
--------------- Train Done! ----------------
