Using cuda:1 device
Dataset     :Computers
Epochs      :200
LR X_s      :0.01
Learn A_s   :0
LR A_s      :0.01
Conden ratio:1.0
Ridge       :0.01
Kernel      :SGNK
k           :2
L           :1
Seed        :5
The 1th Iteration:
--------------------------------------------------
The 2th Iteration:
--------------------------------------------------
The 3th Iteration:
--------------------------------------------------
The 4th Iteration:
--------------------------------------------------
The 5th Iteration:
--------------------------------------------------
[[  1.          51.12         5.279867     0.27124926]
 [  2.          51.620003     4.9997       0.2774581 ]
 [  3.          50.42         4.762037     0.2840427 ]
 [  4.          51.14         4.2264643    0.29141194]
 [  5.          54.8          3.01745      0.29769453]
 [  6.          58.040005     2.4744709    0.30474564]
 [  7.          63.920002     2.4570305    0.31142327]
 [  8.          67.78         2.5043967    0.31792894]
 [  9.          72.12         3.6642878    0.32475337]
 [ 10.          75.21999      3.6629202    0.33213526]
 [ 11.          77.18001      4.9635677    0.33932087]
 [ 12.          78.72         3.2660353    0.34600195]
 [ 13.          80.8          2.7586226    0.35283676]
 [ 14.          81.54         2.9593916    0.35968038]
 [ 15.          82.54         1.2521981    0.3671305 ]
 [ 16.          83.26         1.5420725    0.3743406 ]
 [ 17.          84.12         1.6468132    0.3818303 ]
 [ 18.          84.4          1.5116208    0.38873002]
 [ 19.          84.840004     1.1392996    0.3954712 ]
 [ 20.          84.98         0.7918343    0.40253574]
 [ 21.          84.78001      0.614003     0.40963197]
 [ 22.          85.4          0.15811327   0.41641554]
 [ 23.          85.1          0.4301143    0.42335787]
 [ 24.          85.26         0.55946374   0.43013826]
 [ 25.          85.34         0.27018484   0.4367765 ]
 [ 26.          85.5          0.24494913   0.44364873]
 [ 27.          85.64         0.43358877   0.45152885]
 [ 28.          85.86         0.27928472   0.45987198]
 [ 29.          85.700005     0.15811369   0.46795923]
 [ 30.          85.76         0.19493623   0.47566453]
 [ 31.          85.8          0.4582556    0.48320922]
 [ 32.          85.78001      0.27748895   0.49065027]
 [ 33.          85.84         0.32863188   0.49837762]
 [ 34.          85.840004     0.15165862   0.50663334]
 [ 35.          85.659996     0.11401748   0.51454985]
 [ 36.          85.740005     0.13416487   0.5222313 ]
 [ 37.          85.88         0.27749234   0.52977896]
 [ 38.          85.740005     0.30495983   0.53648067]
 [ 39.          85.86         0.20736575   0.5436794 ]
 [ 40.          86.1          0.3605549    0.5527206 ]
 [ 41.          85.5          1.1247195    0.560003  ]
 [ 42.          85.840004     0.34351146   0.56715184]
 [ 43.          85.48         0.31144857   0.5743233 ]
 [ 44.          85.939995     0.35777023   0.58208615]
 [ 45.          85.920006     0.21679443   0.5906255 ]
 [ 46.          85.86         0.50793654   0.5972376 ]
 [ 47.          85.86001      0.11401681   0.6049218 ]
 [ 48.          85.48         0.44385      0.6109895 ]
 [ 49.          85.700005     0.37416613   0.61870396]
 [ 50.          85.90001      0.15811369   0.62482727]
 [ 51.          86.14         0.2607678    0.630997  ]
 [ 52.          85.72         0.34928405   0.6373503 ]
 [ 53.          85.9          0.39999947   0.6455145 ]
 [ 54.          86.12         0.2774911    0.65206736]
 [ 55.          85.76         0.27018586   0.65881765]
 [ 56.          85.740005     0.1140196    0.6664421 ]
 [ 57.          86.04         0.29664996   0.6726763 ]
 [ 58.          85.86         0.19493358   0.67913365]
 [ 59.          85.740005     0.37815106   0.6861387 ]
 [ 60.          86.060005     0.31304768   0.6923717 ]
 [ 61.          86.02         0.4549718    0.6987659 ]
 [ 62.          85.9          0.0707096    0.7052817 ]
 [ 63.          86.04         0.2792853    0.71184033]
 [ 64.          85.94         0.38470685   0.7198356 ]
 [ 65.          85.700005     0.22360681   0.72676533]
 [ 66.          86.020004     0.23874687   0.73431367]
 [ 67.          86.1          0.23451965   0.7410001 ]
 [ 68.          85.78001      0.1788857    0.74808085]
 [ 69.          85.78001      0.13038704   0.7552635 ]
 [ 70.          86.1          0.29154804   0.7618801 ]
 [ 71.          86.020004     0.24899572   0.769068  ]
 [ 72.          85.68         0.2588431    0.7761198 ]
 [ 73.          85.86         0.19493718   0.78286415]
 [ 74.          85.46         1.1414907    0.78974146]
 [ 75.          85.700005     0.35355043   0.7967994 ]
 [ 76.          86.16         0.21908954   0.80377257]
 [ 77.          85.939995     0.23021866   0.81097907]
 [ 78.          85.78         0.25884262   0.81861633]
 [ 79.          85.5          1.1335785    0.8256472 ]
 [ 80.          86.           0.4949726    0.8326564 ]
 [ 81.          85.8          0.35355178   0.8399647 ]
 [ 82.          85.700005     0.46368092   0.8471965 ]
 [ 83.          85.920006     0.24899703   0.8552217 ]
 [ 84.          85.96001      0.19493762   0.86284506]
 [ 85.          85.840004     0.2607669    0.87046283]
 [ 86.          85.94         0.26076844   0.87824005]
 [ 87.          86.1          0.12247262   0.88657266]
 [ 88.          86.020004     0.29496038   0.8953077 ]
 [ 89.          85.8          0.22360666   0.9031307 ]
 [ 90.          85.98         0.21679695   0.91140646]
 [ 91.          86.02         0.37013504   0.9191783 ]
 [ 92.          85.72         0.30331612   0.92710346]
 [ 93.          85.96         0.296647     0.93486595]
 [ 94.          85.76         0.35071287   0.94480896]
 [ 95.          85.88         0.26832697   0.9540173 ]
 [ 96.          85.94         0.19493526   0.961216  ]
 [ 97.          85.78         0.27748808   0.9688005 ]
 [ 98.          85.98         0.37013516   0.97588915]
 [ 99.          86.020004     0.23874812   0.98300666]
 [100.          85.84         0.1816579    0.9920921 ]
 [101.          85.86         0.19493483   0.999685  ]
 [102.          85.88         0.21679546   1.0066319 ]
 [103.          86.22         0.31144854   1.0140634 ]
 [104.          85.880005     0.41472942   1.021843  ]
 [105.          86.060005     0.41593152   1.0283906 ]
 [106.          85.82         0.21679774   1.0346875 ]
 [107.          85.82         0.14832677   1.0414228 ]
 [108.          85.920006     0.31144592   1.0485057 ]
 [109.          85.9          0.21213076   1.0548836 ]
 [110.          85.98         0.34205273   1.0617753 ]
 [111.          85.94         0.336155     1.0692532 ]
 [112.          86.04         0.41592956   1.0759006 ]
 [113.          85.92         0.14832462   1.0824445 ]
 [114.          85.939995     0.23021927   1.0895586 ]
 [115.          85.8          0.57008696   1.0965544 ]
 [116.          85.82         0.30331367   1.103019  ]
 [117.          85.76         0.6503841    1.1094944 ]
 [118.          85.840004     0.32093486   1.115797  ]
 [119.          86.14001      0.3286298    1.1228414 ]
 [120.          85.77999      0.24899851   1.1297148 ]
 [121.          85.6          0.47434005   1.1362618 ]
 [122.          85.9          0.2738622    1.142856  ]
 [123.          86.           0.24495018   1.1488937 ]
 [124.          86.079994     0.40865573   1.1554458 ]
 [125.          85.96         0.371483     1.1614422 ]
 [126.          85.98         0.3962361    1.1676162 ]
 [127.          86.1          0.25495207   1.1738592 ]
 [128.          85.920006     0.21679372   1.1800579 ]
 [129.          86.1          0.27386513   1.1861467 ]
 [130.          86.14001      0.4277848    1.1926627 ]
 [131.          85.82         0.3271082    1.2015705 ]
 [132.          86.06         0.2607664    1.2080872 ]
 [133.          85.94         0.1673304    1.2152058 ]
 [134.          85.76         0.34351233   1.221328  ]
 [135.          86.1          0.18708563   1.2273844 ]
 [136.          85.920006     0.39623207   1.2356132 ]
 [137.          85.98         0.5215371    1.2428935 ]
 [138.          86.02         0.4658319    1.2488484 ]
 [139.          86.08001      0.3346648    1.2548618 ]
 [140.          85.8          0.18708444   1.2607926 ]
 [141.          86.02         0.2683262    1.2687114 ]
 [142.          86.02         0.16431732   1.2752314 ]
 [143.          85.9          0.33911806   1.2820628 ]
 [144.          85.700005     0.24494965   1.2881707 ]
 [145.          86.21999      0.24899572   1.2942511 ]
 [146.          86.12         0.1788857    1.3003441 ]
 [147.          85.8          0.27386174   1.3066565 ]
 [148.          86.14001      0.2701858    1.3127574 ]
 [149.          85.96         0.32863376   1.3190777 ]
 [150.          85.920006     0.33466536   1.3256408 ]
 [151.          86.1          0.30822247   1.3320885 ]
 [152.          86.04         0.40987736   1.3390455 ]
 [153.          85.96001      0.27018523   1.34533   ]
 [154.          86.00001      0.21213225   1.3520011 ]
 [155.          85.939995     0.2073611    1.3583946 ]
 [156.          85.96         0.3974902    1.364757  ]
 [157.          86.020004     0.29495636   1.37132   ]
 [158.          86.240005     0.47222793   1.3801163 ]
 [159.          86.020004     0.31144613   1.3871031 ]
 [160.          86.020004     0.31937507   1.394003  ]
 [161.          86.200005     0.24494913   1.4011539 ]
 [162.          85.98         0.23874664   1.4080967 ]
 [163.          85.939995     0.35777023   1.4148268 ]
 [164.          86.18         0.3271074    1.4217844 ]
 [165.          85.920006     0.33466595   1.4289111 ]
 [166.          85.82         0.65345335   1.4360542 ]
 [167.          85.96         0.33615595   1.443614  ]
 [168.          85.659996     0.39115316   1.4500918 ]
 [169.          85.76         0.4335911    1.4572338 ]
 [170.          86.119995     0.34928393   1.4638399 ]
 [171.          86.119995     0.43243632   1.4725758 ]
 [172.          85.72         0.19235387   1.4812782 ]
 [173.          85.84         0.35777172   1.4880416 ]
 [174.          85.76         0.54129326   1.4943479 ]
 [175.          85.9          0.44158986   1.500898  ]
 [176.          86.119995     0.25884256   1.5080837 ]
 [177.          86.26         0.24083239   1.5145191 ]
 [178.          86.240005     0.28809586   1.5213941 ]
 [179.          86.3          0.3674253    1.5279896 ]
 [180.          85.96         0.320936     1.5351762 ]
 [181.          85.36         0.7733052    1.542221  ]
 [182.          85.58001      0.44944426   1.5482763 ]
 [183.          85.86         0.8734981    1.5550575 ]
 [184.          85.9          0.35355482   1.5614674 ]
 [185.          85.76         0.5727118    1.5677689 ]
 [186.          85.86         0.50299186   1.574077  ]
 [187.          86.14001      0.1516565    1.5804607 ]
 [188.          86.08         0.22803512   1.5868105 ]
 [189.          85.92         0.31145138   1.5938025 ]
 [190.          86.08         0.14832385   1.600583  ]
 [191.          86.14001      0.15165772   1.6068896 ]
 [192.          86.14         0.42778188   1.6127735 ]
 [193.          85.939995     0.28809804   1.6186247 ]
 [194.          85.88         0.44384775   1.6245381 ]
 [195.          86.1          0.31622896   1.6310242 ]
 [196.          85.72         0.37013608   1.6389042 ]
 [197.          85.8          0.3464123    1.6457319 ]
 [198.          86.020004     0.31144613   1.6518326 ]
 [199.          85.92         0.36331752   1.6581156 ]
 [200.          86.06         0.76026326   1.6656195 ]]
The best results: 
Epoch: 179  86.30±0.37  1.528s
--------------- Train Done! ----------------
