Set seed
Model Cheby
--------------------------------------------------
The 1th iteration:
--------------------------------------------------
--------------------------------------------------
The 2th iteration:
--------------------------------------------------
--------------------------------------------------
The 3th iteration:
--------------------------------------------------
--------------------------------------------------
The 4th iteration:
--------------------------------------------------
--------------------------------------------------
The 5th iteration:
--------------------------------------------------
[[  1.           0.179        0.04006245]
 [  2.           0.1914       0.03507563]
 [  3.           0.20580001   0.02968501]
 [  4.           0.2184       0.02687564]
 [  5.           0.23120001   0.0267058 ]
 [  6.           0.2454       0.04264153]
 [  7.           0.2602       0.06127562]
 [  8.           0.27220002   0.08005748]
 [  9.           0.27400002   0.0885833 ]
 [ 10.           0.284        0.08650722]
 [ 11.           0.2948       0.07688758]
 [ 12.           0.30699998   0.07229454]
 [ 13.           0.3256       0.05714717]
 [ 14.           0.3368       0.04023307]
 [ 15.           0.34759998   0.03146904]
 [ 16.           0.34699997   0.03183551]
 [ 17.           0.3424       0.03359762]
 [ 18.           0.33540002   0.03048442]
 [ 19.           0.329        0.02724885]
 [ 20.           0.313        0.02642915]
 [ 21.           0.3016       0.02141961]
 [ 22.           0.2878       0.02138224]
 [ 23.           0.2804       0.02047682]
 [ 24.           0.27659997   0.02809449]
 [ 25.           0.27760002   0.03154045]
 [ 26.           0.2798       0.03832363]
 [ 27.           0.28480002   0.04946919]
 [ 28.           0.2936       0.06169927]
 [ 29.           0.2974       0.06919032]
 [ 30.           0.2994       0.07492865]
 [ 31.           0.30440003   0.07450034]
 [ 32.           0.307        0.07532264]
 [ 33.           0.3156       0.07419771]
 [ 34.           0.3206       0.06913609]
 [ 35.           0.3278       0.06639052]
 [ 36.           0.3376       0.0649446 ]
 [ 37.           0.3472       0.06975815]
 [ 38.           0.3584       0.06970511]
 [ 39.           0.3652       0.07410601]
 [ 40.           0.37060001   0.07440296]
 [ 41.           0.3758       0.07699805]
 [ 42.           0.38340002   0.07395133]
 [ 43.           0.3902       0.07021895]
 [ 44.           0.3978       0.06162141]
 [ 45.           0.4014       0.05097352]
 [ 46.           0.4046       0.04439932]
 [ 47.           0.4058       0.04038193]
 [ 48.           0.4052       0.03901538]
 [ 49.           0.3994       0.03714566]
 [ 50.           0.3946       0.03728002]
 [ 51.           0.39060003   0.03773327]
 [ 52.           0.38840002   0.03700405]
 [ 53.           0.38480002   0.03721827]
 [ 54.           0.38180003   0.03378905]
 [ 55.           0.38120002   0.03140381]
 [ 56.           0.38260004   0.03138949]
 [ 57.           0.38060004   0.03097257]
 [ 58.           0.3802       0.03168911]
 [ 59.           0.37960002   0.03359763]
 [ 60.           0.37980002   0.03883555]
 [ 61.           0.3808       0.04039431]
 [ 62.           0.3822       0.04305463]
 [ 63.           0.383        0.04707972]
 [ 64.           0.3828       0.04743628]
 [ 65.           0.3844       0.04972726]
 [ 66.           0.3842       0.05241375]
 [ 67.           0.3858       0.05284128]
 [ 68.           0.386        0.0542356 ]
 [ 69.           0.386        0.0550545 ]
 [ 70.           0.3866       0.05628322]
 [ 71.           0.3858       0.057225  ]
 [ 72.           0.3834       0.05839349]
 [ 73.           0.3814       0.0582177 ]
 [ 74.           0.37960002   0.0583078 ]
 [ 75.           0.37859997   0.05916334]
 [ 76.           0.37680003   0.06003915]
 [ 77.           0.375        0.06183446]
 [ 78.           0.37719998   0.06398202]
 [ 79.           0.377        0.0657153 ]
 [ 80.           0.376        0.06681691]
 [ 81.           0.37579998   0.0688963 ]
 [ 82.           0.37600002   0.0701534 ]
 [ 83.           0.377        0.07106335]
 [ 84.           0.37640002   0.07105138]
 [ 85.           0.37680003   0.07044999]
 [ 86.           0.3772       0.07166032]
 [ 87.           0.3778       0.07007639]
 [ 88.           0.37680003   0.06886726]
 [ 89.           0.37800002   0.06743145]
 [ 90.           0.37820002   0.06666109]
 [ 91.           0.3776       0.06507918]
 [ 92.           0.3788       0.06493998]
 [ 93.           0.381        0.06402735]
 [ 94.           0.3822       0.06480123]
 [ 95.           0.382        0.0650692 ]
 [ 96.           0.38000003   0.06552862]
 [ 97.           0.38000003   0.06563916]
 [ 98.           0.378        0.06621933]
 [ 99.           0.3768       0.06702014]
 [100.           0.3772       0.06694549]
 [101.           0.3774       0.06772223]
 [102.           0.377        0.06829348]
 [103.           0.3766       0.06983051]
 [104.           0.37480003   0.0695967 ]
 [105.           0.37460002   0.06892967]
 [106.           0.3758       0.0707439 ]
 [107.           0.377        0.07044145]
 [108.           0.3788       0.07002287]
 [109.           0.3788       0.06895795]
 [110.           0.37980002   0.06903404]
 [111.           0.38160002   0.06970149]
 [112.           0.38300002   0.07041662]
 [113.           0.3836       0.06994141]
 [114.           0.38540003   0.06898406]
 [115.           0.38660002   0.0680463 ]
 [116.           0.3894       0.06746333]
 [117.           0.39159998   0.06728151]
 [118.           0.39200002   0.06444764]
 [119.           0.39400002   0.06362389]
 [120.           0.3938       0.06228725]
 [121.           0.39420003   0.06075114]
 [122.           0.39499998   0.05857902]
 [123.           0.3942       0.05668951]
 [124.           0.39400002   0.05655528]
 [125.           0.39360002   0.05658444]
 [126.           0.39260003   0.05793358]
 [127.           0.39159998   0.05856876]
 [128.           0.3926       0.05895168]
 [129.           0.3902       0.06003083]
 [130.           0.39040002   0.06002749]
 [131.           0.38860002   0.06104752]
 [132.           0.3878       0.06246759]
 [133.           0.3876       0.06492919]
 [134.           0.3894       0.06641762]
 [135.           0.3888       0.06702016]
 [136.           0.38920003   0.06741069]
 [137.           0.38840002   0.06741883]
 [138.           0.38860002   0.06766316]
 [139.           0.38920003   0.06878735]
 [140.           0.3884       0.0702837 ]
 [141.           0.38920003   0.07073684]
 [142.           0.3896       0.07209231]
 [143.           0.38900003   0.07329393]
 [144.           0.3894       0.07295753]
 [145.           0.3886       0.0741033 ]
 [146.           0.3886       0.07488524]
 [147.           0.3882       0.07558902]
 [148.           0.3888       0.07613935]
 [149.           0.3892       0.07633281]
 [150.           0.38919997   0.07616234]
 [151.           0.3894       0.07542082]
 [152.           0.3896       0.07514852]
 [153.           0.3908       0.07504133]
 [154.           0.39159998   0.07431555]
 [155.           0.39200002   0.07460563]
 [156.           0.3926       0.07363966]
 [157.           0.3932       0.07316897]
 [158.           0.3944       0.07354116]
 [159.           0.3944       0.07354116]
 [160.           0.3948       0.07333282]
 [161.           0.395        0.0730719 ]
 [162.           0.3952       0.07282651]
 [163.           0.396        0.07293148]
 [164.           0.3964       0.0725865 ]
 [165.           0.39620003   0.07253758]
 [166.           0.39720002   0.07252378]
 [167.           0.3982       0.0722198 ]
 [168.           0.3994       0.07184218]
 [169.           0.4004       0.07143039]
 [170.           0.4014       0.07204721]
 [171.           0.40280005   0.07339074]
 [172.           0.4034       0.07361589]
 [173.           0.4042       0.0740081 ]
 [174.           0.40480003   0.07330552]
 [175.           0.4066       0.07329939]
 [176.           0.4068       0.0730801 ]
 [177.           0.4082       0.07346562]
 [178.           0.4082       0.07346562]
 [179.           0.40879998   0.07306981]
 [180.           0.4106       0.07215469]
 [181.           0.4094       0.07296779]
 [182.           0.4106       0.07182827]
 [183.           0.41120002   0.07139117]
 [184.           0.4118       0.07085688]
 [185.           0.414        0.06970653]
 [186.           0.414        0.06853831]
 [187.           0.4148       0.06807128]
 [188.           0.41500002   0.06735354]
 [189.           0.4152       0.06719895]
 [190.           0.41540003   0.06704699]
 [191.           0.41560003   0.06746702]
 [192.           0.41640002   0.06688273]
 [193.           0.41640002   0.06688646]
 [194.           0.4168       0.06660105]
 [195.           0.4162       0.06669483]
 [196.           0.41560003   0.06697238]
 [197.           0.4158       0.06660105]
 [198.           0.41619998   0.06648082]
 [199.           0.4168       0.06620951]
 [200.           0.4168       0.06619442]
 [201.           0.4176       0.06561478]
 [202.           0.419        0.06470703]
 [203.           0.42019996   0.06404062]
 [204.           0.4204       0.06393982]
 [205.           0.422        0.06324161]
 [206.           0.4234       0.06264024]
 [207.           0.425        0.06215706]
 [208.           0.4258       0.06184011]
 [209.           0.4264       0.06163846]
 [210.           0.4268       0.0615849 ]
 [211.           0.4276       0.06114164]
 [212.           0.42740002   0.06116207]
 [213.           0.42740002   0.06100246]
 [214.           0.4268       0.06064818]
 [215.           0.42740002   0.06094916]
 [216.           0.4272       0.06122662]
 [217.           0.4278       0.06079227]
 [218.           0.42799997   0.06075361]
 [219.           0.4284       0.06050042]
 [220.           0.4284       0.06050042]
 [221.           0.4284       0.06026856]
 [222.           0.42859998   0.06052107]
 [223.           0.42860004   0.06096966]
 [224.           0.42860004   0.06103523]
 [225.           0.4284       0.06108027]
 [226.           0.4292       0.06125927]
 [227.           0.4298       0.0612756 ]
 [228.           0.4302       0.06119394]
 [229.           0.43039998   0.06160196]
 [230.           0.4306       0.0613865 ]
 [231.           0.43120003   0.06186033]
 [232.           0.431        0.06173735]
 [233.           0.43080002   0.06175516]
 [234.           0.431        0.06179805]
 [235.           0.4316       0.0620669 ]
 [236.           0.432        0.06252999]
 [237.           0.43280002   0.0627949 ]
 [238.           0.43319997   0.06279888]
 [239.           0.433        0.06334034]
 [240.           0.43319997   0.06373932]
 [241.           0.4336       0.06374011]
 [242.           0.4336       0.06374011]
 [243.           0.43420002   0.06398204]
 [244.           0.4348       0.06377853]
 [245.           0.4356       0.06365769]
 [246.           0.4356       0.06365769]
 [247.           0.4358       0.06344053]
 [248.           0.43640003   0.06310152]
 [249.           0.4368       0.06328666]
 [250.           0.43660003   0.0634886 ]
 [251.           0.43660003   0.06365769]
 [252.           0.4368       0.0631443 ]
 [253.           0.43719998   0.06244757]
 [254.           0.4384       0.06215144]
 [255.           0.43900004   0.06216512]
 [256.           0.4398       0.06200566]
 [257.           0.44000003   0.06211684]
 [258.           0.4398       0.06200566]
 [259.           0.4402       0.06207817]
 [260.           0.4402       0.06207817]
 [261.           0.44000003   0.06226155]
 [262.           0.44000003   0.06226155]
 [263.           0.4402       0.06220691]
 [264.           0.4408       0.06219083]
 [265.           0.44099998   0.06214499]
 [266.           0.44180003   0.06147927]
 [267.           0.44239998   0.06104752]
 [268.           0.44300005   0.0606259 ]
 [269.           0.44420004   0.05915404]
 [270.           0.4448       0.05882771]
 [271.           0.44560003   0.05827778]
 [272.           0.44660002   0.05766108]
 [273.           0.44720003   0.05697105]
 [274.           0.448        0.05678468]
 [275.           0.4502       0.05593925]
 [276.           0.4514       0.05567585]
 [277.           0.452        0.05549774]
 [278.           0.4526       0.05543284]
 [279.           0.45340005   0.0554599 ]
 [280.           0.45560002   0.05560846]
 [281.           0.456        0.05552928]
 [282.           0.4564       0.05548694]
 [283.           0.45580003   0.05572432]
 [284.           0.45620003   0.05581398]
 [285.           0.45620003   0.05591245]
 [286.           0.4564       0.05577904]
 [287.           0.4564       0.05577904]
 [288.           0.45580003   0.05548153]
 [289.           0.455        0.05547071]
 [290.           0.4542       0.05532811]
 [291.           0.45380002   0.05537328]
 [292.           0.45360002   0.05500273]
 [293.           0.45380002   0.05540036]
 [294.           0.45360002   0.05568931]
 [295.           0.4542       0.05623788]
 [296.           0.45479998   0.05577813]
 [297.           0.45520002   0.05582294]
 [298.           0.455        0.05587039]
 [299.           0.4546       0.05597589]
 [300.           0.45480004   0.05583189]
 [301.           0.45480004   0.05583189]
 [302.           0.4546       0.056132  ]
 [303.           0.45439997   0.05619431]
 [304.           0.4546       0.0560919 ]
 [305.           0.455        0.05589275]
 [306.           0.45479998   0.05596159]
 [307.           0.45479998   0.05596159]
 [308.           0.45520002   0.05599732]
 [309.           0.4554       0.05619429]
 [310.           0.4554       0.05576557]
 [311.           0.45480004   0.05579157]
 [312.           0.45480004   0.05579157]
 [313.           0.4554       0.05589543]
 [314.           0.4556       0.05600267]
 [315.           0.4556       0.05600267]
 [316.           0.456        0.05647565]
 [317.           0.4554       0.0565137 ]
 [318.           0.4556       0.05687968]
 [319.           0.4554       0.05695873]
 [320.           0.4554       0.05695873]
 [321.           0.45520002   0.05659239]
 [322.           0.4556       0.05662419]
 [323.           0.45580003   0.05698859]
 [324.           0.45580003   0.05680403]
 [325.           0.4564       0.05653581]
 [326.           0.4564       0.05610078]
 [327.           0.4564       0.05610078]
 [328.           0.45620003   0.05599731]
 [329.           0.456        0.05589721]
 [330.           0.45579997   0.05580052]
 [331.           0.4556       0.05589543]
 [332.           0.45520002   0.055899  ]
 [333.           0.4554       0.05559945]
 [334.           0.4556       0.05550044]
 [335.           0.4556       0.05547341]
 [336.           0.45580003   0.05517427]
 [337.           0.456        0.05526754]
 [338.           0.456        0.05487714]
 [339.           0.45620003   0.05480602]
 [340.           0.4564       0.05450962]
 [341.           0.4564       0.05450962]
 [342.           0.45679998   0.05411746]
 [343.           0.457        0.05382378]
 [344.           0.457        0.05382378]
 [345.           0.457        0.05382378]
 [346.           0.4574       0.05363581]
 [347.           0.4574       0.05363581]
 [348.           0.45760003   0.05354717]
 [349.           0.45760003   0.05354717]
 [350.           0.45740005   0.05317237]
 [351.           0.4578       0.05317612]
 [352.           0.458        0.05309426]
 [353.           0.458        0.05309426]
 [354.           0.45819998   0.0534668 ]
 [355.           0.45819998   0.0534668 ]
 [356.           0.45839998   0.05316765]
 [357.           0.4586       0.05308765]
 [358.           0.4586       0.05308765]
 [359.           0.4588       0.05301131]
 [360.           0.45900002   0.05293863]
 [361.           0.45900002   0.05293863]
 [362.           0.4592       0.05289329]
 [363.           0.4592       0.05289329]
 [364.           0.4592       0.05289329]
 [365.           0.4592       0.05289329]
 [366.           0.4592       0.05289329]
 [367.           0.4592       0.05289329]
 [368.           0.45899996   0.05295753]
 [369.           0.45899996   0.05295753]
 [370.           0.4588       0.05304903]
 [371.           0.4588       0.05304903]
 [372.           0.4584       0.05288477]
 [373.           0.4584       0.05288477]
 [374.           0.4586       0.05258611]
 [375.           0.4588       0.05266593]
 [376.           0.4588       0.05266593]
 [377.           0.4586       0.05258611]
 [378.           0.4586       0.05258611]
 [379.           0.45839998   0.05268111]
 [380.           0.45839998   0.05268111]
 [381.           0.45839998   0.05268111]
 [382.           0.45839998   0.05268111]
 [383.           0.45859995   0.05276173]
 [384.           0.45859995   0.05276173]
 [385.           0.45839998   0.05286115]
 [386.           0.45880005   0.05274183]
 [387.           0.45880005   0.05274183]
 [388.           0.45900002   0.05282518]
 [389.           0.45900002   0.05282518]
 [390.           0.4592       0.05291219]
 [391.           0.4592       0.05291219]
 [392.           0.4592       0.05291219]
 [393.           0.4592       0.05291219]
 [394.           0.4592       0.05291219]
 [395.           0.4592       0.05243759]
 [396.           0.45900002   0.05273993]
 [397.           0.4592       0.05268491]
 [398.           0.4592       0.05268491]
 [399.           0.4594       0.05277594]
 [400.           0.4594       0.05277594]]
Dataset       :Citeseer
Model         :Cheby
Conden ratio  :0.25
GC            :5
LearnA        :0
Max Test Accuracy:
0.539
Best Result: Epoch   Acc  Std.
               399 0.4594  0.0528
