Set seed
Model SGC
--------------------------------------------------
The 1th iteration:
--------------------------------------------------
--------------------------------------------------
The 2th iteration:
--------------------------------------------------
--------------------------------------------------
The 3th iteration:
--------------------------------------------------
--------------------------------------------------
The 4th iteration:
--------------------------------------------------
--------------------------------------------------
The 5th iteration:
--------------------------------------------------
[[  1.           0.2558       0.03123619]
 [  2.           0.3382       0.0358915 ]
 [  3.           0.40300003   0.03342155]
 [  4.           0.45240003   0.03652807]
 [  5.           0.4836       0.03353804]
 [  6.           0.5044       0.03535958]
 [  7.           0.5216       0.02921985]
 [  8.           0.5378       0.02235398]
 [  9.           0.55100006   0.02463735]
 [ 10.           0.5586       0.02175546]
 [ 11.           0.5666       0.01980657]
 [ 12.           0.5718       0.01914943]
 [ 13.           0.5754       0.0158997 ]
 [ 14.           0.57980007   0.01559488]
 [ 15.           0.583        0.01319092]
 [ 16.           0.5846       0.01201248]
 [ 17.           0.587        0.01014886]
 [ 18.           0.58900005   0.00871783]
 [ 19.           0.58900005   0.00935415]
 [ 20.           0.5894       0.00912689]
 [ 21.           0.5902       0.00887129]
 [ 22.           0.5916       0.00901666]
 [ 23.           0.59120005   0.00769414]
 [ 24.           0.5908       0.00746322]
 [ 25.           0.5914       0.00750334]
 [ 26.           0.59059995   0.00890506]
 [ 27.           0.591        0.00860236]
 [ 28.           0.5916       0.00814248]
 [ 29.           0.5914       0.00832464]
 [ 30.           0.59180003   0.00785493]
 [ 31.           0.5908       0.00834864]
 [ 32.           0.59040004   0.00844394]
 [ 33.           0.5904       0.00893309]
 [ 34.           0.5904       0.00909946]
 [ 35.           0.59         0.00921955]
 [ 36.           0.58900005   0.00877496]
 [ 37.           0.5872       0.0091488 ]
 [ 38.           0.586        0.00857321]
 [ 39.           0.5846       0.00944986]
 [ 40.           0.5818       0.00952365]
 [ 41.           0.58140004   0.01040673]
 [ 42.           0.57919997   0.0114324 ]
 [ 43.           0.579        0.01202083]
 [ 44.           0.5786       0.01178135]
 [ 45.           0.5774       0.01078426]
 [ 46.           0.5766       0.01130487]
 [ 47.           0.575        0.01140174]
 [ 48.           0.57299995   0.01164045]
 [ 49.           0.57240003   0.0115888 ]
 [ 50.           0.5714       0.01006482]
 [ 51.           0.5684       0.00918152]
 [ 52.           0.5676       0.00893309]
 [ 53.           0.5674       0.00909948]
 [ 54.           0.56540006   0.01021274]
 [ 55.           0.56420004   0.00962809]
 [ 56.           0.563        0.00927361]
 [ 57.           0.56140006   0.00934345]
 [ 58.           0.5598       0.00967986]
 [ 59.           0.558        0.01017348]
 [ 60.           0.5574       0.01031017]
 [ 61.           0.5568       0.00967986]
 [ 62.           0.55560005   0.00879203]
 [ 63.           0.5542       0.00843801]
 [ 64.           0.5534       0.00801872]
 [ 65.           0.5532       0.00816698]
 [ 66.           0.5518       0.00769412]
 [ 67.           0.552        0.00790567]
 [ 68.           0.5522       0.00779102]
 [ 69.           0.5516       0.00676757]
 [ 70.           0.55         0.00591607]
 [ 71.           0.5492       0.00554074]
 [ 72.           0.5486       0.00563915]
 [ 73.           0.5482001    0.00554073]
 [ 74.           0.548        0.00587367]
 [ 75.           0.5468       0.0071554 ]
 [ 76.           0.54520005   0.00725947]
 [ 77.           0.544        0.00714141]
 [ 78.           0.5434       0.00665581]
 [ 79.           0.5424       0.00536658]
 [ 80.           0.54139996   0.00610738]
 [ 81.           0.5406       0.00669329]
 [ 82.           0.54080003   0.00672311]
 [ 83.           0.5402       0.00657269]
 [ 84.           0.53940004   0.00680442]
 [ 85.           0.5384       0.00694982]
 [ 86.           0.53800005   0.00678233]
 [ 87.           0.5378       0.00683372]
 [ 88.           0.5378       0.00683372]
 [ 89.           0.5374       0.00723189]
 [ 90.           0.5372       0.00719027]
 [ 91.           0.5368       0.00725946]
 [ 92.           0.536        0.00734847]
 [ 93.           0.535        0.00670822]
 [ 94.           0.5342       0.00597493]
 [ 95.           0.53400004   0.00608275]
 [ 96.           0.533        0.00667084]
 [ 97.           0.5324001    0.00687748]
 [ 98.           0.532        0.00644203]
 [ 99.           0.5316       0.00642652]
 [100.           0.53         0.00644202]
 [101.           0.5296       0.00618869]
 [102.           0.5296       0.00684105]
 [103.           0.5296       0.00650385]
 [104.           0.52940005   0.00622898]
 [105.           0.5288       0.00516718]
 [106.           0.52840006   0.00472228]
 [107.           0.529        0.0043589 ]
 [108.           0.52840006   0.00456069]
 [109.           0.52820003   0.00496993]
 [110.           0.529        0.00533854]
 [111.           0.528        0.00484772]
 [112.           0.5278       0.00476448]
 [113.           0.5276       0.00472231]
 [114.           0.5276       0.00456073]
 [115.           0.5272       0.00432437]
 [116.           0.5268       0.00460435]
 [117.           0.5268       0.00460435]
 [118.           0.5268       0.00460435]
 [119.           0.5266       0.00439316]
 [120.           0.526        0.00412311]
 [121.           0.52580005   0.00454972]
 [122.           0.526        0.0047434 ]
 [123.           0.526        0.0047434 ]
 [124.           0.52599996   0.00504975]
 [125.           0.5262       0.0049699 ]
 [126.           0.5264       0.0045607 ]
 [127.           0.5264       0.0045607 ]
 [128.           0.5264       0.00517688]
 [129.           0.527        0.00504974]
 [130.           0.527        0.00504974]
 [131.           0.5268       0.00554076]
 [132.           0.5266       0.00622896]
 [133.           0.527        0.00604153]
 [134.           0.5272       0.00622094]
 [135.           0.527        0.00616441]
 [136.           0.527        0.00604153]
 [137.           0.52820003   0.00622093]
 [138.           0.52860004   0.00602494]
 [139.           0.5286       0.00589916]
 [140.           0.529        0.00583097]
 [141.           0.5294       0.00610737]
 [142.           0.52940005   0.00610737]
 [143.           0.52980006   0.00653453]
 [144.           0.5308       0.00601663]
 [145.           0.5312       0.00521535]
 [146.           0.5314       0.00517688]
 [147.           0.53120005   0.00558569]
 [148.           0.5314       0.00559462]
 [149.           0.5314       0.00517688]
 [150.           0.5318       0.00486829]
 [151.           0.5326       0.00527256]
 [152.           0.533        0.00583096]
 [153.           0.5334       0.00507938]
 [154.           0.5334       0.00517687]
 [155.           0.5346       0.00421901]
 [156.           0.535        0.00424265]
 [157.           0.53540003   0.00371482]
 [158.           0.5356       0.00350714]
 [159.           0.53599995   0.003937  ]
 [160.           0.5364       0.00415933]
 [161.           0.537        0.00430116]
 [162.           0.5374       0.00421901]
 [163.           0.5382       0.00432434]
 [164.           0.5388       0.00396234]
 [165.           0.53940004   0.0035777 ]
 [166.           0.5398       0.00376829]
 [167.           0.54039997   0.00364692]
 [168.           0.541        0.0041833 ]
 [169.           0.541        0.00400002]
 [170.           0.541        0.00400002]
 [171.           0.54120004   0.00370137]
 [172.           0.542        0.00367425]
 [173.           0.5424       0.00364693]
 [174.           0.5426       0.00364692]
 [175.           0.5436       0.00378153]
 [176.           0.54420006   0.00396234]
 [177.           0.5448       0.0040866 ]
 [178.           0.54520005   0.00420715]
 [179.           0.54560006   0.00384708]
 [180.           0.5462       0.00349284]
 [181.           0.5472       0.00356371]
 [182.           0.5474       0.00350715]
 [183.           0.5476       0.00320937]
 [184.           0.5482001    0.00432432]
 [185.           0.5482       0.00408657]
 [186.           0.54899997   0.0041833 ]
 [187.           0.5492       0.00376828]
 [188.           0.55039996   0.00444972]
 [189.           0.5508       0.00460433]
 [190.           0.55200005   0.00367423]
 [191.           0.55319995   0.00370137]
 [192.           0.5536       0.00391151]
 [193.           0.55480003   0.00342053]
 [194.           0.5558       0.00277487]
 [195.           0.55700004   0.00223607]
 [196.           0.5574       0.00167332]
 [197.           0.558        0.00212132]
 [198.           0.5588       0.00238746]
 [199.           0.56000006   0.00244948]
 [200.           0.56100005   0.00254951]
 [201.           0.562        0.00244948]
 [202.           0.5624       0.00240831]
 [203.           0.5624       0.00240831]
 [204.           0.563        0.00234521]
 [205.           0.5634       0.00250998]
 [206.           0.56400007   0.0023452 ]
 [207.           0.56420004   0.00228035]
 [208.           0.5644       0.00304961]
 [209.           0.56520003   0.0027749 ]
 [210.           0.56619996   0.00319375]
 [211.           0.5672       0.00356368]
 [212.           0.5678       0.00327107]
 [213.           0.5678       0.00311447]
 [214.           0.568        0.00374165]
 [215.           0.5684       0.00409877]
 [216.           0.56880003   0.00396233]
 [217.           0.56880003   0.00396233]
 [218.           0.5688       0.00349285]
 [219.           0.5702       0.00303314]
 [220.           0.57100004   0.003     ]
 [221.           0.5716       0.00181659]
 [222.           0.5722       0.00248996]
 [223.           0.57240003   0.00230218]
 [224.           0.57260007   0.00250997]
 [225.           0.5738       0.00408655]
 [226.           0.5742       0.00349284]
 [227.           0.5746       0.00371483]
 [228.           0.575        0.00339116]
 [229.           0.5754       0.00350713]
 [230.           0.57680005   0.00389871]
 [231.           0.5770001    0.00399999]
 [232.           0.57820004   0.00370135]
 [233.           0.5794       0.0031305 ]
 [234.           0.5804       0.00288097]
 [235.           0.5808       0.00311449]
 [236.           0.58100003   0.00380789]
 [237.           0.58120006   0.00402492]
 [238.           0.5822       0.00396234]
 [239.           0.58280003   0.00389873]
 [240.           0.5838       0.00356371]
 [241.           0.58400005   0.00282843]
 [242.           0.58460003   0.00270185]
 [243.           0.586        0.00291547]
 [244.           0.5864       0.00304959]
 [245.           0.5862       0.00286356]
 [246.           0.5864       0.00304959]
 [247.           0.587        0.00331662]
 [248.           0.58779997   0.00349285]
 [249.           0.5876       0.00343511]
 [250.           0.5878       0.00334664]
 [251.           0.588        0.00300001]
 [252.           0.58860004   0.00378153]
 [253.           0.5888       0.00389871]
 [254.           0.5894       0.00336154]
 [255.           0.58980006   0.00342052]
 [256.           0.59020007   0.00396232]
 [257.           0.5916       0.00296648]
 [258.           0.5928       0.0038987 ]
 [259.           0.5928       0.0038987 ]
 [260.           0.5938       0.00454973]
 [261.           0.59440005   0.00403734]
 [262.           0.5952       0.0032711 ]
 [263.           0.59560007   0.00296649]
 [264.           0.5962       0.00303315]
 [265.           0.5968       0.00334664]
 [266.           0.59700006   0.00374165]
 [267.           0.59779996   0.00396231]
 [268.           0.5988       0.0035637 ]
 [269.           0.59980005   0.00432435]
 [270.           0.6002       0.00454971]
 [271.           0.601        0.00380788]
 [272.           0.601        0.00380788]
 [273.           0.6014       0.0034351 ]
 [274.           0.6028001    0.00303314]
 [275.           0.6036       0.00304959]
 [276.           0.6038       0.00286356]
 [277.           0.6038       0.00286356]
 [278.           0.605        0.00353554]
 [279.           0.60600007   0.00346412]
 [280.           0.6064       0.00279288]
 [281.           0.60719997   0.00303316]
 [282.           0.60739994   0.00328634]
 [283.           0.6084       0.00357772]
 [284.           0.60880005   0.00303314]
 [285.           0.60880005   0.00303314]
 [286.           0.6096       0.00343508]
 [287.           0.6104       0.0039749 ]
 [288.           0.61079997   0.00414728]
 [289.           0.61160004   0.0039749 ]
 [290.           0.612        0.00339117]
 [291.           0.6122       0.00370135]
 [292.           0.61280006   0.00356369]
 [293.           0.6134       0.00260767]
 [294.           0.61359996   0.00270185]
 [295.           0.61420006   0.00258842]
 [296.           0.6144       0.00270183]
 [297.           0.61560005   0.00250996]
 [298.           0.6158       0.00192354]
 [299.           0.6162       0.00204939]
 [300.           0.616        0.0023452 ]
 [301.           0.616        0.0023452 ]
 [302.           0.6168       0.00286357]
 [303.           0.61759996   0.00320936]
 [304.           0.6182       0.00408658]
 [305.           0.619        0.00374167]
 [306.           0.6196       0.00350713]
 [307.           0.6202       0.0035637 ]
 [308.           0.62060004   0.00350714]
 [309.           0.621        0.00339117]
 [310.           0.6216       0.00357771]
 [311.           0.6228       0.00402492]
 [312.           0.6232       0.00389869]
 [313.           0.6238       0.00420713]
 [314.           0.624        0.00406201]
 [315.           0.6244       0.00364692]
 [316.           0.6258001    0.00383406]
 [317.           0.6264       0.00403733]
 [318.           0.62700003   0.00406204]
 [319.           0.6284       0.00403733]
 [320.           0.629        0.00374166]
 [321.           0.6298       0.00342054]
 [322.           0.6302       0.0027749 ]
 [323.           0.6306       0.00240832]
 [324.           0.6312       0.00268327]
 [325.           0.63140005   0.00296648]
 [326.           0.63140005   0.00336156]
 [327.           0.63140005   0.00357772]
 [328.           0.63219994   0.00389874]
 [329.           0.63219994   0.00356371]
 [330.           0.6338       0.00342052]
 [331.           0.6344       0.00279284]
 [332.           0.6348001    0.00327107]
 [333.           0.6346       0.00378151]
 [334.           0.6348       0.00334663]
 [335.           0.6352       0.00334662]
 [336.           0.63500005   0.00299998]
 [337.           0.6358       0.00216793]
 [338.           0.636        0.00223606]
 [339.           0.6368       0.00148324]
 [340.           0.63740003   0.00194937]
 [341.           0.6382       0.00178884]
 [342.           0.6388       0.00216794]
 [343.           0.6396       0.0026077 ]
 [344.           0.6406       0.00279284]
 [345.           0.6408       0.0035637 ]
 [346.           0.64140004   0.00304959]
 [347.           0.6416       0.00320935]
 [348.           0.6416       0.00288096]
 [349.           0.6426       0.00320937]
 [350.           0.6426       0.00320937]
 [351.           0.6434       0.00251   ]
 [352.           0.644        0.00254952]
 [353.           0.64460003   0.00207366]
 [354.           0.6456       0.00207365]
 [355.           0.6456       0.00167334]
 [356.           0.6456       0.00207365]
 [357.           0.6462       0.00178886]
 [358.           0.64680004   0.00178884]
 [359.           0.647        0.00141421]
 [360.           0.64720005   0.00130385]
 [361.           0.648        0.00099999]
 [362.           0.64820004   0.00148322]
 [363.           0.64860004   0.00181656]
 [364.           0.64860004   0.00181656]
 [365.           0.6488       0.00192352]
 [366.           0.6498       0.00164317]
 [367.           0.6502       0.00192354]
 [368.           0.65059996   0.00230217]
 [369.           0.6512       0.00178886]
 [370.           0.65160006   0.00194935]
 [371.           0.65180004   0.00192354]
 [372.           0.6522       0.00164317]
 [373.           0.6526       0.00181659]
 [374.           0.6532       0.00204939]
 [375.           0.6534       0.00230218]
 [376.           0.65360004   0.00194935]
 [377.           0.654        0.00244949]
 [378.           0.6552       0.00248997]
 [379.           0.6554       0.00250996]
 [380.           0.6554       0.00250996]
 [381.           0.6556       0.00260767]
 [382.           0.65580004   0.00268326]
 [383.           0.6560001    0.00282842]
 [384.           0.65620005   0.00294956]
 [385.           0.6568       0.00228035]
 [386.           0.657        0.00187082]
 [387.           0.6576       0.00207362]
 [388.           0.6574       0.00194934]
 [389.           0.65779996   0.00164316]
 [390.           0.658        0.00122471]
 [391.           0.65819997   0.00148324]
 [392.           0.65819997   0.00148324]
 [393.           0.6584       0.00114019]
 [394.           0.6582       0.00109545]
 [395.           0.6582       0.00109545]
 [396.           0.6578       0.00130384]
 [397.           0.6582       0.00178886]
 [398.           0.65860003   0.00151658]
 [399.           0.6584       0.00167333]
 [400.           0.65860003   0.00151658]]
Dataset       :Citeseer
Model         :SGC
Conden ratio  :1.0
GC            :3
LearnA        :1
Max Test Accuracy:
0.661
Best Result: Epoch   Acc  Std.
               398 0.6586  0.0015
