Set seed
Model SGC
--------------------------------------------------
The 1th iteration:
--------------------------------------------------
--------------------------------------------------
The 2th iteration:
--------------------------------------------------
--------------------------------------------------
The 3th iteration:
--------------------------------------------------
--------------------------------------------------
The 4th iteration:
--------------------------------------------------
--------------------------------------------------
The 5th iteration:
--------------------------------------------------
[[  1.           0.1562       0.02407696]
 [  2.           0.15900001   0.02768574]
 [  3.           0.16699998   0.02742262]
 [  4.           0.17940001   0.0242549 ]
 [  5.           0.2004       0.01611831]
 [  6.           0.21540001   0.01013903]
 [  7.           0.22220002   0.0054037 ]
 [  8.           0.22260001   0.00531977]
 [  9.           0.2198       0.0078867 ]
 [ 10.           0.21560001   0.01163185]
 [ 11.           0.20940001   0.0161493 ]
 [ 12.           0.2004       0.0186494 ]
 [ 13.           0.19060001   0.02144295]
 [ 14.           0.1852       0.02098094]
 [ 15.           0.18540001   0.0204646 ]
 [ 16.           0.1876       0.0169794 ]
 [ 17.           0.19459999   0.01337162]
 [ 18.           0.20180002   0.01109955]
 [ 19.           0.20820001   0.00881476]
 [ 20.           0.212        0.00966954]
 [ 21.           0.2134       0.01045466]
 [ 22.           0.2138       0.01160603]
 [ 23.           0.21180001   0.01482228]
 [ 24.           0.2086       0.01750142]
 [ 25.           0.2046       0.0186628 ]
 [ 26.           0.201        0.01940361]
 [ 27.           0.19920002   0.01860645]
 [ 28.           0.198        0.01632483]
 [ 29.           0.1966       0.01448448]
 [ 30.           0.1988       0.01103177]
 [ 31.           0.201        0.01146735]
 [ 32.           0.20320001   0.01098635]
 [ 33.           0.20380001   0.01138859]
 [ 34.           0.20320001   0.0121326 ]
 [ 35.           0.20180002   0.01465264]
 [ 36.           0.201        0.01630951]
 [ 37.           0.19960001   0.01665232]
 [ 38.           0.19940001   0.01543697]
 [ 39.           0.1984       0.01457052]
 [ 40.           0.19759999   0.01346477]
 [ 41.           0.1976       0.0133154 ]
 [ 42.           0.1984       0.01225969]
 [ 43.           0.1994       0.01132696]
 [ 44.           0.1988       0.0112783 ]
 [ 45.           0.19919999   0.01145426]
 [ 46.           0.1984       0.01199166]
 [ 47.           0.19700001   0.012     ]
 [ 48.           0.19460002   0.01425833]
 [ 49.           0.1928       0.01465265]
 [ 50.           0.1926       0.01472413]
 [ 51.           0.19139999   0.01517564]
 [ 52.           0.1908       0.0149566 ]
 [ 53.           0.1914       0.01500999]
 [ 54.           0.1918       0.01411382]
 [ 55.           0.1922       0.0143248 ]
 [ 56.           0.1912       0.01473771]
 [ 57.           0.1912       0.01567482]
 [ 58.           0.1908       0.01538505]
 [ 59.           0.18959999   0.01622653]
 [ 60.           0.1892       0.01751285]
 [ 61.           0.189        0.01852026]
 [ 62.           0.1884       0.01761534]
 [ 63.           0.18720001   0.01515585]
 [ 64.           0.18740001   0.01477498]
 [ 65.           0.18820001   0.01472074]
 [ 66.           0.1886       0.01484251]
 [ 67.           0.1882       0.01523811]
 [ 68.           0.18699999   0.01523154]
 [ 69.           0.1872       0.0144118 ]
 [ 70.           0.18640001   0.01527416]
 [ 71.           0.1856       0.01607171]
 [ 72.           0.18540001   0.01551773]
 [ 73.           0.1854       0.01517564]
 [ 74.           0.18499999   0.01529706]
 [ 75.           0.1836       0.01425833]
 [ 76.           0.1838       0.0141492 ]
 [ 77.           0.1842       0.01406058]
 [ 78.           0.1834       0.01470714]
 [ 79.           0.1834       0.01431083]
 [ 80.           0.1834       0.01460479]
 [ 81.           0.1822       0.0146697 ]
 [ 82.           0.18240002   0.01485934]
 [ 83.           0.1822       0.01465265]
 [ 84.           0.1826       0.01451895]
 [ 85.           0.1824       0.01431084]
 [ 86.           0.18180001   0.0139535 ]
 [ 87.           0.18120001   0.01333042]
 [ 88.           0.1816       0.01230041]
 [ 89.           0.181        0.01189538]
 [ 90.           0.1808       0.01149782]
 [ 91.           0.1808       0.01145426]
 [ 92.           0.18100001   0.01197915]
 [ 93.           0.1804       0.01169615]
 [ 94.           0.17999999   0.01097725]
 [ 95.           0.17940001   0.01139298]
 [ 96.           0.1788       0.01164904]
 [ 97.           0.17819999   0.01147606]
 [ 98.           0.1784       0.01171751]
 [ 99.           0.1788       0.0111445 ]
 [100.           0.17819999   0.01018332]
 [101.           0.1768       0.01100908]
 [102.           0.17620002   0.01005982]
 [103.           0.17580001   0.00925743]
 [104.           0.17520002   0.00831865]
 [105.           0.17520002   0.00870057]
 [106.           0.1746       0.00823408]
 [107.           0.1746       0.00823408]
 [108.           0.1742       0.00840833]
 [109.           0.1738       0.00875785]
 [110.           0.1738       0.00875785]
 [111.           0.1732       0.0091214 ]
 [112.           0.17300001   0.00833667]
 [113.           0.1724       0.00763544]
 [114.           0.1714       0.00926283]
 [115.           0.1712       0.00952366]
 [116.           0.1708       0.00892749]
 [117.           0.17040001   0.00887694]
 [118.           0.17         0.00796869]
 [119.           0.1706       0.00844393]
 [120.           0.1702       0.00858487]
 [121.           0.16980001   0.00892748]
 [122.           0.1696       0.00887693]
 [123.           0.17         0.00916515]
 [124.           0.1688       0.00887131]
 [125.           0.1688       0.00892749]
 [126.           0.169        0.00924662]
 [127.           0.16800001   0.00833667]
 [128.           0.16800001   0.00764853]
 [129.           0.1674       0.00795613]
 [130.           0.166        0.00689202]
 [131.           0.165        0.00734847]
 [132.           0.1646       0.0070214 ]
 [133.           0.16440001   0.0069857 ]
 [134.           0.16400002   0.00781025]
 [135.           0.16400002   0.00833666]
 [136.           0.1638       0.00878635]
 [137.           0.16440001   0.00867755]
 [138.           0.165        0.0088034 ]
 [139.           0.1652       0.0088713 ]
 [140.           0.16559999   0.00853229]
 [141.           0.1654       0.00870632]
 [142.           0.165        0.00857321]
 [143.           0.1646       0.00861975]
 [144.           0.16400002   0.00897218]
 [145.           0.16440001   0.00912688]
 [146.           0.16360001   0.00896102]
 [147.           0.1638       0.0085557 ]
 [148.           0.16340001   0.00870632]
 [149.           0.1628       0.00898332]
 [150.           0.1624       0.00870632]
 [151.           0.16260001   0.0086487 ]
 [152.           0.1622       0.00852643]
 [153.           0.16200002   0.00897218]
 [154.           0.16180001   0.00895544]
 [155.           0.1612       0.00878635]
 [156.           0.16100001   0.00851469]
 [157.           0.161        0.00790569]
 [158.           0.1604       0.00770064]
 [159.           0.15940002   0.00746993]
 [160.           0.15980001   0.00739595]
 [161.           0.1592       0.00736206]
 [162.           0.1586       0.00753657]
 [163.           0.15820001   0.00742967]
 [164.           0.158        0.00717635]
 [165.           0.15740001   0.00808084]
 [166.           0.15680002   0.00794985]
 [167.           0.156        0.00821584]
 [168.           0.1562       0.00831866]
 [169.           0.15580001   0.00858487]
 [170.           0.15580001   0.00858487]
 [171.           0.15540001   0.00844394]
 [172.           0.155        0.00886003]
 [173.           0.15460001   0.00876356]
 [174.           0.1548       0.00804363]
 [175.           0.155        0.0078422 ]
 [176.           0.1552       0.00676018]
 [177.           0.1556       0.00642651]
 [178.           0.1556       0.00642651]
 [179.           0.1556       0.0069857 ]
 [180.           0.1552       0.00683374]
 [181.           0.1548       0.00676018]
 [182.           0.1548       0.00676018]
 [183.           0.1548       0.00576194]
 [184.           0.1544       0.00531978]
 [185.           0.1542       0.00554076]
 [186.           0.1544       0.00531978]
 [187.           0.154        0.00514781]
 [188.           0.15380001   0.00481664]
 [189.           0.1538       0.00496991]
 [190.           0.1538       0.00526308]
 [191.           0.1534       0.00563915]
 [192.           0.15320002   0.00614003]
 [193.           0.153        0.0062849 ]
 [194.           0.15320002   0.00605805]
 [195.           0.1526       0.00594138]
 [196.           0.1524       0.00614817]
 [197.           0.15220001   0.00618061]
 [198.           0.1522       0.00637965]
 [199.           0.1518       0.00614003]
 [200.           0.15120001   0.00554076]
 [201.           0.1516       0.00581378]
 [202.           0.1514       0.00559464]
 [203.           0.15159999   0.00554978]
 [204.           0.1514       0.00559464]
 [205.           0.1512       0.00554076]
 [206.           0.15100001   0.00533854]
 [207.           0.1506       0.00572713]
 [208.           0.15080002   0.00506951]
 [209.           0.1506       0.00502991]
 [210.           0.1506       0.00502991]
 [211.           0.15120001   0.00535724]
 [212.           0.15120001   0.00496991]
 [213.           0.15120001   0.00496991]
 [214.           0.1516       0.00472229]
 [215.           0.1504       0.00522495]
 [216.           0.15020001   0.00516721]
 [217.           0.15         0.00570088]
 [218.           0.14940001   0.00585662]
 [219.           0.14960001   0.00577061]
 [220.           0.1494       0.00634822]
 [221.           0.1496       0.00646528]
 [222.           0.149        0.006     ]
 [223.           0.1492       0.00637966]
 [224.           0.149        0.00667083]
 [225.           0.1488       0.00679706]
 [226.           0.1484       0.00665582]
 [227.           0.14860001   0.00646529]
 [228.           0.14860001   0.00598332]
 [229.           0.1496       0.00598331]
 [230.           0.14979999   0.00580517]
 [231.           0.1494       0.00554978]
 [232.           0.1488       0.00506952]
 [233.           0.1486       0.0049295 ]
 [234.           0.1484       0.00517686]
 [235.           0.1482       0.00506951]
 [236.           0.1484       0.00541295]
 [237.           0.1482       0.00567451]
 [238.           0.14860001   0.00598332]
 [239.           0.1484       0.00626898]
 [240.           0.1492       0.00580518]
 [241.           0.14940001   0.00585663]
 [242.           0.149        0.0062849 ]
 [243.           0.149        0.00681909]
 [244.           0.1488       0.00683374]
 [245.           0.14820002   0.00715541]
 [246.           0.14840001   0.0071624 ]
 [247.           0.14820002   0.00676017]
 [248.           0.14820002   0.00618061]
 [249.           0.149        0.00591608]
 [250.           0.1492       0.00563028]
 [251.           0.14940001   0.00581378]
 [252.           0.14960001   0.00550454]
 [253.           0.14940001   0.00550455]
 [254.           0.14940001   0.00527258]
 [255.           0.14940001   0.00550455]
 [256.           0.14960001   0.00568331]
 [257.           0.1506       0.00622897]
 [258.           0.1498       0.00679706]
 [259.           0.14960001   0.00673053]
 [260.           0.14919999   0.00637965]
 [261.           0.149        0.00591608]
 [262.           0.1482       0.00576195]
 [263.           0.1484       0.00581378]
 [264.           0.1484       0.00559464]
 [265.           0.149        0.00469042]
 [266.           0.149        0.005     ]
 [267.           0.14880002   0.00535724]
 [268.           0.1492       0.00576194]
 [269.           0.1488       0.00544977]
 [270.           0.14840001   0.00541295]
 [271.           0.14840001   0.0043359 ]
 [272.           0.14820002   0.00414729]
 [273.           0.14860001   0.00472229]
 [274.           0.1492       0.00544977]
 [275.           0.1494       0.00512835]
 [276.           0.14960001   0.00550455]
 [277.           0.1492       0.00593297]
 [278.           0.1492       0.00593297]
 [279.           0.1492       0.00614004]
 [280.           0.1492       0.00597495]
 [281.           0.149        0.00591608]
 [282.           0.149        0.00583095]
 [283.           0.14960001   0.00634822]
 [284.           0.14960001   0.00634822]
 [285.           0.149        0.00620484]
 [286.           0.14860001   0.00680441]
 [287.           0.14860001   0.00680441]
 [288.           0.14820002   0.00653452]
 [289.           0.1482       0.00637966]
 [290.           0.148        0.00651921]
 [291.           0.1484       0.00687749]
 [292.           0.1484       0.00687749]
 [293.           0.14820002   0.00653452]
 [294.           0.1478       0.00697854]
 [295.           0.1478       0.00697854]
 [296.           0.1474       0.00691376]
 [297.           0.1464       0.00770066]
 [298.           0.1458       0.00759606]
 [299.           0.14600001   0.0079057 ]
 [300.           0.1462       0.00772658]
 [301.           0.14600001   0.0074162 ]
 [302.           0.14600001   0.0074162 ]
 [303.           0.14600001   0.0074162 ]
 [304.           0.14600001   0.00696419]
 [305.           0.14580001   0.0066858 ]
 [306.           0.1458       0.00672309]
 [307.           0.1458       0.00712039]
 [308.           0.1454       0.00622896]
 [309.           0.1452       0.00601664]
 [310.           0.1454       0.00622896]
 [311.           0.1454       0.00622896]
 [312.           0.14479999   0.0063008 ]
 [313.           0.14479999   0.0063008 ]
 [314.           0.14460002   0.00669328]
 [315.           0.14479999   0.0066106 ]
 [316.           0.1448       0.00687023]
 [317.           0.14460002   0.00680441]
 [318.           0.14460002   0.00680441]
 [319.           0.1442       0.00657267]
 [320.           0.1436       0.00654217]
 [321.           0.1434       0.00634823]
 [322.           0.1434       0.00665583]
 [323.           0.14320001   0.00687023]
 [324.           0.1426       0.00817313]
 [325.           0.14240001   0.00876356]
 [326.           0.14240001   0.00915424]
 [327.           0.142        0.00959166]
 [328.           0.1422       0.01112205]
 [329.           0.14140001   0.01105893]
 [330.           0.1418       0.01116691]
 [331.           0.1416       0.01083051]
 [332.           0.1418       0.01077961]
 [333.           0.14140001   0.01087658]
 [334.           0.14119999   0.0105214 ]
 [335.           0.14140001   0.01028591]
 [336.           0.141        0.01019804]
 [337.           0.141        0.01019804]
 [338.           0.14119999   0.01056883]
 [339.           0.1418       0.01068645]
 [340.           0.14240001   0.01080741]
 [341.           0.1426       0.01089954]
 [342.           0.1422       0.0107564 ]
 [343.           0.14220001   0.01018332]
 [344.           0.1426       0.01028591]
 [345.           0.1428       0.01063954]
 [346.           0.143        0.0104403 ]
 [347.           0.14320001   0.0102567 ]
 [348.           0.14360002   0.01054988]
 [349.           0.14360002   0.01054988]
 [350.           0.1442       0.0117771 ]
 [351.           0.1452       0.01162754]
 [352.           0.14500001   0.0115974 ]
 [353.           0.1452       0.01141052]
 [354.           0.1456       0.011149  ]
 [355.           0.1456       0.011149  ]
 [356.           0.1456       0.01161034]
 [357.           0.1452       0.01091787]
 [358.           0.1448       0.01084896]
 [359.           0.14420001   0.00973139]
 [360.           0.1442       0.00962808]
 [361.           0.14420001   0.00973139]
 [362.           0.14420001   0.00973139]
 [363.           0.14400001   0.00979796]
 [364.           0.1438       0.00975704]
 [365.           0.14400001   0.00966954]
 [366.           0.14360002   0.00963327]
 [367.           0.14320001   0.00920325]
 [368.           0.14320001   0.00878635]
 [369.           0.14320001   0.00878635]
 [370.           0.1428       0.00831866]
 [371.           0.143        0.008544  ]
 [372.           0.14299999   0.00827647]
 [373.           0.1432       0.00794985]
 [374.           0.1434       0.00763545]
 [375.           0.1434       0.00776531]
 [376.           0.1434       0.00795612]
 [377.           0.1444       0.00844393]
 [378.           0.14420001   0.00825833]
 [379.           0.14420001   0.00807466]
 [380.           0.1446       0.00808085]
 [381.           0.14479999   0.00756307]
 [382.           0.14479999   0.00756307]
 [383.           0.14460002   0.00723188]
 [384.           0.1444       0.00789304]
 [385.           0.14460002   0.00773304]
 [386.           0.1446       0.00823407]
 [387.           0.1444       0.00789304]
 [388.           0.14420001   0.00825834]
 [389.           0.1436       0.00723187]
 [390.           0.1436       0.00654217]
 [391.           0.1434       0.00634823]
 [392.           0.14299999   0.00636396]
 [393.           0.143        0.00659545]
 [394.           0.1434       0.00750333]
 [395.           0.1436       0.00723187]
 [396.           0.1438       0.00694262]
 [397.           0.14400001   0.00703562]
 [398.           0.1438       0.0066858 ]
 [399.           0.14360002   0.00676757]
 [400.           0.14360002   0.00676757]]
Dataset       :Citeseer
Model         :SGC
Conden ratio  :1.0
GC            :2
LearnA        :0
Max Test Accuracy:
0.231
Best Result: Epoch   Acc  Std.
               8 0.2226  0.0053
