Set seed
Model SAGE
--------------------------------------------------
The 1th iteration:
--------------------------------------------------
--------------------------------------------------
The 2th iteration:
--------------------------------------------------
--------------------------------------------------
The 3th iteration:
--------------------------------------------------
--------------------------------------------------
The 4th iteration:
--------------------------------------------------
--------------------------------------------------
The 5th iteration:
--------------------------------------------------
[[  1.           0.23959999   0.15151502]
 [  2.           0.3226       0.14661618]
 [  3.           0.3942       0.12754686]
 [  4.           0.458        0.12242753]
 [  5.           0.5094       0.12068678]
 [  6.           0.5372       0.11580889]
 [  7.           0.5436       0.11333711]
 [  8.           0.53980005   0.10844678]
 [  9.           0.5356       0.10658941]
 [ 10.           0.5264       0.10407113]
 [ 11.           0.51260006   0.1000065 ]
 [ 12.           0.48839998   0.09722294]
 [ 13.           0.47         0.09407976]
 [ 14.           0.4594       0.09626161]
 [ 15.           0.44860002   0.09316814]
 [ 16.           0.4382       0.09172893]
 [ 17.           0.4264       0.0879733 ]
 [ 18.           0.4244       0.08546812]
 [ 19.           0.4254       0.07885936]
 [ 20.           0.42880002   0.07710513]
 [ 21.           0.43120003   0.0759651 ]
 [ 22.           0.43980002   0.0725031 ]
 [ 23.           0.44680005   0.07045353]
 [ 24.           0.454        0.06966349]
 [ 25.           0.46460006   0.06322027]
 [ 26.           0.48939997   0.04957114]
 [ 27.           0.5032       0.04772003]
 [ 28.           0.5224       0.0540768 ]
 [ 29.           0.5378       0.05328415]
 [ 30.           0.5474       0.05279963]
 [ 31.           0.5542       0.05804911]
 [ 32.           0.5644       0.06060363]
 [ 33.           0.575        0.06910139]
 [ 34.           0.5834       0.07218588]
 [ 35.           0.5838       0.07455334]
 [ 36.           0.58860004   0.07068096]
 [ 37.           0.5886       0.07001642]
 [ 38.           0.5912       0.07012631]
 [ 39.           0.5924       0.06935633]
 [ 40.           0.5964       0.06956506]
 [ 41.           0.5994       0.07123414]
 [ 42.           0.6016       0.0715912 ]
 [ 43.           0.60580003   0.07092745]
 [ 44.           0.60560006   0.06621406]
 [ 45.           0.61120003   0.06066879]
 [ 46.           0.6136       0.05887954]
 [ 47.           0.6158       0.05573779]
 [ 48.           0.62         0.05616048]
 [ 49.           0.6202001    0.05415903]
 [ 50.           0.62020004   0.0531479 ]
 [ 51.           0.6232       0.05127084]
 [ 52.           0.62560004   0.05069813]
 [ 53.           0.62700003   0.04851804]
 [ 54.           0.6258001    0.05047474]
 [ 55.           0.6276       0.0491864 ]
 [ 56.           0.6266       0.04685403]
 [ 57.           0.62659997   0.04735295]
 [ 58.           0.6272       0.04657469]
 [ 59.           0.6278       0.04622446]
 [ 60.           0.6278       0.04496887]
 [ 61.           0.62900007   0.04280187]
 [ 62.           0.62860006   0.04133157]
 [ 63.           0.6278       0.03916248]
 [ 64.           0.6262       0.03794996]
 [ 65.           0.6246       0.03611508]
 [ 66.           0.6238       0.03526612]
 [ 67.           0.6254       0.03580922]
 [ 68.           0.624        0.0350357 ]
 [ 69.           0.62560004   0.03236204]
 [ 70.           0.62880003   0.03097095]
 [ 71.           0.6296       0.03096448]
 [ 72.           0.63100004   0.02985797]
 [ 73.           0.633        0.03038918]
 [ 74.           0.63500005   0.02809806]
 [ 75.           0.637        0.025894  ]
 [ 76.           0.6388       0.02368969]
 [ 77.           0.6406       0.02322282]
 [ 78.           0.64180005   0.02290631]
 [ 79.           0.64239997   0.02173244]
 [ 80.           0.6434       0.02193855]
 [ 81.           0.64460003   0.02160557]
 [ 82.           0.6444       0.02064704]
 [ 83.           0.6458       0.02076533]
 [ 84.           0.64720005   0.02055965]
 [ 85.           0.6484       0.02028052]
 [ 86.           0.6508       0.02171865]
 [ 87.           0.65099996   0.02136585]
 [ 88.           0.6512       0.02043773]
 [ 89.           0.653        0.02034699]
 [ 90.           0.6542       0.02148722]
 [ 91.           0.6546       0.02272226]
 [ 92.           0.656        0.02362204]
 [ 93.           0.6564       0.02347978]
 [ 94.           0.657        0.02257212]
 [ 95.           0.658        0.02272665]
 [ 96.           0.65760005   0.02270023]
 [ 97.           0.65760005   0.02302823]
 [ 98.           0.65720004   0.02233159]
 [ 99.           0.65720004   0.02230919]
 [100.           0.6564       0.02132604]
 [101.           0.65620005   0.0215453 ]
 [102.           0.65620005   0.02053532]
 [103.           0.6574001    0.02081586]
 [104.           0.6582       0.02043771]
 [105.           0.65819997   0.01961377]
 [106.           0.6578       0.01921459]
 [107.           0.658        0.01953203]
 [108.           0.6574       0.01920415]
 [109.           0.658        0.01962143]
 [110.           0.6578       0.01940876]
 [111.           0.6588       0.01815764]
 [112.           0.658        0.01787456]
 [113.           0.65819997   0.01796386]
 [114.           0.658        0.01819343]
 [115.           0.6574       0.01868958]
 [116.           0.6578       0.01824008]
 [117.           0.6584       0.01785498]
 [118.           0.6582       0.01761251]
 [119.           0.658        0.01723369]
 [120.           0.65860003   0.01689082]
 [121.           0.65860003   0.01645599]
 [122.           0.6594       0.01674217]
 [123.           0.6594       0.01630338]
 [124.           0.6592       0.01639208]
 [125.           0.6596       0.01494324]
 [126.           0.6598       0.01466969]
 [127.           0.6602       0.01460136]
 [128.           0.66020006   0.01466968]
 [129.           0.66120005   0.01503994]
 [130.           0.66240007   0.01567802]
 [131.           0.6626       0.01563008]
 [132.           0.6628       0.01611522]
 [133.           0.66359997   0.01678691]
 [134.           0.6628       0.01540128]
 [135.           0.6634       0.01566205]
 [136.           0.66300005   0.01534599]
 [137.           0.66160005   0.01444991]
 [138.           0.6614       0.01374044]
 [139.           0.6626       0.01504327]
 [140.           0.66300005   0.01560448]
 [141.           0.6632       0.01639207]
 [142.           0.66300005   0.01610902]
 [143.           0.6632       0.01690266]
 [144.           0.66300005   0.01536228]
 [145.           0.6598       0.01331165]
 [146.           0.6594       0.01310725]
 [147.           0.65819997   0.01386362]
 [148.           0.65819997   0.01386362]
 [149.           0.65900004   0.01343504]
 [150.           0.66080004   0.0140428 ]
 [151.           0.6614       0.0151096 ]
 [152.           0.662        0.01532971]
 [153.           0.6618       0.01492314]
 [154.           0.6622       0.01518883]
 [155.           0.6618       0.01427237]
 [156.           0.6614       0.01390326]
 [157.           0.6612       0.01413153]
 [158.           0.6614       0.01348334]
 [159.           0.66099995   0.01319091]
 [160.           0.6614       0.01303074]
 [161.           0.6608       0.01253795]
 [162.           0.6614       0.01299232]
 [163.           0.6614       0.01299232]
 [164.           0.6614       0.0126016 ]
 [165.           0.661        0.01236933]
 [166.           0.661        0.01236933]
 [167.           0.6618       0.0130077 ]
 [168.           0.66260004   0.01339031]
 [169.           0.6622       0.01263726]
 [170.           0.662        0.01189538]
 [171.           0.662        0.01176859]
 [172.           0.6624       0.01192895]
 [173.           0.6626       0.01150217]
 [174.           0.6624       0.01192895]
 [175.           0.662        0.0115974 ]
 [176.           0.6622       0.0111445 ]
 [177.           0.6618       0.01098634]
 [178.           0.6622       0.01125611]
 [179.           0.6626       0.01145861]
 [180.           0.66239995   0.01132695]
 [181.           0.66160005   0.01078424]
 [182.           0.6614       0.01066771]
 [183.           0.662        0.01036821]
 [184.           0.662        0.01036821]
 [185.           0.6618       0.01028105]
 [186.           0.6614       0.010015  ]
 [187.           0.6618       0.0102323 ]
 [188.           0.6622       0.01049761]
 [189.           0.6622       0.01049761]
 [190.           0.66239995   0.01006479]
 [191.           0.6628       0.01013411]
 [192.           0.66300005   0.00969535]
 [193.           0.6628       0.009654  ]
 [194.           0.6628       0.009654  ]
 [195.           0.66300005   0.00919238]
 [196.           0.6628       0.00903879]
 [197.           0.6628       0.00903879]
 [198.           0.66300005   0.00913783]
 [199.           0.6628       0.0091214 ]
 [200.           0.6624       0.00942336]
 [201.           0.6624       0.00942336]
 [202.           0.6622       0.00985902]
 [203.           0.662        0.00984888]
 [204.           0.662        0.00984888]
 [205.           0.6618       0.01028106]
 [206.           0.6618       0.01028106]
 [207.           0.662        0.01046423]
 [208.           0.66160005   0.01016367]
 [209.           0.66120005   0.01005983]
 [210.           0.66120005   0.01005983]
 [211.           0.66160005   0.01047855]
 [212.           0.66160005   0.01047855]
 [213.           0.6618       0.01056882]
 [214.           0.662        0.01070047]
 [215.           0.6622       0.01089494]
 [216.           0.6622       0.01089494]
 [217.           0.6624       0.01101363]
 [218.           0.6626       0.01059717]
 [219.           0.66300005   0.01070047]
 [220.           0.66300005   0.01070047]
 [221.           0.6634       0.01114899]
 [222.           0.66359997   0.01128274]
 [223.           0.6634       0.01114899]
 [224.           0.6634       0.01114899]
 [225.           0.66359997   0.01128274]
 [226.           0.6632       0.01211197]
 [227.           0.66300005   0.01204159]
 [228.           0.66300005   0.01204159]
 [229.           0.66300005   0.01204159]
 [230.           0.66300005   0.01204159]
 [231.           0.6632       0.01219426]
 [232.           0.6634       0.01236124]
 [233.           0.6634       0.01236124]
 [234.           0.6632       0.01277497]
 [235.           0.6632       0.01277497]
 [236.           0.6632       0.01277497]
 [237.           0.6632       0.01277497]
 [238.           0.6632       0.0132552 ]
 [239.           0.6632       0.0132552 ]
 [240.           0.6632       0.0132552 ]
 [241.           0.6632       0.0132552 ]
 [242.           0.6632       0.0132552 ]
 [243.           0.66300005   0.0136748 ]
 [244.           0.66300005   0.0136748 ]
 [245.           0.66300005   0.0136748 ]
 [246.           0.6628       0.01409609]
 [247.           0.663        0.01426533]
 [248.           0.663        0.01426533]
 [249.           0.6632       0.01446374]
 [250.           0.6632       0.01446374]
 [251.           0.6628       0.01423728]
 [252.           0.6628       0.01423728]
 [253.           0.6626       0.01425833]
 [254.           0.6626       0.01425833]
 [255.           0.6624       0.01420563]
 [256.           0.6624       0.01420563]
 [257.           0.6624       0.01420563]
 [258.           0.6622       0.01416686]
 [259.           0.6622       0.01416686]
 [260.           0.6622       0.01416686]
 [261.           0.66239995   0.01474109]
 [262.           0.66239995   0.01474109]
 [263.           0.66239995   0.01474109]
 [264.           0.6626       0.01495994]
 [265.           0.6624       0.01479189]
 [266.           0.6624       0.01479189]
 [267.           0.6626       0.01479188]
 [268.           0.66200006   0.0148324 ]
 [269.           0.66220003   0.01487278]
 [270.           0.66200006   0.0148324 ]
 [271.           0.66200006   0.0148324 ]
 [272.           0.66220003   0.01505655]
 [273.           0.662        0.01491642]
 [274.           0.662        0.01491642]
 [275.           0.66220003   0.01505655]
 [276.           0.66220003   0.01505655]
 [277.           0.66200006   0.01504991]
 [278.           0.66200006   0.01504991]
 [279.           0.66220003   0.01508972]
 [280.           0.66220003   0.01508972]
 [281.           0.66220003   0.01508972]
 [282.           0.66220003   0.01508972]
 [283.           0.662        0.01550807]
 [284.           0.662        0.01550807]
 [285.           0.662        0.01550807]
 [286.           0.6618       0.01551451]
 [287.           0.6618       0.01551451]
 [288.           0.6618       0.01551451]
 [289.           0.66160005   0.01546934]
 [290.           0.6614       0.01548549]
 [291.           0.6612       0.01551453]
 [292.           0.6614       0.01567802]
 [293.           0.6614       0.01567802]
 [294.           0.66160005   0.01572579]
 [295.           0.66160005   0.01572579]
 [296.           0.6614       0.015566  ]
 [297.           0.66160005   0.01515914]
 [298.           0.66160005   0.01515914]
 [299.           0.66160005   0.01515914]
 [300.           0.66160005   0.01537205]
 [301.           0.66160005   0.01537205]
 [302.           0.66160005   0.01537205]
 [303.           0.6618       0.01543373]
 [304.           0.6618       0.01543373]
 [305.           0.6618       0.01543373]
 [306.           0.66160005   0.01520855]
 [307.           0.66160005   0.01520855]
 [308.           0.6612       0.01554671]
 [309.           0.6612       0.01554671]
 [310.           0.6612       0.01554671]
 [311.           0.6614       0.01572579]
 [312.           0.6612       0.01567482]
 [313.           0.6612       0.01567482]
 [314.           0.6612       0.01567482]
 [315.           0.66099995   0.0156365 ]
 [316.           0.6612       0.01583352]
 [317.           0.6612       0.01583352]
 [318.           0.6612       0.01583352]
 [319.           0.6612       0.01583352]
 [320.           0.66099995   0.01584299]
 [321.           0.66120005   0.01544991]
 [322.           0.66120005   0.01544991]
 [323.           0.66120005   0.01544991]
 [324.           0.66120005   0.01544991]
 [325.           0.6614       0.01564607]
 [326.           0.6612       0.01603746]
 [327.           0.66099995   0.01609348]
 [328.           0.6612       0.01603746]
 [329.           0.6612       0.01603746]
 [330.           0.6608       0.01583352]
 [331.           0.6612       0.01608417]
 [332.           0.66160005   0.01608725]
 [333.           0.66160005   0.01608725]
 [334.           0.66160005   0.01608725]
 [335.           0.6618       0.01633093]
 [336.           0.6618       0.01655896]
 [337.           0.6618       0.01655896]
 [338.           0.6618       0.01655896]
 [339.           0.6616       0.01693517]
 [340.           0.6618       0.01718139]
 [341.           0.6618       0.01718139]
 [342.           0.6618       0.01718139]
 [343.           0.6618       0.01718139]
 [344.           0.6618       0.01718139]
 [345.           0.662        0.01716101]
 [346.           0.662        0.01716101]
 [347.           0.662        0.01716101]
 [348.           0.662        0.01716101]
 [349.           0.662        0.01716101]
 [350.           0.662        0.01716101]
 [351.           0.66239995   0.01715519]
 [352.           0.66260004   0.016772  ]
 [353.           0.66260004   0.01659216]
 [354.           0.66300005   0.01646209]
 [355.           0.6632       0.01648333]
 [356.           0.6632       0.01648333]
 [357.           0.6632       0.01648333]
 [358.           0.6632       0.01648333]
 [359.           0.6636       0.016772  ]
 [360.           0.6636       0.016772  ]
 [361.           0.6638       0.01681368]
 [362.           0.66340005   0.0168612 ]
 [363.           0.6632       0.01682855]
 [364.           0.66300005   0.01680774]
 [365.           0.6632       0.01682855]
 [366.           0.6632       0.01682855]
 [367.           0.66300005   0.01680774]
 [368.           0.6628       0.01679882]
 [369.           0.6628       0.01679882]
 [370.           0.6628       0.01679882]
 [371.           0.6628       0.01679882]
 [372.           0.66300005   0.01680774]
 [373.           0.66300005   0.01680774]
 [374.           0.66300005   0.01680774]
 [375.           0.66300005   0.01680774]
 [376.           0.6632       0.01699117]
 [377.           0.6632       0.01699117]
 [378.           0.6632       0.01699117]
 [379.           0.66300005   0.01698529]
 [380.           0.66300005   0.01698529]
 [381.           0.6634       0.01662227]
 [382.           0.6634       0.01662227]
 [383.           0.6634       0.01662227]
 [384.           0.6636       0.01663732]
 [385.           0.66300005   0.01698529]
 [386.           0.66300005   0.01698529]
 [387.           0.6632       0.01699117]
 [388.           0.6632       0.01699117]
 [389.           0.6632       0.01699117]
 [390.           0.66340005   0.01700882]
 [391.           0.6638       0.01684339]
 [392.           0.6638       0.01684339]
 [393.           0.6638       0.01684339]
 [394.           0.66380006   0.01652876]
 [395.           0.66380006   0.01652876]
 [396.           0.6636       0.01659217]
 [397.           0.66340005   0.0169794 ]
 [398.           0.66340005   0.0169794 ]
 [399.           0.66340005   0.0169794 ]
 [400.           0.66340005   0.0169794 ]]
Dataset       :Citeseer
Model         :SAGE
Conden ratio  :1.0
GC            :5
LearnA        :1
Max Test Accuracy:
0.684
Best Result: Epoch   Acc  Std.
               394 0.6638  0.0165
