Set seed
Model SAGE
--------------------------------------------------
The 1th iteration:
--------------------------------------------------
--------------------------------------------------
The 2th iteration:
--------------------------------------------------
--------------------------------------------------
The 3th iteration:
--------------------------------------------------
--------------------------------------------------
The 4th iteration:
--------------------------------------------------
--------------------------------------------------
The 5th iteration:
--------------------------------------------------
[[  1.           0.2692       0.16014431]
 [  2.           0.361        0.16178535]
 [  3.           0.4264       0.13987601]
 [  4.           0.4858       0.11454563]
 [  5.           0.54300004   0.08863689]
 [  6.           0.5802       0.0682803 ]
 [  7.           0.59639996   0.05602498]
 [  8.           0.60600007   0.05035374]
 [  9.           0.6138       0.04574604]
 [ 10.           0.6178       0.04232256]
 [ 11.           0.61740005   0.04565413]
 [ 12.           0.61300004   0.04613568]
 [ 13.           0.60980004   0.04581155]
 [ 14.           0.60359997   0.05074741]
 [ 15.           0.59840006   0.05077203]
 [ 16.           0.5956       0.04619308]
 [ 17.           0.5938       0.04113027]
 [ 18.           0.5932       0.03831058]
 [ 19.           0.5952       0.03344698]
 [ 20.           0.5926       0.0356132 ]
 [ 21.           0.59059995   0.05135464]
 [ 22.           0.5974       0.06203467]
 [ 23.           0.598        0.06694776]
 [ 24.           0.5988       0.06857623]
 [ 25.           0.605        0.06627972]
 [ 26.           0.6048       0.06065229]
 [ 27.           0.6138       0.04286259]
 [ 28.           0.627        0.0343584 ]
 [ 29.           0.6332       0.0368334 ]
 [ 30.           0.641        0.03162279]
 [ 31.           0.6506       0.02354359]
 [ 32.           0.65860003   0.01851486]
 [ 33.           0.66539997   0.01622653]
 [ 34.           0.67020005   0.01291123]
 [ 35.           0.6736       0.01374043]
 [ 36.           0.6746       0.01492647]
 [ 37.           0.6766       0.01316433]
 [ 38.           0.67939997   0.0126807 ]
 [ 39.           0.6808       0.01366381]
 [ 40.           0.6806       0.01277888]
 [ 41.           0.67880005   0.01371857]
 [ 42.           0.67880005   0.01346103]
 [ 43.           0.67880005   0.01333042]
 [ 44.           0.679        0.01341639]
 [ 45.           0.68020004   0.01173459]
 [ 46.           0.683        0.01077032]
 [ 47.           0.6822001    0.01087198]
 [ 48.           0.6846       0.00947628]
 [ 49.           0.6828       0.00957602]
 [ 50.           0.6832       0.00788671]
 [ 51.           0.6824       0.00665582]
 [ 52.           0.6834       0.00934344]
 [ 53.           0.684        0.00842615]
 [ 54.           0.6838       0.00846758]
 [ 55.           0.68340003   0.00896103]
 [ 56.           0.6842       0.00759605]
 [ 57.           0.68520004   0.00849705]
 [ 58.           0.6844       0.00923581]
 [ 59.           0.68200004   0.00938083]
 [ 60.           0.681        0.00824621]
 [ 61.           0.68160003   0.00844393]
 [ 62.           0.6814       0.00859069]
 [ 63.           0.6822       0.00801248]
 [ 64.           0.68259996   0.00709225]
 [ 65.           0.6828       0.00634035]
 [ 66.           0.6828       0.00580518]
 [ 67.           0.68160003   0.00610737]
 [ 68.           0.68160003   0.0059833 ]
 [ 69.           0.6832       0.00496987]
 [ 70.           0.68320006   0.00576196]
 [ 71.           0.6828       0.00690653]
 [ 72.           0.6838       0.0069426 ]
 [ 73.           0.6832       0.00701428]
 [ 74.           0.6842       0.00535723]
 [ 75.           0.6834       0.00531977]
 [ 76.           0.6842       0.00465831]
 [ 77.           0.6846       0.00403731]
 [ 78.           0.6836       0.00364692]
 [ 79.           0.6832       0.00383405]
 [ 80.           0.684        0.00406202]
 [ 81.           0.6844       0.00415933]
 [ 82.           0.68520004   0.00481662]
 [ 83.           0.6872       0.00526308]
 [ 84.           0.6876       0.00602497]
 [ 85.           0.68799996   0.00632456]
 [ 86.           0.6876       0.00577061]
 [ 87.           0.6876       0.00594137]
 [ 88.           0.687        0.00499999]
 [ 89.           0.6862       0.00449441]
 [ 90.           0.6864       0.00403731]
 [ 91.           0.6856       0.00497993]
 [ 92.           0.68619996   0.00481665]
 [ 93.           0.68600005   0.00435888]
 [ 94.           0.68500006   0.0046368 ]
 [ 95.           0.68520004   0.00460435]
 [ 96.           0.6844       0.00642652]
 [ 97.           0.68500006   0.00640312]
 [ 98.           0.68500006   0.00570086]
 [ 99.           0.6856       0.00527258]
 [100.           0.6864       0.00421901]
 [101.           0.68640006   0.00296648]
 [102.           0.686        0.00291549]
 [103.           0.687        0.0023452 ]
 [104.           0.6862       0.00327107]
 [105.           0.686        0.00353553]
 [106.           0.6862       0.00383405]
 [107.           0.687        0.0030822 ]
 [108.           0.6872       0.00303313]
 [109.           0.68640006   0.0034351 ]
 [110.           0.68659997   0.00288097]
 [111.           0.6868       0.00277487]
 [112.           0.6868       0.00286357]
 [113.           0.6868       0.00286357]
 [114.           0.687        0.0025495 ]
 [115.           0.6876       0.00288097]
 [116.           0.68799996   0.00393701]
 [117.           0.688        0.00380787]
 [118.           0.68780005   0.00486828]
 [119.           0.68840003   0.0050299 ]
 [120.           0.6896       0.00512836]
 [121.           0.69         0.00484769]
 [122.           0.6896       0.00568331]
 [123.           0.6896       0.00568331]
 [124.           0.6894       0.00502991]
 [125.           0.69020003   0.00535725]
 [126.           0.68979996   0.00580517]
 [127.           0.6896       0.00568331]
 [128.           0.68979996   0.00645753]
 [129.           0.6906       0.00687749]
 [130.           0.6904       0.00730067]
 [131.           0.6904       0.00782942]
 [132.           0.6904       0.00782942]
 [133.           0.6912       0.00672307]
 [134.           0.69180006   0.00694262]
 [135.           0.69140005   0.00618869]
 [136.           0.69200003   0.00604155]
 [137.           0.6922       0.00563025]
 [138.           0.6922       0.00576194]
 [139.           0.693        0.00367423]
 [140.           0.694        0.00282845]
 [141.           0.69380003   0.00303316]
 [142.           0.693        0.00367423]
 [143.           0.69180006   0.00506952]
 [144.           0.69060004   0.00594137]
 [145.           0.6908       0.00668579]
 [146.           0.691        0.00570088]
 [147.           0.6918       0.00420714]
 [148.           0.69180006   0.00408656]
 [149.           0.69119996   0.00396232]
 [150.           0.6914       0.00391152]
 [151.           0.6914       0.00357771]
 [152.           0.6912       0.00363318]
 [153.           0.6916       0.00328632]
 [154.           0.69220006   0.00342051]
 [155.           0.6928       0.00311446]
 [156.           0.6928       0.00311446]
 [157.           0.69220006   0.00414728]
 [158.           0.6922       0.00443846]
 [159.           0.6922       0.00396232]
 [160.           0.6932       0.00311447]
 [161.           0.694        0.00244949]
 [162.           0.69460005   0.00288098]
 [163.           0.69460005   0.00296648]
 [164.           0.6944       0.00296648]
 [165.           0.69420004   0.00303315]
 [166.           0.6944       0.00320936]
 [167.           0.6938       0.00319375]
 [168.           0.69420004   0.00327109]
 [169.           0.6942       0.00363319]
 [170.           0.69460005   0.00320937]
 [171.           0.6948       0.00311449]
 [172.           0.6944       0.00304962]
 [173.           0.6944       0.00304962]
 [174.           0.69539994   0.00357772]
 [175.           0.69519997   0.0036332 ]
 [176.           0.69460005   0.00279288]
 [177.           0.69399995   0.00254952]
 [178.           0.69320005   0.00228037]
 [179.           0.6928       0.00249   ]
 [180.           0.6924       0.00296649]
 [181.           0.6924       0.00296649]
 [182.           0.69259995   0.00288098]
 [183.           0.6924       0.00296649]
 [184.           0.6922       0.00311449]
 [185.           0.6922       0.00311449]
 [186.           0.693        0.00291548]
 [187.           0.69339997   0.00296647]
 [188.           0.6936       0.00336154]
 [189.           0.69360006   0.00371483]
 [190.           0.69360006   0.00371483]
 [191.           0.69380003   0.00370135]
 [192.           0.69360006   0.00384707]
 [193.           0.69360006   0.00384707]
 [194.           0.69360006   0.00384707]
 [195.           0.69360006   0.00384707]
 [196.           0.69360006   0.00384707]
 [197.           0.69360006   0.00384707]
 [198.           0.69360006   0.00384707]
 [199.           0.69380003   0.00396232]
 [200.           0.69380003   0.00396232]
 [201.           0.694        0.00367424]
 [202.           0.69380003   0.00396232]
 [203.           0.69380003   0.00396232]
 [204.           0.6938       0.00334665]
 [205.           0.6938       0.00334665]
 [206.           0.6942       0.00286358]
 [207.           0.694        0.00380789]
 [208.           0.694        0.00380789]
 [209.           0.69399995   0.00367425]
 [210.           0.69399995   0.00367425]
 [211.           0.69399995   0.00367425]
 [212.           0.6936       0.00364691]
 [213.           0.6936       0.00364691]
 [214.           0.6936       0.00364691]
 [215.           0.6936       0.00364691]
 [216.           0.6936       0.00343512]
 [217.           0.69339997   0.00320935]
 [218.           0.69339997   0.00320935]
 [219.           0.6934       0.00328634]
 [220.           0.6934       0.00328634]
 [221.           0.69320005   0.00319375]
 [222.           0.69320005   0.00319375]
 [223.           0.69320005   0.00319375]
 [224.           0.693        0.00353554]
 [225.           0.693        0.00353554]
 [226.           0.69259995   0.00304958]
 [227.           0.69259995   0.00304959]
 [228.           0.69259995   0.00304959]
 [229.           0.69259995   0.00304959]
 [230.           0.69259995   0.00304959]
 [231.           0.69259995   0.00304959]
 [232.           0.69259995   0.00357771]
 [233.           0.6924       0.00397491]
 [234.           0.6924       0.00397491]
 [235.           0.6924       0.00397491]
 [236.           0.6926       0.00336155]
 [237.           0.6926       0.00336155]
 [238.           0.6926       0.00336155]
 [239.           0.693        0.00339115]
 [240.           0.69320005   0.0035637 ]
 [241.           0.69320005   0.0035637 ]
 [242.           0.6934       0.00313049]
 [243.           0.6938       0.00277487]
 [244.           0.69399995   0.00291547]
 [245.           0.69399995   0.00291547]
 [246.           0.69399995   0.00291547]
 [247.           0.69399995   0.00291547]
 [248.           0.69399995   0.00291547]
 [249.           0.69399995   0.00291547]
 [250.           0.69399995   0.003     ]
 [251.           0.69399995   0.003     ]
 [252.           0.69420004   0.0031145 ]
 [253.           0.69420004   0.0031145 ]
 [254.           0.69420004   0.0031145 ]
 [255.           0.69420004   0.0031145 ]
 [256.           0.69420004   0.0031145 ]
 [257.           0.69420004   0.0031145 ]
 [258.           0.69420004   0.0031145 ]
 [259.           0.69420004   0.0031145 ]
 [260.           0.69420004   0.0031145 ]
 [261.           0.69420004   0.0031145 ]
 [262.           0.69420004   0.0031145 ]
 [263.           0.69420004   0.0031145 ]
 [264.           0.6944       0.00328634]
 [265.           0.6944       0.00328634]
 [266.           0.6944       0.00328634]
 [267.           0.6944       0.00328634]
 [268.           0.69460005   0.00288097]
 [269.           0.69460005   0.00288097]
 [270.           0.6948       0.00249   ]
 [271.           0.6948       0.00249   ]
 [272.           0.6948       0.00249   ]
 [273.           0.6948       0.00249   ]
 [274.           0.69540006   0.00270186]
 [275.           0.6952       0.0026833 ]
 [276.           0.6952       0.0026833 ]
 [277.           0.6952       0.0026833 ]
 [278.           0.69560003   0.00194935]
 [279.           0.69560003   0.00194935]
 [280.           0.6958       0.00192354]
 [281.           0.6958       0.00192354]
 [282.           0.6958       0.00192354]
 [283.           0.6958       0.00192354]
 [284.           0.6958       0.00192354]
 [285.           0.6958       0.00192354]
 [286.           0.6958       0.00192354]
 [287.           0.6958       0.00192354]
 [288.           0.6956       0.00167334]
 [289.           0.6954       0.00151659]
 [290.           0.6954       0.00151659]
 [291.           0.6958       0.00130385]
 [292.           0.6958       0.00130385]
 [293.           0.69600004   0.00158114]
 [294.           0.69600004   0.00158114]
 [295.           0.6962001    0.00164317]
 [296.           0.69640005   0.00151659]
 [297.           0.69640005   0.00151659]
 [298.           0.6966       0.0011402 ]
 [299.           0.6966       0.0011402 ]
 [300.           0.69640005   0.00089445]
 [301.           0.6966       0.0011402 ]
 [302.           0.69640005   0.00134166]
 [303.           0.6966       0.0015166 ]
 [304.           0.6968       0.00178887]
 [305.           0.697        0.00100001]
 [306.           0.697        0.00100001]
 [307.           0.697        0.00100001]
 [308.           0.697        0.00100001]
 [309.           0.6972       0.00083666]
 [310.           0.6972       0.00083666]
 [311.           0.6972       0.00083666]
 [312.           0.6972       0.00083666]
 [313.           0.6972       0.00083666]
 [314.           0.6972       0.00083666]
 [315.           0.69740003   0.00089443]
 [316.           0.69740003   0.00089443]
 [317.           0.69740003   0.00089443]
 [318.           0.6976       0.00089444]
 [319.           0.6976       0.00089444]
 [320.           0.6976       0.00089444]
 [321.           0.6976       0.00089444]
 [322.           0.6976       0.00089444]
 [323.           0.69780004   0.00109546]
 [324.           0.69780004   0.00109546]
 [325.           0.69780004   0.00109546]
 [326.           0.69780004   0.00109546]
 [327.           0.698        0.00141421]
 [328.           0.698        0.00141421]
 [329.           0.698        0.00141421]
 [330.           0.6982       0.00178884]
 [331.           0.6982       0.00178884]
 [332.           0.6982       0.00178884]
 [333.           0.6982       0.00178884]
 [334.           0.69839996   0.00181658]
 [335.           0.69839996   0.00181658]
 [336.           0.6986       0.00194936]
 [337.           0.6988       0.00228038]
 [338.           0.6988       0.00228038]
 [339.           0.699        0.00223609]
 [340.           0.69920003   0.00228037]
 [341.           0.69920003   0.00228037]
 [342.           0.69920003   0.00228037]
 [343.           0.69920003   0.00228037]
 [344.           0.69920003   0.00228037]
 [345.           0.69920003   0.00228037]
 [346.           0.69920003   0.00228037]
 [347.           0.69920003   0.00228037]
 [348.           0.69920003   0.00228037]
 [349.           0.69960004   0.00250999]
 [350.           0.69960004   0.00250999]
 [351.           0.69960004   0.00250999]
 [352.           0.69960004   0.00250999]
 [353.           0.69960004   0.00250999]
 [354.           0.69960004   0.00250999]
 [355.           0.69960004   0.00250999]
 [356.           0.6998       0.00238747]
 [357.           0.7002       0.00216795]
 [358.           0.7002       0.00216795]
 [359.           0.7002       0.00216795]
 [360.           0.7002       0.00216795]
 [361.           0.7002       0.00216795]
 [362.           0.7002       0.00216795]
 [363.           0.7002       0.00216795]
 [364.           0.7002       0.00216795]
 [365.           0.7002       0.00216795]
 [366.           0.70040005   0.00181659]
 [367.           0.7          0.00254952]
 [368.           0.7          0.00254952]
 [369.           0.7          0.00291548]
 [370.           0.6998       0.00286358]
 [371.           0.6998       0.00286358]
 [372.           0.6998       0.00286358]
 [373.           0.6998       0.00286358]
 [374.           0.6998       0.00286358]
 [375.           0.6998       0.00286358]
 [376.           0.6998       0.00286358]
 [377.           0.6996       0.00270185]
 [378.           0.6996       0.00270185]
 [379.           0.6996       0.00270185]
 [380.           0.6998       0.00277489]
 [381.           0.6998       0.00277489]
 [382.           0.6998       0.00277489]
 [383.           0.6996       0.0031305 ]
 [384.           0.6998       0.0032711 ]
 [385.           0.69960004   0.00304961]
 [386.           0.6994       0.0030496 ]
 [387.           0.6994       0.0030496 ]
 [388.           0.6994       0.0030496 ]
 [389.           0.69920003   0.00294958]
 [390.           0.69900006   0.00291547]
 [391.           0.69900006   0.00291547]
 [392.           0.69900006   0.00291547]
 [393.           0.6988       0.00327108]
 [394.           0.6988       0.00327108]
 [395.           0.6988       0.00327108]
 [396.           0.6988       0.00327108]
 [397.           0.6986       0.00296648]
 [398.           0.69839996   0.00336155]
 [399.           0.69839996   0.00336155]
 [400.           0.69839996   0.00336155]]
Dataset       :Citeseer
Model         :SAGE
Conden ratio  :0.5
GC            :3
LearnA        :1
Max Test Accuracy:
0.703
Best Result: Epoch   Acc  Std.
               366 0.7004  0.0018
