Set seed
Model SGC
--------------------------------------------------
The 1th iteration:
--------------------------------------------------
--------------------------------------------------
The 2th iteration:
--------------------------------------------------
--------------------------------------------------
The 3th iteration:
--------------------------------------------------
--------------------------------------------------
The 4th iteration:
--------------------------------------------------
--------------------------------------------------
The 5th iteration:
--------------------------------------------------
[[  1.           0.1578       0.02391025]
 [  2.           0.1604       0.02759167]
 [  3.           0.1678       0.02736238]
 [  4.           0.182        0.02403123]
 [  5.           0.20380001   0.01583351]
 [  6.           0.21800001   0.00860233]
 [  7.           0.22160001   0.00378153]
 [  8.           0.223        0.00430116]
 [  9.           0.2204       0.00568331]
 [ 10.           0.2174       0.0092358 ]
 [ 11.           0.21159999   0.01422322]
 [ 12.           0.203        0.01962142]
 [ 13.           0.193        0.02290196]
 [ 14.           0.18800001   0.02180596]
 [ 15.           0.1868       0.02108791]
 [ 16.           0.1902       0.01623884]
 [ 17.           0.1974       0.01219837]
 [ 18.           0.2052       0.0113446 ]
 [ 19.           0.21139999   0.00896102]
 [ 20.           0.21440001   0.00915423]
 [ 21.           0.21599999   0.00894427]
 [ 22.           0.21500002   0.01044031]
 [ 23.           0.2126       0.01490973]
 [ 24.           0.21040002   0.0166973 ]
 [ 25.           0.20780002   0.01857956]
 [ 26.           0.20480001   0.01904469]
 [ 27.           0.2014       0.01908664]
 [ 28.           0.20120001   0.01505656]
 [ 29.           0.2002       0.01377316]
 [ 30.           0.2014       0.01277889]
 [ 31.           0.2034       0.01073779]
 [ 32.           0.20640002   0.00998999]
 [ 33.           0.206        0.00921954]
 [ 34.           0.2048       0.01091788]
 [ 35.           0.20380001   0.01349815]
 [ 36.           0.20320001   0.01565886]
 [ 37.           0.202        0.01770593]
 [ 38.           0.20220001   0.01595933]
 [ 39.           0.2014       0.01545316]
 [ 40.           0.1998       0.01432481]
 [ 41.           0.20040002   0.01372224]
 [ 42.           0.2004       0.01346477]
 [ 43.           0.20180002   0.01263725]
 [ 44.           0.20280002   0.01251799]
 [ 45.           0.20300002   0.01246996]
 [ 46.           0.2014       0.01306905]
 [ 47.           0.1994       0.01119375]
 [ 48.           0.197        0.01347219]
 [ 49.           0.1944       0.01383112]
 [ 50.           0.19340001   0.0133154 ]
 [ 51.           0.1928       0.01289186]
 [ 52.           0.1936       0.01163185]
 [ 53.           0.19340001   0.01277889]
 [ 54.           0.19380002   0.01202913]
 [ 55.           0.1948       0.01209132]
 [ 56.           0.19500001   0.01270827]
 [ 57.           0.1942       0.01435966]
 [ 58.           0.1944       0.01346477]
 [ 59.           0.1932       0.01492313]
 [ 60.           0.1908       0.01549839]
 [ 61.           0.19000001   0.01478175]
 [ 62.           0.189        0.0136748 ]
 [ 63.           0.1894       0.01406414]
 [ 64.           0.1892       0.01430734]
 [ 65.           0.19060001   0.01308816]
 [ 66.           0.1896       0.0133529 ]
 [ 67.           0.18879999   0.01359044]
 [ 68.           0.1884       0.01248199]
 [ 69.           0.18800001   0.01320984]
 [ 70.           0.1872       0.01391761]
 [ 71.           0.1868       0.01439444]
 [ 72.           0.18620001   0.01409609]
 [ 73.           0.1856       0.01337161]
 [ 74.           0.18499999   0.01322876]
 [ 75.           0.1852       0.01314154]
 [ 76.           0.18480001   0.0136821 ]
 [ 77.           0.1852       0.01420211]
 [ 78.           0.18520002   0.01444645]
 [ 79.           0.18480001   0.01454991]
 [ 80.           0.1842       0.01437706]
 [ 81.           0.1852       0.01317953]
 [ 82.           0.18419999   0.01321741]
 [ 83.           0.1836       0.01277889]
 [ 84.           0.1838       0.01267675]
 [ 85.           0.184        0.01264911]
 [ 86.           0.18360001   0.012502  ]
 [ 87.           0.1836       0.0127593 ]
 [ 88.           0.184        0.01234909]
 [ 89.           0.18280001   0.01202913]
 [ 90.           0.1826       0.01182371]
 [ 91.           0.1836       0.01268069]
 [ 92.           0.1836       0.01270039]
 [ 93.           0.18300001   0.01228821]
 [ 94.           0.1826       0.01180254]
 [ 95.           0.182        0.01146734]
 [ 96.           0.18120001   0.01138859]
 [ 97.           0.17980002   0.01257775]
 [ 98.           0.17940001   0.01180254]
 [ 99.           0.178        0.01164045]
 [100.           0.17760001   0.01073778]
 [101.           0.17680001   0.01089495]
 [102.           0.17620002   0.01032957]
 [103.           0.17580001   0.00978264]
 [104.           0.17580001   0.00978264]
 [105.           0.1754       0.01023719]
 [106.           0.175        0.00974679]
 [107.           0.1754       0.01028591]
 [108.           0.17400001   0.01083975]
 [109.           0.17379999   0.01109956]
 [110.           0.1732       0.01005982]
 [111.           0.17300001   0.00927362]
 [112.           0.17260002   0.00950263]
 [113.           0.1722       0.0093381 ]
 [114.           0.1718       0.01054514]
 [115.           0.1714       0.0114149 ]
 [116.           0.17040001   0.01126055]
 [117.           0.1702       0.01243784]
 [118.           0.17040001   0.01161034]
 [119.           0.16980001   0.01070981]
 [120.           0.16960001   0.01105893]
 [121.           0.1698       0.01138859]
 [122.           0.1692       0.01134461]
 [123.           0.1688       0.01054514]
 [124.           0.1684       0.0095289 ]
 [125.           0.16860001   0.00976217]
 [126.           0.16860001   0.01003992]
 [127.           0.16820002   0.00980816]
 [128.           0.1682       0.00952365]
 [129.           0.1678       0.00962808]
 [130.           0.167        0.00924663]
 [131.           0.1664       0.00870632]
 [132.           0.166        0.00902774]
 [133.           0.1658       0.00878636]
 [134.           0.1656       0.00896103]
 [135.           0.1646       0.00912688]
 [136.           0.1642       0.00933809]
 [137.           0.16440001   0.00907194]
 [138.           0.1642       0.00870057]
 [139.           0.1646       0.00850294]
 [140.           0.1642       0.00878636]
 [141.           0.16379999   0.00898332]
 [142.           0.164        0.00874643]
 [143.           0.164        0.00868908]
 [144.           0.1638       0.00831866]
 [145.           0.16340001   0.00792465]
 [146.           0.1632       0.00769416]
 [147.           0.1628       0.00759606]
 [148.           0.162        0.0074162 ]
 [149.           0.1622       0.00694262]
 [150.           0.1624       0.00763544]
 [151.           0.1628       0.00746324]
 [152.           0.1622       0.00701427]
 [153.           0.16200002   0.00689202]
 [154.           0.1612       0.00637965]
 [155.           0.16080001   0.00589067]
 [156.           0.16100001   0.00612372]
 [157.           0.1612       0.00580517]
 [158.           0.161        0.00524404]
 [159.           0.1602       0.00526308]
 [160.           0.1602       0.00476445]
 [161.           0.15980001   0.00486826]
 [162.           0.1604       0.00502991]
 [163.           0.1602       0.00432435]
 [164.           0.16000001   0.0041833 ]
 [165.           0.159        0.00441588]
 [166.           0.1588       0.00408656]
 [167.           0.15840001   0.00427785]
 [168.           0.15900001   0.00430116]
 [169.           0.15820001   0.00454973]
 [170.           0.1578       0.00476445]
 [171.           0.15720001   0.00432435]
 [172.           0.15720001   0.00396233]
 [173.           0.15640001   0.00415933]
 [174.           0.15640001   0.00461519]
 [175.           0.1566       0.00497996]
 [176.           0.156        0.00504976]
 [177.           0.1556       0.00497996]
 [178.           0.1556       0.00450555]
 [179.           0.1554       0.00559464]
 [180.           0.1554       0.00559464]
 [181.           0.15519999   0.00531037]
 [182.           0.155        0.00547723]
 [183.           0.15479998   0.00521536]
 [184.           0.15439999   0.00512835]
 [185.           0.1536       0.00589915]
 [186.           0.1538       0.00576194]
 [187.           0.15259999   0.00585661]
 [188.           0.1522       0.00580517]
 [189.           0.152        0.00556776]
 [190.           0.1516       0.00545894]
 [191.           0.1516       0.00559464]
 [192.           0.1518       0.00605806]
 [193.           0.1518       0.00605806]
 [194.           0.1518       0.00605806]
 [195.           0.1514       0.00585662]
 [196.           0.15100001   0.00529151]
 [197.           0.15100001   0.00529151]
 [198.           0.15100001   0.00514782]
 [199.           0.15100001   0.00514782]
 [200.           0.15120001   0.00540371]
 [201.           0.15079999   0.00535724]
 [202.           0.1506       0.00512835]
 [203.           0.1508       0.00506952]
 [204.           0.15100001   0.00533854]
 [205.           0.1506       0.00482701]
 [206.           0.1504       0.00512836]
 [207.           0.1504       0.0045607 ]
 [208.           0.1506       0.00403733]
 [209.           0.1504       0.00403733]
 [210.           0.1502       0.00408656]
 [211.           0.15         0.00387298]
 [212.           0.1502       0.00363318]
 [213.           0.1508       0.00408656]
 [214.           0.1514       0.00497996]
 [215.           0.1504       0.00536657]
 [216.           0.15         0.00484768]
 [217.           0.1502       0.0051672 ]
 [218.           0.15020001   0.00496991]
 [219.           0.1506       0.00527257]
 [220.           0.1506       0.00531978]
 [221.           0.1504       0.00466905]
 [222.           0.14979999   0.00454972]
 [223.           0.14979999   0.00506952]
 [224.           0.15         0.00514782]
 [225.           0.1502       0.00486827]
 [226.           0.15         0.00489898]
 [227.           0.15         0.00489898]
 [228.           0.14999999   0.00424264]
 [229.           0.1506       0.00444972]
 [230.           0.1508       0.00454973]
 [231.           0.1504       0.00415933]
 [232.           0.1504       0.00364692]
 [233.           0.1506       0.00336155]
 [234.           0.15         0.00339116]
 [235.           0.15020001   0.00408657]
 [236.           0.15         0.00430117]
 [237.           0.15         0.00380788]
 [238.           0.1498       0.00396232]
 [239.           0.1498       0.00396232]
 [240.           0.14979999   0.00349284]
 [241.           0.14979999   0.00408656]
 [242.           0.15020001   0.00465833]
 [243.           0.1494       0.00550455]
 [244.           0.1494       0.00541295]
 [245.           0.149        0.00538516]
 [246.           0.149        0.00583094]
 [247.           0.149        0.00583094]
 [248.           0.149        0.00570087]
 [249.           0.1488       0.00554075]
 [250.           0.1492       0.00589067]
 [251.           0.14919999   0.00531037]
 [252.           0.149        0.00524404]
 [253.           0.1486       0.00559464]
 [254.           0.14860001   0.00589915]
 [255.           0.1484       0.0056833 ]
 [256.           0.14860001   0.00550454]
 [257.           0.1494       0.00487852]
 [258.           0.1488       0.00481664]
 [259.           0.1486       0.00477493]
 [260.           0.1482       0.00481664]
 [261.           0.1488       0.00501996]
 [262.           0.1484       0.00461519]
 [263.           0.148        0.00447214]
 [264.           0.147        0.00430116]
 [265.           0.147        0.00430116]
 [266.           0.1468       0.00443846]
 [267.           0.14600001   0.00430116]
 [268.           0.1462       0.00443847]
 [269.           0.14619999   0.00506952]
 [270.           0.14600001   0.00587367]
 [271.           0.1462       0.00609919]
 [272.           0.1464       0.00598331]
 [273.           0.14600001   0.00620484]
 [274.           0.1454       0.00572713]
 [275.           0.1454       0.00581377]
 [276.           0.1456       0.0061887 ]
 [277.           0.1452       0.00576195]
 [278.           0.14500001   0.00608276]
 [279.           0.1444       0.00541294]
 [280.           0.1444       0.00502991]
 [281.           0.1438       0.00506952]
 [282.           0.1428       0.00567451]
 [283.           0.1434       0.00665583]
 [284.           0.14320001   0.00687023]
 [285.           0.14320001   0.00668581]
 [286.           0.143        0.00731437]
 [287.           0.1428       0.00746324]
 [288.           0.1434       0.0074027 ]
 [289.           0.1432       0.00756307]
 [290.           0.1434       0.00756967]
 [291.           0.1444       0.00870632]
 [292.           0.14420001   0.00898332]
 [293.           0.14420001   0.00898332]
 [294.           0.14420001   0.0088713 ]
 [295.           0.14360002   0.00884873]
 [296.           0.14320001   0.00892749]
 [297.           0.1434       0.0086487 ]
 [298.           0.14299999   0.00815475]
 [299.           0.14240001   0.00890505]
 [300.           0.1428       0.00852643]
 [301.           0.14240001   0.00853229]
 [302.           0.14240001   0.00853229]
 [303.           0.1418       0.00828855]
 [304.           0.1422       0.00816701]
 [305.           0.14259999   0.00870632]
 [306.           0.1426       0.00817313]
 [307.           0.1422       0.00742967]
 [308.           0.1418       0.00722496]
 [309.           0.1422       0.00782304]
 [310.           0.142        0.00784219]
 [311.           0.1416       0.00792464]
 [312.           0.1416       0.00801872]
 [313.           0.14140001   0.00763544]
 [314.           0.14119999   0.00769415]
 [315.           0.14140001   0.00779743]
 [316.           0.1418       0.00779102]
 [317.           0.142        0.00839643]
 [318.           0.1416       0.00835465]
 [319.           0.1416       0.00856155]
 [320.           0.1418       0.00801249]
 [321.           0.1418       0.00756306]
 [322.           0.1414       0.00773304]
 [323.           0.1414       0.00753658]
 [324.           0.1408       0.00807465]
 [325.           0.1408       0.00852642]
 [326.           0.14100002   0.00874643]
 [327.           0.14140001   0.00856154]
 [328.           0.1418       0.00983362]
 [329.           0.14140001   0.00965919]
 [330.           0.14140001   0.00873499]
 [331.           0.1418       0.00898331]
 [332.           0.1418       0.0093381 ]
 [333.           0.14119999   0.00914877]
 [334.           0.14100002   0.00927362]
 [335.           0.14119999   0.00914877]
 [336.           0.14119999   0.00965401]
 [337.           0.1408       0.01056883]
 [338.           0.1402       0.01132255]
 [339.           0.1404       0.01178133]
 [340.           0.1402       0.01229634]
 [341.           0.14         0.01189537]
 [342.           0.1398       0.01211197]
 [343.           0.1398       0.01149782]
 [344.           0.14000002   0.01159741]
 [345.           0.1404       0.01178133]
 [346.           0.1406       0.01158878]
 [347.           0.1402       0.01227599]
 [348.           0.1402       0.01211198]
 [349.           0.1404       0.01217785]
 [350.           0.14119999   0.01251799]
 [351.           0.14140001   0.01264121]
 [352.           0.1416       0.01258174]
 [353.           0.1416       0.01244187]
 [354.           0.1418       0.01225561]
 [355.           0.142        0.01202081]
 [356.           0.142        0.01142366]
 [357.           0.1416       0.01092246]
 [358.           0.1418       0.01084897]
 [359.           0.14140001   0.01033442]
 [360.           0.14140001   0.00991464]
 [361.           0.1416       0.00971082]
 [362.           0.14140001   0.0100896 ]
 [363.           0.1418       0.00962809]
 [364.           0.142        0.00959166]
 [365.           0.1418       0.00925742]
 [366.           0.14260001   0.00934345]
 [367.           0.14240001   0.00958123]
 [368.           0.14240001   0.00958123]
 [369.           0.1428       0.00936482]
 [370.           0.1432       0.00914878]
 [371.           0.1434       0.00896103]
 [372.           0.1434       0.00909945]
 [373.           0.14299999   0.00891628]
 [374.           0.14359999   0.00876357]
 [375.           0.14460002   0.00898888]
 [376.           0.14479999   0.00933809]
 [377.           0.14500001   0.00905539]
 [378.           0.1458       0.00870057]
 [379.           0.1456       0.00870632]
 [380.           0.1458       0.00870057]
 [381.           0.1458       0.00878634]
 [382.           0.1454       0.00859069]
 [383.           0.1452       0.008228  ]
 [384.           0.1452       0.00852644]
 [385.           0.1446       0.00829458]
 [386.           0.14479999   0.00837855]
 [387.           0.145        0.00815476]
 [388.           0.1452       0.00794985]
 [389.           0.1452       0.00794985]
 [390.           0.1452       0.00804363]
 [391.           0.14500001   0.00777818]
 [392.           0.14500001   0.00818535]
 [393.           0.1448       0.00846759]
 [394.           0.1444       0.00838451]
 [395.           0.14479999   0.00807465]
 [396.           0.1446       0.00766812]
 [397.           0.14479999   0.00739595]
 [398.           0.1446       0.00730069]
 [399.           0.14479999   0.00729384]
 [400.           0.1448       0.00715542]]
Dataset       :Citeseer
Model         :SGC
Conden ratio  :1.0
GC            :4
LearnA        :0
Max Test Accuracy:
0.231
Best Result: Epoch   Acc  Std.
               8 0.2230  0.0043
