Set seed
Model Cheby
--------------------------------------------------
The 1th iteration:
--------------------------------------------------
--------------------------------------------------
The 2th iteration:
--------------------------------------------------
--------------------------------------------------
The 3th iteration:
--------------------------------------------------
--------------------------------------------------
The 4th iteration:
--------------------------------------------------
--------------------------------------------------
The 5th iteration:
--------------------------------------------------
[[  1.           0.23260002   0.04614434]
 [  2.           0.29720002   0.05895931]
 [  3.           0.36380002   0.07224751]
 [  4.           0.4144       0.08554707]
 [  5.           0.4482       0.09186783]
 [  6.           0.47480002   0.09020644]
 [  7.           0.49840003   0.08500764]
 [  8.           0.5172       0.07960654]
 [  9.           0.5288       0.07698506]
 [ 10.           0.5358       0.07267186]
 [ 11.           0.5446       0.0696118 ]
 [ 12.           0.5562       0.06543089]
 [ 13.           0.56159997   0.06005248]
 [ 14.           0.5676       0.05705962]
 [ 15.           0.5722       0.05328882]
 [ 16.           0.5766       0.0522475 ]
 [ 17.           0.5802       0.053049  ]
 [ 18.           0.58280003   0.05268494]
 [ 19.           0.587        0.05235932]
 [ 20.           0.58820003   0.05191051]
 [ 21.           0.5896       0.05220444]
 [ 22.           0.59180003   0.05077595]
 [ 23.           0.59180003   0.05129524]
 [ 24.           0.5934       0.05389154]
 [ 25.           0.59440005   0.05490716]
 [ 26.           0.59339994   0.05545991]
 [ 27.           0.5946       0.05654469]
 [ 28.           0.59639996   0.05737859]
 [ 29.           0.5978       0.06057804]
 [ 30.           0.59720004   0.06166603]
 [ 31.           0.59779996   0.06260354]
 [ 32.           0.59639996   0.06360266]
 [ 33.           0.5966       0.06338214]
 [ 34.           0.596        0.06542554]
 [ 35.           0.5948       0.06781742]
 [ 36.           0.5936       0.06927698]
 [ 37.           0.5916       0.06834325]
 [ 38.           0.5916       0.07051097]
 [ 39.           0.5908       0.07108234]
 [ 40.           0.591        0.07206592]
 [ 41.           0.5922       0.0718241 ]
 [ 42.           0.5928001    0.07287454]
 [ 43.           0.5936       0.07392766]
 [ 44.           0.59400004   0.07436734]
 [ 45.           0.5952       0.07430141]
 [ 46.           0.59540004   0.07310474]
 [ 47.           0.59540004   0.07277226]
 [ 48.           0.59499997   0.07303768]
 [ 49.           0.5974       0.07092815]
 [ 50.           0.59860003   0.07136035]
 [ 51.           0.5992       0.07164984]
 [ 52.           0.60120004   0.0715381 ]
 [ 53.           0.602        0.07007496]
 [ 54.           0.60260004   0.06788076]
 [ 55.           0.60420007   0.0678432 ]
 [ 56.           0.6054       0.06769267]
 [ 57.           0.60620004   0.06603559]
 [ 58.           0.6068       0.06573205]
 [ 59.           0.6094       0.06568713]
 [ 60.           0.6104       0.06404921]
 [ 61.           0.61140007   0.06296267]
 [ 62.           0.612        0.06243797]
 [ 63.           0.6132       0.06072643]
 [ 64.           0.614        0.05984146]
 [ 65.           0.6152       0.05901018]
 [ 66.           0.61700004   0.05808184]
 [ 67.           0.61840004   0.05786448]
 [ 68.           0.6196       0.05727389]
 [ 69.           0.6204       0.05758732]
 [ 70.           0.62200004   0.05766714]
 [ 71.           0.623        0.05766284]
 [ 72.           0.624        0.05747173]
 [ 73.           0.62520003   0.05708501]
 [ 74.           0.62640005   0.05555897]
 [ 75.           0.62700003   0.05483158]
 [ 76.           0.6278       0.05413594]
 [ 77.           0.6292       0.05377918]
 [ 78.           0.63060004   0.05229055]
 [ 79.           0.6312       0.05150438]
 [ 80.           0.63220006   0.05086942]
 [ 81.           0.6326       0.05084584]
 [ 82.           0.633        0.05112729]
 [ 83.           0.63379997   0.04991695]
 [ 84.           0.634        0.04881086]
 [ 85.           0.63560003   0.04748999]
 [ 86.           0.63600004   0.04752367]
 [ 87.           0.6364       0.04733181]
 [ 88.           0.63640004   0.04737407]
 [ 89.           0.6362       0.04793954]
 [ 90.           0.6362001    0.04699148]
 [ 91.           0.6366       0.04720487]
 [ 92.           0.6366       0.0473371 ]
 [ 93.           0.6374       0.0461335 ]
 [ 94.           0.6372       0.04605107]
 [ 95.           0.63760006   0.04619307]
 [ 96.           0.6378       0.04493552]
 [ 97.           0.6384       0.04515309]
 [ 98.           0.6388       0.04426851]
 [ 99.           0.6396       0.04390102]
 [100.           0.6396       0.04466318]
 [101.           0.6398       0.04465645]
 [102.           0.6394       0.04484751]
 [103.           0.6398       0.04491881]
 [104.           0.6408       0.04509655]
 [105.           0.6412       0.04519072]
 [106.           0.642        0.04405113]
 [107.           0.64180005   0.0438429 ]
 [108.           0.64239997   0.04417353]
 [109.           0.6428       0.04248177]
 [110.           0.6428       0.04204404]
 [111.           0.64320004   0.04177558]
 [112.           0.64379996   0.04092922]
 [113.           0.644        0.04112785]
 [114.           0.6444       0.04018458]
 [115.           0.6454       0.03815496]
 [116.           0.64519995   0.03793681]
 [117.           0.64519995   0.03793681]
 [118.           0.6452       0.03769218]
 [119.           0.646        0.03687138]
 [120.           0.646        0.03635933]
 [121.           0.6464       0.0365007 ]
 [122.           0.64659995   0.03650754]
 [123.           0.6464       0.0365007 ]
 [124.           0.6472       0.03573093]
 [125.           0.64799994   0.0350214 ]
 [126.           0.6476       0.03537369]
 [127.           0.64779997   0.03494566]
 [128.           0.6482       0.03510272]
 [129.           0.6482       0.03510272]
 [130.           0.6484       0.03467421]
 [131.           0.64860004   0.0348253 ]
 [132.           0.6486       0.03417307]
 [133.           0.6484       0.03409984]
 [134.           0.6488       0.03413502]
 [135.           0.6492001    0.03434679]
 [136.           0.64940006   0.0344935 ]
 [137.           0.6498       0.03413501]
 [138.           0.65000004   0.0337046 ]
 [139.           0.6502       0.03327461]
 [140.           0.6498       0.03313912]
 [141.           0.65020007   0.032775  ]
 [142.           0.65040004   0.03292871]
 [143.           0.6506       0.03299697]
 [144.           0.6506       0.03299697]
 [145.           0.6504       0.03401177]
 [146.           0.6504001    0.03519661]
 [147.           0.6502       0.03501717]
 [148.           0.65040004   0.03503286]
 [149.           0.6506       0.03460204]
 [150.           0.6512       0.03436131]
 [151.           0.6514       0.03378316]
 [152.           0.6516       0.03395293]
 [153.           0.6518       0.03352165]
 [154.           0.65180004   0.0329196 ]
 [155.           0.652        0.03248848]
 [156.           0.6526       0.03274597]
 [157.           0.6528       0.0328131 ]
 [158.           0.65320003   0.03305599]
 [159.           0.65320003   0.03305599]
 [160.           0.65320003   0.03305599]
 [161.           0.6534       0.0326236 ]
 [162.           0.65320003   0.03245305]
 [163.           0.65320003   0.03245305]
 [164.           0.65300006   0.03288615]
 [165.           0.65320003   0.03245305]
 [166.           0.65320003   0.03245305]
 [167.           0.6534       0.03262363]
 [168.           0.65379995   0.03226763]
 [169.           0.654        0.03234969]
 [170.           0.65440005   0.03193432]
 [171.           0.65440005   0.03193432]
 [172.           0.6546       0.03150082]
 [173.           0.6542       0.03131613]
 [174.           0.65440005   0.03088367]
 [175.           0.65480006   0.03046637]
 [176.           0.6552       0.03005331]
 [177.           0.6552       0.03005331]
 [178.           0.655        0.0298915 ]
 [179.           0.655        0.02981614]
 [180.           0.655        0.02981614]
 [181.           0.655        0.02981614]
 [182.           0.65500003   0.02969007]
 [183.           0.6554       0.02881493]
 [184.           0.6556       0.02837781]
 [185.           0.6556       0.02837781]
 [186.           0.6556       0.02837781]
 [187.           0.6556       0.02837781]
 [188.           0.656        0.02797322]
 [189.           0.65620005   0.02753544]
 [190.           0.65620005   0.02753544]
 [191.           0.65620005   0.02753544]
 [192.           0.6560001    0.02738615]
 [193.           0.65620005   0.02748092]
 [194.           0.6556       0.02714406]
 [195.           0.6560001    0.02626783]
 [196.           0.6564       0.02634007]
 [197.           0.65680003   0.02545977]
 [198.           0.65660006   0.02589979]
 [199.           0.65620005   0.02560662]
 [200.           0.6566       0.02532391]
 [201.           0.6568       0.02537126]
 [202.           0.657        0.02492992]
 [203.           0.657        0.02492992]
 [204.           0.65720004   0.024984  ]
 [205.           0.65720004   0.024984  ]
 [206.           0.657        0.02482941]
 [207.           0.657        0.02490985]
 [208.           0.657        0.02490985]
 [209.           0.657        0.0254067 ]
 [210.           0.65720004   0.02546959]
 [211.           0.6578       0.02579146]
 [212.           0.6578       0.02579146]
 [213.           0.658        0.02534759]
 [214.           0.65819997   0.02541064]
 [215.           0.658        0.02585538]
 [216.           0.6584       0.02610172]
 [217.           0.6588       0.02624307]
 [218.           0.6588       0.02624307]
 [219.           0.6592       0.026414  ]
 [220.           0.6594       0.02596727]
 [221.           0.6594       0.02596727]
 [222.           0.6594       0.02651036]
 [223.           0.6594       0.02651036]
 [224.           0.6598       0.02676192]
 [225.           0.6596       0.02666085]
 [226.           0.6596       0.02666085]
 [227.           0.6596       0.02666085]
 [228.           0.6596       0.02666085]
 [229.           0.6596       0.02720846]
 [230.           0.6596       0.02720846]
 [231.           0.6594       0.02765503]
 [232.           0.6594       0.02765503]
 [233.           0.6598       0.02676194]
 [234.           0.6598       0.02678061]
 [235.           0.6596       0.02722683]
 [236.           0.6594       0.02714405]
 [237.           0.65959996   0.02669832]
 [238.           0.6594       0.02658571]
 [239.           0.6592       0.02645185]
 [240.           0.6594       0.02600579]
 [241.           0.65959996   0.02614002]
 [242.           0.6598       0.02569433]
 [243.           0.6604       0.02551078]
 [244.           0.6604       0.02551078]
 [245.           0.6606       0.02563785]
 [246.           0.6608       0.02574296]
 [247.           0.6608       0.02574296]
 [248.           0.6608       0.02574296]
 [249.           0.6608       0.02574296]
 [250.           0.66120005   0.02599422]
 [251.           0.66120005   0.02599422]
 [252.           0.66099995   0.02587468]
 [253.           0.6608       0.02581084]
 [254.           0.66099995   0.02536729]
 [255.           0.6612       0.02499401]
 [256.           0.6612       0.02499401]
 [257.           0.66099995   0.02487971]
 [258.           0.6606       0.02464346]
 [259.           0.6606       0.02464346]
 [260.           0.6606       0.02464346]
 [261.           0.6606       0.02464346]
 [262.           0.6608       0.02477298]
 [263.           0.66099995   0.02482942]
 [264.           0.6612       0.02489379]
 [265.           0.6612       0.02489379]
 [266.           0.6612       0.02489379]
 [267.           0.6612       0.02489379]
 [268.           0.6612       0.02432491]
 [269.           0.6612       0.02432491]
 [270.           0.6612       0.02432491]
 [271.           0.6612       0.02432491]
 [272.           0.6614       0.02444996]
 [273.           0.6614       0.02444996]
 [274.           0.6614       0.02444996]
 [275.           0.6614       0.02444996]
 [276.           0.6614       0.02444996]
 [277.           0.6614       0.02444996]
 [278.           0.6614       0.02444996]
 [279.           0.6612       0.02438647]
 [280.           0.6612       0.02438647]
 [281.           0.6612       0.02438647]
 [282.           0.6612       0.02438647]
 [283.           0.6608       0.02527252]
 [284.           0.6608       0.02527252]
 [285.           0.6614       0.0255108 ]
 [286.           0.6614       0.0255108 ]
 [287.           0.66160005   0.02563787]
 [288.           0.66160005   0.02563787]
 [289.           0.66160005   0.02505595]
 [290.           0.66160005   0.02505595]
 [291.           0.66160005   0.02505595]
 [292.           0.66160005   0.02505595]
 [293.           0.66160005   0.02505595]
 [294.           0.66160005   0.02505595]
 [295.           0.66160005   0.02505595]
 [296.           0.66160005   0.02505595]
 [297.           0.66160005   0.02505595]
 [298.           0.66160005   0.02505595]
 [299.           0.66160005   0.02451124]
 [300.           0.6618       0.02459066]
 [301.           0.662        0.02467793]
 [302.           0.662        0.02467793]
 [303.           0.662        0.02467793]
 [304.           0.662        0.02467793]
 [305.           0.66220003   0.02481332]
 [306.           0.66220003   0.02481332]
 [307.           0.66220003   0.02481332]
 [308.           0.66220003   0.02481332]
 [309.           0.66220003   0.02481332]
 [310.           0.662        0.02472855]
 [311.           0.662        0.02472855]
 [312.           0.662        0.0241971 ]
 [313.           0.662        0.0241971 ]
 [314.           0.662        0.0241971 ]
 [315.           0.662        0.0241971 ]
 [316.           0.662        0.0241971 ]
 [317.           0.662        0.0241971 ]
 [318.           0.662        0.0241971 ]
 [319.           0.662        0.0241971 ]
 [320.           0.662        0.0241971 ]
 [321.           0.6618       0.02406657]
 [322.           0.662        0.02362202]
 [323.           0.662        0.02362202]
 [324.           0.6622       0.02371076]
 [325.           0.6622       0.02371076]
 [326.           0.6624       0.02383904]
 [327.           0.6624       0.02383904]
 [328.           0.6624       0.02383904]
 [329.           0.6624       0.02383904]
 [330.           0.6624       0.02383904]
 [331.           0.6624       0.02383904]
 [332.           0.6626       0.02397499]
 [333.           0.6626       0.02397499]
 [334.           0.6626       0.02397499]
 [335.           0.6626       0.02397499]
 [336.           0.6628       0.02411846]
 [337.           0.6628       0.02411846]
 [338.           0.6628       0.02411846]
 [339.           0.6628       0.02411846]
 [340.           0.6632       0.0243043 ]
 [341.           0.6632       0.0243043 ]
 [342.           0.6632       0.0243043 ]
 [343.           0.6632       0.0243043 ]
 [344.           0.6632       0.0243043 ]
 [345.           0.6632       0.0243043 ]
 [346.           0.66300005   0.02423839]
 [347.           0.66300005   0.02423839]
 [348.           0.6628       0.02468195]
 [349.           0.6628       0.02523294]
 [350.           0.663        0.0253476 ]
 [351.           0.663        0.0253476 ]
 [352.           0.663        0.0253476 ]
 [353.           0.6628       0.02529232]
 [354.           0.6628       0.02529232]
 [355.           0.6628       0.02529232]
 [356.           0.6628       0.02529232]
 [357.           0.6628       0.02529232]
 [358.           0.6628       0.02529232]
 [359.           0.6628       0.02529232]
 [360.           0.6628       0.02529232]
 [361.           0.663        0.0253476 ]
 [362.           0.66340005   0.02496597]
 [363.           0.66340005   0.02496597]
 [364.           0.6636       0.02510576]
 [365.           0.6634       0.02554997]
 [366.           0.6634       0.02554997]
 [367.           0.6632       0.02543031]
 [368.           0.6634       0.02498599]
 [369.           0.6632       0.02484351]
 [370.           0.6632       0.02484351]
 [371.           0.6632       0.02484351]
 [372.           0.6632       0.02484351]
 [373.           0.6634       0.02498599]
 [374.           0.6632       0.02543031]
 [375.           0.6632       0.02543031]
 [376.           0.6632       0.02543031]
 [377.           0.663        0.02528834]
 [378.           0.663        0.02528834]
 [379.           0.6628       0.0252131 ]
 [380.           0.6628       0.0252131 ]
 [381.           0.6628       0.0252131 ]
 [382.           0.6628       0.0252131 ]
 [383.           0.6628       0.0252131 ]
 [384.           0.6628       0.0252131 ]
 [385.           0.6628       0.0252131 ]
 [386.           0.6628       0.0252131 ]
 [387.           0.6628       0.0252131 ]
 [388.           0.6628       0.0252131 ]
 [389.           0.6628       0.0252131 ]
 [390.           0.6628       0.0252131 ]
 [391.           0.6628       0.0252131 ]
 [392.           0.6626       0.02565735]
 [393.           0.6626       0.02565735]
 [394.           0.6626       0.02565735]
 [395.           0.6626       0.02565735]
 [396.           0.6628       0.02578178]
 [397.           0.6628       0.02578178]
 [398.           0.6628       0.02578178]
 [399.           0.6628       0.02578178]
 [400.           0.663        0.02533774]]
Dataset       :Citeseer
Model         :Cheby
Conden ratio  :0.25
GC            :3
LearnA        :1
Max Test Accuracy:
0.678
Best Result: Epoch   Acc  Std.
               364 0.6636  0.0251
