Set seed
Model GAT
--------------------------------------------------
The 1th iteration:
--------------------------------------------------
--------------------------------------------------
The 2th iteration:
--------------------------------------------------
--------------------------------------------------
The 3th iteration:
--------------------------------------------------
--------------------------------------------------
The 4th iteration:
--------------------------------------------------
--------------------------------------------------
The 5th iteration:
--------------------------------------------------
[[  1.           0.61359996   0.02200682]
 [  2.           0.6638       0.00772656]
 [  3.           0.6758       0.00526308]
 [  4.           0.6814       0.0061887 ]
 [  5.           0.6828       0.00481664]
 [  6.           0.68240005   0.00541293]
 [  7.           0.683        0.00570088]
 [  8.           0.6844       0.0059414 ]
 [  9.           0.6844       0.00527258]
 [ 10.           0.6864       0.00669331]
 [ 11.           0.6882       0.00641873]
 [ 12.           0.69020003   0.00396232]
 [ 13.           0.69         0.00441587]
 [ 14.           0.69040006   0.00507935]
 [ 15.           0.6894       0.00512836]
 [ 16.           0.69         0.00424264]
 [ 17.           0.6916       0.00336157]
 [ 18.           0.6922       0.00370133]
 [ 19.           0.6928       0.00238744]
 [ 20.           0.6956       0.0029665 ]
 [ 21.           0.6956       0.0021909 ]
 [ 22.           0.6952001    0.00228034]
 [ 23.           0.69400007   0.00300002]
 [ 24.           0.694        0.003937  ]
 [ 25.           0.69500005   0.00430113]
 [ 26.           0.6948       0.00476445]
 [ 27.           0.6948       0.00486827]
 [ 28.           0.6954       0.00472227]
 [ 29.           0.6962       0.00408658]
 [ 30.           0.6968       0.00363317]
 [ 31.           0.69680005   0.00356371]
 [ 32.           0.698        0.00447215]
 [ 33.           0.69740003   0.00466907]
 [ 34.           0.6972       0.00454972]
 [ 35.           0.6976       0.00502991]
 [ 36.           0.69699997   0.00406202]
 [ 37.           0.69640005   0.00456069]
 [ 38.           0.6962       0.00454972]
 [ 39.           0.6958       0.00408659]
 [ 40.           0.69560003   0.00409878]
 [ 41.           0.6942       0.00465831]
 [ 42.           0.6942       0.00460433]
 [ 43.           0.69460005   0.00522494]
 [ 44.           0.6946       0.00541296]
 [ 45.           0.6948       0.00496991]
 [ 46.           0.695        0.00447213]
 [ 47.           0.69460005   0.00461519]
 [ 48.           0.6948       0.00491934]
 [ 49.           0.69460005   0.00502991]
 [ 50.           0.6942       0.00526308]
 [ 51.           0.69380003   0.00491935]
 [ 52.           0.69320005   0.00491937]
 [ 53.           0.6934       0.0043932 ]
 [ 54.           0.6938       0.00491936]
 [ 55.           0.69380003   0.00420716]
 [ 56.           0.6942       0.00496991]
 [ 57.           0.69460005   0.00517688]
 [ 58.           0.695        0.00474344]
 [ 59.           0.69519997   0.00481665]
 [ 60.           0.6958       0.00516722]
 [ 61.           0.69600004   0.00552269]
 [ 62.           0.69539994   0.00487852]
 [ 63.           0.69600004   0.00484768]
 [ 64.           0.69519997   0.00443848]
 [ 65.           0.6954       0.00421899]
 [ 66.           0.69540006   0.00364692]
 [ 67.           0.6948       0.00389872]
 [ 68.           0.6942       0.00465833]
 [ 69.           0.6944       0.00492951]
 [ 70.           0.6952       0.00540371]
 [ 71.           0.6952       0.00554076]
 [ 72.           0.6952       0.00535724]
 [ 73.           0.6952       0.00554076]
 [ 74.           0.6944       0.00497996]
 [ 75.           0.6952001    0.00526308]
 [ 76.           0.695        0.00533854]
 [ 77.           0.69540006   0.00554977]
 [ 78.           0.69560003   0.00531978]
 [ 79.           0.6962       0.00571841]
 [ 80.           0.6958       0.00618062]
 [ 81.           0.6958       0.00544978]
 [ 82.           0.6966001    0.00572712]
 [ 83.           0.69680005   0.00535723]
 [ 84.           0.6968       0.00576193]
 [ 85.           0.6968       0.0054037 ]
 [ 86.           0.6964       0.00531978]
 [ 87.           0.69600004   0.00538518]
 [ 88.           0.6956       0.00568331]
 [ 89.           0.69600004   0.00583095]
 [ 90.           0.69600004   0.00620483]
 [ 91.           0.69640005   0.0045607 ]
 [ 92.           0.69680005   0.00414729]
 [ 93.           0.6958       0.00443848]
 [ 94.           0.6948       0.00516719]
 [ 95.           0.695        0.00514783]
 [ 96.           0.695        0.00514783]
 [ 97.           0.6948       0.00535725]
 [ 98.           0.69460005   0.00559465]
 [ 99.           0.6948001    0.00626098]
 [100.           0.6948       0.00630079]
 [101.           0.6944       0.00658027]
 [102.           0.69460005   0.00658029]
 [103.           0.69460005   0.00658029]
 [104.           0.69519997   0.00637964]
 [105.           0.6954       0.00610736]
 [106.           0.69519997   0.00614002]
 [107.           0.69539994   0.00630873]
 [108.           0.69519997   0.00641871]
 [109.           0.69540006   0.0061887 ]
 [110.           0.6952       0.00641873]
 [111.           0.695        0.0056125 ]
 [112.           0.6954       0.00559465]
 [113.           0.6958       0.00554076]
 [114.           0.6956       0.00559465]
 [115.           0.6956       0.00559465]
 [116.           0.6948       0.00526308]
 [117.           0.69500005   0.0052915 ]
 [118.           0.6944       0.00550454]
 [119.           0.694        0.00578792]
 [120.           0.69380003   0.00567452]
 [121.           0.69360006   0.00602495]
 [122.           0.69320005   0.00535723]
 [123.           0.6934       0.00554976]
 [124.           0.6934       0.00472229]
 [125.           0.69380003   0.0050695 ]
 [126.           0.69380003   0.00465832]
 [127.           0.6944       0.0039749 ]
 [128.           0.69420004   0.00432434]
 [129.           0.69400007   0.00393699]
 [130.           0.6944       0.00364689]
 [131.           0.6944       0.00403731]
 [132.           0.6942       0.00396231]
 [133.           0.6942       0.00396231]
 [134.           0.6936       0.00364693]
 [135.           0.6932       0.0032711 ]
 [136.           0.6926       0.00207365]
 [137.           0.6922       0.00083668]
 [138.           0.69200003   0.00187084]
 [139.           0.6926       0.00194936]
 [140.           0.6928       0.00216795]
 [141.           0.6932       0.00228034]
 [142.           0.6936       0.00364692]
 [143.           0.6938       0.0035637 ]
 [144.           0.69380003   0.00311449]
 [145.           0.69320005   0.00258844]
 [146.           0.69399995   0.00173205]
 [147.           0.6936       0.00167332]
 [148.           0.69399995   0.00141421]
 [149.           0.69380003   0.00164316]
 [150.           0.6938       0.00192354]
 [151.           0.6938       0.00238746]
 [152.           0.6932       0.00294957]
 [153.           0.693        0.00380788]
 [154.           0.6928       0.00356369]
 [155.           0.6928       0.00311448]
 [156.           0.693        0.00339118]
 [157.           0.6932       0.00414729]
 [158.           0.69400007   0.00435889]
 [159.           0.694        0.00484767]
 [160.           0.6942       0.00486827]
 [161.           0.6944       0.0047223 ]
 [162.           0.6944       0.0047223 ]
 [163.           0.6944       0.00427786]
 [164.           0.6942       0.00443848]
 [165.           0.6942       0.00454972]
 [166.           0.6942       0.00454972]
 [167.           0.6938       0.00506951]
 [168.           0.6934       0.00541295]
 [169.           0.69320005   0.00516722]
 [170.           0.693        0.00509901]
 [171.           0.6932       0.00476446]
 [172.           0.6928       0.00521536]
 [173.           0.69320005   0.0056745 ]
 [174.           0.6936       0.00606631]
 [175.           0.69399995   0.00556777]
 [176.           0.6938       0.00535724]
 [177.           0.6936       0.00550455]
 [178.           0.6936       0.00568333]
 [179.           0.6938       0.00554078]
 [180.           0.6942       0.0057184 ]
 [181.           0.69420004   0.00554075]
 [182.           0.69460005   0.00531978]
 [183.           0.69420004   0.00501996]
 [184.           0.6938       0.00506953]
 [185.           0.6938       0.00516721]
 [186.           0.6934       0.00497996]
 [187.           0.69360006   0.0049295 ]
 [188.           0.6936       0.00477492]
 [189.           0.6934       0.00466904]
 [190.           0.693        0.00469041]
 [191.           0.6934       0.0049295 ]
 [192.           0.6936       0.004827  ]
 [193.           0.6936       0.004827  ]
 [194.           0.69399995   0.00509902]
 [195.           0.694        0.00484769]
 [196.           0.694        0.00463682]
 [197.           0.694        0.00463682]
 [198.           0.69380003   0.00506951]
 [199.           0.69420004   0.0056745 ]
 [200.           0.6938       0.00521535]
 [201.           0.6938       0.00521535]
 [202.           0.6944       0.00531978]
 [203.           0.69460005   0.00531978]
 [204.           0.695        0.00556776]
 [205.           0.695        0.00556776]
 [206.           0.69540006   0.00554978]
 [207.           0.6962       0.00554078]
 [208.           0.69600004   0.00583094]
 [209.           0.6962       0.00567451]
 [210.           0.6962       0.00630078]
 [211.           0.6962       0.00605807]
 [212.           0.6962       0.00641872]
 [213.           0.6956       0.00669327]
 [214.           0.69539994   0.00577061]
 [215.           0.69579995   0.00535726]
 [216.           0.6962       0.00511856]
 [217.           0.69600004   0.00524404]
 [218.           0.6956       0.00602495]
 [219.           0.69500005   0.00628492]
 [220.           0.6948       0.00668582]
 [221.           0.69460005   0.00709225]
 [222.           0.69460005   0.00709225]
 [223.           0.69500005   0.00748331]
 [224.           0.695        0.0069642 ]
 [225.           0.6952       0.0070852 ]
 [226.           0.695        0.0069642 ]
 [227.           0.6954       0.00658027]
 [228.           0.696        0.00591609]
 [229.           0.69600004   0.00710633]
 [230.           0.69600004   0.00674534]
 [231.           0.6958       0.00712038]
 [232.           0.6958       0.00779103]
 [233.           0.69600004   0.00741619]
 [234.           0.6958       0.00779103]
 [235.           0.69560003   0.00746994]
 [236.           0.69600004   0.0069282 ]
 [237.           0.6958       0.00729382]
 [238.           0.6956       0.00716241]
 [239.           0.6958       0.00746325]
 [240.           0.6956       0.00750333]
 [241.           0.6956       0.00750333]
 [242.           0.6952       0.00742965]
 [243.           0.695        0.00731435]
 [244.           0.6954       0.00680438]
 [245.           0.69560003   0.00716238]
 [246.           0.69540006   0.00750332]
 [247.           0.6954       0.00723187]
 [248.           0.695        0.00710632]
 [249.           0.6948       0.00676018]
 [250.           0.6948001    0.00605806]
 [251.           0.6952       0.00657268]
 [252.           0.69500005   0.00628492]
 [253.           0.6954       0.00661818]
 [254.           0.69500005   0.00678233]
 [255.           0.6956       0.00716241]
 [256.           0.6964       0.00736886]
 [257.           0.6966       0.00730068]
 [258.           0.6958       0.00637965]
 [259.           0.6962       0.00597497]
 [260.           0.6964       0.00622898]
 [261.           0.6964       0.00622898]
 [262.           0.696        0.00612374]
 [263.           0.6964       0.00634823]
 [264.           0.6962       0.0060992 ]
 [265.           0.69540006   0.0064653 ]
 [266.           0.6958       0.0066483 ]
 [267.           0.69600004   0.0069642 ]
 [268.           0.6962       0.0070852 ]
 [269.           0.6954       0.0061887 ]
 [270.           0.6954       0.0061887 ]
 [271.           0.6954       0.00634824]
 [272.           0.69519997   0.00605806]
 [273.           0.6944       0.0057706 ]
 [274.           0.6942       0.00496992]
 [275.           0.6948       0.00531038]
 [276.           0.6954       0.00531978]
 [277.           0.69560003   0.0059414 ]
 [278.           0.6962001    0.00593296]
 [279.           0.697        0.00574455]
 [280.           0.6968       0.00637966]
 [281.           0.6966       0.00598328]
 [282.           0.696        0.00612374]
 [283.           0.6958       0.00630081]
 [284.           0.6954       0.00642651]
 [285.           0.6956       0.00669328]
 [286.           0.6952       0.0063008 ]
 [287.           0.69500005   0.00670822]
 [288.           0.6954       0.00642651]
 [289.           0.6958       0.00630081]
 [290.           0.6958       0.00630081]
 [291.           0.69640005   0.0060663 ]
 [292.           0.6962001    0.00593296]
 [293.           0.6962001    0.00593296]
 [294.           0.69640005   0.00630873]
 [295.           0.6966       0.00610738]
 [296.           0.69640005   0.0060663 ]
 [297.           0.6966       0.00634822]
 [298.           0.6962001    0.00563028]
 [299.           0.69560003   0.00517687]
 [300.           0.6954       0.0056833 ]
 [301.           0.6956       0.00527256]
 [302.           0.6958       0.00554078]
 [303.           0.69600004   0.00552269]
 [304.           0.6956       0.00577061]
 [305.           0.6964       0.00572713]
 [306.           0.69659996   0.00589914]
 [307.           0.6964       0.00572713]
 [308.           0.6964       0.00572713]
 [309.           0.69600004   0.00547722]
 [310.           0.6956       0.00581377]
 [311.           0.6956       0.00581377]
 [312.           0.6954       0.0059833 ]
 [313.           0.6958       0.00645755]
 [314.           0.6962       0.00614003]
 [315.           0.6964       0.00658028]
 [316.           0.6964       0.00658028]
 [317.           0.6964       0.00642651]
 [318.           0.69699997   0.00632456]
 [319.           0.697        0.00604151]
 [320.           0.6962001    0.00614004]
 [321.           0.69640005   0.00614819]
 [322.           0.6966       0.00602494]
 [323.           0.6966       0.00594138]
 [324.           0.6968       0.00589069]
 [325.           0.69740003   0.00684106]
 [326.           0.69780004   0.00601663]
 [327.           0.69740003   0.00665583]
 [328.           0.69760007   0.00680442]
 [329.           0.6976       0.00622898]
 [330.           0.6976       0.00622898]
 [331.           0.6972       0.00601665]
 [332.           0.69659996   0.0064653 ]
 [333.           0.6968       0.00645758]
 [334.           0.6972       0.00622093]
 [335.           0.69699997   0.00714143]
 [336.           0.69699997   0.00738242]
 [337.           0.6976       0.0078613 ]
 [338.           0.6980001    0.00667084]
 [339.           0.6976       0.00712743]
 [340.           0.6978       0.00708521]
 [341.           0.6972       0.00732804]
 [342.           0.6986       0.00676756]
 [343.           0.6982       0.00704982]
 [344.           0.698        0.0065192 ]
 [345.           0.69839996   0.00709223]
 [346.           0.6986       0.00716239]
 [347.           0.69839996   0.00702139]
 [348.           0.69799995   0.00663324]
 [349.           0.69839996   0.00554979]
 [350.           0.69799995   0.00509904]
 [351.           0.6976       0.00563915]
 [352.           0.6976       0.00492951]
 [353.           0.69659996   0.00581379]
 [354.           0.69659996   0.0056833 ]
 [355.           0.6972       0.00501995]
 [356.           0.69740003   0.00522494]
 [357.           0.69740003   0.00568329]
 [358.           0.69740003   0.00594138]
 [359.           0.6978       0.00605805]
 [360.           0.698        0.00674539]
 [361.           0.6976       0.00642653]
 [362.           0.69780004   0.00661061]
 [363.           0.6982       0.00694263]
 [364.           0.69799995   0.00620483]
 [365.           0.69820005   0.00637965]
 [366.           0.6978       0.00576194]
 [367.           0.6976       0.00563914]
 [368.           0.6978       0.00576194]
 [369.           0.69740003   0.00650386]
 [370.           0.69740003   0.00650387]
 [371.           0.69740003   0.00650387]
 [372.           0.69740003   0.00684106]
 [373.           0.6976       0.00702141]
 [374.           0.6972       0.00729383]
 [375.           0.69740003   0.00691377]
 [376.           0.69740003   0.00634824]
 [377.           0.69799995   0.00644203]
 [378.           0.6976       0.00723187]
 [379.           0.69740003   0.00691377]
 [380.           0.6978       0.00719028]
 [381.           0.6978       0.00719028]
 [382.           0.6978       0.00719028]
 [383.           0.6978       0.00609918]
 [384.           0.698        0.00612371]
 [385.           0.698        0.00599999]
 [386.           0.69799995   0.00644203]
 [387.           0.6981999    0.00653451]
 [388.           0.69799995   0.0069282 ]
 [389.           0.6981999    0.00719027]
 [390.           0.69839996   0.00665581]
 [391.           0.6984       0.0074364 ]
 [392.           0.69820005   0.00785494]
 [393.           0.69780004   0.00772658]
 [394.           0.69780004   0.00661061]
 [395.           0.6980001    0.00717636]
 [396.           0.6982       0.00759604]
 [397.           0.6982       0.00756307]
 [398.           0.6984       0.0074364 ]
 [399.           0.6984       0.00684107]
 [400.           0.6982       0.00672311]]
Dataset       :Citeseer
Model         :GAT
Conden ratio  :0.5
GC            :1
LearnA        :1
Max Test Accuracy:
0.706
Best Result: Epoch   Acc  Std.
               342 0.6986  0.0068
