Set seed
Model MLP
--------------------------------------------------
The 1th iteration:
--------------------------------------------------
--------------------------------------------------
The 2th iteration:
--------------------------------------------------
--------------------------------------------------
The 3th iteration:
--------------------------------------------------
--------------------------------------------------
The 4th iteration:
--------------------------------------------------
--------------------------------------------------
The 5th iteration:
--------------------------------------------------
[[  1.           0.10640001   0.01238144]
 [  2.           0.10700001   0.01454304]
 [  3.           0.10640001   0.01320227]
 [  4.           0.10420001   0.00601664]
 [  5.           0.1196       0.03253153]
 [  6.           0.1262       0.02700371]
 [  7.           0.1354       0.0286932 ]
 [  8.           0.1238       0.02495396]
 [  9.           0.1148       0.01892617]
 [ 10.           0.1234       0.02192716]
 [ 11.           0.127        0.024     ]
 [ 12.           0.1356       0.02768212]
 [ 13.           0.1464       0.03543021]
 [ 14.           0.149        0.03681711]
 [ 15.           0.15180002   0.03811431]
 [ 16.           0.1584       0.03693644]
 [ 17.           0.17740001   0.05045096]
 [ 18.           0.20320001   0.04898162]
 [ 19.           0.2158       0.03937892]
 [ 20.           0.2246       0.03166703]
 [ 21.           0.229        0.03198437]
 [ 22.           0.2414       0.02254551]
 [ 23.           0.2582       0.01198748]
 [ 24.           0.26260003   0.01470714]
 [ 25.           0.2632       0.01353514]
 [ 26.           0.2638       0.01492314]
 [ 27.           0.2626       0.02310412]
 [ 28.           0.27220002   0.00878635]
 [ 29.           0.2732       0.00852644]
 [ 30.           0.27420002   0.009985  ]
 [ 31.           0.2752       0.00903881]
 [ 32.           0.2792       0.00936483]
 [ 33.           0.28200004   0.01729161]
 [ 34.           0.29220003   0.02485358]
 [ 35.           0.294        0.02263846]
 [ 36.           0.2938       0.02038872]
 [ 37.           0.2974       0.02223285]
 [ 38.           0.3126       0.04853144]
 [ 39.           0.3172       0.05817818]
 [ 40.           0.3162       0.05303018]
 [ 41.           0.3204       0.05066852]
 [ 42.           0.32119998   0.04888967]
 [ 43.           0.321        0.0464489 ]
 [ 44.           0.3256       0.05122792]
 [ 45.           0.3296       0.05556348]
 [ 46.           0.33020002   0.05678643]
 [ 47.           0.33220002   0.05847393]
 [ 48.           0.33100003   0.05833095]
 [ 49.           0.3316       0.05826491]
 [ 50.           0.3314       0.05735242]
 [ 51.           0.33319998   0.05744736]
 [ 52.           0.33240002   0.05812744]
 [ 53.           0.3324       0.05842774]
 [ 54.           0.33260003   0.05882432]
 [ 55.           0.33179998   0.05661007]
 [ 56.           0.3342       0.05112924]
 [ 57.           0.34059998   0.04573074]
 [ 58.           0.34039998   0.04745841]
 [ 59.           0.3368       0.04865902]
 [ 60.           0.339        0.04493328]
 [ 61.           0.3418       0.04396247]
 [ 62.           0.3418       0.04323425]
 [ 63.           0.342        0.04112178]
 [ 64.           0.3454       0.03608739]
 [ 65.           0.3484       0.03485398]
 [ 66.           0.345        0.03541893]
 [ 67.           0.3412       0.0382714 ]
 [ 68.           0.34440002   0.03585806]
 [ 69.           0.3464       0.03707829]
 [ 70.           0.34600002   0.03719544]
 [ 71.           0.34520003   0.03693508]
 [ 72.           0.34800002   0.03613171]
 [ 73.           0.3492       0.03495282]
 [ 74.           0.34660003   0.0365486 ]
 [ 75.           0.3456       0.03573234]
 [ 76.           0.3464       0.03508277]
 [ 77.           0.3454       0.03721292]
 [ 78.           0.3458       0.03795656]
 [ 79.           0.3448       0.0400025 ]
 [ 80.           0.34460002   0.03985348]
 [ 81.           0.3422       0.04131827]
 [ 82.           0.34039998   0.0436841 ]
 [ 83.           0.34160003   0.04491993]
 [ 84.           0.3412       0.04535636]
 [ 85.           0.3418       0.04510764]
 [ 86.           0.3396       0.04430915]
 [ 87.           0.33840004   0.04420181]
 [ 88.           0.33740002   0.0440034 ]
 [ 89.           0.3378       0.04380296]
 [ 90.           0.339        0.04370354]
 [ 91.           0.3398       0.04367722]
 [ 92.           0.33979997   0.04393973]
 [ 93.           0.33940002   0.04361535]
 [ 94.           0.3398       0.04379155]
 [ 95.           0.3404       0.04376414]
 [ 96.           0.34080002   0.04396247]
 [ 97.           0.34         0.04436778]
 [ 98.           0.34040004   0.0443035 ]
 [ 99.           0.3404       0.0439238 ]
 [100.           0.34         0.04317985]
 [101.           0.3412       0.04378013]
 [102.           0.34080002   0.04311263]
 [103.           0.341        0.04281938]
 [104.           0.3424       0.04336243]
 [105.           0.34199998   0.04270246]
 [106.           0.343        0.04263215]
 [107.           0.343        0.04284273]
 [108.           0.342        0.0438805 ]
 [109.           0.342        0.0438805 ]
 [110.           0.34260002   0.04299185]
 [111.           0.3418       0.04341312]
 [112.           0.34180003   0.04471802]
 [113.           0.34260002   0.04376415]
 [114.           0.3422       0.04344191]
 [115.           0.3416       0.04302673]
 [116.           0.342        0.04252646]
 [117.           0.3424       0.04286376]
 [118.           0.3422       0.04231667]
 [119.           0.3434       0.04380983]
 [120.           0.344        0.04357753]
 [121.           0.3448       0.04427414]
 [122.           0.345        0.04451965]
 [123.           0.3458       0.045246  ]
 [124.           0.34660003   0.04547856]
 [125.           0.347        0.04584212]
 [126.           0.3472       0.04593691]
 [127.           0.34640002   0.04751632]
 [128.           0.3472       0.04807494]
 [129.           0.34700003   0.04781215]
 [130.           0.34699997   0.04764976]
 [131.           0.34740004   0.04784665]
 [132.           0.3488       0.04839114]
 [133.           0.3488       0.04738883]
 [134.           0.349        0.04935586]
 [135.           0.34960002   0.04749   ]
 [136.           0.34919998   0.04745208]
 [137.           0.3488       0.04628931]
 [138.           0.35         0.04758151]
 [139.           0.3484       0.04520288]
 [140.           0.35040003   0.0477001 ]
 [141.           0.3472       0.04353964]
 [142.           0.3532       0.04999698]
 [143.           0.34640002   0.04141618]
 [144.           0.35300002   0.05040337]
 [145.           0.3484       0.04333358]
 [146.           0.34880003   0.04380866]
 [147.           0.35300002   0.04919859]
 [148.           0.3472       0.04254057]
 [149.           0.35180002   0.04767283]
 [150.           0.351        0.04679209]
 [151.           0.3482       0.04265209]
 [152.           0.35320002   0.04956512]
 [153.           0.34960002   0.04389532]
 [154.           0.34980002   0.04390558]
 [155.           0.35320002   0.04834976]
 [156.           0.35         0.04375499]
 [157.           0.3516       0.04640366]
 [158.           0.35320002   0.04762562]
 [159.           0.3502       0.04433058]
 [160.           0.35279998   0.04750999]
 [161.           0.352        0.04684015]
 [162.           0.34980002   0.04468445]
 [163.           0.35160002   0.04999799]
 [164.           0.35160002   0.04722076]
 [165.           0.35119998   0.048659  ]
 [166.           0.3534       0.05130107]
 [167.           0.35160002   0.04874729]
 [168.           0.35300002   0.0503984 ]
 [169.           0.3554       0.05227619]
 [170.           0.352        0.04953282]
 [171.           0.3564       0.05313004]
 [172.           0.3562       0.05245188]
 [173.           0.355        0.05115663]
 [174.           0.3564       0.05326632]
 [175.           0.3552       0.05174651]
 [176.           0.3556       0.05199328]
 [177.           0.35639998   0.05356118]
 [178.           0.3548       0.05135854]
 [179.           0.3552       0.05218429]
 [180.           0.35660002   0.0539194 ]
 [181.           0.35560003   0.05270958]
 [182.           0.3562       0.0549336 ]
 [183.           0.356        0.05476312]
 [184.           0.3558       0.05401573]
 [185.           0.3562       0.05520598]
 [186.           0.356        0.05414332]
 [187.           0.35520002   0.0532231 ]
 [188.           0.35619998   0.05451331]
 [189.           0.35600004   0.05309897]
 [190.           0.3554       0.05356583]
 [191.           0.357        0.05438289]
 [192.           0.35520002   0.0525138 ]
 [193.           0.3564       0.05381729]
 [194.           0.35660002   0.0535285 ]
 [195.           0.3552       0.0522848 ]
 [196.           0.357        0.05079861]
 [197.           0.3556       0.05212773]
 [198.           0.3574       0.05054998]
 [199.           0.35760003   0.05301698]
 [200.           0.3564       0.04919655]
 [201.           0.358        0.05298584]
 [202.           0.3582       0.05050446]
 [203.           0.358        0.05258802]
 [204.           0.36060002   0.05268587]
 [205.           0.35880002   0.05331697]
 [206.           0.36139998   0.05330385]
 [207.           0.3586       0.05331323]
 [208.           0.36         0.05392124]
 [209.           0.3596       0.05228097]
 [210.           0.36020002   0.05356025]
 [211.           0.36         0.05291975]
 [212.           0.35999998   0.05337602]
 [213.           0.3598       0.05308674]
 [214.           0.3614       0.05515251]
 [215.           0.35960004   0.05513438]
 [216.           0.3616       0.05474304]
 [217.           0.36040002   0.05559946]
 [218.           0.3624       0.05480238]
 [219.           0.36100003   0.05585697]
 [220.           0.36100003   0.05521774]
 [221.           0.36180001   0.05561655]
 [222.           0.36040002   0.0566242 ]
 [223.           0.36220002   0.05596159]
 [224.           0.361        0.05636044]
 [225.           0.3614       0.05558147]
 [226.           0.3616       0.05598929]
 [227.           0.36020002   0.0559616 ]
 [228.           0.36100003   0.0546443 ]
 [229.           0.3596       0.05577005]
 [230.           0.3612       0.05312909]
 [231.           0.359        0.05376337]
 [232.           0.36060002   0.05556798]
 [233.           0.3592       0.05360224]
 [234.           0.35999998   0.05537598]
 [235.           0.36020002   0.05215074]
 [236.           0.3594       0.05413225]
 [237.           0.36040002   0.05498454]
 [238.           0.3592       0.05342002]
 [239.           0.36040002   0.05520688]
 [240.           0.3596       0.05380798]
 [241.           0.3594       0.05395183]
 [242.           0.35999998   0.05475856]
 [243.           0.35959998   0.05197883]
 [244.           0.36         0.05415256]
 [245.           0.3598       0.0540435 ]
 [246.           0.35880002   0.05298774]
 [247.           0.3596       0.05462874]
 [248.           0.3592       0.05200673]
 [249.           0.3592       0.05460493]
 [250.           0.3592       0.05342938]
 [251.           0.359        0.05336197]
 [252.           0.35999998   0.05425401]
 [253.           0.35840002   0.05279014]
 [254.           0.3592       0.0538117 ]
 [255.           0.35820004   0.05259467]
 [256.           0.3586       0.05298868]
 [257.           0.35880002   0.05357892]
 [258.           0.359        0.05285828]
 [259.           0.3586       0.0537615 ]
 [260.           0.35880002   0.0525138 ]
 [261.           0.3586       0.05418764]
 [262.           0.358        0.05194709]
 [263.           0.3596       0.0548753 ]
 [264.           0.3562       0.05068233]
 [265.           0.3612       0.0558319 ]
 [266.           0.3556       0.05070798]
 [267.           0.3622       0.05609098]
 [268.           0.35500002   0.05047276]
 [269.           0.3606       0.05393328]
 [270.           0.3578       0.0531479 ]
 [271.           0.358        0.05195671]
 [272.           0.359        0.05353037]
 [273.           0.3574       0.05159748]
 [274.           0.36         0.05375408]
 [275.           0.3592       0.05344809]
 [276.           0.3592       0.0530066 ]
 [277.           0.35960004   0.05368707]
 [278.           0.358        0.05189412]
 [279.           0.3608       0.05421439]
 [280.           0.35880002   0.05306317]
 [281.           0.3608       0.05396943]
 [282.           0.35880002   0.05327006]
 [283.           0.35999998   0.05336196]
 [284.           0.35840002   0.05283276]
 [285.           0.35900003   0.05309896]
 [286.           0.35900003   0.05276362]
 [287.           0.35900003   0.05324471]
 [288.           0.358        0.05197114]
 [289.           0.35900003   0.05360038]
 [290.           0.35779998   0.0516643 ]
 [291.           0.3592       0.05379312]
 [292.           0.3578       0.05186715]
 [293.           0.3598       0.05367216]
 [294.           0.35740003   0.05198845]
 [295.           0.35900003   0.05268776]
 [296.           0.358        0.0527589 ]
 [297.           0.358        0.05216799]
 [298.           0.358        0.05316484]
 [299.           0.3574       0.05166526]
 [300.           0.3586       0.05335072]
 [301.           0.3572       0.05172716]
 [302.           0.358        0.05315072]
 [303.           0.3574       0.05234308]
 [304.           0.358        0.0531272 ]
 [305.           0.3568       0.05182374]
 [306.           0.3576       0.05294619]
 [307.           0.357        0.05230679]
 [308.           0.3572       0.05249475]
 [309.           0.3564       0.05105683]
 [310.           0.3582       0.05427889]
 [311.           0.35560003   0.05088517]
 [312.           0.3598       0.0548744 ]
 [313.           0.3544       0.05018265]
 [314.           0.3598       0.05566148]
 [315.           0.35380003   0.04942875]
 [316.           0.35820004   0.05400648]
 [317.           0.3556       0.05110089]
 [318.           0.3562       0.05227524]
 [319.           0.359        0.05390733]
 [320.           0.35300002   0.04916807]
 [321.           0.36020002   0.05532812]
 [322.           0.35419998   0.04996198]
 [323.           0.35840002   0.0540583 ]
 [324.           0.3562       0.05145579]
 [325.           0.3562       0.05189605]
 [326.           0.3584       0.05365911]
 [327.           0.3542       0.04996197]
 [328.           0.3598       0.05557606]
 [329.           0.3544       0.0514033 ]
 [330.           0.35999998   0.05273994]
 [331.           0.3556       0.05242899]
 [332.           0.3578       0.05194901]
 [333.           0.3576       0.05316296]
 [334.           0.35520002   0.05109989]
 [335.           0.358        0.05321184]
 [336.           0.355        0.05136635]
 [337.           0.3584       0.0536358 ]
 [338.           0.3558       0.05201155]
 [339.           0.35740003   0.05259088]
 [340.           0.35680002   0.05247094]
 [341.           0.3562       0.05180926]
 [342.           0.3582       0.05363953]
 [343.           0.3558       0.05171266]
 [344.           0.3586       0.05366377]
 [345.           0.35540003   0.05134978]
 [346.           0.35880002   0.05384885]
 [347.           0.3556       0.05160716]
 [348.           0.358        0.05420792]
 [349.           0.35680002   0.05040537]
 [350.           0.3574       0.05395183]
 [351.           0.3578       0.05088909]
 [352.           0.35680002   0.05310084]
 [353.           0.35740003   0.05256709]
 [354.           0.3568       0.0525138 ]
 [355.           0.35660002   0.05310178]
 [356.           0.35660002   0.05077203]
 [357.           0.3576       0.0544316 ]
 [358.           0.3558       0.05122205]
 [359.           0.35880002   0.05441691]
 [360.           0.35520002   0.0517465 ]
 [361.           0.3586       0.05441323]
 [362.           0.35500002   0.05158488]
 [363.           0.3594       0.05534257]
 [364.           0.3554       0.05078189]
 [365.           0.3586       0.05495725]
 [366.           0.35660002   0.05210375]
 [367.           0.358        0.05547974]
 [368.           0.3572       0.05250429]
 [369.           0.3586       0.05456006]
 [370.           0.3574       0.05270484]
 [371.           0.35860002   0.05324283]
 [372.           0.35680002   0.05363953]
 [373.           0.35540003   0.04970211]
 [374.           0.35880002   0.05577364]
 [375.           0.3522       0.04893057]
 [376.           0.3612       0.05719877]
 [377.           0.3512       0.04930719]
 [378.           0.36060002   0.05616761]
 [379.           0.3544       0.05093428]
 [380.           0.35600004   0.05137606]
 [381.           0.3582       0.05444906]
 [382.           0.35340002   0.04932341]
 [383.           0.358        0.05395832]
 [384.           0.35680002   0.05215073]
 [385.           0.3558       0.05135367]
 [386.           0.35840002   0.05396571]
 [387.           0.35500002   0.05080353]
 [388.           0.3578       0.05332636]
 [389.           0.3574       0.05352383]
 [390.           0.3562       0.05172233]
 [391.           0.35840002   0.05406293]
 [392.           0.3562       0.05189605]
 [393.           0.35740003   0.05295092]
 [394.           0.35840002   0.05437187]
 [395.           0.3558       0.05099216]
 [396.           0.35860002   0.05464248]
 [397.           0.357        0.05197596]
 [398.           0.357        0.05315074]
 [399.           0.359        0.0543737 ]
 [400.           0.3564       0.05209893]]
Dataset       :Computers
Model         :MLP
Conden ratio  :0.25
GC            :5
LearnA        :0
Max Test Accuracy:
0.425
Best Result: Epoch   Acc  Std.
               218 0.3624  0.0548
