Set seed
Model Cheby
--------------------------------------------------
The 1th iteration:
--------------------------------------------------
--------------------------------------------------
The 2th iteration:
--------------------------------------------------
--------------------------------------------------
The 3th iteration:
--------------------------------------------------
--------------------------------------------------
The 4th iteration:
--------------------------------------------------
--------------------------------------------------
The 5th iteration:
--------------------------------------------------
[[  1.           0.11420001   0.041913  ]
 [  2.           0.097        0.04702659]
 [  3.           0.105        0.02684213]
 [  4.           0.11500001   0.03394849]
 [  5.           0.10640001   0.01665233]
 [  6.           0.1086       0.01700882]
 [  7.           0.1286       0.02684772]
 [  8.           0.12460001   0.03861088]
 [  9.           0.1358       0.03267568]
 [ 10.           0.1274       0.03514684]
 [ 11.           0.1202       0.01990478]
 [ 12.           0.1268       0.03262974]
 [ 13.           0.1244       0.02563787]
 [ 14.           0.12920001   0.02450918]
 [ 15.           0.138        0.02371708]
 [ 16.           0.1438       0.02803034]
 [ 17.           0.14260001   0.02864088]
 [ 18.           0.14680001   0.03122819]
 [ 19.           0.1454       0.02548136]
 [ 20.           0.1476       0.03002166]
 [ 21.           0.152        0.04815081]
 [ 22.           0.1628       0.05900594]
 [ 23.           0.1734       0.05803706]
 [ 24.           0.17760001   0.05805428]
 [ 25.           0.18660001   0.06616873]
 [ 26.           0.1904       0.0658392 ]
 [ 27.           0.1892       0.0583198 ]
 [ 28.           0.19         0.053     ]
 [ 29.           0.20220001   0.05530551]
 [ 30.           0.20960002   0.05736113]
 [ 31.           0.2126       0.05904489]
 [ 32.           0.20780002   0.05721626]
 [ 33.           0.199        0.04731278]
 [ 34.           0.205        0.0498999 ]
 [ 35.           0.2132       0.05187197]
 [ 36.           0.2228       0.05263744]
 [ 37.           0.2244       0.04855204]
 [ 38.           0.2218       0.05205478]
 [ 39.           0.21820001   0.04880779]
 [ 40.           0.2184       0.039985  ]
 [ 41.           0.2148       0.03819293]
 [ 42.           0.21300001   0.03239599]
 [ 43.           0.2178       0.0328131 ]
 [ 44.           0.21820001   0.03210451]
 [ 45.           0.2066       0.03543727]
 [ 46.           0.1962       0.03918163]
 [ 47.           0.1948       0.04012107]
 [ 48.           0.2          0.03477787]
 [ 49.           0.2034       0.03270015]
 [ 50.           0.2036       0.03341107]
 [ 51.           0.20500003   0.03695267]
 [ 52.           0.2046       0.03274599]
 [ 53.           0.20920001   0.01966469]
 [ 54.           0.2192       0.0212297 ]
 [ 55.           0.2278       0.02931211]
 [ 56.           0.2264       0.02779029]
 [ 57.           0.22680001   0.02472246]
 [ 58.           0.23140001   0.02512568]
 [ 59.           0.2316       0.02655748]
 [ 60.           0.2264       0.02518532]
 [ 61.           0.22060001   0.0204646 ]
 [ 62.           0.22340003   0.02124382]
 [ 63.           0.22880001   0.02368966]
 [ 64.           0.2296       0.02731849]
 [ 65.           0.2282       0.02945675]
 [ 66.           0.2304       0.02877151]
 [ 67.           0.235        0.02874891]
 [ 68.           0.23660003   0.0293394 ]
 [ 69.           0.23580001   0.02906372]
 [ 70.           0.23840001   0.02988813]
 [ 71.           0.2392       0.02982784]
 [ 72.           0.23959999   0.03274599]
 [ 73.           0.2378       0.03060556]
 [ 74.           0.2388       0.02866531]
 [ 75.           0.2388       0.02930358]
 [ 76.           0.23779999   0.02890847]
 [ 77.           0.2346       0.02663268]
 [ 78.           0.23700002   0.02721213]
 [ 79.           0.23660003   0.02785318]
 [ 80.           0.2376       0.02595766]
 [ 81.           0.2388       0.02440697]
 [ 82.           0.2398       0.027133  ]
 [ 83.           0.24320002   0.028735  ]
 [ 84.           0.24099998   0.02614383]
 [ 85.           0.2418       0.02253219]
 [ 86.           0.24920002   0.01448102]
 [ 87.           0.24699998   0.01070046]
 [ 88.           0.252        0.01189538]
 [ 89.           0.24800001   0.00897218]
 [ 90.           0.2418       0.02158008]
 [ 91.           0.2398       0.02438647]
 [ 92.           0.24080001   0.01781011]
 [ 93.           0.24080001   0.01602186]
 [ 94.           0.23699999   0.01996247]
 [ 95.           0.2376       0.02524481]
 [ 96.           0.2386       0.01979394]
 [ 97.           0.2376       0.01730029]
 [ 98.           0.2354       0.02821879]
 [ 99.           0.23239999   0.02966142]
 [100.           0.23340002   0.03314061]
 [101.           0.23200002   0.02845171]
 [102.           0.23099999   0.03400736]
 [103.           0.2296       0.03559916]
 [104.           0.229        0.03660601]
 [105.           0.229        0.03791438]
 [106.           0.22860001   0.03861735]
 [107.           0.2282       0.04377442]
 [108.           0.224        0.04088398]
 [109.           0.227        0.04364057]
 [110.           0.22480002   0.03987732]
 [111.           0.227        0.04377214]
 [112.           0.22379999   0.04197261]
 [113.           0.229        0.04609772]
 [114.           0.22520001   0.04244643]
 [115.           0.228        0.04374357]
 [116.           0.22860003   0.04623635]
 [117.           0.2278       0.0438429 ]
 [118.           0.229        0.0436062 ]
 [119.           0.22839999   0.04573073]
 [120.           0.227        0.04396021]
 [121.           0.22940002   0.04579083]
 [122.           0.22860001   0.04224689]
 [123.           0.2314       0.04581812]
 [124.           0.23         0.04696275]
 [125.           0.2296       0.04479732]
 [126.           0.2316       0.04683269]
 [127.           0.2306       0.04390103]
 [128.           0.2316       0.04775249]
 [129.           0.23119998   0.04609989]
 [130.           0.23140001   0.04722605]
 [131.           0.2332       0.04753104]
 [132.           0.2306       0.04756363]
 [133.           0.23340002   0.04721546]
 [134.           0.23099999   0.04681345]
 [135.           0.2336       0.04799791]
 [136.           0.2332       0.0486847 ]
 [137.           0.23480001   0.04831873]
 [138.           0.233        0.04881085]
 [139.           0.2372       0.04901224]
 [140.           0.23380001   0.04964071]
 [141.           0.2392       0.04966085]
 [142.           0.23380001   0.04924124]
 [143.           0.2386       0.04847989]
 [144.           0.235        0.05057668]
 [145.           0.2392       0.04859218]
 [146.           0.23579998   0.05014678]
 [147.           0.2392       0.04914468]
 [148.           0.23480001   0.0485304 ]
 [149.           0.2388       0.04923616]
 [150.           0.23520003   0.04840661]
 [151.           0.2342       0.04926662]
 [152.           0.23840001   0.04800834]
 [153.           0.23120001   0.04633249]
 [154.           0.2376       0.04696062]
 [155.           0.23239999   0.04688603]
 [156.           0.2342       0.04812172]
 [157.           0.23660003   0.04881906]
 [158.           0.23119998   0.04693826]
 [159.           0.2342       0.04774621]
 [160.           0.2304       0.04708821]
 [161.           0.23400001   0.04802604]
 [162.           0.23340002   0.04793538]
 [163.           0.233        0.04836838]
 [164.           0.2346       0.04731067]
 [165.           0.232        0.04766026]
 [166.           0.23600002   0.04925952]
 [167.           0.23220001   0.04775144]
 [168.           0.2372       0.04882315]
 [169.           0.233        0.04794789]
 [170.           0.23699999   0.049684  ]
 [171.           0.2346       0.04863435]
 [172.           0.2354       0.04871653]
 [173.           0.23740001   0.05068333]
 [174.           0.23340002   0.04760567]
 [175.           0.2382       0.05160136]
 [176.           0.23379998   0.04752578]
 [177.           0.2402       0.05378383]
 [178.           0.23179999   0.04652634]
 [179.           0.2398       0.05504271]
 [180.           0.233        0.04997499]
 [181.           0.23840001   0.05159749]
 [182.           0.2376       0.05276173]
 [183.           0.23539999   0.04964171]
 [184.           0.23840001   0.05581488]
 [185.           0.233        0.05038353]
 [186.           0.24039999   0.05720839]
 [187.           0.2316       0.05179575]
 [188.           0.2414       0.05671684]
 [189.           0.23580001   0.05722937]
 [190.           0.2362       0.05283654]
 [191.           0.239        0.06088514]
 [192.           0.235        0.05278731]
 [193.           0.23840001   0.05890077]
 [194.           0.23839998   0.05548242]
 [195.           0.2366       0.05553197]
 [196.           0.23800002   0.05574495]
 [197.           0.2362       0.05414518]
 [198.           0.24060002   0.05667716]
 [199.           0.23720002   0.05463699]
 [200.           0.2392       0.0557871 ]
 [201.           0.2362       0.05432494]
 [202.           0.23860002   0.05464705]
 [203.           0.23800002   0.05512713]
 [204.           0.2398       0.05669832]
 [205.           0.2362       0.05430194]
 [206.           0.24080001   0.05800173]
 [207.           0.23800002   0.05552026]
 [208.           0.2388       0.05627788]
 [209.           0.23740001   0.05564891]
 [210.           0.2382       0.05579158]
 [211.           0.239        0.05659948]
 [212.           0.2366       0.05420609]
 [213.           0.24         0.05723199]
 [214.           0.2364       0.05335541]
 [215.           0.24099998   0.05864725]
 [216.           0.2388       0.05594372]
 [217.           0.2368       0.05477865]
 [218.           0.24080001   0.05602856]
 [219.           0.23860002   0.05725644]
 [220.           0.24099998   0.0551498 ]
 [221.           0.2388       0.05766021]
 [222.           0.239        0.05354904]
 [223.           0.2402       0.05550405]
 [224.           0.2388       0.05699737]
 [225.           0.24099998   0.05443804]
 [226.           0.2378       0.0562201 ]
 [227.           0.2418       0.05775552]
 [228.           0.23940001   0.05489809]
 [229.           0.23959999   0.05645617]
 [230.           0.2412       0.05514708]
 [231.           0.23740001   0.05626544]
 [232.           0.2414       0.05762205]
 [233.           0.23959999   0.05592674]
 [234.           0.2372       0.05544547]
 [235.           0.24060002   0.057287  ]
 [236.           0.23840001   0.0577737 ]
 [237.           0.2418       0.05520146]
 [238.           0.2378       0.05645086]
 [239.           0.2402       0.05538683]
 [240.           0.2368       0.05593031]
 [241.           0.2402       0.05596159]
 [242.           0.23959999   0.05849188]
 [243.           0.23800002   0.05618719]
 [244.           0.2422       0.0584611 ]
 [245.           0.23700002   0.05552027]
 [246.           0.23980002   0.05746042]
 [247.           0.2382       0.05747782]
 [248.           0.2382       0.05550405]
 [249.           0.23860002   0.05650929]
 [250.           0.2386       0.05741341]
 [251.           0.23940001   0.05803706]
 [252.           0.23959999   0.05763939]
 [253.           0.23979998   0.05869156]
 [254.           0.23940001   0.05688409]
 [255.           0.23959999   0.05932369]
 [256.           0.24080001   0.05656589]
 [257.           0.2388       0.05965065]
 [258.           0.23959999   0.0563498 ]
 [259.           0.2392       0.05939865]
 [260.           0.23839998   0.05748739]
 [261.           0.23840001   0.05873075]
 [262.           0.2392       0.05996832]
 [263.           0.2368       0.05637997]
 [264.           0.23900001   0.05943483]
 [265.           0.23839998   0.05636311]
 [266.           0.23959999   0.06002749]
 [267.           0.2382       0.05608654]
 [268.           0.23660003   0.05896864]
 [269.           0.24000001   0.05702193]
 [270.           0.2368       0.05858924]
 [271.           0.23940001   0.05923935]
 [272.           0.2376       0.05760903]
 [273.           0.23699999   0.05902965]
 [274.           0.2376       0.05750913]
 [275.           0.23740001   0.05810164]
 [276.           0.2368       0.05692714]
 [277.           0.23839998   0.05984396]
 [278.           0.23600002   0.05667451]
 [279.           0.23840001   0.059576  ]
 [280.           0.23740001   0.05718654]
 [281.           0.235        0.05756301]
 [282.           0.23900001   0.06036555]
 [283.           0.23580001   0.05398796]
 [284.           0.23580001   0.06028017]
 [285.           0.2352       0.05836266]
 [286.           0.2388       0.05800603]
 [287.           0.23740001   0.05860291]
 [288.           0.24060002   0.05793358]
 [289.           0.2354       0.06191365]
 [290.           0.23699999   0.05795256]
 [291.           0.23800002   0.06053924]
 [292.           0.2376       0.0568709 ]
 [293.           0.2388       0.06063579]
 [294.           0.23740001   0.05618096]
 [295.           0.2404       0.05944997]
 [296.           0.2364       0.05743954]
 [297.           0.2398       0.05870008]
 [298.           0.23640001   0.06083831]
 [299.           0.23860002   0.05647832]
 [300.           0.2376       0.0599358 ]
 [301.           0.23800002   0.05663479]
 [302.           0.2402       0.05947857]
 [303.           0.23660003   0.05732625]
 [304.           0.2422       0.05778581]
 [305.           0.23700002   0.05938435]
 [306.           0.23840003   0.05717779]
 [307.           0.2412       0.05914136]
 [308.           0.2354       0.05786017]
 [309.           0.2422       0.05813519]
 [310.           0.2368       0.0592174 ]
 [311.           0.23740001   0.05684013]
 [312.           0.23860002   0.05764807]
 [313.           0.22840002   0.06287925]
 [314.           0.23779999   0.05742125]
 [315.           0.23800002   0.05859608]
 [316.           0.2362       0.05663214]
 [317.           0.24099998   0.05744128]
 [318.           0.22880001   0.06049545]
 [319.           0.24080001   0.05776418]
 [320.           0.2388       0.05683485]
 [321.           0.2326       0.05789474]
 [322.           0.2388       0.05719877]
 [323.           0.23860002   0.0566948 ]
 [324.           0.23660003   0.05955922]
 [325.           0.2368       0.05545448]
 [326.           0.23699999   0.05891095]
 [327.           0.2362       0.05621121]
 [328.           0.23959999   0.05831209]
 [329.           0.23439999   0.05724771]
 [330.           0.23840001   0.05670802]
 [331.           0.23840001   0.05713405]
 [332.           0.23599999   0.05618274]
 [333.           0.23699999   0.05551126]
 [334.           0.2354       0.05381264]
 [335.           0.2356       0.0579681 ]
 [336.           0.23799999   0.05591065]
 [337.           0.2346       0.05650043]
 [338.           0.2378       0.05695787]
 [339.           0.23740001   0.05545539]
 [340.           0.2362       0.05690957]
 [341.           0.2376       0.05488897]
 [342.           0.23380001   0.05424205]
 [343.           0.2378       0.05777283]
 [344.           0.23400001   0.05478595]
 [345.           0.2342       0.05486073]
 [346.           0.23800002   0.05676707]
 [347.           0.2326       0.05247666]
 [348.           0.24200001   0.06025777]
 [349.           0.2388       0.05459579]
 [350.           0.23020001   0.05423745]
 [351.           0.24080001   0.05785499]
 [352.           0.2328       0.05558058]
 [353.           0.2368       0.05476951]
 [354.           0.2368       0.05569291]
 [355.           0.23340002   0.05366842]
 [356.           0.24000001   0.05818934]
 [357.           0.23740001   0.05559047]
 [358.           0.2356       0.05484798]
 [359.           0.23740001   0.05792064]
 [360.           0.23640001   0.0544362 ]
 [361.           0.24000001   0.05990409]
 [362.           0.2376       0.05506632]
 [363.           0.2352       0.05519692]
 [364.           0.23980002   0.0585423 ]
 [365.           0.23520003   0.05491539]
 [366.           0.23940001   0.05792495]
 [367.           0.2354       0.05512077]
 [368.           0.23800002   0.05643137]
 [369.           0.2376       0.05705086]
 [370.           0.23640001   0.05557247]
 [371.           0.2376       0.05823487]
 [372.           0.23800002   0.05668774]
 [373.           0.2388       0.0571113 ]
 [374.           0.23959999   0.05921402]
 [375.           0.2372       0.0542697 ]
 [376.           0.23840001   0.06005664]
 [377.           0.23699999   0.05407865]
 [378.           0.23860002   0.05852607]
 [379.           0.2378       0.05611328]
 [380.           0.23780003   0.05661448]
 [381.           0.2382       0.0586319 ]
 [382.           0.23700002   0.05656854]
 [383.           0.23800002   0.05855339]
 [384.           0.23800002   0.05632051]
 [385.           0.23940001   0.05888379]
 [386.           0.2376       0.05558597]
 [387.           0.23800002   0.05890671]
 [388.           0.23640001   0.05605622]
 [389.           0.24060002   0.05947101]
 [390.           0.23740001   0.05724334]
 [391.           0.2392       0.05837551]
 [392.           0.24039999   0.05960117]
 [393.           0.2362       0.05526029]
 [394.           0.24120001   0.06141416]
 [395.           0.2382       0.0565261 ]
 [396.           0.2386       0.05828208]
 [397.           0.24100001   0.0591777 ]
 [398.           0.2354       0.0557611 ]
 [399.           0.23920003   0.05890416]
 [400.           0.24180003   0.05906945]]
Dataset       :Computers
Model         :Cheby
Conden ratio  :0.5
GC            :2
LearnA        :1
Max Test Accuracy:
0.297
Best Result: Epoch   Acc  Std.
               88 0.2520  0.0119
