Set seed
Model GAT
--------------------------------------------------
The 1th iteration:
--------------------------------------------------
--------------------------------------------------
The 2th iteration:
--------------------------------------------------
--------------------------------------------------
The 3th iteration:
--------------------------------------------------
--------------------------------------------------
The 4th iteration:
--------------------------------------------------
--------------------------------------------------
The 5th iteration:
--------------------------------------------------
[[  1.           0.0996       0.00151658]
 [  2.           0.09980001   0.00044721]
 [  3.           0.10039999   0.00089443]
 [  4.           0.10039999   0.00089443]
 [  5.           0.1002       0.00044721]
 [  6.           0.1002       0.00044721]
 [  7.           0.1066       0.01475805]
 [  8.           0.1          0.        ]
 [  9.           0.11620001   0.03735238]
 [ 10.           0.10160001   0.00357771]
 [ 11.           0.12520002   0.04088032]
 [ 12.           0.09940001   0.00151658]
 [ 13.           0.11700001   0.0232809 ]
 [ 14.           0.1194       0.04010985]
 [ 15.           0.1012       0.00389872]
 [ 16.           0.11700001   0.04082891]
 [ 17.           0.15100001   0.04738671]
 [ 18.           0.1002       0.00109544]
 [ 19.           0.127        0.04280187]
 [ 20.           0.1324       0.05219962]
 [ 21.           0.126        0.03974921]
 [ 22.           0.11619999   0.02961756]
 [ 23.           0.1214       0.03619807]
 [ 24.           0.113        0.02851316]
 [ 25.           0.13200001   0.07099648]
 [ 26.           0.1586       0.05883706]
 [ 27.           0.16700001   0.06392965]
 [ 28.           0.1058       0.01241773]
 [ 29.           0.1426       0.05910838]
 [ 30.           0.171        0.06989636]
 [ 31.           0.1222       0.0490836 ]
 [ 32.           0.1212       0.03680625]
 [ 33.           0.1384       0.04472471]
 [ 34.           0.15460001   0.04998299]
 [ 35.           0.1148       0.0314436 ]
 [ 36.           0.1578       0.08324782]
 [ 37.           0.1418       0.07373399]
 [ 38.           0.13280001   0.05014678]
 [ 39.           0.1086       0.01472413]
 [ 40.           0.1432       0.05732975]
 [ 41.           0.1382       0.04725146]
 [ 42.           0.11619999   0.03511695]
 [ 43.           0.1406       0.05482518]
 [ 44.           0.14260001   0.04329319]
 [ 45.           0.13020001   0.04201429]
 [ 46.           0.1176       0.03118974]
 [ 47.           0.1306       0.0286496 ]
 [ 48.           0.15339999   0.05692802]
 [ 49.           0.12019999   0.03873887]
 [ 50.           0.1326       0.04138599]
 [ 51.           0.15         0.04737088]
 [ 52.           0.13020001   0.03663605]
 [ 53.           0.129        0.04373786]
 [ 54.           0.1482       0.04674077]
 [ 55.           0.1506       0.04885489]
 [ 56.           0.1386       0.04751632]
 [ 57.           0.15680002   0.05397407]
 [ 58.           0.153        0.05023943]
 [ 59.           0.1408       0.05239466]
 [ 60.           0.149        0.04665833]
 [ 61.           0.1566       0.05254332]
 [ 62.           0.1454       0.04843346]
 [ 63.           0.1464       0.04858292]
 [ 64.           0.155        0.051     ]
 [ 65.           0.1564       0.05288005]
 [ 66.           0.15320002   0.05769489]
 [ 67.           0.15840001   0.06484443]
 [ 68.           0.1524       0.04908462]
 [ 69.           0.14960001   0.05081634]
 [ 70.           0.1538       0.07002999]
 [ 71.           0.1632       0.06676226]
 [ 72.           0.16040002   0.06538577]
 [ 73.           0.1496       0.05963472]
 [ 74.           0.16919999   0.06675103]
 [ 75.           0.17379999   0.07111047]
 [ 76.           0.1562       0.06760695]
 [ 77.           0.1596       0.06203466]
 [ 78.           0.16659999   0.06495999]
 [ 79.           0.17580001   0.07393375]
 [ 80.           0.1648       0.07164636]
 [ 81.           0.1632       0.0664018 ]
 [ 82.           0.1638       0.06205401]
 [ 83.           0.1688       0.06641686]
 [ 84.           0.1646       0.08280278]
 [ 85.           0.16960001   0.06812709]
 [ 86.           0.1678       0.06803454]
 [ 87.           0.15460001   0.06568714]
 [ 88.           0.1672       0.06927986]
 [ 89.           0.17779998   0.0751412 ]
 [ 90.           0.16780001   0.06937002]
 [ 91.           0.1596       0.06297062]
 [ 92.           0.16220002   0.06329454]
 [ 93.           0.17         0.06919898]
 [ 94.           0.18640001   0.08528951]
 [ 95.           0.1516       0.0723139 ]
 [ 96.           0.1624       0.06393982]
 [ 97.           0.1674       0.06529012]
 [ 98.           0.1656       0.08257905]
 [ 99.           0.17400001   0.08199695]
 [100.           0.1688       0.06644321]
 [101.           0.1628       0.06401328]
 [102.           0.1494       0.06931666]
 [103.           0.1844       0.08311618]
 [104.           0.17999999   0.07695128]
 [105.           0.1528       0.06890356]
 [106.           0.17220001   0.07597829]
 [107.           0.1758       0.07182061]
 [108.           0.15660001   0.0675707 ]
 [109.           0.169        0.07151224]
 [110.           0.1826       0.08046303]
 [111.           0.1796       0.08208715]
 [112.           0.1584       0.07256238]
 [113.           0.16540001   0.06541254]
 [114.           0.17300001   0.06945502]
 [115.           0.1664       0.09031776]
 [116.           0.1782       0.07817416]
 [117.           0.17300001   0.07052658]
 [118.           0.1524       0.07005925]
 [119.           0.176        0.07958957]
 [120.           0.1772       0.08591682]
 [121.           0.15179999   0.07156256]
 [122.           0.16180001   0.07404188]
 [123.           0.17119999   0.08210177]
 [124.           0.1624       0.08101111]
 [125.           0.16540001   0.08494586]
 [126.           0.1708       0.08735389]
 [127.           0.1628       0.08245423]
 [128.           0.15480001   0.06725474]
 [129.           0.1682       0.08711603]
 [130.           0.17160001   0.09509365]
 [131.           0.1642       0.08181198]
 [132.           0.15619999   0.07299452]
 [133.           0.1682       0.08473606]
 [134.           0.1708       0.09803418]
 [135.           0.1696       0.08647717]
 [136.           0.16260001   0.07656893]
 [137.           0.1628       0.08543828]
 [138.           0.16540001   0.08007997]
 [139.           0.1724       0.09872842]
 [140.           0.15820001   0.08098271]
 [141.           0.15699999   0.06958448]
 [142.           0.165        0.08470537]
 [143.           0.171        0.108775  ]
 [144.           0.1552       0.07819015]
 [145.           0.14600001   0.06305157]
 [146.           0.1552       0.07501133]
 [147.           0.1724       0.10507283]
 [148.           0.1544       0.08694423]
 [149.           0.14660001   0.06451976]
 [150.           0.1542       0.06906664]
 [151.           0.1524       0.10447152]
 [152.           0.1544       0.09625124]
 [153.           0.15460001   0.06750037]
 [154.           0.1454       0.06020631]
 [155.           0.1524       0.08834761]
 [156.           0.165        0.09558243]
 [157.           0.166        0.08572339]
 [158.           0.14299999   0.06450582]
 [159.           0.15540002   0.08393331]
 [160.           0.1612       0.09120142]
 [161.           0.16000001   0.07824321]
 [162.           0.1524       0.07324821]
 [163.           0.15220001   0.07974146]
 [164.           0.16540001   0.07951604]
 [165.           0.156        0.07926854]
 [166.           0.1646       0.08669372]
 [167.           0.163        0.07995937]
 [168.           0.1594       0.07320383]
 [169.           0.155        0.07199305]
 [170.           0.1594       0.09490152]
 [171.           0.171        0.08627283]
 [172.           0.14780001   0.06082105]
 [173.           0.16600001   0.08540785]
 [174.           0.16700001   0.10282996]
 [175.           0.1494       0.06078487]
 [176.           0.1718       0.08081584]
 [177.           0.1556       0.08557627]
 [178.           0.1614       0.07483181]
 [179.           0.156        0.08050156]
 [180.           0.17080002   0.09006498]
 [181.           0.17060001   0.08719116]
 [182.           0.15939999   0.09281056]
 [183.           0.1698       0.08465932]
 [184.           0.16759999   0.08140209]
 [185.           0.1562       0.09016208]
 [186.           0.16559999   0.08604825]
 [187.           0.181        0.08836289]
 [188.           0.1584       0.09674864]
 [189.           0.159        0.08737276]
 [190.           0.1714       0.08347335]
 [191.           0.1548       0.1027166 ]
 [192.           0.156        0.08638287]
 [193.           0.16080001   0.07136315]
 [194.           0.1566       0.09606144]
 [195.           0.17060001   0.09980882]
 [196.           0.153        0.07182966]
 [197.           0.1348       0.0631324 ]
 [198.           0.1658       0.10436811]
 [199.           0.183        0.10174233]
 [200.           0.14660001   0.04773154]
 [201.           0.13599999   0.04658863]
 [202.           0.1774       0.0982741 ]
 [203.           0.17040001   0.10136469]
 [204.           0.11979999   0.02850789]
 [205.           0.15820001   0.05878946]
 [206.           0.185        0.0994183 ]
 [207.           0.1674       0.10397499]
 [208.           0.1432       0.03982085]
 [209.           0.1578       0.05278447]
 [210.           0.15840001   0.10820028]
 [211.           0.17760001   0.10496809]
 [212.           0.17480001   0.07053509]
 [213.           0.142        0.0489949 ]
 [214.           0.16440001   0.07608745]
 [215.           0.1918       0.10356737]
 [216.           0.15820001   0.09882662]
 [217.           0.1508       0.06261549]
 [218.           0.16080001   0.0572512 ]
 [219.           0.16199999   0.09558505]
 [220.           0.17619999   0.09963534]
 [221.           0.1768       0.07732205]
 [222.           0.1434       0.06348465]
 [223.           0.15820001   0.08054316]
 [224.           0.181        0.09912366]
 [225.           0.17639999   0.09609527]
 [226.           0.1502       0.07247552]
 [227.           0.1648       0.08179059]
 [228.           0.1674       0.07887205]
 [229.           0.1614       0.08613826]
 [230.           0.1698       0.07783444]
 [231.           0.1722       0.07823171]
 [232.           0.1536       0.07524826]
 [233.           0.162        0.08473783]
 [234.           0.165        0.07736602]
 [235.           0.16199999   0.07735309]
 [236.           0.1556       0.07961344]
 [237.           0.1598       0.08124777]
 [238.           0.1666       0.0724624 ]
 [239.           0.1526       0.07821956]
 [240.           0.1488       0.08178448]
 [241.           0.1662       0.06813369]
 [242.           0.15720001   0.08858724]
 [243.           0.1464       0.07444998]
 [244.           0.161        0.06930368]
 [245.           0.1492       0.07717966]
 [246.           0.1456       0.07164007]
 [247.           0.1524       0.07255549]
 [248.           0.16         0.08720952]
 [249.           0.15120001   0.07701103]
 [250.           0.1368       0.07345543]
 [251.           0.1566       0.08013925]
 [252.           0.15799999   0.08411599]
 [253.           0.14039999   0.0657442 ]
 [254.           0.15020001   0.06506305]
 [255.           0.1528       0.08239356]
 [256.           0.1374       0.07500533]
 [257.           0.13900001   0.05028917]
 [258.           0.161        0.08167925]
 [259.           0.14960001   0.07858944]
 [260.           0.1446       0.05742647]
 [261.           0.141        0.05780139]
 [262.           0.1462       0.08056489]
 [263.           0.14840001   0.0711147 ]
 [264.           0.1446       0.05441323]
 [265.           0.13880001   0.05281761]
 [266.           0.16180001   0.09497736]
 [267.           0.15640001   0.08513988]
 [268.           0.13740002   0.04715719]
 [269.           0.1648       0.07752871]
 [270.           0.1624       0.09518824]
 [271.           0.1504       0.07188045]
 [272.           0.14119999   0.0492717 ]
 [273.           0.15220001   0.06645449]
 [274.           0.16900001   0.10023472]
 [275.           0.1612       0.07523762]
 [276.           0.148        0.05077893]
 [277.           0.1576       0.08656385]
 [278.           0.1676       0.07691749]
 [279.           0.14260001   0.05021752]
 [280.           0.15100001   0.05053217]
 [281.           0.17300001   0.0926256 ]
 [282.           0.14919999   0.07901392]
 [283.           0.16199999   0.06156703]
 [284.           0.14860001   0.06333877]
 [285.           0.16860001   0.08167191]
 [286.           0.1592       0.0642783 ]
 [287.           0.1506       0.0623081 ]
 [288.           0.1578       0.0671878 ]
 [289.           0.1586       0.08210847]
 [290.           0.15680002   0.06487835]
 [291.           0.1452       0.06492073]
 [292.           0.15699999   0.077907  ]
 [293.           0.1416       0.06572899]
 [294.           0.1552       0.06846678]
 [295.           0.17300001   0.0725362 ]
 [296.           0.13780001   0.06625858]
 [297.           0.156        0.06118415]
 [298.           0.17819999   0.08424488]
 [299.           0.1484       0.07177953]
 [300.           0.14140001   0.0583421 ]
 [301.           0.1368       0.06280684]
 [302.           0.16659999   0.07942166]
 [303.           0.1426       0.06467457]
 [304.           0.12780002   0.0501717 ]
 [305.           0.1748       0.08791303]
 [306.           0.1428       0.07026165]
 [307.           0.13700001   0.05269725]
 [308.           0.13880001   0.06553777]
 [309.           0.15720001   0.08272062]
 [310.           0.1402       0.05992662]
 [311.           0.13139999   0.04875243]
 [312.           0.1638       0.08328686]
 [313.           0.15720001   0.07553278]
 [314.           0.13440001   0.05637641]
 [315.           0.1454       0.04733709]
 [316.           0.15579998   0.07278873]
 [317.           0.1384       0.08146656]
 [318.           0.1358       0.04672473]
 [319.           0.155        0.05845511]
 [320.           0.14119999   0.08238142]
 [321.           0.159        0.07360027]
 [322.           0.1456       0.04777342]
 [323.           0.13960001   0.07014842]
 [324.           0.1676       0.08942483]
 [325.           0.1304       0.04672045]
 [326.           0.1446       0.04635515]
 [327.           0.1532       0.0858557 ]
 [328.           0.148        0.07577599]
 [329.           0.15100001   0.05110773]
 [330.           0.149        0.07408104]
 [331.           0.1504       0.08773425]
 [332.           0.15100001   0.05284884]
 [333.           0.128        0.04836838]
 [334.           0.1694       0.07727742]
 [335.           0.1646       0.06291503]
 [336.           0.13640001   0.06012736]
 [337.           0.1468       0.06728446]
 [338.           0.1512       0.0728917 ]
 [339.           0.1484       0.07859263]
 [340.           0.1478       0.05041032]
 [341.           0.1558       0.05268966]
 [342.           0.15820001   0.07713106]
 [343.           0.16180001   0.08384032]
 [344.           0.1516       0.05449129]
 [345.           0.13020001   0.04139082]
 [346.           0.16960001   0.08417422]
 [347.           0.1696       0.09619148]
 [348.           0.1428       0.04625689]
 [349.           0.14460002   0.05630986]
 [350.           0.17300001   0.10148399]
 [351.           0.1574       0.0553019 ]
 [352.           0.1416       0.04439369]
 [353.           0.16540001   0.08606858]
 [354.           0.1794       0.08015174]
 [355.           0.1408       0.05319022]
 [356.           0.1518       0.06159708]
 [357.           0.1658       0.06235944]
 [358.           0.1594       0.07608417]
 [359.           0.15220001   0.07026166]
 [360.           0.15220001   0.05210758]
 [361.           0.15339999   0.05206535]
 [362.           0.161        0.09011659]
 [363.           0.16239999   0.08142666]
 [364.           0.15439999   0.05026231]
 [365.           0.149        0.05397222]
 [366.           0.17320001   0.10450693]
 [367.           0.1544       0.05945418]
 [368.           0.14720002   0.0443813 ]
 [369.           0.1346       0.05610526]
 [370.           0.17160001   0.09316813]
 [371.           0.15699999   0.05296697]
 [372.           0.1294       0.0481643 ]
 [373.           0.1664       0.07893859]
 [374.           0.1646       0.06021877]
 [375.           0.12340001   0.04433735]
 [376.           0.1458       0.06135307]
 [377.           0.16720001   0.06753666]
 [378.           0.14220001   0.05099706]
 [379.           0.14360002   0.06580501]
 [380.           0.143        0.0586856 ]
 [381.           0.14580001   0.06755146]
 [382.           0.163        0.06613622]
 [383.           0.15         0.0767333 ]
 [384.           0.11740001   0.03614969]
 [385.           0.1274       0.03115766]
 [386.           0.17459999   0.07748419]
 [387.           0.1578       0.07616561]
 [388.           0.14660001   0.04406586]
 [389.           0.1384       0.04905915]
 [390.           0.14420001   0.05111457]
 [391.           0.1644       0.06224388]
 [392.           0.17420001   0.07120884]
 [393.           0.1464       0.04420746]
 [394.           0.1434       0.04245351]
 [395.           0.1526       0.05306412]
 [396.           0.15640001   0.0675966 ]
 [397.           0.1624       0.06140276]
 [398.           0.152        0.04898469]
 [399.           0.1544       0.08469535]
 [400.           0.159        0.06398437]]
Dataset       :Computers
Model         :GAT
Conden ratio  :0.5
GC            :5
LearnA        :1
Max Test Accuracy:
0.355
Best Result: Epoch   Acc  Std.
               215 0.1918  0.1036
