Set seed
Model SAGE
--------------------------------------------------
The 1th iteration:
--------------------------------------------------
--------------------------------------------------
The 2th iteration:
--------------------------------------------------
--------------------------------------------------
The 3th iteration:
--------------------------------------------------
--------------------------------------------------
The 4th iteration:
--------------------------------------------------
--------------------------------------------------
The 5th iteration:
--------------------------------------------------
[[  1.           0.097        0.00514781]
 [  2.           0.1134       0.03286792]
 [  3.           0.1336       0.03727332]
 [  4.           0.1422       0.02983622]
 [  5.           0.1628       0.07537042]
 [  6.           0.111        0.02350532]
 [  7.           0.1366       0.02326585]
 [  8.           0.1438       0.04020821]
 [  9.           0.14680001   0.07139468]
 [ 10.           0.1354       0.07748418]
 [ 11.           0.1438       0.04747315]
 [ 12.           0.1348       0.05176099]
 [ 13.           0.1716       0.06085474]
 [ 14.           0.12279999   0.03021093]
 [ 15.           0.154        0.05540306]
 [ 16.           0.17760001   0.07577796]
 [ 17.           0.1928       0.10602689]
 [ 18.           0.1694       0.06818943]
 [ 19.           0.16180001   0.09080033]
 [ 20.           0.18859999   0.08542424]
 [ 21.           0.23580001   0.09400637]
 [ 22.           0.2098       0.06686329]
 [ 23.           0.1692       0.10455716]
 [ 24.           0.24080001   0.05435715]
 [ 25.           0.26700002   0.10471628]
 [ 26.           0.2578       0.04256407]
 [ 27.           0.2036       0.08814364]
 [ 28.           0.261        0.11433067]
 [ 29.           0.2544       0.09444734]
 [ 30.           0.1962       0.07987928]
 [ 31.           0.29520002   0.08634061]
 [ 32.           0.24620001   0.07951856]
 [ 33.           0.24460001   0.06071079]
 [ 34.           0.22860001   0.05839777]
 [ 35.           0.2552       0.02845523]
 [ 36.           0.2494       0.05335073]
 [ 37.           0.2506       0.06081365]
 [ 38.           0.2402       0.03745931]
 [ 39.           0.2364       0.02256768]
 [ 40.           0.258        0.0464112 ]
 [ 41.           0.262        0.03982462]
 [ 42.           0.2674       0.05674328]
 [ 43.           0.2738       0.06160925]
 [ 44.           0.2594       0.02261194]
 [ 45.           0.2736       0.04793538]
 [ 46.           0.2494       0.04145238]
 [ 47.           0.28120002   0.04595323]
 [ 48.           0.25840002   0.02040343]
 [ 49.           0.2624       0.03788536]
 [ 50.           0.3024       0.02789802]
 [ 51.           0.29200003   0.05789646]
 [ 52.           0.2738       0.04592603]
 [ 53.           0.29200003   0.04966388]
 [ 54.           0.26620004   0.02972709]
 [ 55.           0.29060003   0.01716974]
 [ 56.           0.3156       0.03835753]
 [ 57.           0.30420002   0.03064637]
 [ 58.           0.28079998   0.04006494]
 [ 59.           0.29780003   0.03823219]
 [ 60.           0.3102       0.03034304]
 [ 61.           0.306        0.03574913]
 [ 62.           0.3136       0.02748271]
 [ 63.           0.3106       0.03714566]
 [ 64.           0.3032       0.02478306]
 [ 65.           0.3114       0.01578922]
 [ 66.           0.32080004   0.02883053]
 [ 67.           0.3256       0.03787215]
 [ 68.           0.3156       0.02971194]
 [ 69.           0.31440002   0.02918561]
 [ 70.           0.3226       0.0365486 ]
 [ 71.           0.31820002   0.03361845]
 [ 72.           0.32759997   0.03114964]
 [ 73.           0.3276       0.03165912]
 [ 74.           0.3228       0.03676548]
 [ 75.           0.31880003   0.03280548]
 [ 76.           0.3198       0.03452101]
 [ 77.           0.3248       0.03877757]
 [ 78.           0.3238       0.03306356]
 [ 79.           0.3336       0.04434298]
 [ 80.           0.3192       0.04034475]
 [ 81.           0.331        0.03776904]
 [ 82.           0.32500002   0.03887801]
 [ 83.           0.32360002   0.04108893]
 [ 84.           0.3316       0.04503665]
 [ 85.           0.3234       0.04462959]
 [ 86.           0.3342       0.04469004]
 [ 87.           0.31960002   0.04279369]
 [ 88.           0.3288       0.03990865]
 [ 89.           0.33800003   0.05246427]
 [ 90.           0.322        0.04339932]
 [ 91.           0.32619998   0.04524599]
 [ 92.           0.33580002   0.03860311]
 [ 93.           0.31640002   0.04368982]
 [ 94.           0.335        0.03502855]
 [ 95.           0.3388       0.05147038]
 [ 96.           0.3268       0.03328963]
 [ 97.           0.327        0.04697872]
 [ 98.           0.32500002   0.03596526]
 [ 99.           0.33800003   0.04728108]
 [100.           0.324        0.04958326]
 [101.           0.33100003   0.03496427]
 [102.           0.34620002   0.06244357]
 [103.           0.3292       0.0279052 ]
 [104.           0.31820002   0.04806454]
 [105.           0.3398       0.04925139]
 [106.           0.32580003   0.03773858]
 [107.           0.33580002   0.05033587]
 [108.           0.3306       0.0393103 ]
 [109.           0.327        0.05163332]
 [110.           0.3356       0.04690736]
 [111.           0.31780002   0.05149466]
 [112.           0.3398       0.05037063]
 [113.           0.33220002   0.0443644 ]
 [114.           0.3336       0.06073962]
 [115.           0.3424       0.04521393]
 [116.           0.33159998   0.05421993]
 [117.           0.3292       0.04344767]
 [118.           0.3506       0.06042184]
 [119.           0.30240002   0.04134368]
 [120.           0.3504       0.06087939]
 [121.           0.3252       0.05571086]
 [122.           0.33020002   0.05288856]
 [123.           0.3356       0.05732191]
 [124.           0.33699998   0.07219417]
 [125.           0.3084       0.03665106]
 [126.           0.3536       0.06086296]
 [127.           0.33319998   0.06970078]
 [128.           0.3148       0.06005164]
 [129.           0.34         0.05266878]
 [130.           0.31099996   0.05271148]
 [131.           0.3436       0.06321628]
 [132.           0.33260003   0.05615426]
 [133.           0.3236       0.04980763]
 [134.           0.33780003   0.06575105]
 [135.           0.3388       0.05444906]
 [136.           0.3194       0.06175598]
 [137.           0.3422       0.07301849]
 [138.           0.3254       0.04636054]
 [139.           0.3376       0.05487532]
 [140.           0.3454       0.08506352]
 [141.           0.3184       0.05524763]
 [142.           0.3402       0.05623788]
 [143.           0.3472       0.08122624]
 [144.           0.32500002   0.05678027]
 [145.           0.3414       0.05666834]
 [146.           0.3546       0.08113753]
 [147.           0.3262       0.04974133]
 [148.           0.34039998   0.05474305]
 [149.           0.35759997   0.09479872]
 [150.           0.339        0.05868135]
 [151.           0.329        0.05353038]
 [152.           0.33940002   0.0546562 ]
 [153.           0.355        0.09442458]
 [154.           0.3328       0.05633116]
 [155.           0.34120002   0.04844276]
 [156.           0.367        0.10173742]
 [157.           0.3376       0.06839079]
 [158.           0.3398       0.05614891]
 [159.           0.34020004   0.06150772]
 [160.           0.3576       0.08941084]
 [161.           0.352        0.05575393]
 [162.           0.3276       0.06285539]
 [163.           0.36180001   0.07705973]
 [164.           0.35320002   0.06413034]
 [165.           0.33520004   0.06334982]
 [166.           0.3254       0.06042599]
 [167.           0.3866       0.09602499]
 [168.           0.3326       0.06399062]
 [169.           0.3344       0.05134491]
 [170.           0.3558       0.06838275]
 [171.           0.358        0.069975  ]
 [172.           0.3416       0.05697631]
 [173.           0.33400002   0.05892791]
 [174.           0.3522       0.06336167]
 [175.           0.36120003   0.09507733]
 [176.           0.33760002   0.05944998]
 [177.           0.334        0.05141984]
 [178.           0.34300002   0.08338765]
 [179.           0.37480003   0.08016046]
 [180.           0.3356       0.05366843]
 [181.           0.32740003   0.06475569]
 [182.           0.3312       0.06584603]
 [183.           0.37719998   0.08215047]
 [184.           0.3334       0.0531065 ]
 [185.           0.3298       0.05582741]
 [186.           0.3312       0.04022064]
 [187.           0.3462       0.08656038]
 [188.           0.35279998   0.07852516]
 [189.           0.34         0.04853864]
 [190.           0.332        0.06667833]
 [191.           0.3368       0.06604317]
 [192.           0.37680003   0.08406367]
 [193.           0.34240004   0.0514033 ]
 [194.           0.33679998   0.0613653 ]
 [195.           0.338        0.06054751]
 [196.           0.3342       0.06143858]
 [197.           0.3488       0.07617873]
 [198.           0.33580002   0.06367652]
 [199.           0.327        0.05731055]
 [200.           0.3344       0.06159788]
 [201.           0.3538       0.07032567]
 [202.           0.32980004   0.0588447 ]
 [203.           0.34179997   0.06159301]
 [204.           0.32140002   0.04506995]
 [205.           0.36699998   0.09290586]
 [206.           0.3424       0.06689021]
 [207.           0.331        0.0564668 ]
 [208.           0.3426       0.07032283]
 [209.           0.3368       0.06267934]
 [210.           0.34         0.0506409 ]
 [211.           0.34080002   0.0636569 ]
 [212.           0.33600003   0.0571708 ]
 [213.           0.3332       0.05812659]
 [214.           0.3428       0.06333403]
 [215.           0.3352       0.05338259]
 [216.           0.3404       0.05618986]
 [217.           0.3428       0.07350986]
 [218.           0.326        0.05047277]
 [219.           0.34800002   0.0577408 ]
 [220.           0.33179998   0.06153212]
 [221.           0.339        0.04390331]
 [222.           0.3494       0.06776651]
 [223.           0.3494       0.05329446]
 [224.           0.332        0.04471019]
 [225.           0.34559998   0.06628951]
 [226.           0.3482       0.05914136]
 [227.           0.332        0.05284411]
 [228.           0.3364       0.05899407]
 [229.           0.34960002   0.04965179]
 [230.           0.33920002   0.06440652]
 [231.           0.3476       0.04544557]
 [232.           0.3278       0.04589336]
 [233.           0.34320003   0.06837177]
 [234.           0.3608       0.042358  ]
 [235.           0.32619998   0.04659614]
 [236.           0.34300002   0.07212836]
 [237.           0.3314       0.05019263]
 [238.           0.3462       0.06500924]
 [239.           0.33800003   0.06266578]
 [240.           0.3506       0.05078189]
 [241.           0.334        0.05487259]
 [242.           0.33699998   0.06128621]
 [243.           0.358        0.05514979]
 [244.           0.3336       0.067567  ]
 [245.           0.3452       0.05116836]
 [246.           0.3512       0.04465087]
 [247.           0.332        0.0668431 ]
 [248.           0.34660003   0.05402128]
 [249.           0.3522       0.06358617]
 [250.           0.33440003   0.05938687]
 [251.           0.34280002   0.05044502]
 [252.           0.34660003   0.06344525]
 [253.           0.32840002   0.062083  ]
 [254.           0.3436       0.04544558]
 [255.           0.3386       0.06530926]
 [256.           0.34380004   0.05172234]
 [257.           0.3344       0.05968501]
 [258.           0.33940002   0.05415071]
 [259.           0.3402       0.06226717]
 [260.           0.33940002   0.0589135 ]
 [261.           0.3474       0.0542107 ]
 [262.           0.3344       0.06414281]
 [263.           0.3412       0.04981667]
 [264.           0.34820002   0.06773996]
 [265.           0.3344       0.05793791]
 [266.           0.35         0.05015974]
 [267.           0.35099998   0.05316014]
 [268.           0.33900002   0.05452522]
 [269.           0.34600002   0.06517284]
 [270.           0.347        0.04221966]
 [271.           0.33859998   0.06016062]
 [272.           0.3454       0.06059125]
 [273.           0.33319998   0.04580067]
 [274.           0.357        0.06351378]
 [275.           0.3268       0.06453449]
 [276.           0.34559998   0.05264314]
 [277.           0.34280002   0.06723987]
 [278.           0.3294       0.04776296]
 [279.           0.3504       0.0607643 ]
 [280.           0.3426       0.05472019]
 [281.           0.32160002   0.04346032]
 [282.           0.346        0.07061162]
 [283.           0.3468       0.04264622]
 [284.           0.33080003   0.04439257]
 [285.           0.3506       0.06715132]
 [286.           0.3336       0.04939939]
 [287.           0.33380002   0.05347615]
 [288.           0.3546       0.05583726]
 [289.           0.33080003   0.04945907]
 [290.           0.3308       0.06294204]
 [291.           0.345        0.05842516]
 [292.           0.3458       0.04339584]
 [293.           0.3304       0.05582384]
 [294.           0.356        0.06283709]
 [295.           0.3252       0.05245188]
 [296.           0.342        0.04659936]
 [297.           0.3456       0.06877717]
 [298.           0.3346       0.04929807]
 [299.           0.32500002   0.05723635]
 [300.           0.35520002   0.06416151]
 [301.           0.32979998   0.05489262]
 [302.           0.345        0.04918841]
 [303.           0.3418       0.05588112]
 [304.           0.3316       0.06091223]
 [305.           0.3336       0.0542107 ]
 [306.           0.3516       0.06185709]
 [307.           0.33179998   0.05564801]
 [308.           0.3316       0.05876479]
 [309.           0.35279998   0.05108522]
 [310.           0.33520004   0.04678889]
 [311.           0.3364       0.059471  ]
 [312.           0.3336       0.05015277]
 [313.           0.3442       0.05578709]
 [314.           0.32720003   0.05817388]
 [315.           0.3422       0.05473299]
 [316.           0.3414       0.06061189]
 [317.           0.3296       0.05431206]
 [318.           0.3398       0.05389526]
 [319.           0.3438       0.06236345]
 [320.           0.32360002   0.04838698]
 [321.           0.3506       0.04949545]
 [322.           0.342        0.07241201]
 [323.           0.33         0.04833218]
 [324.           0.34600002   0.05311309]
 [325.           0.345        0.06807715]
 [326.           0.3334       0.06304602]
 [327.           0.345        0.04866724]
 [328.           0.3504       0.0673632 ]
 [329.           0.3274       0.03801052]
 [330.           0.3372       0.05547252]
 [331.           0.34780002   0.06685208]
 [332.           0.33800003   0.04903569]
 [333.           0.3324       0.06277978]
 [334.           0.34300002   0.04734975]
 [335.           0.3474       0.0640492 ]
 [336.           0.3418       0.05968418]
 [337.           0.3336       0.04937914]
 [338.           0.3492       0.06177136]
 [339.           0.3348       0.06241554]
 [340.           0.3364       0.05054998]
 [341.           0.342        0.06351378]
 [342.           0.3308       0.05708502]
 [343.           0.351        0.05399537]
 [344.           0.34559998   0.06278376]
 [345.           0.331        0.0353412 ]
 [346.           0.3356       0.04953585]
 [347.           0.3538       0.07006211]
 [348.           0.3406       0.04165693]
 [349.           0.3254       0.04075905]
 [350.           0.3608       0.05105586]
 [351.           0.337        0.06143289]
 [352.           0.3368       0.04979658]
 [353.           0.3402       0.03842134]
 [354.           0.3514       0.06884622]
 [355.           0.3256       0.05890076]
 [356.           0.34759998   0.05798965]
 [357.           0.3398       0.0739236 ]
 [358.           0.3218       0.02523291]
 [359.           0.3432       0.04149939]
 [360.           0.34300002   0.07938513]
 [361.           0.33580002   0.03076037]
 [362.           0.3194       0.03829882]
 [363.           0.36279997   0.08911622]
 [364.           0.3386       0.04974234]
 [365.           0.3312       0.05101667]
 [366.           0.3504       0.05076713]
 [367.           0.3368       0.05526029]
 [368.           0.33200002   0.04713809]
 [369.           0.3312       0.05465071]
 [370.           0.3632       0.0820713 ]
 [371.           0.31500003   0.03761648]
 [372.           0.3392       0.04043142]
 [373.           0.3562       0.08664121]
 [374.           0.3454       0.0468487 ]
 [375.           0.3206       0.04046975]
 [376.           0.3474       0.06217154]
 [377.           0.35619998   0.07193192]
 [378.           0.323        0.04865697]
 [379.           0.339        0.04418145]
 [380.           0.3494       0.07304657]
 [381.           0.33440003   0.05394256]
 [382.           0.3264       0.04961149]
 [383.           0.3388       0.0481321 ]
 [384.           0.352        0.07277362]
 [385.           0.341        0.04844069]
 [386.           0.3234       0.05252428]
 [387.           0.3448       0.06895796]
 [388.           0.3562       0.05780311]
 [389.           0.3246       0.05650929]
 [390.           0.33760002   0.04997299]
 [391.           0.3534       0.0720923 ]
 [392.           0.34080002   0.04984676]
 [393.           0.3318       0.05035574]
 [394.           0.34160003   0.067604  ]
 [395.           0.35560003   0.05160718]
 [396.           0.3368       0.06110401]
 [397.           0.3378       0.04371155]
 [398.           0.35660002   0.08284201]
 [399.           0.34880003   0.0414391 ]
 [400.           0.33         0.05804309]]
Dataset       :Computers
Model         :SAGE
Conden ratio  :1.0
GC            :3
LearnA        :0
Max Test Accuracy:
0.539
Best Result: Epoch   Acc  Std.
               167 0.3866  0.0960
