Set seed
Model MLP
--------------------------------------------------
The 1th iteration:
--------------------------------------------------
--------------------------------------------------
The 2th iteration:
--------------------------------------------------
--------------------------------------------------
The 3th iteration:
--------------------------------------------------
--------------------------------------------------
The 4th iteration:
--------------------------------------------------
--------------------------------------------------
The 5th iteration:
--------------------------------------------------
[[  1.           0.1086       0.01130487]
 [  2.           0.1194       0.03163542]
 [  3.           0.11059999   0.02147789]
 [  4.           0.1296       0.05332261]
 [  5.           0.14660001   0.05302641]
 [  6.           0.18859999   0.04069152]
 [  7.           0.201        0.05734544]
 [  8.           0.23580001   0.05883622]
 [  9.           0.24900003   0.04204164]
 [ 10.           0.2516       0.03734703]
 [ 11.           0.25419998   0.04141497]
 [ 12.           0.26220003   0.03999625]
 [ 13.           0.2694       0.03412184]
 [ 14.           0.27220002   0.0309871 ]
 [ 15.           0.2678       0.02981107]
 [ 16.           0.271        0.03421256]
 [ 17.           0.28700003   0.03818377]
 [ 18.           0.29920003   0.04160168]
 [ 19.           0.30440003   0.03972154]
 [ 20.           0.3052       0.03808806]
 [ 21.           0.3052       0.04306043]
 [ 22.           0.3084       0.04581811]
 [ 23.           0.31260002   0.04046357]
 [ 24.           0.3158       0.04194878]
 [ 25.           0.31800002   0.04254996]
 [ 26.           0.3228       0.04235209]
 [ 27.           0.32720003   0.03775844]
 [ 28.           0.3336       0.03492564]
 [ 29.           0.33979997   0.04014599]
 [ 30.           0.3406       0.04421877]
 [ 31.           0.3512       0.03560478]
 [ 32.           0.3582       0.02837604]
 [ 33.           0.3624       0.03159589]
 [ 34.           0.3634       0.03135762]
 [ 35.           0.3662       0.02688307]
 [ 36.           0.37700003   0.03393376]
 [ 37.           0.3788       0.03814053]
 [ 38.           0.374        0.0304877 ]
 [ 39.           0.3766       0.0319343 ]
 [ 40.           0.383        0.03292416]
 [ 41.           0.3882       0.03122819]
 [ 42.           0.3908       0.03450653]
 [ 43.           0.39040002   0.03655544]
 [ 44.           0.38860002   0.03172224]
 [ 45.           0.39200002   0.03145633]
 [ 46.           0.3986       0.03910626]
 [ 47.           0.40100002   0.04230249]
 [ 48.           0.3986       0.0380171 ]
 [ 49.           0.39699998   0.03685784]
 [ 50.           0.4008       0.04306623]
 [ 51.           0.3996       0.04014723]
 [ 52.           0.40100002   0.03810512]
 [ 53.           0.4042       0.04075781]
 [ 54.           0.40500003   0.03867817]
 [ 55.           0.406        0.04286025]
 [ 56.           0.404        0.04084728]
 [ 57.           0.40260002   0.04033361]
 [ 58.           0.40260002   0.04193209]
 [ 59.           0.40640002   0.04140411]
 [ 60.           0.40559998   0.0404141 ]
 [ 61.           0.40579996   0.04300233]
 [ 62.           0.4068       0.04222204]
 [ 63.           0.40780002   0.04479619]
 [ 64.           0.40500003   0.0407799 ]
 [ 65.           0.4052       0.04414408]
 [ 66.           0.40740004   0.04627418]
 [ 67.           0.4082       0.04220427]
 [ 68.           0.4106       0.04325853]
 [ 69.           0.4068       0.04311844]
 [ 70.           0.4054       0.0414765 ]
 [ 71.           0.40640002   0.04180072]
 [ 72.           0.406        0.04226701]
 [ 73.           0.408        0.0417193 ]
 [ 74.           0.4094       0.04449494]
 [ 75.           0.4066       0.04270011]
 [ 76.           0.406        0.04184495]
 [ 77.           0.40760002   0.04275863]
 [ 78.           0.4066       0.04345458]
 [ 79.           0.406        0.04207137]
 [ 80.           0.40640002   0.04250647]
 [ 81.           0.40700004   0.04271417]
 [ 82.           0.4072       0.042775  ]
 [ 83.           0.40879998   0.04249353]
 [ 84.           0.409        0.04297673]
 [ 85.           0.40879998   0.04195474]
 [ 86.           0.4092       0.04158966]
 [ 87.           0.41020003   0.04257581]
 [ 88.           0.4094       0.04187242]
 [ 89.           0.40960002   0.04125289]
 [ 90.           0.41079998   0.04224571]
 [ 91.           0.41160002   0.04261807]
 [ 92.           0.4114       0.04205711]
 [ 93.           0.41219997   0.04261104]
 [ 94.           0.412        0.04274926]
 [ 95.           0.4124       0.04333359]
 [ 96.           0.41280004   0.04352814]
 [ 97.           0.4134       0.04427527]
 [ 98.           0.4138       0.04561469]
 [ 99.           0.41420004   0.0460402 ]
 [100.           0.41420004   0.04677286]
 [101.           0.41459998   0.04713067]
 [102.           0.4144       0.04696595]
 [103.           0.4148       0.04729905]
 [104.           0.41500002   0.04813004]
 [105.           0.4152       0.04897142]
 [106.           0.41500002   0.04870832]
 [107.           0.41540003   0.04906425]
 [108.           0.41640002   0.0506932 ]
 [109.           0.4162       0.0505292 ]
 [110.           0.4162       0.05071193]
 [111.           0.41599998   0.05053217]
 [112.           0.4172       0.05192976]
 [113.           0.4176       0.0517233 ]
 [114.           0.41759998   0.05177162]
 [115.           0.4172       0.05182374]
 [116.           0.41700003   0.05108815]
 [117.           0.4166       0.05005796]
 [118.           0.4166       0.05005796]
 [119.           0.41680002   0.05066755]
 [120.           0.41599998   0.04944189]
 [121.           0.41599998   0.04894384]
 [122.           0.41619998   0.04889479]
 [123.           0.41619998   0.04889479]
 [124.           0.4166       0.04870627]
 [125.           0.4166       0.04809678]
 [126.           0.41680002   0.04787692]
 [127.           0.4178       0.04875141]
 [128.           0.41899997   0.04991493]
 [129.           0.41879997   0.04885387]
 [130.           0.41840002   0.048696  ]
 [131.           0.41820002   0.04836529]
 [132.           0.4178       0.04820997]
 [133.           0.41739997   0.04774202]
 [134.           0.4178       0.04726204]
 [135.           0.4192       0.04676751]
 [136.           0.4196       0.04564318]
 [137.           0.41940004   0.04559385]
 [138.           0.42020002   0.04462287]
 [139.           0.4204       0.04467998]
 [140.           0.4204       0.04440495]
 [141.           0.42020002   0.04403635]
 [142.           0.4198       0.04570776]
 [143.           0.41940004   0.04557741]
 [144.           0.4192       0.0455379 ]
 [145.           0.419        0.04550275]
 [146.           0.4198       0.04514644]
 [147.           0.42020002   0.04506329]
 [148.           0.42         0.04509989]
 [149.           0.4204       0.04524157]
 [150.           0.42080003   0.04489654]
 [151.           0.42080003   0.04415541]
 [152.           0.4204       0.04441622]
 [153.           0.42019996   0.0429558 ]
 [154.           0.4206       0.04321227]
 [155.           0.421        0.0431393 ]
 [156.           0.42139998   0.04214619]
 [157.           0.42140004   0.04186646]
 [158.           0.4216       0.04222322]
 [159.           0.42139998   0.04208087]
 [160.           0.42139998   0.04208087]
 [161.           0.4216       0.04234737]
 [162.           0.42080003   0.0426931 ]
 [163.           0.42         0.04227884]
 [164.           0.42039996   0.04208088]
 [165.           0.42079997   0.04188915]
 [166.           0.42079997   0.04176363]
 [167.           0.4212       0.04146324]
 [168.           0.4212       0.04136061]
 [169.           0.42139998   0.0413195 ]
 [170.           0.4212       0.04146324]
 [171.           0.42080003   0.0414994 ]
 [172.           0.4204       0.04142825]
 [173.           0.42020002   0.04146926]
 [174.           0.4204       0.04142825]
 [175.           0.42060003   0.04074064]
 [176.           0.42080003   0.04097193]
 [177.           0.42080003   0.04084972]
 [178.           0.421        0.04147891]
 [179.           0.42139998   0.04180669]
 [180.           0.42180005   0.04176361]
 [181.           0.4218       0.04191897]
 [182.           0.42220002   0.04239929]
 [183.           0.42280003   0.04191897]
 [184.           0.42280003   0.04191897]
 [185.           0.42279997   0.04076396]
 [186.           0.423        0.0411643 ]
 [187.           0.42320004   0.04060419]
 [188.           0.4234       0.04073451]
 [189.           0.4238       0.04043142]
 [190.           0.4248       0.04012107]
 [191.           0.42540002   0.04026537]
 [192.           0.42580006   0.04027655]
 [193.           0.42560002   0.03993494]
 [194.           0.4262       0.0405364 ]
 [195.           0.42580006   0.04072714]
 [196.           0.4262       0.04033237]
 [197.           0.42600003   0.04038564]
 [198.           0.42599997   0.04018706]
 [199.           0.42559996   0.04017214]
 [200.           0.42560002   0.0411315 ]
 [201.           0.4254       0.04163293]
 [202.           0.4252       0.04168573]
 [203.           0.4252       0.04168573]
 [204.           0.42540002   0.04164493]
 [205.           0.4252       0.04153553]
 [206.           0.425        0.04117645]
 [207.           0.4248       0.04148131]
 [208.           0.4244       0.0407713 ]
 [209.           0.4248       0.04061649]
 [210.           0.4248       0.04043142]
 [211.           0.4252       0.04051789]
 [212.           0.4252       0.04038192]
 [213.           0.4252       0.04051789]
 [214.           0.425        0.0404042 ]
 [215.           0.4254       0.04001625]
 [216.           0.42560002   0.0403026 ]
 [217.           0.4254       0.03995997]
 [218.           0.4254       0.03952594]
 [219.           0.4254       0.03952594]
 [220.           0.4252       0.03918163]
 [221.           0.425        0.03950316]
 [222.           0.4248       0.03849935]
 [223.           0.425        0.04015594]
 [224.           0.4252       0.03849936]
 [225.           0.424        0.04014971]
 [226.           0.42560002   0.03804339]
 [227.           0.424        0.04037327]
 [228.           0.4254       0.0381746 ]
 [229.           0.4252       0.03904101]
 [230.           0.4254       0.0383836 ]
 [231.           0.42600003   0.0381248 ]
 [232.           0.4252       0.0398334 ]
 [233.           0.42700002   0.03762978]
 [234.           0.42659998   0.03944997]
 [235.           0.4278       0.03837577]
 [236.           0.42720005   0.03838229]
 [237.           0.42720005   0.03895767]
 [238.           0.42799997   0.03828839]
 [239.           0.42799997   0.03841224]
 [240.           0.4282       0.03912416]
 [241.           0.4282       0.03743929]
 [242.           0.42880002   0.03844087]
 [243.           0.42800003   0.03620083]
 [244.           0.4292       0.03915611]
 [245.           0.42720005   0.03739251]
 [246.           0.4282       0.03823218]
 [247.           0.42680007   0.03898332]
 [248.           0.4276       0.03641154]
 [249.           0.42740002   0.03956386]
 [250.           0.4262       0.04035096]
 [251.           0.42600003   0.03867815]
 [252.           0.42560002   0.04145841]
 [253.           0.425        0.03766298]
 [254.           0.4252       0.04175763]
 [255.           0.42460003   0.03758723]
 [256.           0.424        0.04192255]
 [257.           0.42459998   0.03835753]
 [258.           0.4238       0.04182941]
 [259.           0.4238       0.03815364]
 [260.           0.4238       0.04157764]
 [261.           0.42360002   0.03852012]
 [262.           0.42319998   0.04032617]
 [263.           0.4238       0.03862254]
 [264.           0.42280003   0.03988359]
 [265.           0.42420003   0.03898975]
 [266.           0.42320004   0.03992118]
 [267.           0.425        0.0393891 ]
 [268.           0.4238       0.04013976]
 [269.           0.4252       0.03971398]
 [270.           0.4234       0.03924666]
 [271.           0.42559996   0.03969005]
 [272.           0.423        0.03839271]
 [273.           0.42679998   0.03999626]
 [274.           0.4226       0.03758059]
 [275.           0.4264       0.03990364]
 [276.           0.4224       0.03775977]
 [277.           0.42700002   0.04123106]
 [278.           0.42159995   0.03746065]
 [279.           0.42580006   0.03974544]
 [280.           0.42279997   0.03879047]
 [281.           0.423        0.03914716]
 [282.           0.42420003   0.04038812]
 [283.           0.4212       0.03703647]
 [284.           0.42600003   0.03905765]
 [285.           0.4204       0.03697026]
 [286.           0.4248       0.03763908]
 [287.           0.422        0.04021816]
 [288.           0.423        0.03491418]
 [289.           0.423        0.0415632 ]
 [290.           0.4218       0.03653355]
 [291.           0.42419997   0.03998999]
 [292.           0.4234       0.03716585]
 [293.           0.42319998   0.03863548]
 [294.           0.42419997   0.03816673]
 [295.           0.42139998   0.03667152]
 [296.           0.42319998   0.03935353]
 [297.           0.42139998   0.0363772 ]
 [298.           0.42279997   0.03857071]
 [299.           0.4234       0.03766033]
 [300.           0.42279997   0.03679266]
 [301.           0.424        0.03713489]
 [302.           0.4224       0.03615661]
 [303.           0.4238       0.03729879]
 [304.           0.4226       0.03545137]
 [305.           0.4238       0.03682663]
 [306.           0.4238       0.03601667]
 [307.           0.4224       0.0361566 ]
 [308.           0.42280003   0.03670423]
 [309.           0.4226       0.03492564]
 [310.           0.4226       0.03736041]
 [311.           0.4226       0.03526046]
 [312.           0.4226       0.03791174]
 [313.           0.4226       0.03544432]
 [314.           0.4218       0.0375859 ]
 [315.           0.4224       0.03642527]
 [316.           0.42139998   0.03622568]
 [317.           0.42220002   0.0374393 ]
 [318.           0.42139998   0.03540903]
 [319.           0.42060003   0.03924666]
 [320.           0.4212       0.03456444]
 [321.           0.4206       0.03975299]
 [322.           0.421        0.03446013]
 [323.           0.4204       0.04002249]
 [324.           0.42080003   0.03436132]
 [325.           0.42220002   0.03833666]
 [326.           0.41940004   0.03437005]
 [327.           0.42279997   0.03840183]
 [328.           0.41879997   0.03467276]
 [329.           0.42279997   0.03840183]
 [330.           0.41879997   0.03533695]
 [331.           0.42200002   0.03759655]
 [332.           0.4198       0.03583574]
 [333.           0.4216       0.03679403]
 [334.           0.419        0.03657185]
 [335.           0.4212       0.03680625]
 [336.           0.4186       0.03674643]
 [337.           0.4218       0.03725185]
 [338.           0.41800004   0.03620083]
 [339.           0.42280003   0.03775844]
 [340.           0.41700003   0.03603471]
 [341.           0.4226       0.03774653]
 [342.           0.41660005   0.03597638]
 [343.           0.421        0.03836013]
 [344.           0.4186       0.03612894]
 [345.           0.4212       0.03787743]
 [346.           0.41899997   0.03615246]
 [347.           0.4212       0.03746598]
 [348.           0.41840002   0.03683477]
 [349.           0.42080003   0.03880335]
 [350.           0.41800004   0.03649656]
 [351.           0.4196       0.03790515]
 [352.           0.41879997   0.03660874]
 [353.           0.41820002   0.0373323 ]
 [354.           0.421        0.03731621]
 [355.           0.4162       0.03765235]
 [356.           0.4204       0.03852661]
 [357.           0.41640002   0.03679403]
 [358.           0.4192       0.03950569]
 [359.           0.41820002   0.03570294]
 [360.           0.4192       0.03951836]
 [361.           0.41840002   0.0357673 ]
 [362.           0.41820002   0.03928995]
 [363.           0.41739997   0.03656912]
 [364.           0.4186       0.03893327]
 [365.           0.41759998   0.0374473 ]
 [366.           0.4192       0.03753266]
 [367.           0.4178       0.03841485]
 [368.           0.4186       0.0366647 ]
 [369.           0.41799998   0.03841224]
 [370.           0.4178       0.03636894]
 [371.           0.41820002   0.0388291 ]
 [372.           0.4172       0.03679946]
 [373.           0.41840002   0.03922116]
 [374.           0.41739997   0.03628086]
 [375.           0.41779995   0.03983968]
 [376.           0.41840002   0.03489699]
 [377.           0.41739997   0.04230011]
 [378.           0.41759998   0.03406318]
 [379.           0.41700003   0.04272587]
 [380.           0.4176       0.03415114]
 [381.           0.4172       0.04128801]
 [382.           0.4166       0.03561321]
 [383.           0.4178       0.03791702]
 [384.           0.41599998   0.03881365]
 [385.           0.41840002   0.03658961]
 [386.           0.41560003   0.03990363]
 [387.           0.4172       0.03566791]
 [388.           0.4176       0.04041409]
 [389.           0.41640002   0.03622568]
 [390.           0.41840002   0.03984093]
 [391.           0.4152       0.03711738]
 [392.           0.41820002   0.03994621]
 [393.           0.41560003   0.03718601]
 [394.           0.41800004   0.03993119]
 [395.           0.41619998   0.03688767]
 [396.           0.4176       0.04003498]
 [397.           0.41739997   0.03711873]
 [398.           0.41700003   0.03991867]
 [399.           0.4178       0.03877113]
 [400.           0.41640002   0.03881751]]
Dataset       :Computers
Model         :MLP
Conden ratio  :0.5
GC            :2
LearnA        :1
Max Test Accuracy:
0.487
Best Result: Epoch   Acc  Std.
               244 0.4292  0.0392
