Set seed
Model GCN
--------------------------------------------------
The 1th iteration:
--------------------------------------------------
--------------------------------------------------
The 2th iteration:
--------------------------------------------------
--------------------------------------------------
The 3th iteration:
--------------------------------------------------
--------------------------------------------------
The 4th iteration:
--------------------------------------------------
--------------------------------------------------
The 5th iteration:
--------------------------------------------------
[[  1.           0.0986       0.03514684]
 [  2.           0.1402       0.03294996]
 [  3.           0.10320001   0.00782304]
 [  4.           0.0958       0.02080144]
 [  5.           0.0948       0.03654723]
 [  6.           0.0842       0.01702057]
 [  7.           0.0922       0.01123388]
 [  8.           0.0868       0.01377316]
 [  9.           0.0926       0.01003992]
 [ 10.           0.1258       0.05519692]
 [ 11.           0.1274       0.05110577]
 [ 12.           0.1262       0.04719852]
 [ 13.           0.11740001   0.0509539 ]
 [ 14.           0.1356       0.05809303]
 [ 15.           0.16         0.07216994]
 [ 16.           0.1372       0.06434827]
 [ 17.           0.127        0.05977876]
 [ 18.           0.11259999   0.03296665]
 [ 19.           0.1306       0.03601111]
 [ 20.           0.11920001   0.03080908]
 [ 21.           0.13039999   0.02345847]
 [ 22.           0.1342       0.02720662]
 [ 23.           0.12920001   0.03011146]
 [ 24.           0.1134       0.03503997]
 [ 25.           0.09680001   0.00526308]
 [ 26.           0.10680001   0.02837605]
 [ 27.           0.1188       0.03199532]
 [ 28.           0.1434       0.04858292]
 [ 29.           0.152        0.05639593]
 [ 30.           0.1542       0.05817387]
 [ 31.           0.1406       0.04118009]
 [ 32.           0.12119999   0.02719742]
 [ 33.           0.1242       0.04326893]
 [ 34.           0.1316       0.0517088 ]
 [ 35.           0.125        0.02302173]
 [ 36.           0.1214       0.02408942]
 [ 37.           0.1094       0.02105469]
 [ 38.           0.123        0.03777566]
 [ 39.           0.1178       0.03906021]
 [ 40.           0.1158       0.03506708]
 [ 41.           0.11979999   0.0362312 ]
 [ 42.           0.1504       0.04344307]
 [ 43.           0.16059999   0.04231194]
 [ 44.           0.1652       0.04845823]
 [ 45.           0.16180001   0.06292614]
 [ 46.           0.14619999   0.05648628]
 [ 47.           0.1344       0.04029019]
 [ 48.           0.14760001   0.04534093]
 [ 49.           0.15580001   0.05593926]
 [ 50.           0.1468       0.04239339]
 [ 51.           0.15100001   0.03938273]
 [ 52.           0.16860001   0.07899556]
 [ 53.           0.18300001   0.07112315]
 [ 54.           0.1616       0.04616059]
 [ 55.           0.1532       0.05249953]
 [ 56.           0.15100001   0.04818195]
 [ 57.           0.1456       0.04481964]
 [ 58.           0.1456       0.04567056]
 [ 59.           0.1754       0.06372833]
 [ 60.           0.19700001   0.08323461]
 [ 61.           0.1832       0.07701429]
 [ 62.           0.1822       0.05111457]
 [ 63.           0.1678       0.03529447]
 [ 64.           0.15820001   0.03301061]
 [ 65.           0.1556       0.04661867]
 [ 66.           0.162        0.04786439]
 [ 67.           0.1754       0.04922703]
 [ 68.           0.202        0.06212085]
 [ 69.           0.17580001   0.06359402]
 [ 70.           0.1692       0.0584953 ]
 [ 71.           0.1696       0.063394  ]
 [ 72.           0.165        0.05716205]
 [ 73.           0.18560001   0.0540583 ]
 [ 74.           0.1928       0.04618658]
 [ 75.           0.20219998   0.03897691]
 [ 76.           0.1954       0.05281382]
 [ 77.           0.17520002   0.05890841]
 [ 78.           0.165        0.05895761]
 [ 79.           0.1682       0.0532419 ]
 [ 80.           0.19819999   0.03616213]
 [ 81.           0.21180001   0.03084152]
 [ 82.           0.2206       0.03090793]
 [ 83.           0.21620002   0.03387773]
 [ 84.           0.20560001   0.04043885]
 [ 85.           0.1712       0.051732  ]
 [ 86.           0.1632       0.0505094 ]
 [ 87.           0.17740001   0.04974234]
 [ 88.           0.19520001   0.04242287]
 [ 89.           0.2126       0.03697702]
 [ 90.           0.2204       0.04595977]
 [ 91.           0.20700002   0.04734448]
 [ 92.           0.1916       0.05649601]
 [ 93.           0.18020001   0.05842687]
 [ 94.           0.19500001   0.03768952]
 [ 95.           0.19340001   0.0288236 ]
 [ 96.           0.1952       0.02756265]
 [ 97.           0.20680001   0.03609987]
 [ 98.           0.2066       0.0568753 ]
 [ 99.           0.1988       0.08121391]
 [100.           0.18120001   0.07449966]
 [101.           0.2016       0.05615426]
 [102.           0.22119999   0.02537125]
 [103.           0.2134       0.0252547 ]
 [104.           0.20700002   0.03625604]
 [105.           0.20780002   0.03229086]
 [106.           0.1804       0.05521141]
 [107.           0.1742       0.05900593]
 [108.           0.1986       0.06147194]
 [109.           0.21700001   0.05264029]
 [110.           0.23220001   0.0314277 ]
 [111.           0.23239999   0.02937345]
 [112.           0.23220001   0.03042531]
 [113.           0.2158       0.03504568]
 [114.           0.1842       0.06084981]
 [115.           0.1854       0.04855718]
 [116.           0.2074       0.03053359]
 [117.           0.221        0.03330166]
 [118.           0.23         0.04804685]
 [119.           0.23000002   0.049452  ]
 [120.           0.222        0.03908324]
 [121.           0.21500002   0.04880573]
 [122.           0.2132       0.0494338 ]
 [123.           0.2132       0.04482967]
 [124.           0.2194       0.04108893]
 [125.           0.2192       0.04638642]
 [126.           0.2188       0.04906832]
 [127.           0.2228       0.04970613]
 [128.           0.23179999   0.03951834]
 [129.           0.22940002   0.04160889]
 [130.           0.2106       0.05468363]
 [131.           0.21300001   0.04906119]
 [132.           0.22379999   0.03612064]
 [133.           0.23099999   0.02382226]
 [134.           0.2278       0.03777169]
 [135.           0.22880001   0.04658004]
 [136.           0.24179998   0.05448118]
 [137.           0.221        0.06221736]
 [138.           0.21279998   0.06252759]
 [139.           0.21040002   0.04655427]
 [140.           0.2296       0.03573934]
 [141.           0.24120001   0.03054833]
 [142.           0.23760001   0.05198366]
 [143.           0.22739999   0.04640905]
 [144.           0.21739998   0.05308767]
 [145.           0.21640001   0.05597589]
 [146.           0.2314       0.03844867]
 [147.           0.25439999   0.06557286]
 [148.           0.2364       0.03909348]
 [149.           0.2218       0.02800357]
 [150.           0.2234       0.03066431]
 [151.           0.224        0.03844477]
 [152.           0.22519998   0.0506231 ]
 [153.           0.23480001   0.04057955]
 [154.           0.2422       0.04171571]
 [155.           0.25180003   0.06556448]
 [156.           0.2438       0.03212009]
 [157.           0.223        0.02752272]
 [158.           0.21700001   0.04542576]
 [159.           0.23140001   0.05368705]
 [160.           0.2414       0.04380982]
 [161.           0.23740001   0.04050062]
 [162.           0.2368       0.0406657 ]
 [163.           0.23940001   0.03136559]
 [164.           0.222        0.03504284]
 [165.           0.2346       0.04472471]
 [166.           0.2526       0.04141618]
 [167.           0.249        0.04427189]
 [168.           0.229        0.05657296]
 [169.           0.21820001   0.05247571]
 [170.           0.22160001   0.03599028]
 [171.           0.21100001   0.03146427]
 [172.           0.22360002   0.02218783]
 [173.           0.24099998   0.03573513]
 [174.           0.24679999   0.0343686 ]
 [175.           0.24299999   0.03327911]
 [176.           0.24080001   0.03137993]
 [177.           0.24060002   0.03210607]
 [178.           0.22340003   0.0470776 ]
 [179.           0.228        0.041503  ]
 [180.           0.23379998   0.04078849]
 [181.           0.255        0.02272663]
 [182.           0.24699998   0.02253886]
 [183.           0.2354       0.02869321]
 [184.           0.24300002   0.05931695]
 [185.           0.2576       0.08484279]
 [186.           0.2552       0.07139818]
 [187.           0.2362       0.03651985]
 [188.           0.22720002   0.02614766]
 [189.           0.2292       0.02364742]
 [190.           0.23979998   0.02647073]
 [191.           0.2628       0.03714431]
 [192.           0.27220002   0.05683485]
 [193.           0.25460002   0.05611863]
 [194.           0.2204       0.05027723]
 [195.           0.21180001   0.01553062]
 [196.           0.22199999   0.01858763]
 [197.           0.2382       0.03832361]
 [198.           0.2516       0.04178875]
 [199.           0.252        0.07490995]
 [200.           0.2392       0.07843595]
 [201.           0.234        0.06578754]
 [202.           0.23400001   0.03074085]
 [203.           0.23020001   0.02164948]
 [204.           0.23900001   0.04469341]
 [205.           0.2586       0.08554999]
 [206.           0.2684       0.07042939]
 [207.           0.24720001   0.05605534]
 [208.           0.23080002   0.06330246]
 [209.           0.23240001   0.05208454]
 [210.           0.249        0.01707337]
 [211.           0.2604       0.03443545]
 [212.           0.2506       0.04025295]
 [213.           0.256        0.04725462]
 [214.           0.24800001   0.05024938]
 [215.           0.2376       0.04238277]
 [216.           0.24320002   0.0588702 ]
 [217.           0.2572       0.03808806]
 [218.           0.25419998   0.02515353]
 [219.           0.23580001   0.0292438 ]
 [220.           0.2256       0.02565736]
 [221.           0.23179999   0.03315419]
 [222.           0.24080001   0.04691162]
 [223.           0.24640003   0.0661914 ]
 [224.           0.258        0.06718259]
 [225.           0.2638       0.06391948]
 [226.           0.262        0.05370754]
 [227.           0.25500003   0.04333013]
 [228.           0.255        0.03830796]
 [229.           0.2592       0.04251118]
 [230.           0.2522       0.03084153]
 [231.           0.2494       0.03054995]
 [232.           0.25820002   0.04517964]
 [233.           0.2624       0.05724771]
 [234.           0.25120002   0.0485716 ]
 [235.           0.24679999   0.03313156]
 [236.           0.24200001   0.01788854]
 [237.           0.23380001   0.02463128]
 [238.           0.2486       0.03648698]
 [239.           0.2686       0.08096481]
 [240.           0.2606       0.07152831]
 [241.           0.24460001   0.07799871]
 [242.           0.228        0.06629103]
 [243.           0.2364       0.04221138]
 [244.           0.2574       0.04022811]
 [245.           0.24899998   0.04597281]
 [246.           0.264        0.06171305]
 [247.           0.27220002   0.06817404]
 [248.           0.27519998   0.08284745]
 [249.           0.2596       0.08398393]
 [250.           0.24660002   0.07135335]
 [251.           0.26340002   0.0484902 ]
 [252.           0.26700002   0.03615937]
 [253.           0.2638       0.03212009]
 [254.           0.25620002   0.04457802]
 [255.           0.2526       0.06703954]
 [256.           0.2462       0.06502846]
 [257.           0.246        0.04534314]
 [258.           0.2558       0.03378906]
 [259.           0.277        0.05136146]
 [260.           0.2946       0.0682151 ]
 [261.           0.26500002   0.03946518]
 [262.           0.257        0.0453762 ]
 [263.           0.2566       0.05554548]
 [264.           0.25480002   0.0578766 ]
 [265.           0.2592       0.05547702]
 [266.           0.26040003   0.04531886]
 [267.           0.271        0.05337135]
 [268.           0.2528       0.03867428]
 [269.           0.2498       0.04697552]
 [270.           0.262        0.0698892 ]
 [271.           0.287        0.11016352]
 [272.           0.29239997   0.10569201]
 [273.           0.2852       0.07517114]
 [274.           0.27040002   0.04213431]
 [275.           0.254        0.02929163]
 [276.           0.246        0.02791952]
 [277.           0.2528       0.05058853]
 [278.           0.2752       0.06770302]
 [279.           0.2926       0.07309103]
 [280.           0.28840002   0.05892623]
 [281.           0.25620005   0.04506885]
 [282.           0.25820002   0.04878217]
 [283.           0.26900002   0.0365445 ]
 [284.           0.2552       0.05426509]
 [285.           0.2436       0.06385374]
 [286.           0.23099999   0.07165542]
 [287.           0.2566       0.07797628]
 [288.           0.2794       0.07042938]
 [289.           0.28260002   0.08266076]
 [290.           0.2844       0.10811475]
 [291.           0.2768       0.09324805]
 [292.           0.2728       0.07009422]
 [293.           0.27620003   0.0621104 ]
 [294.           0.2764       0.0388111 ]
 [295.           0.27040002   0.04390103]
 [296.           0.25840002   0.07671897]
 [297.           0.2536       0.07337096]
 [298.           0.24919999   0.03670421]
 [299.           0.2524       0.0445511 ]
 [300.           0.24560001   0.05114979]
 [301.           0.259        0.06092208]
 [302.           0.2572       0.05526029]
 [303.           0.257        0.07330075]
 [304.           0.2504       0.06840175]
 [305.           0.25360003   0.0515199 ]
 [306.           0.253        0.04962358]
 [307.           0.2624       0.05172331]
 [308.           0.2928       0.05025137]
 [309.           0.3076       0.05319117]
 [310.           0.294        0.06860393]
 [311.           0.259        0.0873842 ]
 [312.           0.2494       0.09360182]
 [313.           0.2536       0.0720125 ]
 [314.           0.26659998   0.0626123 ]
 [315.           0.2732       0.04626229]
 [316.           0.2818       0.04025171]
 [317.           0.2894       0.03870142]
 [318.           0.2854       0.06450814]
 [319.           0.265        0.10776827]
 [320.           0.26220003   0.10457151]
 [321.           0.27140003   0.08576305]
 [322.           0.26659998   0.05861143]
 [323.           0.24840002   0.03930394]
 [324.           0.2622       0.04212718]
 [325.           0.2796       0.05189702]
 [326.           0.2778       0.05611328]
 [327.           0.2678       0.04683694]
 [328.           0.26880002   0.05445825]
 [329.           0.2816       0.0691144 ]
 [330.           0.2712       0.0519875 ]
 [331.           0.264        0.0456837 ]
 [332.           0.26700002   0.06153454]
 [333.           0.2664       0.06050868]
 [334.           0.2486       0.03931031]
 [335.           0.23379998   0.0550518 ]
 [336.           0.24560001   0.08201098]
 [337.           0.26799998   0.07857481]
 [338.           0.2926       0.0529462 ]
 [339.           0.2916       0.05120351]
 [340.           0.2836       0.05142276]
 [341.           0.2462       0.03308625]
 [342.           0.2356       0.04325274]
 [343.           0.24639998   0.0719743 ]
 [344.           0.2718       0.06495922]
 [345.           0.2888       0.05912868]
 [346.           0.2898       0.06414982]
 [347.           0.2802       0.06835715]
 [348.           0.26040003   0.04250059]
 [349.           0.25280002   0.02286264]
 [350.           0.2574       0.03149285]
 [351.           0.2766       0.06796911]
 [352.           0.2688       0.07127903]
 [353.           0.2572       0.05835838]
 [354.           0.25419998   0.06507073]
 [355.           0.252        0.05641365]
 [356.           0.2488       0.04566947]
 [357.           0.272        0.04202975]
 [358.           0.2988       0.09220738]
 [359.           0.2836       0.12133136]
 [360.           0.2672       0.09916753]
 [361.           0.2402       0.07104012]
 [362.           0.249        0.07061516]
 [363.           0.2652       0.07832433]
 [364.           0.2816       0.0744231 ]
 [365.           0.29659998   0.07157025]
 [366.           0.31         0.0636671 ]
 [367.           0.30420002   0.06267934]
 [368.           0.2554       0.07534455]
 [369.           0.2336       0.06685283]
 [370.           0.2414       0.07501534]
 [371.           0.25320002   0.07831155]
 [372.           0.2694       0.06223584]
 [373.           0.2782       0.05947856]
 [374.           0.276        0.05922416]
 [375.           0.27040002   0.05225705]
 [376.           0.2534       0.06660555]
 [377.           0.24780002   0.0946953 ]
 [378.           0.24759999   0.0958817 ]
 [379.           0.2624       0.09226484]
 [380.           0.261        0.0823529 ]
 [381.           0.26700002   0.07092603]
 [382.           0.27         0.06742403]
 [383.           0.27199998   0.05839092]
 [384.           0.271        0.04651344]
 [385.           0.2752       0.05422822]
 [386.           0.27760002   0.05615426]
 [387.           0.276        0.054461  ]
 [388.           0.28200004   0.07274269]
 [389.           0.28660002   0.08326045]
 [390.           0.284        0.07982794]
 [391.           0.2874       0.08046614]
 [392.           0.2926       0.07730653]
 [393.           0.2908       0.07947452]
 [394.           0.2916       0.07261749]
 [395.           0.273        0.06487681]
 [396.           0.24660002   0.06485214]
 [397.           0.244        0.0777721 ]
 [398.           0.256        0.08593894]
 [399.           0.2712       0.07718938]
 [400.           0.2768       0.05963807]]
Dataset       :Computers
Model         :GCN
Conden ratio  :1.0
GC            :1
LearnA        :1
Max Test Accuracy:
0.457
Best Result: Epoch   Acc  Std.
               366 0.3100  0.0637
