Set seed
Model SGC
--------------------------------------------------
The 1th iteration:
--------------------------------------------------
--------------------------------------------------
The 2th iteration:
--------------------------------------------------
--------------------------------------------------
The 3th iteration:
--------------------------------------------------
--------------------------------------------------
The 4th iteration:
--------------------------------------------------
--------------------------------------------------
The 5th iteration:
--------------------------------------------------
[[  1.           0.1526       0.05426141]
 [  2.           0.1938       0.0529783 ]
 [  3.           0.23660003   0.04827837]
 [  4.           0.28480002   0.05564351]
 [  5.           0.3426       0.08240327]
 [  6.           0.40600005   0.10219589]
 [  7.           0.45520002   0.10850438]
 [  8.           0.4948       0.10730191]
 [  9.           0.5314       0.09947513]
 [ 10.           0.56020004   0.0895416 ]
 [ 11.           0.5834       0.08467467]
 [ 12.           0.601        0.07687651]
 [ 13.           0.6164       0.06638749]
 [ 14.           0.6268       0.05966742]
 [ 15.           0.6398       0.0536442 ]
 [ 16.           0.64820004   0.04772527]
 [ 17.           0.6578       0.04262276]
 [ 18.           0.6666       0.03632217]
 [ 19.           0.6724       0.0336125 ]
 [ 20.           0.6804       0.0312298 ]
 [ 21.           0.68520004   0.03057285]
 [ 22.           0.68880004   0.02996164]
 [ 23.           0.6928       0.02589788]
 [ 24.           0.6978       0.02418059]
 [ 25.           0.7032       0.02236515]
 [ 26.           0.70680004   0.02100477]
 [ 27.           0.7112       0.01879362]
 [ 28.           0.7138       0.01863331]
 [ 29.           0.7164       0.01752998]
 [ 30.           0.7198       0.01690267]
 [ 31.           0.72220004   0.01672424]
 [ 32.           0.7246       0.01633403]
 [ 33.           0.7264       0.01501   ]
 [ 34.           0.727        0.01332292]
 [ 35.           0.72760004   0.01262142]
 [ 36.           0.7298       0.01098637]
 [ 37.           0.7318       0.01063956]
 [ 38.           0.733        0.00953939]
 [ 39.           0.7344       0.00782945]
 [ 40.           0.73620003   0.00749666]
 [ 41.           0.7368       0.00840834]
 [ 42.           0.73780006   0.0088713 ]
 [ 43.           0.7382       0.00825833]
 [ 44.           0.739        0.00724568]
 [ 45.           0.73980004   0.00609921]
 [ 46.           0.7406       0.0050299 ]
 [ 47.           0.7408       0.00414728]
 [ 48.           0.74200004   0.00469042]
 [ 49.           0.7428       0.00531036]
 [ 50.           0.7428       0.00571839]
 [ 51.           0.74439996   0.00618868]
 [ 52.           0.74439996   0.0057706 ]
 [ 53.           0.7456       0.00598331]
 [ 54.           0.7462       0.00544978]
 [ 55.           0.74660003   0.00502992]
 [ 56.           0.74780005   0.00549543]
 [ 57.           0.7482       0.00584807]
 [ 58.           0.749        0.00608277]
 [ 59.           0.7506       0.00602495]
 [ 60.           0.7526       0.00602497]
 [ 61.           0.7532       0.00580516]
 [ 62.           0.75380003   0.00549547]
 [ 63.           0.754        0.0046904 ]
 [ 64.           0.7548       0.00465832]
 [ 65.           0.757        0.0045277 ]
 [ 66.           0.75780004   0.00535724]
 [ 67.           0.7598       0.00432434]
 [ 68.           0.7604       0.004219  ]
 [ 69.           0.76019996   0.00414728]
 [ 70.           0.7608       0.00496991]
 [ 71.           0.7608       0.0054037 ]
 [ 72.           0.7616       0.00517686]
 [ 73.           0.7622       0.00521535]
 [ 74.           0.7624       0.00541294]
 [ 75.           0.76280004   0.00580517]
 [ 76.           0.76280004   0.00593296]
 [ 77.           0.7634       0.00687749]
 [ 78.           0.7644       0.0068044 ]
 [ 79.           0.76420003   0.0063008 ]
 [ 80.           0.7636       0.00673052]
 [ 81.           0.7634       0.00602495]
 [ 82.           0.7646       0.0057706 ]
 [ 83.           0.7646       0.0056833 ]
 [ 84.           0.7644       0.00512835]
 [ 85.           0.7652       0.00501998]
 [ 86.           0.7656       0.00378152]
 [ 87.           0.7658       0.00311447]
 [ 88.           0.76600003   0.00374167]
 [ 89.           0.7658       0.00258842]
 [ 90.           0.765        0.00244946]
 [ 91.           0.7658       0.00303313]
 [ 92.           0.7666001    0.00230217]
 [ 93.           0.76739997   0.00207367]
 [ 94.           0.7672       0.00130383]
 [ 95.           0.7676       0.00151658]
 [ 96.           0.7672       0.00178884]
 [ 97.           0.76699996   0.00234523]
 [ 98.           0.7676       0.00313051]
 [ 99.           0.76879996   0.00311448]
 [100.           0.76879996   0.00356369]
 [101.           0.76820004   0.00349286]
 [102.           0.77000004   0.00353553]
 [103.           0.7706       0.00466905]
 [104.           0.77000004   0.00469042]
 [105.           0.7702       0.00465834]
 [106.           0.7698       0.00511861]
 [107.           0.77000004   0.0048477 ]
 [108.           0.7706       0.00439319]
 [109.           0.77         0.00484768]
 [110.           0.76940006   0.00512835]
 [111.           0.7702       0.00580516]
 [112.           0.77000004   0.00591607]
 [113.           0.7706       0.00563914]
 [114.           0.7702       0.00526307]
 [115.           0.77019995   0.00576193]
 [116.           0.77019995   0.00614003]
 [117.           0.77080005   0.00526306]
 [118.           0.7710001    0.00570089]
 [119.           0.771        0.00578793]
 [120.           0.7706       0.00610738]
 [121.           0.7704       0.00568331]
 [122.           0.77140003   0.00568331]
 [123.           0.7716       0.00610736]
 [124.           0.772        0.006     ]
 [125.           0.77220005   0.00580516]
 [126.           0.7724       0.00550455]
 [127.           0.77279997   0.00540369]
 [128.           0.77279997   0.00540369]
 [129.           0.773        0.00538517]
 [130.           0.7732       0.00535725]
 [131.           0.77320004   0.00460436]
 [132.           0.77299994   0.00474342]
 [133.           0.77299994   0.00474342]
 [134.           0.7734       0.00497995]
 [135.           0.77400005   0.00469042]
 [136.           0.77400005   0.00469042]
 [137.           0.77360004   0.00497997]
 [138.           0.77400005   0.00509901]
 [139.           0.7734       0.004827  ]
 [140.           0.77400005   0.00452771]
 [141.           0.7742       0.00496991]
 [142.           0.7744       0.004827  ]
 [143.           0.7752       0.00496989]
 [144.           0.7756       0.0053198 ]
 [145.           0.7756       0.00531978]
 [146.           0.77580005   0.00526307]
 [147.           0.7762       0.00580517]
 [148.           0.7758       0.0054037 ]
 [149.           0.776        0.00538518]
 [150.           0.7762       0.00580517]
 [151.           0.776        0.00570086]
 [152.           0.7758       0.00521538]
 [153.           0.77559996   0.00477493]
 [154.           0.77599996   0.00463683]
 [155.           0.7764       0.00450553]
 [156.           0.7768       0.00443848]
 [157.           0.777        0.00484771]
 [158.           0.7776       0.00450554]
 [159.           0.7774       0.00397491]
 [160.           0.7772       0.00349283]
 [161.           0.778        0.00324037]
 [162.           0.7782       0.00319373]
 [163.           0.7778       0.00286355]
 [164.           0.7778       0.00286355]
 [165.           0.7778       0.00294958]
 [166.           0.77800006   0.0025495 ]
 [167.           0.77800006   0.0025495 ]
 [168.           0.7778       0.00248997]
 [169.           0.7778       0.00248997]
 [170.           0.77820003   0.00294956]
 [171.           0.778        0.00291545]
 [172.           0.778        0.00353553]
 [173.           0.77820003   0.00349286]
 [174.           0.77820003   0.00349286]
 [175.           0.7786       0.00350714]
 [176.           0.77879995   0.00334665]
 [177.           0.779        0.00324037]
 [178.           0.7794       0.00320936]
 [179.           0.7794       0.00320936]
 [180.           0.7796       0.00313053]
 [181.           0.7798       0.00349288]
 [182.           0.7796       0.00350716]
 [183.           0.7796       0.00350716]
 [184.           0.77959996   0.00336157]
 [185.           0.77959996   0.00336157]
 [186.           0.77959996   0.00336157]
 [187.           0.7798       0.0031145 ]
 [188.           0.7798       0.00334666]
 [189.           0.7802       0.00389876]
 [190.           0.78019994   0.00432436]
 [191.           0.78040004   0.00403731]
 [192.           0.7810001    0.00452769]
 [193.           0.78120005   0.00432436]
 [194.           0.7818       0.00443848]
 [195.           0.7816       0.00427788]
 [196.           0.7816       0.00439321]
 [197.           0.7814       0.00403735]
 [198.           0.7818       0.00319373]
 [199.           0.78139997   0.00343511]
 [200.           0.7818       0.00319373]
 [201.           0.78160006   0.00240833]
 [202.           0.782        0.002     ]
 [203.           0.78220004   0.00228037]
 [204.           0.7824001    0.00251001]
 [205.           0.78260005   0.00230218]
 [206.           0.78260005   0.00279289]
 [207.           0.78300005   0.00234524]
 [208.           0.78260005   0.00270189]
 [209.           0.7824001    0.002881  ]
 [210.           0.7824001    0.002881  ]
 [211.           0.783        0.00300003]
 [212.           0.78319997   0.0032711 ]
 [213.           0.783        0.00308224]
 [214.           0.7834       0.00270184]
 [215.           0.7834       0.00270184]
 [216.           0.78319997   0.00258845]
 [217.           0.783        0.00264575]
 [218.           0.783        0.00264575]
 [219.           0.783        0.00264575]
 [220.           0.7834       0.00313048]
 [221.           0.78360003   0.00328634]
 [222.           0.78360003   0.00328634]
 [223.           0.7842       0.00268326]
 [224.           0.78400004   0.00234517]
 [225.           0.78400004   0.00199999]
 [226.           0.78400004   0.00199999]
 [227.           0.78400004   0.00158116]
 [228.           0.7838       0.00148323]
 [229.           0.78400004   0.00141424]
 [230.           0.7838       0.00130384]
 [231.           0.78400004   0.00173205]
 [232.           0.78400004   0.00187082]
 [233.           0.7842       0.00164318]
 [234.           0.78380007   0.00192353]
 [235.           0.78400004   0.00187082]
 [236.           0.78380007   0.00192353]
 [237.           0.7842       0.00164318]
 [238.           0.7844       0.0015166 ]
 [239.           0.78459996   0.00151659]
 [240.           0.7848       0.00164319]
 [241.           0.7848       0.00130388]
 [242.           0.7846       0.0015166 ]
 [243.           0.785        0.00122474]
 [244.           0.785        0.00122474]
 [245.           0.7848       0.00130388]
 [246.           0.78540003   0.00089443]
 [247.           0.7858       0.00148323]
 [248.           0.786        0.00187082]
 [249.           0.7866       0.00194938]
 [250.           0.7866       0.00194938]
 [251.           0.78639996   0.00167334]
 [252.           0.78660005   0.00167332]
 [253.           0.7864       0.00151658]
 [254.           0.78660005   0.00114016]
 [255.           0.7868       0.00148323]
 [256.           0.78660005   0.00181659]
 [257.           0.78660005   0.00181659]
 [258.           0.7862       0.00248998]
 [259.           0.7868       0.00277489]
 [260.           0.7868       0.00277489]
 [261.           0.7868       0.00277489]
 [262.           0.7868       0.00277487]
 [263.           0.787        0.00291545]
 [264.           0.7872       0.00294956]
 [265.           0.7872       0.00248997]
 [266.           0.7872       0.00248997]
 [267.           0.7878       0.00130383]
 [268.           0.7878       0.00130383]
 [269.           0.788        0.00122472]
 [270.           0.788        0.00122472]
 [271.           0.7884       0.00151658]
 [272.           0.7884       0.00151658]
 [273.           0.7884       0.00114017]
 [274.           0.7884       0.00114017]
 [275.           0.7888       0.00130384]
 [276.           0.7888       0.00130384]
 [277.           0.7886       0.00134165]
 [278.           0.7884       0.00151658]
 [279.           0.7886       0.00134165]
 [280.           0.7888       0.00130385]
 [281.           0.7888       0.00130385]
 [282.           0.7888       0.00130385]
 [283.           0.7888       0.00148325]
 [284.           0.7886       0.00167333]
 [285.           0.7882       0.00192354]
 [286.           0.7884       0.00230216]
 [287.           0.7884       0.00230216]
 [288.           0.7884       0.00230216]
 [289.           0.7884       0.00230216]
 [290.           0.78859997   0.00219087]
 [291.           0.78859997   0.00219087]
 [292.           0.78859997   0.00219087]
 [293.           0.7884       0.00219088]
 [294.           0.78800005   0.00187083]
 [295.           0.7878       0.00192355]
 [296.           0.7878       0.00192355]
 [297.           0.78800005   0.00173207]
 [298.           0.78800005   0.00223607]
 [299.           0.78800005   0.00223607]
 [300.           0.78800005   0.00223607]
 [301.           0.7884       0.00207362]
 [302.           0.7882       0.00228034]
 [303.           0.7882       0.00228034]
 [304.           0.78800005   0.00254949]
 [305.           0.7878       0.00216794]
 [306.           0.78800005   0.00223604]
 [307.           0.78800005   0.00254953]
 [308.           0.7878       0.00238745]
 [309.           0.7876       0.00240829]
 [310.           0.7876       0.00240829]
 [311.           0.7876       0.00240829]
 [312.           0.7876       0.00240829]
 [313.           0.7874       0.00230216]
 [314.           0.7874       0.00230216]
 [315.           0.7874       0.00230216]
 [316.           0.7874       0.00230216]
 [317.           0.7872       0.00258845]
 [318.           0.7874       0.00260768]
 [319.           0.7874       0.00260768]
 [320.           0.787        0.00254953]
 [321.           0.787        0.00254953]
 [322.           0.7872       0.00294958]
 [323.           0.7872       0.00319375]
 [324.           0.7868       0.00356371]
 [325.           0.787        0.00324036]
 [326.           0.7872       0.00327109]
 [327.           0.7872       0.00327109]
 [328.           0.787        0.00324036]
 [329.           0.7868       0.00286357]
 [330.           0.787        0.00282845]
 [331.           0.7868       0.00286357]
 [332.           0.7868       0.00286357]
 [333.           0.7868       0.00286357]
 [334.           0.7868       0.00286357]
 [335.           0.7868       0.00286357]
 [336.           0.7868       0.00286357]
 [337.           0.78720003   0.00258845]
 [338.           0.7874       0.00260768]
 [339.           0.7874       0.00260768]
 [340.           0.7874       0.00260768]
 [341.           0.7874       0.00260768]
 [342.           0.7874       0.00260768]
 [343.           0.7874       0.00260768]
 [344.           0.7876       0.00251   ]
 [345.           0.7878       0.00216794]
 [346.           0.78800005   0.00212131]
 [347.           0.78800005   0.00212131]
 [348.           0.78800005   0.00212131]
 [349.           0.78800005   0.00254949]
 [350.           0.7882       0.00248996]
 [351.           0.7878       0.00178886]
 [352.           0.78760004   0.00181659]
 [353.           0.7872       0.00192354]
 [354.           0.78760004   0.00219089]
 [355.           0.78760004   0.00219089]
 [356.           0.78760004   0.00219089]
 [357.           0.78800005   0.00244949]
 [358.           0.78800005   0.00244949]
 [359.           0.7882001    0.00238748]
 [360.           0.78800005   0.00223606]
 [361.           0.78800005   0.00223606]
 [362.           0.78760004   0.00194935]
 [363.           0.78760004   0.00194935]
 [364.           0.78760004   0.00194935]
 [365.           0.78760004   0.00194935]
 [366.           0.78740007   0.00207364]
 [367.           0.78740007   0.00207364]
 [368.           0.78740007   0.00207364]
 [369.           0.7872       0.00238747]
 [370.           0.7868       0.00286356]
 [371.           0.7868       0.00286356]
 [372.           0.78660005   0.00288098]
 [373.           0.78660005   0.00288098]
 [374.           0.78660005   0.00288098]
 [375.           0.7868       0.00258844]
 [376.           0.78700006   0.0023452 ]
 [377.           0.78700006   0.0023452 ]
 [378.           0.78720003   0.00268327]
 [379.           0.787        0.0025495 ]
 [380.           0.78700006   0.00291548]
 [381.           0.78700006   0.00291548]
 [382.           0.78700006   0.00291548]
 [383.           0.7868       0.00319374]
 [384.           0.7868       0.00319374]
 [385.           0.78660005   0.00288098]
 [386.           0.78660005   0.00288098]
 [387.           0.78660005   0.00288098]
 [388.           0.78660005   0.00288098]
 [389.           0.78660005   0.00288098]
 [390.           0.7868       0.00311449]
 [391.           0.7868       0.00311449]
 [392.           0.7868       0.00311449]
 [393.           0.7868       0.00311449]
 [394.           0.7868       0.00311449]
 [395.           0.7868       0.00311449]
 [396.           0.787        0.00282843]
 [397.           0.787        0.00282843]
 [398.           0.787        0.00282843]
 [399.           0.787        0.00282843]
 [400.           0.7868       0.00311449]]
Dataset       :Cora
Model         :SGC
Conden ratio  :1.0
GC            :5
LearnA        :0
Max Test Accuracy:
0.792
Best Result: Epoch   Acc  Std.
               275 0.7888  0.0013
