Set seed
Model SAGE
--------------------------------------------------
The 1th iteration:
--------------------------------------------------
--------------------------------------------------
The 2th iteration:
--------------------------------------------------
--------------------------------------------------
The 3th iteration:
--------------------------------------------------
--------------------------------------------------
The 4th iteration:
--------------------------------------------------
--------------------------------------------------
The 5th iteration:
--------------------------------------------------
[[  1.           0.1306       0.1064157 ]
 [  2.           0.13640001   0.10600141]
 [  3.           0.1682       0.1587347 ]
 [  4.           0.2136       0.21001261]
 [  5.           0.24959998   0.22705683]
 [  6.           0.2802       0.22183599]
 [  7.           0.322        0.19812874]
 [  8.           0.3622       0.17724615]
 [  9.           0.4014       0.1676359 ]
 [ 10.           0.43120003   0.16337748]
 [ 11.           0.44919997   0.15842725]
 [ 12.           0.46639997   0.15965837]
 [ 13.           0.478        0.15353663]
 [ 14.           0.48740003   0.152916  ]
 [ 15.           0.49060002   0.14710131]
 [ 16.           0.4928       0.1435695 ]
 [ 17.           0.49320003   0.14023979]
 [ 18.           0.48919997   0.13653277]
 [ 19.           0.4824       0.13371351]
 [ 20.           0.4776       0.12816317]
 [ 21.           0.47480002   0.12326273]
 [ 22.           0.4708       0.11636236]
 [ 23.           0.4708       0.11150874]
 [ 24.           0.46899995   0.09881546]
 [ 25.           0.46940002   0.0929317 ]
 [ 26.           0.46759996   0.08989882]
 [ 27.           0.46820003   0.08743397]
 [ 28.           0.4686       0.09195815]
 [ 29.           0.47200003   0.0946335 ]
 [ 30.           0.4766       0.09435199]
 [ 31.           0.49020004   0.09600366]
 [ 32.           0.50240004   0.10112269]
 [ 33.           0.517        0.10490234]
 [ 34.           0.5264       0.10850254]
 [ 35.           0.53260005   0.11059972]
 [ 36.           0.5344       0.11009677]
 [ 37.           0.5362       0.11145045]
 [ 38.           0.53660005   0.1131848 ]
 [ 39.           0.53580004   0.11076643]
 [ 40.           0.5372       0.10944726]
 [ 41.           0.53859997   0.10601084]
 [ 42.           0.54080003   0.09914232]
 [ 43.           0.5432       0.09028677]
 [ 44.           0.54840004   0.08220279]
 [ 45.           0.55219996   0.07448958]
 [ 46.           0.5578       0.07008707]
 [ 47.           0.5636       0.06791022]
 [ 48.           0.56680006   0.06605075]
 [ 49.           0.5716       0.05804137]
 [ 50.           0.575        0.05282993]
 [ 51.           0.5776       0.04698193]
 [ 52.           0.5784       0.04795102]
 [ 53.           0.5816       0.04976245]
 [ 54.           0.58640003   0.04714128]
 [ 55.           0.59180003   0.04122743]
 [ 56.           0.5974       0.03893967]
 [ 57.           0.59919995   0.03505281]
 [ 58.           0.60059994   0.03247   ]
 [ 59.           0.6024       0.03031997]
 [ 60.           0.605        0.02881841]
 [ 61.           0.6066       0.02843938]
 [ 62.           0.608        0.02800892]
 [ 63.           0.6092       0.028279  ]
 [ 64.           0.6106       0.02751003]
 [ 65.           0.61160004   0.02590947]
 [ 66.           0.61079997   0.02514359]
 [ 67.           0.61140007   0.0242549 ]
 [ 68.           0.614        0.02128377]
 [ 69.           0.6162       0.01817142]
 [ 70.           0.6178       0.01475468]
 [ 71.           0.61800003   0.01341641]
 [ 72.           0.6192       0.01237739]
 [ 73.           0.6194       0.00986409]
 [ 74.           0.62160003   0.00873499]
 [ 75.           0.62280005   0.00941807]
 [ 76.           0.6226       0.00983871]
 [ 77.           0.62280005   0.0094446 ]
 [ 78.           0.62320006   0.0096281 ]
 [ 79.           0.6252       0.00933808]
 [ 80.           0.62560004   0.00867755]
 [ 81.           0.626        0.00812406]
 [ 82.           0.6276       0.00782942]
 [ 83.           0.62700003   0.00821582]
 [ 84.           0.626        0.00768113]
 [ 85.           0.62740004   0.00716241]
 [ 86.           0.6268       0.00637964]
 [ 87.           0.6276       0.00826439]
 [ 88.           0.6266       0.00939681]
 [ 89.           0.6254       0.00887695]
 [ 90.           0.6254       0.00882043]
 [ 91.           0.6254       0.00873496]
 [ 92.           0.62560004   0.00838449]
 [ 93.           0.62600005   0.00874642]
 [ 94.           0.6264       0.00887693]
 [ 95.           0.6264       0.0095551 ]
 [ 96.           0.6268       0.00925743]
 [ 97.           0.62740004   0.00963327]
 [ 98.           0.62820005   0.00957603]
 [ 99.           0.6302       0.01013407]
 [100.           0.6318       0.00920324]
 [101.           0.63199997   0.00953935]
 [102.           0.63220006   0.00949736]
 [103.           0.6332       0.00985901]
 [104.           0.6326       0.0093968 ]
 [105.           0.63219994   0.00923036]
 [106.           0.63280004   0.00906642]
 [107.           0.6326       0.00856153]
 [108.           0.632        0.00842616]
 [109.           0.6322       0.00822803]
 [110.           0.6318       0.00858491]
 [111.           0.631        0.00821586]
 [112.           0.63079995   0.00878634]
 [113.           0.63         0.00951317]
 [114.           0.6302       0.00941808]
 [115.           0.6312       0.00936485]
 [116.           0.631        0.00845575]
 [117.           0.63140005   0.00861974]
 [118.           0.6322       0.00878636]
 [119.           0.63140005   0.00978774]
 [120.           0.6316       0.00955509]
 [121.           0.63140005   0.01078427]
 [122.           0.63220006   0.01063953]
 [123.           0.6322       0.01156287]
 [124.           0.6318       0.01298845]
 [125.           0.63240004   0.012502  ]
 [126.           0.63240004   0.0131263 ]
 [127.           0.6334       0.01248199]
 [128.           0.6332       0.01287246]
 [129.           0.6338       0.01267676]
 [130.           0.6338       0.0115412 ]
 [131.           0.6338       0.01103176]
 [132.           0.6344       0.01076104]
 [133.           0.635        0.0100995 ]
 [134.           0.63560003   0.00996492]
 [135.           0.6354       0.00991463]
 [136.           0.636        0.00964367]
 [137.           0.63600004   0.00951314]
 [138.           0.6362001    0.00887132]
 [139.           0.6354       0.01008959]
 [140.           0.6344       0.00983871]
 [141.           0.63420004   0.00980818]
 [142.           0.63360006   0.0103586 ]
 [143.           0.63420004   0.01068645]
 [144.           0.6346       0.01047855]
 [145.           0.6348       0.01042593]
 [146.           0.6344       0.01050237]
 [147.           0.63479996   0.0101341 ]
 [148.           0.6352       0.00988431]
 [149.           0.6354       0.01031019]
 [150.           0.63519996   0.01066303]
 [151.           0.63560003   0.00981325]
 [152.           0.6372       0.00887129]
 [153.           0.6364       0.00950263]
 [154.           0.63659996   0.00947628]
 [155.           0.6372       0.00867182]
 [156.           0.6366       0.00832465]
 [157.           0.6364       0.00823407]
 [158.           0.6368       0.0093381 ]
 [159.           0.6374       0.00944987]
 [160.           0.6378       0.00944458]
 [161.           0.6378       0.00998499]
 [162.           0.6382       0.01003495]
 [163.           0.6376       0.01059716]
 [164.           0.63740003   0.01026158]
 [165.           0.6374       0.01064424]
 [166.           0.63740003   0.00958122]
 [167.           0.6368       0.00903878]
 [168.           0.6368       0.0090388 ]
 [169.           0.6378       0.0098336 ]
 [170.           0.6372       0.00952367]
 [171.           0.6378       0.00867181]
 [172.           0.638        0.00836659]
 [173.           0.6384       0.00896104]
 [174.           0.6384       0.00976218]
 [175.           0.6388       0.00965402]
 [176.           0.6386       0.00971084]
 [177.           0.63920003   0.00949738]
 [178.           0.6394       0.00912688]
 [179.           0.63920003   0.00852644]
 [180.           0.6388       0.0089833 ]
 [181.           0.6388       0.0089833 ]
 [182.           0.6388       0.00878636]
 [183.           0.63879997   0.00947102]
 [184.           0.6384       0.00991466]
 [185.           0.6384       0.01033442]
 [186.           0.639        0.00992471]
 [187.           0.6388       0.01003494]
 [188.           0.63900006   0.00987423]
 [189.           0.63960004   0.00928979]
 [190.           0.6396       0.00976219]
 [191.           0.64000005   0.00927363]
 [192.           0.64000005   0.00927363]
 [193.           0.6398       0.00941808]
 [194.           0.6394       0.00976216]
 [195.           0.6394       0.00991464]
 [196.           0.6394       0.00991464]
 [197.           0.63920003   0.01025672]
 [198.           0.63920003   0.01013411]
 [199.           0.6398       0.0102567 ]
 [200.           0.63900006   0.00868909]
 [201.           0.63960004   0.00928979]
 [202.           0.6384       0.00884875]
 [203.           0.6396       0.01016366]
 [204.           0.6386       0.00873501]
 [205.           0.6398       0.01013412]
 [206.           0.6402       0.01056884]
 [207.           0.63900006   0.00972111]
 [208.           0.6396       0.01064425]
 [209.           0.63900006   0.00883179]
 [210.           0.6398       0.00947102]
 [211.           0.64040005   0.00934343]
 [212.           0.63900006   0.00751664]
 [213.           0.6398       0.00858484]
 [214.           0.6398       0.0090388 ]
 [215.           0.6398       0.0096799 ]
 [216.           0.6396       0.01050237]
 [217.           0.63900006   0.00930053]
 [218.           0.64         0.01002497]
 [219.           0.64         0.01002497]
 [220.           0.63900006   0.00927361]
 [221.           0.6398       0.01030534]
 [222.           0.64000005   0.01048809]
 [223.           0.6396       0.01013903]
 [224.           0.6394       0.01016366]
 [225.           0.6394       0.01016366]
 [226.           0.63920003   0.01015875]
 [227.           0.6394       0.01035857]
 [228.           0.6394       0.01045468]
 [229.           0.63920003   0.01028106]
 [230.           0.63900006   0.00997499]
 [231.           0.6398       0.01023231]
 [232.           0.6396       0.0103102 ]
 [233.           0.6396       0.01021275]
 [234.           0.6394       0.00991464]
 [235.           0.63920003   0.00978265]
 [236.           0.63920003   0.00978265]
 [237.           0.63920003   0.00978265]
 [238.           0.63920003   0.00978265]
 [239.           0.6384       0.00952891]
 [240.           0.6388001    0.00954988]
 [241.           0.6382       0.00985902]
 [242.           0.6388       0.00889944]
 [243.           0.6384       0.00952891]
 [244.           0.63920003   0.00903881]
 [245.           0.6388       0.00967988]
 [246.           0.63920003   0.00925743]
 [247.           0.6394       0.00963329]
 [248.           0.6394       0.00918152]
 [249.           0.63920003   0.00912143]
 [250.           0.63900006   0.00946046]
 [251.           0.6396       0.00909947]
 [252.           0.6394       0.00907194]
 [253.           0.6396       0.00939681]
 [254.           0.6398       0.00936484]
 [255.           0.6398       0.00923041]
 [256.           0.6398       0.00936484]
 [257.           0.6394       0.00907194]
 [258.           0.6396       0.00920871]
 [259.           0.6398       0.00936484]
 [260.           0.6396       0.00909947]
 [261.           0.6398       0.00923041]
 [262.           0.64         0.00938086]
 [263.           0.64         0.00938086]
 [264.           0.64         0.00911046]
 [265.           0.64         0.00911046]
 [266.           0.6396       0.00887696]
 [267.           0.6398       0.00898333]
 [268.           0.64000005   0.00845575]
 [269.           0.6402       0.00875784]
 [270.           0.6398       0.00831863]
 [271.           0.64000005   0.00845575]
 [272.           0.6402001    0.00861392]
 [273.           0.6402001    0.00861392]
 [274.           0.6398       0.00831863]
 [275.           0.64000005   0.00833666]
 [276.           0.64040005   0.0086487 ]
 [277.           0.64         0.00781024]
 [278.           0.6402       0.00849706]
 [279.           0.6402       0.00798124]
 [280.           0.64040005   0.0086487 ]
 [281.           0.6402       0.00775887]
 [282.           0.6402       0.00810555]
 [283.           0.64000005   0.00751666]
 [284.           0.64000005   0.00796868]
 [285.           0.64100003   0.00845578]
 [286.           0.6402001    0.00846759]
 [287.           0.6412       0.00834867]
 [288.           0.6402001    0.00801248]
 [289.           0.64140004   0.00850295]
 [290.           0.6406       0.00829457]
 [291.           0.64040005   0.00750331]
 [292.           0.64040005   0.00835463]
 [293.           0.64040005   0.00801874]
 [294.           0.6416001    0.00789304]
 [295.           0.64040005   0.00814248]
 [296.           0.64100003   0.00734847]
 [297.           0.6408       0.00831866]
 [298.           0.6402       0.00759605]
 [299.           0.6404       0.00847349]
 [300.           0.64000005   0.00731437]
 [301.           0.64040005   0.00838452]
 [302.           0.641        0.00771361]
 [303.           0.64000005   0.00921956]
 [304.           0.641        0.00748331]
 [305.           0.64080006   0.00825833]
 [306.           0.6412       0.00785492]
 [307.           0.6412       0.00822801]
 [308.           0.64         0.00815475]
 [309.           0.641        0.00748331]
 [310.           0.6398       0.00933809]
 [311.           0.6406       0.00756968]
 [312.           0.64         0.01007471]
 [313.           0.6406       0.0079561 ]
 [314.           0.64         0.00989948]
 [315.           0.6406       0.00907197]
 [316.           0.64         0.00913783]
 [317.           0.6402001    0.00983362]
 [318.           0.6396       0.0095551 ]
 [319.           0.64040005   0.00993983]
 [320.           0.63920003   0.00952365]
 [321.           0.6396       0.00926283]
 [322.           0.639        0.00943398]
 [323.           0.6404       0.0092087 ]
 [324.           0.64019996   0.00920326]
 [325.           0.6396       0.00986406]
 [326.           0.6402001    0.00985901]
 [327.           0.6394       0.00928978]
 [328.           0.6402       0.01003493]
 [329.           0.6396       0.00920868]
 [330.           0.6398       0.00947099]
 [331.           0.6398       0.01003495]
 [332.           0.6394       0.00947629]
 [333.           0.64000005   0.00966955]
 [334.           0.6396       0.00958125]
 [335.           0.6398       0.00936483]
 [336.           0.6396       0.00996494]
 [337.           0.6396       0.01021274]
 [338.           0.6396       0.00973653]
 [339.           0.6394       0.00993982]
 [340.           0.64000005   0.00974681]
 [341.           0.6398       0.009654  ]
 [342.           0.6406       0.00950264]
 [343.           0.6396       0.0095551 ]
 [344.           0.6404       0.00920871]
 [345.           0.6398       0.0101341 ]
 [346.           0.6396       0.00973653]
 [347.           0.6396       0.0100648 ]
 [348.           0.6398       0.00917605]
 [349.           0.6396       0.00976217]
 [350.           0.6396       0.0095551 ]
 [351.           0.64         0.00951317]
 [352.           0.6396       0.00937015]
 [353.           0.64019996   0.00909397]
 [354.           0.6398       0.00965402]
 [355.           0.6398       0.00983361]
 [356.           0.6396       0.00907193]
 [357.           0.6404       0.0098641 ]
 [358.           0.6396       0.0095551 ]
 [359.           0.6406       0.00999001]
 [360.           0.64000005   0.0097724 ]
 [361.           0.64040005   0.01011434]
 [362.           0.6394       0.00928977]
 [363.           0.6402001    0.00936484]
 [364.           0.6398       0.00957601]
 [365.           0.6402001    0.00983362]
 [366.           0.6398       0.00952366]
 [367.           0.64000005   0.00974681]
 [368.           0.64         0.00913785]
 [369.           0.6406       0.00955511]
 [370.           0.6402       0.00889945]
 [371.           0.64040005   0.00944989]
 [372.           0.6398       0.0089833 ]
 [373.           0.64000005   0.01024694]
 [374.           0.6398       0.0089833 ]
 [375.           0.64040005   0.0089889 ]
 [376.           0.64000005   0.00908293]
 [377.           0.64059997   0.0092087 ]
 [378.           0.64040005   0.00944989]
 [379.           0.6402       0.00936481]
 [380.           0.6402001    0.00936484]
 [381.           0.6402       0.00903881]
 [382.           0.6402001    0.00920326]
 [383.           0.64         0.00913785]
 [384.           0.64000005   0.00927362]
 [385.           0.64         0.00913785]
 [386.           0.64040005   0.00950262]
 [387.           0.6402       0.00967985]
 [388.           0.6406       0.00973654]
 [389.           0.6402001    0.00967989]
 [390.           0.64040005   0.01016366]
 [391.           0.6398       0.00965402]
 [392.           0.6408       0.00941808]
 [393.           0.6406       0.00844393]
 [394.           0.641        0.00842613]
 [395.           0.6406       0.00904433]
 [396.           0.6408       0.00816698]
 [397.           0.64000005   0.00994987]
 [398.           0.6408       0.00816698]
 [399.           0.64040005   0.01013903]
 [400.           0.6406       0.00853229]]
Dataset       :Cora
Model         :SAGE
Conden ratio  :0.5
GC            :1
LearnA        :0
Max Test Accuracy:
0.653
Best Result: Epoch   Acc  Std.
               294 0.6416  0.0079
