Set seed
Model Cheby
--------------------------------------------------
The 1th iteration:
--------------------------------------------------
--------------------------------------------------
The 2th iteration:
--------------------------------------------------
--------------------------------------------------
The 3th iteration:
--------------------------------------------------
--------------------------------------------------
The 4th iteration:
--------------------------------------------------
--------------------------------------------------
The 5th iteration:
--------------------------------------------------
[[  1.           0.15033378   0.03783757]
 [  2.           0.2400534    0.0422585 ]
 [  3.           0.29425904   0.04948797]
 [  4.           0.33004007   0.05346416]
 [  5.           0.35834444   0.05202105]
 [  6.           0.38384512   0.04146921]
 [  7.           0.40186915   0.03451663]
 [  8.           0.4128171    0.03170577]
 [  9.           0.41802403   0.02850788]
 [ 10.           0.42416555   0.02465265]
 [ 11.           0.4283044    0.02111317]
 [ 12.           0.4300401    0.01908325]
 [ 13.           0.43177572   0.01706127]
 [ 14.           0.43337783   0.01606581]
 [ 15.           0.43538052   0.01665818]
 [ 16.           0.43684912   0.01843108]
 [ 17.           0.43991992   0.0185059 ]
 [ 18.           0.4421896    0.01977253]
 [ 19.           0.44499332   0.02115535]
 [ 20.           0.44632846   0.02232875]
 [ 21.           0.4502003    0.02461193]
 [ 22.           0.45100138   0.02779233]
 [ 23.           0.4542056    0.03074605]
 [ 24.           0.45674235   0.03317159]
 [ 25.           0.4607477    0.03445653]
 [ 26.           0.46248332   0.03677139]
 [ 27.           0.46568757   0.0391549 ]
 [ 28.           0.46809083   0.03884584]
 [ 29.           0.47102806   0.03974793]
 [ 30.           0.4732977    0.04181431]
 [ 31.           0.47583446   0.04378074]
 [ 32.           0.47757012   0.04718592]
 [ 33.           0.48130843   0.04676709]
 [ 34.           0.48304406   0.04757623]
 [ 35.           0.48558077   0.04879927]
 [ 36.           0.4878505    0.04941138]
 [ 37.           0.49092123   0.04964803]
 [ 38.           0.49198934   0.05033305]
 [ 39.           0.49319097   0.05182581]
 [ 40.           0.4953271    0.05350666]
 [ 41.           0.4971963    0.05538188]
 [ 42.           0.4983979    0.05731006]
 [ 43.           0.49933243   0.05933936]
 [ 44.           0.49959946   0.06011459]
 [ 45.           0.5009346    0.0614852 ]
 [ 46.           0.5021362    0.06267821]
 [ 47.           0.5022697    0.06285784]
 [ 48.           0.505207     0.06302033]
 [ 49.           0.50707614   0.06387407]
 [ 50.           0.5093458    0.0652654 ]
 [ 51.           0.51054734   0.06646366]
 [ 52.           0.5118825    0.06678133]
 [ 53.           0.5128171    0.06720541]
 [ 54.           0.5129506    0.06748037]
 [ 55.           0.5136182    0.06823234]
 [ 56.           0.51481974   0.06832989]
 [ 57.           0.5153538    0.06916224]
 [ 58.           0.5161549    0.07012745]
 [ 59.           0.5164219    0.07188351]
 [ 60.           0.5182911    0.07227608]
 [ 61.           0.5193592    0.07163263]
 [ 62.           0.52149534   0.07338633]
 [ 63.           0.5225634    0.07347434]
 [ 64.           0.52403206   0.07375369]
 [ 65.           0.5252337    0.07334833]
 [ 66.           0.52630174   0.07303051]
 [ 67.           0.5275034    0.07371502]
 [ 68.           0.52897197   0.07458823]
 [ 69.           0.52963954   0.07548939]
 [ 70.           0.53017354   0.07543007]
 [ 71.           0.53137517   0.07498952]
 [ 72.           0.53257674   0.07508364]
 [ 73.           0.53351134   0.07489943]
 [ 74.           0.534713     0.07554458]
 [ 75.           0.53538054   0.07505488]
 [ 76.           0.5356476    0.07442077]
 [ 77.           0.5367156    0.07346462]
 [ 78.           0.5376502    0.07392205]
 [ 79.           0.5384513    0.07425591]
 [ 80.           0.5387183    0.07423397]
 [ 81.           0.53951937   0.0740332 ]
 [ 82.           0.540454     0.0743848 ]
 [ 83.           0.54285717   0.07418803]
 [ 84.           0.5437917    0.07421988]
 [ 85.           0.5448598    0.07375582]
 [ 86.           0.546729     0.07413336]
 [ 87.           0.5477971    0.07443571]
 [ 88.           0.5481976    0.07384637]
 [ 89.           0.5495327    0.07355615]
 [ 90.           0.5504673    0.07263588]
 [ 91.           0.5519359    0.07222334]
 [ 92.           0.5534045    0.07169791]
 [ 93.           0.55460614   0.07118393]
 [ 94.           0.55580777   0.07085952]
 [ 95.           0.5571429    0.07041162]
 [ 96.           0.559012     0.07042263]
 [ 97.           0.5598131    0.07147162]
 [ 98.           0.56048065   0.07256071]
 [ 99.           0.5608812    0.0730653 ]
 [100.           0.5623498    0.07393412]
 [101.           0.56288385   0.07427662]
 [102.           0.564753     0.07476784]
 [103.           0.56608814   0.07616147]
 [104.           0.56728977   0.07634177]
 [105.           0.56875837   0.07662669]
 [106.           0.57036054   0.07750073]
 [107.           0.57116157   0.0780565 ]
 [108.           0.57182914   0.07775189]
 [109.           0.5728972    0.07765838]
 [110.           0.57329774   0.07836958]
 [111.           0.5740988    0.07903717]
 [112.           0.5746328    0.0797282 ]
 [113.           0.57476634   0.07939156]
 [114.           0.5744993    0.0795382 ]
 [115.           0.57436585   0.07893364]
 [116.           0.5755674    0.07858393]
 [117.           0.5755674    0.07856691]
 [118.           0.57596797   0.07792193]
 [119.           0.57663554   0.07793334]
 [120.           0.5771696    0.07796508]
 [121.           0.5774366    0.07808844]
 [122.           0.5779707    0.07782891]
 [123.           0.57837117   0.07754098]
 [124.           0.5785047    0.07782922]
 [125.           0.57917225   0.07809931]
 [126.           0.58024037   0.07840795]
 [127.           0.58077437   0.07848123]
 [128.           0.5814419    0.07866979]
 [129.           0.58251      0.07893784]
 [130.           0.58317757   0.07880083]
 [131.           0.5843792    0.07858847]
 [132.           0.5850467    0.07882061]
 [133.           0.58531374   0.07846191]
 [134.           0.5861148    0.07907519]
 [135.           0.5866489    0.07881469]
 [136.           0.58731645   0.07811472]
 [137.           0.587717     0.07840398]
 [138.           0.5883845    0.07965295]
 [139.           0.5898531    0.07993224]
 [140.           0.5906542    0.07994867]
 [141.           0.59118825   0.07970612]
 [142.           0.5917223    0.07951858]
 [143.           0.59225637   0.07944963]
 [144.           0.59225637   0.07967644]
 [145.           0.5925234    0.07992104]
 [146.           0.59292394   0.08062445]
 [147.           0.593458     0.0809466 ]
 [148.           0.5935915    0.08051104]
 [149.           0.593992     0.08018383]
 [150.           0.594259     0.07998768]
 [151.           0.59465957   0.08041277]
 [152.           0.5953271    0.08027134]
 [153.           0.59612817   0.08037061]
 [154.           0.59692925   0.07985523]
 [155.           0.59706277   0.07989316]
 [156.           0.5973298    0.08016714]
 [157.           0.5973298    0.08087693]
 [158.           0.59773034   0.08092677]
 [159.           0.5981309    0.08091079]
 [160.           0.5981309    0.08065151]
 [161.           0.59773034   0.08067167]
 [162.           0.59773034   0.08082069]
 [163.           0.59773034   0.08089924]
 [164.           0.59786385   0.08070482]
 [165.           0.59786385   0.08061367]
 [166.           0.5983979    0.08044626]
 [167.           0.5985314    0.08029655]
 [168.           0.59893197   0.07985248]
 [169.           0.59933245   0.07928543]
 [170.           0.5990655    0.07966277]
 [171.           0.59879845   0.07961857]
 [172.           0.59893197   0.07947206]
 [173.           0.5990654    0.07941908]
 [174.           0.59919894   0.07892799]
 [175.           0.5990654    0.07881498]
 [176.           0.5986649    0.07874256]
 [177.           0.59919894   0.07828736]
 [178.           0.5986649    0.0786718 ]
 [179.           0.59839785   0.07866784]
 [180.           0.59839785   0.0790662 ]
 [181.           0.5979973    0.07904196]
 [182.           0.59773034   0.07910562]
 [183.           0.5973298    0.08042798]
 [184.           0.5966622    0.08122331]
 [185.           0.5965287    0.08150838]
 [186.           0.5963952    0.08171589]
 [187.           0.5965287    0.08191334]
 [188.           0.5963952    0.08171589]
 [189.           0.5963952    0.08197722]
 [190.           0.5963952    0.08165858]
 [191.           0.5965287    0.08153706]
 [192.           0.5965287    0.0814482 ]
 [193.           0.5963952    0.08165858]
 [194.           0.5963952    0.08152477]
 [195.           0.5963952    0.08152477]
 [196.           0.5962617    0.08173468]
 [197.           0.5966622    0.08133432]
 [198.           0.5966622    0.0811931 ]
 [199.           0.5973298    0.08115332]
 [200.           0.5971963    0.08127841]
 [201.           0.5971963    0.08113299]
 [202.           0.5974633    0.08049249]
 [203.           0.59706277   0.08058462]
 [204.           0.5962617    0.08034897]
 [205.           0.5962617    0.08016575]
 [206.           0.59612817   0.07993276]
 [207.           0.59599465   0.08005866]
 [208.           0.5962617    0.08045567]
 [209.           0.5962617    0.08045567]
 [210.           0.59612817   0.08012212]
 [211.           0.5962617    0.07991941]
 [212.           0.5965287    0.07972847]
 [213.           0.59679574   0.0796899 ]
 [214.           0.59679574   0.07993418]
 [215.           0.5966622    0.0798427 ]
 [216.           0.5966622    0.07992081]
 [217.           0.5963952    0.08025075]
 [218.           0.5962617    0.08023937]
 [219.           0.5963952    0.08011457]
 [220.           0.5965287    0.07985831]
 [221.           0.5965287    0.07972846]
 [222.           0.5963952    0.08004224]
 [223.           0.59612817   0.08035396]
 [224.           0.59612817   0.08067913]
 [225.           0.5963952    0.0808896 ]
 [226.           0.5965287    0.08047535]
 [227.           0.5965287    0.08047535]
 [228.           0.5963952    0.08055697]
 [229.           0.5962617    0.08055531]
 [230.           0.5963952    0.08067859]
 [231.           0.59612817   0.08079781]
 [232.           0.5962617    0.08091544]
 [233.           0.5963952    0.08059292]
 [234.           0.5963952    0.08059292]
 [235.           0.59679574   0.08047173]
 [236.           0.59706277   0.08002416]
 [237.           0.59679574   0.08003028]
 [238.           0.5966622    0.08003501]
 [239.           0.59706277   0.07943306]
 [240.           0.59692925   0.0794398 ]
 [241.           0.59692925   0.0794398 ]
 [242.           0.59692925   0.07932753]
 [243.           0.59706277   0.07920832]
 [244.           0.5971963    0.07889971]
 [245.           0.5971963    0.0785771 ]
 [246.           0.5975968    0.0779548 ]
 [247.           0.5979973    0.07744005]
 [248.           0.5981308    0.07724212]
 [249.           0.5986649    0.07722539]
 [250.           0.59946597   0.07641555]
 [251.           0.5995995    0.07661124]
 [252.           0.59946597   0.07648987]
 [253.           0.5995995    0.07636947]
 [254.           0.5995995    0.0764482 ]
 [255.           0.599733     0.07655189]
 [256.           0.59933245   0.07688125]
 [257.           0.5995995    0.07697394]
 [258.           0.599733     0.07644994]
 [259.           0.6          0.07613572]
 [260.           0.6          0.07613572]
 [261.           0.5998665    0.07601593]
 [262.           0.599733     0.0758516 ]
 [263.           0.5995995    0.07573225]
 [264.           0.5995995    0.07573225]
 [265.           0.599733     0.07553515]
 [266.           0.5995995    0.0756513 ]
 [267.           0.599733     0.07522033]
 [268.           0.599733     0.07495032]
 [269.           0.5998665    0.07507063]
 [270.           0.5998665    0.07507063]
 [271.           0.6          0.07473566]
 [272.           0.6          0.07473566]
 [273.           0.5998665    0.07452398]
 [274.           0.60026705   0.07409488]
 [275.           0.6005341    0.07386477]
 [276.           0.60026705   0.07376791]
 [277.           0.60040057   0.0735716 ]
 [278.           0.60040057   0.0735716 ]
 [279.           0.60026705   0.07345158]
 [280.           0.60026705   0.07345158]
 [281.           0.60026705   0.07385994]
 [282.           0.60026705   0.07385994]
 [283.           0.60013354   0.07396334]
 [284.           0.60013354   0.07396334]
 [285.           0.6          0.07407683]
 [286.           0.60013354   0.07396334]
 [287.           0.6          0.07398503]
 [288.           0.5998665    0.07369265]
 [289.           0.5995995    0.07359855]
 [290.           0.59946597   0.07363123]
 [291.           0.59946597   0.07363123]
 [292.           0.59933245   0.07365604]
 [293.           0.59946597   0.07377484]
 [294.           0.59933245   0.07365604]
 [295.           0.5989319    0.07373767]
 [296.           0.5990654    0.07370925]
 [297.           0.5990654    0.07370925]
 [298.           0.5989319    0.07397149]
 [299.           0.5990654    0.07401695]
 [300.           0.5987984    0.07416342]
 [301.           0.5986649    0.0739489 ]
 [302.           0.5986649    0.0739489 ]
 [303.           0.59853137   0.07382708]
 [304.           0.5987984    0.07416342]
 [305.           0.5987984    0.07416342]
 [306.           0.5986649    0.0742811 ]
 [307.           0.5987984    0.07409278]
 [308.           0.5987984    0.07409278]
 [309.           0.5987984    0.07418747]
 [310.           0.5987984    0.07394981]
 [311.           0.59853137   0.07386177]
 [312.           0.59839785   0.07388137]
 [313.           0.59839785   0.07388137]
 [314.           0.5981308    0.07436745]
 [315.           0.59826434   0.07440099]
 [316.           0.59826434   0.07440099]
 [317.           0.59826434   0.07440099]
 [318.           0.59839785   0.07461811]
 [319.           0.59826434   0.07465214]
 [320.           0.59839785   0.07453445]
 [321.           0.59826434   0.0746402 ]
 [322.           0.59839785   0.07445367]
 [323.           0.59853137   0.07441776]
 [324.           0.5986649    0.07430209]
 [325.           0.59853137   0.0742679 ]
 [326.           0.59853137   0.07433837]
 [327.           0.59853137   0.07433837]
 [328.           0.5986649    0.07422409]
 [329.           0.5986649    0.07422409]
 [330.           0.5986649    0.07422409]
 [331.           0.5983979    0.0744492 ]
 [332.           0.5982644    0.0744878 ]
 [333.           0.5981309    0.07460377]
 [334.           0.59799737   0.07464467]
 [335.           0.59773034   0.07446865]
 [336.           0.59786385   0.07459121]
 [337.           0.59826434   0.07472521]
 [338.           0.5981308    0.07476635]
 [339.           0.59826434   0.07457897]
 [340.           0.59826434   0.07457897]
 [341.           0.59839785   0.07453743]
 [342.           0.5986649    0.07423908]
 [343.           0.5986649    0.07423908]
 [344.           0.5986649    0.07417153]
 [345.           0.59853137   0.07435934]
 [346.           0.59853137   0.07435934]
 [347.           0.5985314    0.07421537]
 [348.           0.5982644    0.07413848]
 [349.           0.5985314    0.07392361]
 [350.           0.59866494   0.07408439]
 [351.           0.5981309    0.07401305]
 [352.           0.5981309    0.07401305]
 [353.           0.5981309    0.07418745]
 [354.           0.5981309    0.07405517]
 [355.           0.5981309    0.07405517]
 [356.           0.59826434   0.07359705]
 [357.           0.59826434   0.07359705]
 [358.           0.59853137   0.07322858]
 [359.           0.5981308    0.07324895]
 [360.           0.59826434   0.07329214]
 [361.           0.59826434   0.07324804]
 [362.           0.5986649    0.07358796]
 [363.           0.59853137   0.0736488 ]
 [364.           0.59839785   0.07371079]
 [365.           0.59786385   0.07340788]
 [366.           0.59799737   0.07330887]
 [367.           0.59786385   0.07268035]
 [368.           0.59786385   0.0726466 ]
 [369.           0.59786385   0.072835  ]
 [370.           0.59799737   0.07295849]
 [371.           0.59786385   0.07292061]
 [372.           0.59786385   0.07292061]
 [373.           0.5981309    0.07292274]
 [374.           0.5982644    0.0728301 ]
 [375.           0.5982644    0.07261258]
 [376.           0.5983979    0.07273704]
 [377.           0.59879845   0.07225973]
 [378.           0.599199     0.0719315 ]
 [379.           0.59919894   0.07210016]
 [380.           0.59919894   0.0718897 ]
 [381.           0.59919894   0.0718897 ]
 [382.           0.5995995    0.07153673]
 [383.           0.599733     0.07145445]
 [384.           0.599733     0.07136085]
 [385.           0.5998665    0.07128117]
 [386.           0.6          0.07140421]
 [387.           0.6          0.07170161]
 [388.           0.6          0.07170161]
 [389.           0.5998665    0.07177956]
 [390.           0.599733     0.07185867]
 [391.           0.5998665    0.07198261]
 [392.           0.5998665    0.07198261]
 [393.           0.59946597   0.07222118]
 [394.           0.5995995    0.07203645]
 [395.           0.5995995    0.07203645]
 [396.           0.5998665    0.07207387]
 [397.           0.5995995    0.0719312 ]
 [398.           0.5998665    0.07166773]
 [399.           0.59946597   0.07140515]
 [400.           0.59933245   0.07128241]]
Dataset       :CS
Model         :Cheby
Conden ratio  :1.0
GC            :2
LearnA        :0
Max Test Accuracy:
0.6962616822429907
Best Result: Epoch   Acc  Std.
               275 0.6005  0.0739
