Set seed
Model APPNP
--------------------------------------------------
The 1th iteration:
--------------------------------------------------
--------------------------------------------------
The 2th iteration:
--------------------------------------------------
--------------------------------------------------
The 3th iteration:
--------------------------------------------------
--------------------------------------------------
The 4th iteration:
--------------------------------------------------
--------------------------------------------------
The 5th iteration:
--------------------------------------------------
[[  1.           0.08651536   0.03000517]
 [  2.           0.08531375   0.02464722]
 [  3.           0.153004     0.1114144 ]
 [  4.           0.15153538   0.0849897 ]
 [  5.           0.15353806   0.07090729]
 [  6.           0.1424566    0.07834426]
 [  7.           0.1304406    0.08045319]
 [  8.           0.1399199    0.09973954]
 [  9.           0.17209613   0.12696694]
 [ 10.           0.20186916   0.1463873 ]
 [ 11.           0.21628837   0.15844809]
 [ 12.           0.22683577   0.1699023 ]
 [ 13.           0.2361816    0.17141162]
 [ 14.           0.24766354   0.17401668]
 [ 15.           0.26301736   0.18522023]
 [ 16.           0.28277704   0.20009258]
 [ 17.           0.2962617    0.20319258]
 [ 18.           0.30881175   0.19203869]
 [ 19.           0.318024     0.1830327 ]
 [ 20.           0.32523367   0.183254  ]
 [ 21.           0.3284379    0.18472935]
 [ 22.           0.32897195   0.18495141]
 [ 23.           0.33711615   0.19065438]
 [ 24.           0.34873167   0.19263239]
 [ 25.           0.35767692   0.1960512 ]
 [ 26.           0.36488652   0.20577084]
 [ 27.           0.3726302    0.21532375]
 [ 28.           0.3787717    0.21390198]
 [ 29.           0.38050732   0.2040448 ]
 [ 30.           0.38838455   0.20581946]
 [ 31.           0.39706275   0.20745522]
 [ 32.           0.4036048    0.20759869]
 [ 33.           0.41121498   0.21189223]
 [ 34.           0.4173565    0.21739475]
 [ 35.           0.4245661    0.21709046]
 [ 36.           0.4329773    0.21207438]
 [ 37.           0.4456609    0.19502062]
 [ 38.           0.45660883   0.18223749]
 [ 39.           0.4608812    0.17552783]
 [ 40.           0.46795726   0.17475265]
 [ 41.           0.47209612   0.17687759]
 [ 42.           0.47596797   0.17570886]
 [ 43.           0.48277703   0.1753842 ]
 [ 44.           0.48918563   0.17441279]
 [ 45.           0.48971963   0.17325035]
 [ 46.           0.49172232   0.17138706]
 [ 47.           0.4977303    0.16688024]
 [ 48.           0.50467294   0.1609954 ]
 [ 49.           0.5152203    0.15535252]
 [ 50.           0.52483314   0.1497705 ]
 [ 51.           0.52977306   0.14621063]
 [ 52.           0.53351134   0.14929964]
 [ 53.           0.5324432    0.15018585]
 [ 54.           0.5323097    0.1526244 ]
 [ 55.           0.53604805   0.1501194 ]
 [ 56.           0.54592794   0.14664644]
 [ 57.           0.55300397   0.14559364]
 [ 58.           0.5516689    0.14554314]
 [ 59.           0.5496662    0.14469329]
 [ 60.           0.5503338    0.14228092]
 [ 61.           0.5566088    0.13704552]
 [ 62.           0.55941254   0.13770773]
 [ 63.           0.5616822    0.13280404]
 [ 64.           0.5666222    0.12688617]
 [ 65.           0.5695594    0.12132135]
 [ 66.           0.56755674   0.12361107]
 [ 67.           0.5664887    0.12615374]
 [ 68.           0.5658211    0.12844926]
 [ 69.           0.570494     0.12450748]
 [ 70.           0.5706275    0.12216599]
 [ 71.           0.5694259    0.12022232]
 [ 72.           0.5732977    0.11780948]
 [ 73.           0.5716956    0.11800149]
 [ 74.           0.5691589    0.11988417]
 [ 75.           0.5727636    0.11679094]
 [ 76.           0.57596797   0.11201774]
 [ 77.           0.5746328    0.11311829]
 [ 78.           0.5716956    0.11611324]
 [ 79.           0.5746328    0.11714187]
 [ 80.           0.57570094   0.11466304]
 [ 81.           0.57409877   0.11612321]
 [ 82.           0.57476634   0.11798298]
 [ 83.           0.5755674    0.11742017]
 [ 84.           0.57489985   0.11784258]
 [ 85.           0.5746328    0.11905122]
 [ 86.           0.57489985   0.11794084]
 [ 87.           0.57489985   0.1190222 ]
 [ 88.           0.5715621    0.1184602 ]
 [ 89.           0.5731642    0.11991948]
 [ 90.           0.5736983    0.12059206]
 [ 91.           0.57396525   0.12287617]
 [ 92.           0.57249665   0.12270757]
 [ 93.           0.57182914   0.12139313]
 [ 94.           0.5723632    0.12079512]
 [ 95.           0.5726302    0.12307182]
 [ 96.           0.57263017   0.12364172]
 [ 97.           0.5728972    0.12330336]
 [ 98.           0.57249665   0.12308921]
 [ 99.           0.5716956    0.12420825]
 [100.           0.570761     0.12550421]
 [101.           0.56915885   0.12420378]
 [102.           0.5688919    0.1234722 ]
 [103.           0.56995994   0.12411655]
 [104.           0.570761     0.12408659]
 [105.           0.57009345   0.12381064]
 [106.           0.5690254    0.12375807]
 [107.           0.5691589    0.12527198]
 [108.           0.5695594    0.12544864]
 [109.           0.57009345   0.12527056]
 [110.           0.5694259    0.12487058]
 [111.           0.5687583    0.1241485 ]
 [112.           0.5696929    0.12469881]
 [113.           0.57009345   0.1249482 ]
 [114.           0.5692924    0.12412014]
 [115.           0.5687583    0.12342039]
 [116.           0.5692924    0.12459138]
 [117.           0.5698264    0.12379408]
 [118.           0.5695594    0.12325003]
 [119.           0.56995994   0.12503232]
 [120.           0.5696929    0.12535998]
 [121.           0.56902534   0.12369324]
 [122.           0.56889194   0.12451982]
 [123.           0.57022697   0.12629125]
 [124.           0.570761     0.1264866 ]
 [125.           0.5691589    0.12391641]
 [126.           0.5695594    0.12465932]
 [127.           0.57089454   0.12636533]
 [128.           0.57102805   0.12656021]
 [129.           0.570761     0.12419428]
 [130.           0.5696929    0.12376256]
 [131.           0.56995994   0.12524065]
 [132.           0.570761     0.12625386]
 [133.           0.57102805   0.12609102]
 [134.           0.57022697   0.12539089]
 [135.           0.56995994   0.12440258]
 [136.           0.5696929    0.12521504]
 [137.           0.5695594    0.12671573]
 [138.           0.5696929    0.12616786]
 [139.           0.570494     0.12751696]
 [140.           0.5694259    0.12553528]
 [141.           0.5696929    0.12585755]
 [142.           0.5690254    0.12525775]
 [143.           0.56915885   0.12494605]
 [144.           0.5695594    0.12508577]
 [145.           0.5698264    0.12563695]
 [146.           0.5695594    0.12548593]
 [147.           0.5694259    0.12660104]
 [148.           0.56929237   0.1255658 ]
 [149.           0.5695594    0.12523887]
 [150.           0.56969297   0.12635407]
 [151.           0.5692924    0.12666826]
 [152.           0.56862485   0.12538913]
 [153.           0.5698265    0.12668426]
 [154.           0.57022697   0.12653272]
 [155.           0.57009345   0.12655088]
 [156.           0.56955945   0.12670082]
 [157.           0.56929237   0.12729645]
 [158.           0.56902534   0.12771253]
 [159.           0.5698264    0.12787817]
 [160.           0.5688919    0.12772804]
 [161.           0.56942594   0.12798823]
 [162.           0.5692924    0.12776469]
 [163.           0.5698264    0.1285923 ]
 [164.           0.5691589    0.12848395]
 [165.           0.56809086   0.12833247]
 [166.           0.5683579    0.12834515]
 [167.           0.56849134   0.1275851 ]
 [168.           0.56942594   0.12750946]
 [169.           0.56942594   0.12777479]
 [170.           0.5692924    0.12773938]
 [171.           0.5692924    0.12656443]
 [172.           0.57009345   0.12754789]
 [173.           0.5698264    0.12796089]
 [174.           0.5696929    0.12722394]
 [175.           0.56929237   0.1268133 ]
 [176.           0.5698265    0.12787554]
 [177.           0.56942594   0.12716651]
 [178.           0.5691589    0.12750648]
 [179.           0.5692924    0.1278989 ]
 [180.           0.5692924    0.12759453]
 [181.           0.5696929    0.12840068]
 [182.           0.5694259    0.12808657]
 [183.           0.5694259    0.12791596]
 [184.           0.5695594    0.12778212]
 [185.           0.57022697   0.12869172]
 [186.           0.5698264    0.12902822]
 [187.           0.5692924    0.12877046]
 [188.           0.56902534   0.12767063]
 [189.           0.5698264    0.12913264]
 [190.           0.56915885   0.12808882]
 [191.           0.5688919    0.12765826]
 [192.           0.5692924    0.12942806]
 [193.           0.5688918    0.128325  ]
 [194.           0.56902534   0.1282001 ]
 [195.           0.5687583    0.12908897]
 [196.           0.5686248    0.12953731]
 [197.           0.5679573    0.12810864]
 [198.           0.5683578    0.12973773]
 [199.           0.56849134   0.13024767]
 [200.           0.5680908    0.1289197 ]
 [201.           0.5683578    0.12888739]
 [202.           0.56849134   0.1287767 ]
 [203.           0.56862485   0.12988089]
 [204.           0.5678238    0.12925683]
 [205.           0.5676903    0.12902993]
 [206.           0.5676903    0.13016209]
 [207.           0.5678238    0.12989137]
 [208.           0.56875837   0.12941909]
 [209.           0.5682244    0.12962501]
 [210.           0.5683579    0.13066442]
 [211.           0.56795734   0.12978049]
 [212.           0.56795734   0.13063781]
 [213.           0.5674233    0.12961952]
 [214.           0.56795734   0.13028426]
 [215.           0.5682244    0.13061222]
 [216.           0.56795734   0.13021755]
 [217.           0.56809086   0.13026   ]
 [218.           0.5676903    0.13064821]
 [219.           0.5682243    0.13113318]
 [220.           0.5675568    0.13048935]
 [221.           0.56809086   0.13046509]
 [222.           0.5682244    0.1298337 ]
 [223.           0.5678238    0.1294704 ]
 [224.           0.5674233    0.12973377]
 [225.           0.56809086   0.12941909]
 [226.           0.56795734   0.12926698]
 [227.           0.5678238    0.1291611 ]
 [228.           0.5675568    0.12962501]
 [229.           0.5686249    0.12984829]
 [230.           0.56809086   0.13067755]
 [231.           0.56862485   0.12984143]
 [232.           0.5682244    0.1304603 ]
 [233.           0.5675568    0.12966627]
 [234.           0.5679573    0.12918164]
 [235.           0.5675568    0.12970836]
 [236.           0.5678238    0.12948847]
 [237.           0.56795734   0.12989633]
 [238.           0.56809086   0.12963241]
 [239.           0.5671562    0.12841283]
 [240.           0.5682244    0.13109156]
 [241.           0.5678238    0.13156086]
 [242.           0.56782377   0.12868063]
 [243.           0.5674232    0.12892057]
 [244.           0.56715626   0.1304041 ]
 [245.           0.5667557    0.1291002 ]
 [246.           0.56755674   0.12938155]
 [247.           0.5674233    0.12962724]
 [248.           0.5664887    0.12970679]
 [249.           0.5664887    0.12929213]
 [250.           0.5674233    0.13018213]
 [251.           0.5666222    0.12847771]
 [252.           0.5667557    0.12945436]
 [253.           0.5666222    0.12880161]
 [254.           0.5666222    0.12898399]
 [255.           0.5667557    0.12857099]
 [256.           0.56608814   0.12938552]
 [257.           0.56635517   0.12908258]
 [258.           0.56715626   0.12875418]
 [259.           0.5667557    0.13036771]
 [260.           0.5667557    0.12976985]
 [261.           0.5675568    0.13009256]
 [262.           0.5664887    0.12985875]
 [263.           0.56622165   0.12835972]
 [264.           0.56635517   0.13015954]
 [265.           0.5664887    0.12952974]
 [266.           0.5667557    0.12910537]
 [267.           0.5668892    0.12794507]
 [268.           0.56542057   0.12804566]
 [269.           0.5666222    0.12966885]
 [270.           0.5666222    0.12998806]
 [271.           0.5667557    0.12896377]
 [272.           0.5668892    0.1280895 ]
 [273.           0.56728977   0.1303595 ]
 [274.           0.5675568    0.13013966]
 [275.           0.56702274   0.12821834]
 [276.           0.56608814   0.1289344 ]
 [277.           0.56635517   0.12975489]
 [278.           0.56728977   0.1292256 ]
 [279.           0.56782377   0.12903252]
 [280.           0.5668892    0.12905048]
 [281.           0.5656876    0.13013984]
 [282.           0.56702274   0.12950309]
 [283.           0.56728977   0.12936604]
 [284.           0.56635517   0.12860788]
 [285.           0.5667557    0.12939586]
 [286.           0.5675568    0.13021412]
 [287.           0.56622165   0.12985857]
 [288.           0.56715626   0.12859577]
 [289.           0.5674233    0.12959632]
 [290.           0.56635517   0.12943166]
 [291.           0.5666222    0.12936606]
 [292.           0.5682243    0.1296276 ]
 [293.           0.5675568    0.12998119]
 [294.           0.5666222    0.12922561]
 [295.           0.5668892    0.1293695 ]
 [296.           0.5678238    0.12925164]
 [297.           0.56795734   0.12941945]
 [298.           0.5659546    0.12933505]
 [299.           0.5667557    0.12932524]
 [300.           0.5676903    0.12902561]
 [301.           0.56728977   0.12957601]
 [302.           0.5666222    0.1291592 ]
 [303.           0.5666222    0.12885696]
 [304.           0.56769025   0.12891158]
 [305.           0.5675568    0.12899952]
 [306.           0.56622165   0.1293962 ]
 [307.           0.56702274   0.12912229]
 [308.           0.56782377   0.12878881]
 [309.           0.5675568    0.12900645]
 [310.           0.5679573    0.13034666]
 [311.           0.5674233    0.1284175 ]
 [312.           0.5679573    0.1281747 ]
 [313.           0.56728977   0.1290401 ]
 [314.           0.5666222    0.12909189]
 [315.           0.5672897    0.12849504]
 [316.           0.56782377   0.12832083]
 [317.           0.56688917   0.12850977]
 [318.           0.5674233    0.12902422]
 [319.           0.56769025   0.13001566]
 [320.           0.56702274   0.12799399]
 [321.           0.56728977   0.12828071]
 [322.           0.5670227    0.12895824]
 [323.           0.56715626   0.12874728]
 [324.           0.5676903    0.1287118 ]
 [325.           0.5676903    0.1290515 ]
 [326.           0.5674232    0.12843747]
 [327.           0.56688917   0.12848982]
 [328.           0.56715626   0.12785988]
 [329.           0.5679573    0.12761547]
 [330.           0.5668892    0.1279964 ]
 [331.           0.56635517   0.12818271]
 [332.           0.56728977   0.12651336]
 [333.           0.5674233    0.12754789]
 [334.           0.56782377   0.12833299]
 [335.           0.56715626   0.12730974]
 [336.           0.5655541    0.12720539]
 [337.           0.5680908    0.12847216]
 [338.           0.5679573    0.12779082]
 [339.           0.56502      0.12661566]
 [340.           0.5680908    0.12860736]
 [341.           0.56849134   0.128194  ]
 [342.           0.5664887    0.12636992]
 [343.           0.56622165   0.12580779]
 [344.           0.56728977   0.12775944]
 [345.           0.56795734   0.12810083]
 [346.           0.5683579    0.12754145]
 [347.           0.56702274   0.12674668]
 [348.           0.56728977   0.12759365]
 [349.           0.56728977   0.12818952]
 [350.           0.56728977   0.12755172]
 [351.           0.56728977   0.12676233]
 [352.           0.5675568    0.1282199 ]
 [353.           0.5678238    0.12856892]
 [354.           0.56715626   0.1262588 ]
 [355.           0.56702274   0.12611488]
 [356.           0.5674233    0.12791337]
 [357.           0.56635517   0.12772211]
 [358.           0.5668892    0.12718262]
 [359.           0.56795734   0.12636358]
 [360.           0.56782377   0.1287412 ]
 [361.           0.5690254    0.12781194]
 [362.           0.56702274   0.12686442]
 [363.           0.5666222    0.12775423]
 [364.           0.5683578    0.12785202]
 [365.           0.56755674   0.12768443]
 [366.           0.5667557    0.12564617]
 [367.           0.5675568    0.12820862]
 [368.           0.56769025   0.12747765]
 [369.           0.5682243    0.12624715]
 [370.           0.5675568    0.1264508 ]
 [371.           0.5659546    0.1255454 ]
 [372.           0.56769025   0.1262826 ]
 [373.           0.56795734   0.127543  ]
 [374.           0.56715626   0.1272327 ]
 [375.           0.5667557    0.12530255]
 [376.           0.5675568    0.12669288]
 [377.           0.5680908    0.1292175 ]
 [378.           0.5668892    0.12758318]
 [379.           0.56608814   0.12486881]
 [380.           0.56809086   0.12755401]
 [381.           0.5675568    0.12726055]
 [382.           0.5676903    0.1261917 ]
 [383.           0.56635517   0.12587881]
 [384.           0.5674233    0.12762997]
 [385.           0.56728977   0.12746261]
 [386.           0.5690254    0.127565  ]
 [387.           0.56728977   0.12697133]
 [388.           0.5676903    0.12668161]
 [389.           0.56875837   0.12736432]
 [390.           0.56795734   0.12600245]
 [391.           0.56702274   0.12747766]
 [392.           0.5688919    0.12631418]
 [393.           0.5688918    0.12656972]
 [394.           0.5678238    0.12758422]
 [395.           0.56849134   0.12707588]
 [396.           0.56782377   0.1263523 ]
 [397.           0.5683578    0.12602209]
 [398.           0.5688919    0.12865275]
 [399.           0.5686248    0.12738656]
 [400.           0.5692924    0.12660316]]
Dataset       :CS
Model         :APPNP
Conden ratio  :0.5
GC            :3
LearnA        :0
Max Test Accuracy:
0.7643524699599465
Best Result: Epoch   Acc  Std.
               76 0.5760  0.1120
