Set seed
Model MLP
--------------------------------------------------
The 1th iteration:
--------------------------------------------------
--------------------------------------------------
The 2th iteration:
--------------------------------------------------
--------------------------------------------------
The 3th iteration:
--------------------------------------------------
--------------------------------------------------
The 4th iteration:
--------------------------------------------------
--------------------------------------------------
The 5th iteration:
--------------------------------------------------
[[  1.           0.15550001   0.04015206]
 [  2.           0.147        0.04920144]
 [  3.           0.14975      0.05324912]
 [  4.           0.14825001   0.04783272]
 [  5.           0.14275001   0.03500446]
 [  6.           0.13575001   0.01840516]
 [  7.           0.1425       0.02828427]
 [  8.           0.15         0.04914106]
 [  9.           0.14375      0.03919104]
 [ 10.           0.13675001   0.02423195]
 [ 11.           0.13125001   0.01328768]
 [ 12.           0.12950002   0.00937917]
 [ 13.           0.129        0.00894427]
 [ 14.           0.12875      0.00770551]
 [ 15.           0.129        0.00757256]
 [ 16.           0.12975      0.00669655]
 [ 17.           0.13174999   0.00576899]
 [ 18.           0.136        0.00561805]
 [ 19.           0.139        0.00681222]
 [ 20.           0.147        0.00768521]
 [ 21.           0.1525       0.0122793 ]
 [ 22.           0.1615       0.01835841]
 [ 23.           0.1685       0.02264536]
 [ 24.           0.17850001   0.02661062]
 [ 25.           0.18375      0.02699827]
 [ 26.           0.19200002   0.02307596]
 [ 27.           0.19700001   0.02398893]
 [ 28.           0.20350002   0.02556242]
 [ 29.           0.21         0.02143303]
 [ 30.           0.21425      0.01597361]
 [ 31.           0.222        0.01532462]
 [ 32.           0.22950001   0.01965722]
 [ 33.           0.2335       0.02185534]
 [ 34.           0.24074998   0.02349535]
 [ 35.           0.249        0.02334189]
 [ 36.           0.257        0.02491548]
 [ 37.           0.26350003   0.02553185]
 [ 38.           0.271        0.02653713]
 [ 39.           0.2775       0.02876358]
 [ 40.           0.28425002   0.03044719]
 [ 41.           0.29000002   0.02779669]
 [ 42.           0.294        0.02882327]
 [ 43.           0.29900002   0.03101663]
 [ 44.           0.30475003   0.03029027]
 [ 45.           0.31425      0.0291628 ]
 [ 46.           0.32125002   0.03174606]
 [ 47.           0.32925      0.03272279]
 [ 48.           0.33875      0.03387708]
 [ 49.           0.3495       0.03116989]
 [ 50.           0.35750002   0.03089802]
 [ 51.           0.36349997   0.02703297]
 [ 52.           0.36875      0.02785285]
 [ 53.           0.37375      0.02849067]
 [ 54.           0.38000003   0.02768404]
 [ 55.           0.3845       0.02366102]
 [ 56.           0.39050004   0.02346207]
 [ 57.           0.39650002   0.02261083]
 [ 58.           0.4025       0.02097246]
 [ 59.           0.4065       0.01810128]
 [ 60.           0.41099998   0.01542118]
 [ 61.           0.41375      0.01400335]
 [ 62.           0.41675      0.01217066]
 [ 63.           0.4205       0.01091874]
 [ 64.           0.42174998   0.01048064]
 [ 65.           0.42425004   0.00859688]
 [ 66.           0.42600003   0.00639825]
 [ 67.           0.4275       0.00612373]
 [ 68.           0.42825004   0.00590286]
 [ 69.           0.42924997   0.0062874 ]
 [ 70.           0.43050003   0.00534731]
 [ 71.           0.43199998   0.00472692]
 [ 72.           0.43249997   0.00441941]
 [ 73.           0.43375      0.00441942]
 [ 74.           0.43425003   0.00420193]
 [ 75.           0.43400002   0.00399217]
 [ 76.           0.435        0.00364434]
 [ 77.           0.43525      0.00346861]
 [ 78.           0.43600002   0.00298433]
 [ 79.           0.43575      0.00337731]
 [ 80.           0.43649998   0.00240442]
 [ 81.           0.43675002   0.00189571]
 [ 82.           0.437        0.00189572]
 [ 83.           0.437        0.00189572]
 [ 84.           0.43775      0.0016298 ]
 [ 85.           0.43800002   0.00189572]
 [ 86.           0.43800002   0.00189572]
 [ 87.           0.43800002   0.00189572]
 [ 88.           0.43850002   0.00205396]
 [ 89.           0.43925      0.00259206]
 [ 90.           0.43975002   0.00240442]
 [ 91.           0.44000003   0.00265165]
 [ 92.           0.44000003   0.00265165]
 [ 93.           0.44000003   0.00265165]
 [ 94.           0.44000003   0.00265165]
 [ 95.           0.44000003   0.00265165]
 [ 96.           0.44000003   0.00265165]
 [ 97.           0.44000003   0.00197642]
 [ 98.           0.43975002   0.00223607]
 [ 99.           0.43975002   0.00223607]
 [100.           0.44000003   0.00197642]
 [101.           0.4405       0.00189572]
 [102.           0.44025      0.00223606]
 [103.           0.44025      0.00223606]
 [104.           0.44025      0.00223606]
 [105.           0.44025      0.00223606]
 [106.           0.44050002   0.00259205]
 [107.           0.44074997   0.00227074]
 [108.           0.44074997   0.00227074]
 [109.           0.44099998   0.00205396]
 [110.           0.44175002   0.00189572]
 [111.           0.44175002   0.00189572]
 [112.           0.442        0.00167704]
 [113.           0.442        0.00167704]
 [114.           0.4415       0.00162979]
 [115.           0.4415       0.00256173]
 [116.           0.4415       0.00256173]
 [117.           0.442        0.0032596 ]
 [118.           0.442        0.0032596 ]
 [119.           0.442        0.0032596 ]
 [120.           0.44224998   0.0033541 ]
 [121.           0.44250003   0.00353553]
 [122.           0.44250003   0.00353553]
 [123.           0.44300005   0.00349106]
 [124.           0.4435       0.00285043]
 [125.           0.444        0.00223606]
 [126.           0.44475004   0.0016298 ]
 [127.           0.445        0.00125   ]
 [128.           0.44475004   0.00104583]
 [129.           0.44450003   0.00142522]
 [130.           0.44450003   0.00142522]
 [131.           0.44475004   0.00136931]
 [132.           0.44475004   0.00136931]
 [133.           0.44474998   0.00136931]
 [134.           0.445        0.00153093]
 [135.           0.445        0.00153093]
 [136.           0.445        0.00153093]
 [137.           0.445        0.00153093]
 [138.           0.44449997   0.00142522]
 [139.           0.44450003   0.00142522]
 [140.           0.44450003   0.00142522]
 [141.           0.44450003   0.00142522]
 [142.           0.44425002   0.00111803]
 [143.           0.44450003   0.00142522]
 [144.           0.44475004   0.00185405]
 [145.           0.44475004   0.00185405]
 [146.           0.44475004   0.00185405]
 [147.           0.44475004   0.00185405]
 [148.           0.44475004   0.00185405]
 [149.           0.44475004   0.00185405]
 [150.           0.44475004   0.00185405]
 [151.           0.44475004   0.00185405]
 [152.           0.44475004   0.00185405]
 [153.           0.445        0.00233853]
 [154.           0.445        0.00233853]
 [155.           0.445        0.00233853]
 [156.           0.4455       0.00209165]
 [157.           0.4455       0.00209165]
 [158.           0.44575      0.00227074]
 [159.           0.44575      0.00227074]
 [160.           0.44575      0.00227074]
 [161.           0.44575      0.00227074]
 [162.           0.44575      0.00227074]
 [163.           0.446        0.00256174]
 [164.           0.446        0.00256174]
 [165.           0.44575      0.00227074]
 [166.           0.446        0.00205396]
 [167.           0.446        0.00205396]
 [168.           0.446        0.00205396]
 [169.           0.446        0.00205396]
 [170.           0.446        0.00205396]
 [171.           0.446        0.00205396]
 [172.           0.446        0.00205396]
 [173.           0.44575      0.00189572]
 [174.           0.44575      0.00189572]
 [175.           0.44575      0.00189572]
 [176.           0.4455       0.00189572]
 [177.           0.4455       0.00189572]
 [178.           0.4455       0.00189572]
 [179.           0.4455       0.00189572]
 [180.           0.4455       0.00189572]
 [181.           0.4455       0.00189572]
 [182.           0.4455       0.00189572]
 [183.           0.4455       0.00189572]
 [184.           0.4455       0.00189572]
 [185.           0.44574997   0.00167705]
 [186.           0.44574997   0.00167705]
 [187.           0.44574997   0.00167705]
 [188.           0.44574997   0.00167705]
 [189.           0.44574997   0.00167705]
 [190.           0.446        0.00162979]
 [191.           0.446        0.00162979]
 [192.           0.446        0.00162979]
 [193.           0.446        0.00162979]
 [194.           0.446        0.00162979]
 [195.           0.44624996   0.00176776]
 [196.           0.44624996   0.00176776]
 [197.           0.446        0.00162979]
 [198.           0.446        0.00162979]
 [199.           0.446        0.00162979]
 [200.           0.446        0.00162979]
 [201.           0.446        0.00162979]
 [202.           0.44650003   0.0016298 ]
 [203.           0.44650003   0.0016298 ]
 [204.           0.44624996   0.00125   ]
 [205.           0.44624996   0.00125   ]
 [206.           0.44625002   0.00125   ]
 [207.           0.44625002   0.00125   ]
 [208.           0.44625002   0.00125   ]
 [209.           0.446        0.0016298 ]
 [210.           0.44624996   0.00125   ]
 [211.           0.44624996   0.00125   ]
 [212.           0.446        0.00104582]
 [213.           0.446        0.00104582]
 [214.           0.446        0.00104582]
 [215.           0.446        0.00104582]
 [216.           0.446        0.00104582]
 [217.           0.446        0.00104582]
 [218.           0.446        0.00104582]
 [219.           0.44575      0.00111803]
 [220.           0.446        0.00104582]
 [221.           0.446        0.00104582]
 [222.           0.446        0.00104582]
 [223.           0.446        0.00104582]
 [224.           0.44625002   0.00088388]
 [225.           0.44625002   0.00088388]
 [226.           0.44625002   0.00088388]
 [227.           0.44625002   0.00088388]
 [228.           0.44625002   0.00088388]
 [229.           0.44625002   0.00088388]
 [230.           0.44625002   0.00088388]
 [231.           0.44650003   0.00104582]
 [232.           0.44650003   0.00104582]
 [233.           0.44650003   0.00104582]
 [234.           0.44650003   0.00104582]
 [235.           0.44675      0.00111803]
 [236.           0.44650003   0.00104582]
 [237.           0.44650003   0.00104582]
 [238.           0.44650003   0.00104582]
 [239.           0.44650003   0.00104582]
 [240.           0.44650003   0.00104582]
 [241.           0.44624996   0.00088388]
 [242.           0.44624996   0.00088388]
 [243.           0.44624996   0.00088388]
 [244.           0.44624996   0.00088388]
 [245.           0.44624996   0.00088388]
 [246.           0.44624996   0.00088388]
 [247.           0.44624996   0.00088388]
 [248.           0.446        0.00104582]
 [249.           0.446        0.00104582]
 [250.           0.446        0.00104582]
 [251.           0.446        0.00104582]
 [252.           0.446        0.00104582]
 [253.           0.446        0.00104582]
 [254.           0.446        0.00104582]
 [255.           0.446        0.00104582]
 [256.           0.446        0.00104582]
 [257.           0.446        0.00104582]
 [258.           0.446        0.00104582]
 [259.           0.446        0.00104582]
 [260.           0.44624996   0.00088388]
 [261.           0.44624996   0.00088388]
 [262.           0.44650003   0.00055901]
 [263.           0.44650003   0.00055901]
 [264.           0.44650003   0.00055901]
 [265.           0.44650003   0.00055901]
 [266.           0.44675      0.00068465]
 [267.           0.44675      0.00068465]
 [268.           0.44675      0.00068465]
 [269.           0.447        0.00068465]
 [270.           0.447        0.00068465]
 [271.           0.44675      0.00068465]
 [272.           0.44675      0.00068465]
 [273.           0.44675      0.00068465]
 [274.           0.44675      0.00068465]
 [275.           0.44675      0.00068465]
 [276.           0.44675      0.00068465]
 [277.           0.44675      0.00068465]
 [278.           0.447        0.00068465]
 [279.           0.447        0.00068465]
 [280.           0.447        0.00068465]
 [281.           0.447        0.00068465]
 [282.           0.447        0.00068465]
 [283.           0.447        0.00068465]
 [284.           0.44675      0.00068465]
 [285.           0.44675      0.00068465]
 [286.           0.44675      0.00068465]
 [287.           0.44675      0.00068465]
 [288.           0.447        0.00068465]
 [289.           0.447        0.00068465]
 [290.           0.44724998   0.00055902]
 [291.           0.44724998   0.00055902]
 [292.           0.44724998   0.00055902]
 [293.           0.44724998   0.00055902]
 [294.           0.447        0.00068466]
 [295.           0.447        0.00068466]
 [296.           0.447        0.00068466]
 [297.           0.447        0.00068466]
 [298.           0.447        0.00068466]
 [299.           0.447        0.00068466]
 [300.           0.447        0.00068466]
 [301.           0.447        0.00068466]
 [302.           0.447        0.00068466]
 [303.           0.447        0.00068466]
 [304.           0.447        0.00068466]
 [305.           0.447        0.00068466]
 [306.           0.44775      0.0016298 ]
 [307.           0.44775      0.0016298 ]
 [308.           0.448        0.00189572]
 [309.           0.448        0.00189572]
 [310.           0.448        0.00189572]
 [311.           0.448        0.00227074]
 [312.           0.44825003   0.00209165]
 [313.           0.44825003   0.00209165]
 [314.           0.44825003   0.00209165]
 [315.           0.44825003   0.00209165]
 [316.           0.448        0.00189572]
 [317.           0.448        0.00189572]
 [318.           0.448        0.00189572]
 [319.           0.448        0.00189572]
 [320.           0.448        0.00189572]
 [321.           0.44825003   0.00209165]
 [322.           0.44825003   0.00209165]
 [323.           0.448        0.00189572]
 [324.           0.448        0.00189572]
 [325.           0.448        0.00189572]
 [326.           0.44825003   0.00209165]
 [327.           0.44825003   0.00209165]
 [328.           0.44825003   0.00209165]
 [329.           0.44825003   0.00209165]
 [330.           0.44825003   0.00209165]
 [331.           0.44825003   0.00209165]
 [332.           0.44825003   0.00209165]
 [333.           0.4485       0.0016298 ]
 [334.           0.4485       0.0016298 ]
 [335.           0.4485       0.0016298 ]
 [336.           0.4485       0.0016298 ]
 [337.           0.4485       0.0016298 ]
 [338.           0.4485       0.0016298 ]
 [339.           0.44825003   0.00142522]
 [340.           0.44825003   0.00142522]
 [341.           0.44825003   0.00142522]
 [342.           0.44825003   0.00142522]
 [343.           0.44825003   0.00142522]
 [344.           0.44825003   0.00142522]
 [345.           0.44849998   0.00104582]
 [346.           0.44849998   0.00104582]
 [347.           0.44849998   0.00104582]
 [348.           0.44849998   0.00104582]
 [349.           0.44875      0.00088388]
 [350.           0.44875      0.00088388]
 [351.           0.44875      0.00088388]
 [352.           0.44875      0.00088388]
 [353.           0.44875      0.00088388]
 [354.           0.44875      0.00088388]
 [355.           0.44875      0.00088388]
 [356.           0.44875      0.00088388]
 [357.           0.44875      0.00088388]
 [358.           0.4485       0.0013693 ]
 [359.           0.4485       0.0013693 ]
 [360.           0.4485       0.0013693 ]
 [361.           0.4485       0.0013693 ]
 [362.           0.4485       0.0013693 ]
 [363.           0.4485       0.0013693 ]
 [364.           0.4485       0.0013693 ]
 [365.           0.4485       0.0013693 ]
 [366.           0.4485       0.0013693 ]
 [367.           0.44825003   0.00142522]
 [368.           0.44825003   0.00142522]
 [369.           0.4485       0.0013693 ]
 [370.           0.4485       0.0013693 ]
 [371.           0.4485       0.0013693 ]
 [372.           0.4485       0.0013693 ]
 [373.           0.4485       0.0013693 ]
 [374.           0.4485       0.0013693 ]
 [375.           0.4485       0.0013693 ]
 [376.           0.44825003   0.00142522]
 [377.           0.44825003   0.00142522]
 [378.           0.44825003   0.00142522]
 [379.           0.44825003   0.00142522]
 [380.           0.4485       0.0013693 ]
 [381.           0.4485       0.0013693 ]
 [382.           0.4485       0.0013693 ]
 [383.           0.4485       0.0013693 ]
 [384.           0.44875002   0.00153093]
 [385.           0.44875002   0.00153093]
 [386.           0.44899997   0.00162979]
 [387.           0.44899997   0.00162979]
 [388.           0.44899997   0.00162979]
 [389.           0.44899997   0.00162979]
 [390.           0.44899997   0.00162979]
 [391.           0.44899997   0.00162979]
 [392.           0.44899997   0.00162979]
 [393.           0.44899997   0.00162979]
 [394.           0.44899997   0.00162979]
 [395.           0.44899997   0.00162979]
 [396.           0.44875002   0.00176776]
 [397.           0.44875002   0.00176776]
 [398.           0.44875002   0.00176776]
 [399.           0.44875002   0.00176776]
 [400.           0.44875002   0.00176776]]
Dataset       :Photo
Model         :MLP
Conden ratio  :0.25
GC            :1
LearnA        :1
Max Test Accuracy:
0.45
Best Result: Epoch   Acc  Std.
               386 0.4490  0.0016
