Set seed
Model GAT
--------------------------------------------------
The 1th iteration:
--------------------------------------------------
--------------------------------------------------
The 2th iteration:
--------------------------------------------------
--------------------------------------------------
The 3th iteration:
--------------------------------------------------
--------------------------------------------------
The 4th iteration:
--------------------------------------------------
--------------------------------------------------
The 5th iteration:
--------------------------------------------------
[[  1.           0.16325001   0.0526011 ]
 [  2.           0.12525001   0.00055902]
 [  3.           0.18675      0.04905833]
 [  4.           0.21950002   0.07852448]
 [  5.           0.28625003   0.09210642]
 [  6.           0.245        0.12463384]
 [  7.           0.24450003   0.14406107]
 [  8.           0.25225002   0.06961053]
 [  9.           0.24125002   0.09781998]
 [ 10.           0.21624999   0.05865017]
 [ 11.           0.23225      0.06515846]
 [ 12.           0.27525002   0.05940066]
 [ 13.           0.311        0.11599232]
 [ 14.           0.28875002   0.10916229]
 [ 15.           0.293        0.05213114]
 [ 16.           0.30025002   0.06164034]
 [ 17.           0.29075      0.0387258 ]
 [ 18.           0.33425003   0.03587741]
 [ 19.           0.35575      0.04548866]
 [ 20.           0.36999997   0.08040425]
 [ 21.           0.393        0.09044854]
 [ 22.           0.40675002   0.06993636]
 [ 23.           0.404        0.05225687]
 [ 24.           0.38475      0.05142045]
 [ 25.           0.402        0.05291207]
 [ 26.           0.41925      0.07178855]
 [ 27.           0.422        0.08195654]
 [ 28.           0.41974998   0.08180292]
 [ 29.           0.41         0.07351127]
 [ 30.           0.40150005   0.06857591]
 [ 31.           0.39124998   0.06789238]
 [ 32.           0.3945       0.06269719]
 [ 33.           0.39975      0.05888548]
 [ 34.           0.40974998   0.06528423]
 [ 35.           0.41599998   0.07916261]
 [ 36.           0.41449997   0.0909739 ]
 [ 37.           0.41075      0.09234192]
 [ 38.           0.40850002   0.08984099]
 [ 39.           0.408        0.0894497 ]
 [ 40.           0.40850002   0.09685846]
 [ 41.           0.41375      0.10884336]
 [ 42.           0.41825      0.11767807]
 [ 43.           0.41975003   0.11745478]
 [ 44.           0.42125002   0.11416477]
 [ 45.           0.4185       0.10638741]
 [ 46.           0.4125       0.10545289]
 [ 47.           0.41075      0.11004475]
 [ 48.           0.411        0.11339023]
 [ 49.           0.40925      0.11532767]
 [ 50.           0.41         0.11175796]
 [ 51.           0.41475      0.10572444]
 [ 52.           0.4165       0.10562833]
 [ 53.           0.421        0.1095923 ]
 [ 54.           0.42275      0.11100185]
 [ 55.           0.423        0.11137142]
 [ 56.           0.42125002   0.10739457]
 [ 57.           0.41774997   0.10299955]
 [ 58.           0.41375      0.09647296]
 [ 59.           0.41525003   0.0978096 ]
 [ 60.           0.41975003   0.10386816]
 [ 61.           0.42325002   0.10717464]
 [ 62.           0.42925      0.10578798]
 [ 63.           0.43100005   0.10170192]
 [ 64.           0.4295       0.09943825]
 [ 65.           0.43074998   0.09993982]
 [ 66.           0.43424997   0.09911168]
 [ 67.           0.437        0.09226998]
 [ 68.           0.44099998   0.08408236]
 [ 69.           0.45075002   0.07301864]
 [ 70.           0.45325      0.06842308]
 [ 71.           0.45325002   0.06852575]
 [ 72.           0.45475003   0.06719491]
 [ 73.           0.45300004   0.06737604]
 [ 74.           0.455        0.06514405]
 [ 75.           0.45474997   0.06592727]
 [ 76.           0.45725003   0.06995755]
 [ 77.           0.46099997   0.06987933]
 [ 78.           0.46300003   0.06567321]
 [ 79.           0.466        0.05539208]
 [ 80.           0.46774998   0.04848809]
 [ 81.           0.47399998   0.04429483]
 [ 82.           0.47725      0.04465493]
 [ 83.           0.47725      0.05101625]
 [ 84.           0.4745       0.05534408]
 [ 85.           0.47425005   0.05667617]
 [ 86.           0.4725       0.05262632]
 [ 87.           0.47524998   0.04900892]
 [ 88.           0.475        0.05231365]
 [ 89.           0.47600004   0.05726445]
 [ 90.           0.47775003   0.05710052]
 [ 91.           0.47725      0.05314633]
 [ 92.           0.47825      0.04987955]
 [ 93.           0.48050004   0.05012953]
 [ 94.           0.481        0.04701564]
 [ 95.           0.48499998   0.04135404]
 [ 96.           0.48725      0.04054705]
 [ 97.           0.47950003   0.05236292]
 [ 98.           0.477        0.05536527]
 [ 99.           0.47750002   0.05196907]
 [100.           0.47925      0.05092579]
 [101.           0.47749996   0.05007026]
 [102.           0.47425      0.05570289]
 [103.           0.47349998   0.05880582]
 [104.           0.47750002   0.05518436]
 [105.           0.4825       0.0503426 ]
 [106.           0.478        0.04978547]
 [107.           0.4745       0.04973051]
 [108.           0.475        0.05106677]
 [109.           0.48400003   0.04447087]
 [110.           0.4855       0.03970201]
 [111.           0.48424998   0.03811577]
 [112.           0.48075      0.04103732]
 [113.           0.48075      0.04133137]
 [114.           0.48225003   0.03838946]
 [115.           0.4875       0.03485459]
 [116.           0.48775002   0.03523803]
 [117.           0.4865       0.03447599]
 [118.           0.4875       0.0332251 ]
 [119.           0.48725      0.02788647]
 [120.           0.48825      0.02795923]
 [121.           0.48900005   0.0312425 ]
 [122.           0.48825      0.0312575 ]
 [123.           0.49         0.03116238]
 [124.           0.48225003   0.03685275]
 [125.           0.47525      0.04097828]
 [126.           0.47600004   0.04096873]
 [127.           0.483        0.0338263 ]
 [128.           0.48400003   0.03385862]
 [129.           0.47475004   0.04137673]
 [130.           0.4735       0.04343097]
 [131.           0.47325      0.04317119]
 [132.           0.475        0.0393601 ]
 [133.           0.47425005   0.0435585 ]
 [134.           0.47275      0.04616038]
 [135.           0.47575003   0.04510926]
 [136.           0.477        0.03982974]
 [137.           0.47574997   0.03566994]
 [138.           0.47275      0.03661881]
 [139.           0.47250006   0.04353519]
 [140.           0.4745       0.04078909]
 [141.           0.47675      0.03540611]
 [142.           0.47700006   0.03448958]
 [143.           0.47550002   0.03698182]
 [144.           0.4725       0.03845654]
 [145.           0.47425005   0.03907726]
 [146.           0.478        0.0364499 ]
 [147.           0.47825003   0.03737061]
 [148.           0.47375003   0.03919105]
 [149.           0.47300002   0.03771399]
 [150.           0.47574997   0.03452354]
 [151.           0.47825003   0.03452354]
 [152.           0.4765       0.0370114 ]
 [153.           0.47250006   0.04056248]
 [154.           0.47349998   0.03647988]
 [155.           0.48000002   0.03494414]
 [156.           0.47525      0.03540392]
 [157.           0.4715       0.03716937]
 [158.           0.47775003   0.03583164]
 [159.           0.48000002   0.03694378]
 [160.           0.47550002   0.03759988]
 [161.           0.477        0.03143194]
 [162.           0.47825003   0.03024123]
 [163.           0.48125002   0.03146177]
 [164.           0.47825      0.03496202]
 [165.           0.47849998   0.03362709]
 [166.           0.48125002   0.02980404]
 [167.           0.48125002   0.03009099]
 [168.           0.481        0.03078908]
 [169.           0.47600004   0.03229987]
 [170.           0.47599998   0.03431699]
 [171.           0.48050004   0.03150647]
 [172.           0.4825       0.02840828]
 [173.           0.48375002   0.02774043]
 [174.           0.48525      0.02685901]
 [175.           0.48400003   0.02781636]
 [176.           0.48050004   0.03000781]
 [177.           0.47450003   0.03780709]
 [178.           0.47699997   0.03135731]
 [179.           0.4845       0.02535065]
 [180.           0.4875       0.02512469]
 [181.           0.48400003   0.0304318 ]
 [182.           0.4855       0.02482124]
 [183.           0.48674998   0.02094636]
 [184.           0.48575002   0.02494685]
 [185.           0.48575002   0.02686192]
 [186.           0.48874998   0.02443104]
 [187.           0.48925      0.0223012 ]
 [188.           0.48375002   0.02762757]
 [189.           0.48525      0.02327487]
 [190.           0.48925      0.02122424]
 [191.           0.48950002   0.02366102]
 [192.           0.48450002   0.0266429 ]
 [193.           0.48725006   0.02160369]
 [194.           0.49025002   0.01900659]
 [195.           0.48875004   0.01950562]
 [196.           0.488        0.0199139 ]
 [197.           0.4875       0.01976425]
 [198.           0.48975      0.01949358]
 [199.           0.48675004   0.02219589]
 [200.           0.48775002   0.0238714 ]
 [201.           0.48999998   0.01976422]
 [202.           0.49250004   0.01723007]
 [203.           0.48874998   0.02071004]
 [204.           0.488        0.02237115]
 [205.           0.48874998   0.02439903]
 [206.           0.4915       0.02440543]
 [207.           0.49075004   0.02299117]
 [208.           0.488        0.02196587]
 [209.           0.488        0.0231267 ]
 [210.           0.48775002   0.02703297]
 [211.           0.48975      0.02714834]
 [212.           0.49         0.02241305]
 [213.           0.48775005   0.02081168]
 [214.           0.48600003   0.02610677]
 [215.           0.4865       0.02710511]
 [216.           0.48525      0.02863292]
 [217.           0.487        0.02415121]
 [218.           0.48950002   0.02045575]
 [219.           0.48450002   0.02696354]
 [220.           0.4825       0.03046516]
 [221.           0.488        0.02541222]
 [222.           0.48825      0.02090902]
 [223.           0.48225003   0.02726319]
 [224.           0.4845       0.02652533]
 [225.           0.4875       0.02596571]
 [226.           0.48725006   0.02545525]
 [227.           0.48450002   0.02788929]
 [228.           0.48525      0.02724884]
 [229.           0.4875       0.02086039]
 [230.           0.48900005   0.02176582]
 [231.           0.48874998   0.02292993]
 [232.           0.4875       0.02388121]
 [233.           0.4875       0.02279323]
 [234.           0.49049997   0.02118741]
 [235.           0.48849997   0.02045191]
 [236.           0.48475      0.02823452]
 [237.           0.4825       0.02485896]
 [238.           0.49049997   0.01945748]
 [239.           0.48725      0.02149492]
 [240.           0.48600003   0.02477082]
 [241.           0.48975      0.02203338]
 [242.           0.488        0.02039839]
 [243.           0.48175      0.0231267 ]
 [244.           0.48600003   0.02582091]
 [245.           0.49275      0.02131238]
 [246.           0.49125004   0.0217047 ]
 [247.           0.4835       0.02669857]
 [248.           0.483        0.02595971]
 [249.           0.49125      0.01958556]
 [250.           0.48950002   0.02102083]
 [251.           0.48825002   0.02428029]
 [252.           0.48450002   0.02659887]
 [253.           0.48525      0.02212183]
 [254.           0.48850003   0.02096127]
 [255.           0.48775002   0.02273146]
 [256.           0.48975      0.02266263]
 [257.           0.49125      0.01918252]
 [258.           0.4835       0.02554715]
 [259.           0.48499998   0.02292991]
 [260.           0.49025002   0.02004681]
 [261.           0.491        0.01805808]
 [262.           0.48625      0.025326  ]
 [263.           0.48000002   0.02895309]
 [264.           0.48424998   0.02408643]
 [265.           0.48925      0.01949759]
 [266.           0.48625      0.02422225]
 [267.           0.483        0.02840278]
 [268.           0.48575002   0.02651061]
 [269.           0.4845       0.02719431]
 [270.           0.481        0.03243261]
 [271.           0.48199996   0.0289477 ]
 [272.           0.48600006   0.02385504]
 [273.           0.48275003   0.02794248]
 [274.           0.478        0.03333775]
 [275.           0.48424998   0.0271224 ]
 [276.           0.48600003   0.02293676]
 [277.           0.48125002   0.02898006]
 [278.           0.479        0.02783043]
 [279.           0.48275003   0.0237072 ]
 [280.           0.4835       0.02480235]
 [281.           0.48050004   0.03062628]
 [282.           0.48125002   0.02712818]
 [283.           0.48625      0.0233352 ]
 [284.           0.48599997   0.02238512]
 [285.           0.47825003   0.03272281]
 [286.           0.48000002   0.02520232]
 [287.           0.4855       0.02175144]
 [288.           0.483        0.02379272]
 [289.           0.47925      0.02875816]
 [290.           0.47825003   0.02539684]
 [291.           0.48199996   0.0287853 ]
 [292.           0.47875005   0.03097378]
 [293.           0.483        0.02550431]
 [294.           0.48475      0.02472347]
 [295.           0.48250005   0.02721445]
 [296.           0.47875      0.02699827]
 [297.           0.48325      0.02469502]
 [298.           0.48575002   0.02607981]
 [299.           0.48575002   0.02760776]
 [300.           0.48425004   0.02419971]
 [301.           0.478        0.02595969]
 [302.           0.47825003   0.03016362]
 [303.           0.48325      0.0285263 ]
 [304.           0.48625      0.02422228]
 [305.           0.483        0.02536607]
 [306.           0.47325      0.03524025]
 [307.           0.47849998   0.0257603 ]
 [308.           0.48225003   0.02650766]
 [309.           0.48024997   0.03154115]
 [310.           0.47950003   0.02651062]
 [311.           0.4735       0.03071288]
 [312.           0.4815       0.03073833]
 [313.           0.48024997   0.03064922]
 [314.           0.47775003   0.02958566]
 [315.           0.4765       0.0307637 ]
 [316.           0.481        0.03188602]
 [317.           0.4815       0.02787249]
 [318.           0.48         0.02744311]
 [319.           0.47925      0.03034437]
 [320.           0.48024997   0.03375463]
 [321.           0.47974998   0.03191051]
 [322.           0.48199996   0.0270503 ]
 [323.           0.48200002   0.02902855]
 [324.           0.48000002   0.03502232]
 [325.           0.47775003   0.03398528]
 [326.           0.47725      0.03747292]
 [327.           0.48000002   0.03456199]
 [328.           0.48050004   0.03149404]
 [329.           0.48100004   0.03078911]
 [330.           0.47425005   0.04252388]
 [331.           0.47775003   0.03940376]
 [332.           0.48225003   0.02792848]
 [333.           0.47825003   0.03403353]
 [334.           0.47625      0.03713362]
 [335.           0.48125002   0.02959359]
 [336.           0.48000002   0.03003907]
 [337.           0.47599998   0.0390052 ]
 [338.           0.47574997   0.03644989]
 [339.           0.47925      0.03384938]
 [340.           0.47300002   0.037203  ]
 [341.           0.47725      0.0363404 ]
 [342.           0.47875005   0.03675298]
 [343.           0.48050004   0.03253124]
 [344.           0.477        0.03773469]
 [345.           0.47925      0.0387359 ]
 [346.           0.48000002   0.0343352 ]
 [347.           0.47425005   0.03373378]
 [348.           0.47750002   0.03982385]
 [349.           0.48200002   0.03355966]
 [350.           0.48175      0.03341967]
 [351.           0.47250006   0.04222338]
 [352.           0.47775003   0.04612653]
 [353.           0.48175      0.03090561]
 [354.           0.47875005   0.02520232]
 [355.           0.4745       0.04500523]
 [356.           0.47849998   0.04497743]
 [357.           0.48100004   0.02764735]
 [358.           0.47375003   0.02888555]
 [359.           0.47675      0.04549725]
 [360.           0.48025003   0.0406913 ]
 [361.           0.47925004   0.02795925]
 [362.           0.47675      0.03502903]
 [363.           0.47974998   0.03777401]
 [364.           0.4815       0.0346906 ]
 [365.           0.47925      0.03712942]
 [366.           0.47600004   0.04396731]
 [367.           0.47775003   0.03796998]
 [368.           0.47675      0.0329962 ]
 [369.           0.47950003   0.03334947]
 [370.           0.47750002   0.04111721]
 [371.           0.47925      0.03885671]
 [372.           0.47925      0.03826921]
 [373.           0.4765       0.04216225]
 [374.           0.47950003   0.03533986]
 [375.           0.47925      0.03781741]
 [376.           0.47800002   0.04206209]
 [377.           0.47625002   0.04192628]
 [378.           0.47750002   0.041889  ]
 [379.           0.47950003   0.03810554]
 [380.           0.47775003   0.03344072]
 [381.           0.48149997   0.03827737]
 [382.           0.47950003   0.03818747]
 [383.           0.47525      0.0446462 ]
 [384.           0.47375003   0.03707046]
 [385.           0.47625002   0.03391166]
 [386.           0.48000002   0.03851744]
 [387.           0.47825003   0.04043319]
 [388.           0.47675      0.03822835]
 [389.           0.47325      0.03397612]
 [390.           0.47950003   0.03745414]
 [391.           0.47725      0.04174326]
 [392.           0.477        0.0339531 ]
 [393.           0.479        0.03643703]
 [394.           0.48024997   0.0386531 ]
 [395.           0.48049998   0.03709784]
 [396.           0.47749996   0.03582728]
 [397.           0.47625      0.03712312]
 [398.           0.479        0.04053741]
 [399.           0.47475      0.03652269]
 [400.           0.48000002   0.0364113 ]]
Dataset       :Photo
Model         :GAT
Conden ratio  :0.25
GC            :2
LearnA        :1
Max Test Accuracy:
0.53875
Best Result: Epoch   Acc  Std.
               245 0.4927  0.0213
