Set seed
Model APPNP
--------------------------------------------------
The 1th iteration:
--------------------------------------------------
--------------------------------------------------
The 2th iteration:
--------------------------------------------------
--------------------------------------------------
The 3th iteration:
--------------------------------------------------
--------------------------------------------------
The 4th iteration:
--------------------------------------------------
--------------------------------------------------
The 5th iteration:
--------------------------------------------------
[[  1.           0.12725      0.00436607]
 [  2.           0.1245       0.00068465]
 [  3.           0.12775001   0.00621239]
 [  4.           0.16625      0.05288549]
 [  5.           0.18225001   0.03625431]
 [  6.           0.1735       0.03956205]
 [  7.           0.17349999   0.03502677]
 [  8.           0.20050001   0.08098322]
 [  9.           0.17075      0.04576264]
 [ 10.           0.206        0.07707241]
 [ 11.           0.22974999   0.09415081]
 [ 12.           0.28325      0.04633101]
 [ 13.           0.27725002   0.06494831]
 [ 14.           0.23650001   0.0542808 ]
 [ 15.           0.18800001   0.04335177]
 [ 16.           0.26950002   0.05751766]
 [ 17.           0.264        0.05129114]
 [ 18.           0.27725002   0.04864894]
 [ 19.           0.28725      0.05988532]
 [ 20.           0.29825002   0.06069005]
 [ 21.           0.30350003   0.06118875]
 [ 22.           0.29775      0.09574298]
 [ 23.           0.32575002   0.11698893]
 [ 24.           0.35575002   0.13809419]
 [ 25.           0.31724998   0.06490016]
 [ 26.           0.284        0.06104174]
 [ 27.           0.2685       0.04913629]
 [ 28.           0.27050003   0.06294591]
 [ 29.           0.29000002   0.0720731 ]
 [ 30.           0.30350003   0.08790709]
 [ 31.           0.26999998   0.07890856]
 [ 32.           0.224        0.07575866]
 [ 33.           0.23699999   0.08417151]
 [ 34.           0.25050002   0.07064214]
 [ 35.           0.26075003   0.07950826]
 [ 36.           0.2645       0.08406936]
 [ 37.           0.26550004   0.08906019]
 [ 38.           0.24875      0.07007251]
 [ 39.           0.23075      0.08056732]
 [ 40.           0.23200002   0.08195177]
 [ 41.           0.23725002   0.08988883]
 [ 42.           0.23699999   0.09104258]
 [ 43.           0.23725      0.08010443]
 [ 44.           0.24425001   0.0641507 ]
 [ 45.           0.23050001   0.06508169]
 [ 46.           0.22874999   0.06364574]
 [ 47.           0.22049999   0.05919115]
 [ 48.           0.2165       0.06702028]
 [ 49.           0.22325002   0.07757859]
 [ 50.           0.227        0.07418621]
 [ 51.           0.22199999   0.07194073]
 [ 52.           0.22325002   0.06748033]
 [ 53.           0.22049999   0.06543484]
 [ 54.           0.21350001   0.05863952]
 [ 55.           0.20850001   0.06273954]
 [ 56.           0.20475002   0.06167835]
 [ 57.           0.20925      0.06183142]
 [ 58.           0.20875001   0.05475086]
 [ 59.           0.20149998   0.05983963]
 [ 60.           0.19650002   0.06070806]
 [ 61.           0.1945       0.06057407]
 [ 62.           0.2          0.0590286 ]
 [ 63.           0.2185       0.04426836]
 [ 64.           0.21775      0.04094012]
 [ 65.           0.2115       0.05015133]
 [ 66.           0.21325      0.05504686]
 [ 67.           0.21175002   0.05594082]
 [ 68.           0.20925      0.05023849]
 [ 69.           0.1995       0.05243001]
 [ 70.           0.19950001   0.0545908 ]
 [ 71.           0.20075      0.05809878]
 [ 72.           0.20175      0.05360154]
 [ 73.           0.20325      0.05268272]
 [ 74.           0.20149998   0.05341026]
 [ 75.           0.20650001   0.05791562]
 [ 76.           0.206        0.06091362]
 [ 77.           0.20149998   0.05999609]
 [ 78.           0.20349999   0.05902462]
 [ 79.           0.20775      0.0558975 ]
 [ 80.           0.21000002   0.05766959]
 [ 81.           0.2095       0.05712241]
 [ 82.           0.21025      0.05729174]
 [ 83.           0.2155       0.05038601]
 [ 84.           0.2185       0.04671557]
 [ 85.           0.21700001   0.05117831]
 [ 86.           0.21525      0.05100092]
 [ 87.           0.21724999   0.04900893]
 [ 88.           0.21975      0.05036896]
 [ 89.           0.22049999   0.05271979]
 [ 90.           0.22025001   0.04982313]
 [ 91.           0.21925      0.04739792]
 [ 92.           0.21800001   0.04939161]
 [ 93.           0.21550003   0.04748026]
 [ 94.           0.2175       0.04667039]
 [ 95.           0.22000001   0.04619084]
 [ 96.           0.22550002   0.04503991]
 [ 97.           0.2225       0.04594493]
 [ 98.           0.21625002   0.04293891]
 [ 99.           0.21825002   0.04419948]
 [100.           0.22475      0.04547836]
 [101.           0.22575001   0.04380889]
 [102.           0.22150002   0.04756081]
 [103.           0.21700001   0.04245954]
 [104.           0.21975      0.04550412]
 [105.           0.2185       0.04401172]
 [106.           0.2145       0.04123674]
 [107.           0.21700001   0.04381781]
 [108.           0.21624999   0.04721129]
 [109.           0.21475      0.04219005]
 [110.           0.21725002   0.03964097]
 [111.           0.21800001   0.0504867 ]
 [112.           0.2185       0.04637989]
 [113.           0.21374999   0.04100305]
 [114.           0.21775      0.04423305]
 [115.           0.21875      0.05422033]
 [116.           0.21525      0.05264414]
 [117.           0.21675001   0.04117987]
 [118.           0.21300001   0.04606891]
 [119.           0.21725002   0.04933463]
 [120.           0.22025      0.0481323 ]
 [121.           0.222        0.05197356]
 [122.           0.21074998   0.0466084 ]
 [123.           0.20725      0.04714837]
 [124.           0.22025      0.04877723]
 [125.           0.2225       0.05541745]
 [126.           0.21174999   0.05349211]
 [127.           0.21         0.04906947]
 [128.           0.21975      0.04703224]
 [129.           0.21475      0.05530738]
 [130.           0.20475002   0.04613499]
 [131.           0.20975001   0.05188178]
 [132.           0.2175       0.05193144]
 [133.           0.20549999   0.04669214]
 [134.           0.20850001   0.05010458]
 [135.           0.21599999   0.05222697]
 [136.           0.20974998   0.05007339]
 [137.           0.20799999   0.05207117]
 [138.           0.21375      0.05217908]
 [139.           0.20899999   0.04777389]
 [140.           0.202        0.04601799]
 [141.           0.21300001   0.05529467]
 [142.           0.20325      0.04337879]
 [143.           0.20425001   0.04687583]
 [144.           0.20975001   0.05415113]
 [145.           0.20850001   0.04957161]
 [146.           0.20525001   0.04557274]
 [147.           0.20650001   0.04785557]
 [148.           0.20850001   0.04919985]
 [149.           0.20899999   0.0509626 ]
 [150.           0.20300002   0.04579677]
 [151.           0.21100001   0.0528515 ]
 [152.           0.20775001   0.04836709]
 [153.           0.2095       0.05373256]
 [154.           0.20475002   0.0478719 ]
 [155.           0.20475002   0.04530624]
 [156.           0.20799999   0.04990304]
 [157.           0.20425001   0.04662516]
 [158.           0.20749998   0.05133377]
 [159.           0.20750001   0.04907743]
 [160.           0.19975      0.04447085]
 [161.           0.20775001   0.04946116]
 [162.           0.21175002   0.05392848]
 [163.           0.20075      0.04760351]
 [164.           0.19974999   0.03781534]
 [165.           0.21225      0.05503834]
 [166.           0.20675002   0.05137637]
 [167.           0.19925001   0.03893705]
 [168.           0.20375      0.04300254]
 [169.           0.20925      0.05187576]
 [170.           0.20500003   0.04739298]
 [171.           0.19875      0.03747916]
 [172.           0.20025001   0.03926472]
 [173.           0.2095       0.05135356]
 [174.           0.207        0.04630571]
 [175.           0.19575      0.03598611]
 [176.           0.20625      0.04808033]
 [177.           0.206        0.0475526 ]
 [178.           0.20125      0.04287518]
 [179.           0.198        0.03708731]
 [180.           0.19725      0.04094012]
 [181.           0.20325      0.04535107]
 [182.           0.201        0.03936409]
 [183.           0.19350001   0.03295831]
 [184.           0.2          0.04204722]
 [185.           0.202        0.0421919 ]
 [186.           0.19575      0.03791026]
 [187.           0.19575      0.03648202]
 [188.           0.20375      0.04342738]
 [189.           0.19475      0.03544803]
 [190.           0.19625      0.03458459]
 [191.           0.19825001   0.03841183]
 [192.           0.19425      0.03625647]
 [193.           0.198        0.03625647]
 [194.           0.194        0.03835891]
 [195.           0.19575      0.03861468]
 [196.           0.19974999   0.03700084]
 [197.           0.19425      0.03652482]
 [198.           0.1945       0.03952451]
 [199.           0.19950001   0.03048565]
 [200.           0.19974999   0.04397621]
 [201.           0.19325002   0.03336119]
 [202.           0.198        0.03227809]
 [203.           0.19399999   0.03565679]
 [204.           0.20125      0.04248162]
 [205.           0.19875      0.03981401]
 [206.           0.1875       0.02427061]
 [207.           0.20375      0.04517328]
 [208.           0.1985       0.04159328]
 [209.           0.192        0.0255349 ]
 [210.           0.2          0.04225112]
 [211.           0.1975       0.04360691]
 [212.           0.19200002   0.02873098]
 [213.           0.2          0.03896111]
 [214.           0.19375001   0.04097445]
 [215.           0.19399999   0.02768969]
 [216.           0.19725001   0.0362004 ]
 [217.           0.19925      0.04024922]
 [218.           0.19375001   0.02877717]
 [219.           0.19500001   0.03281101]
 [220.           0.19875      0.03885067]
 [221.           0.198        0.03487254]
 [222.           0.19425      0.03485012]
 [223.           0.19625      0.03295357]
 [224.           0.19849999   0.03731621]
 [225.           0.19525      0.03429422]
 [226.           0.19524999   0.03367352]
 [227.           0.1975       0.03322509]
 [228.           0.1955       0.02961472]
 [229.           0.194        0.0337662 ]
 [230.           0.20125      0.03532218]
 [231.           0.19424999   0.029456  ]
 [232.           0.19675      0.03221753]
 [233.           0.19925      0.03075355]
 [234.           0.19525      0.03275621]
 [235.           0.1975       0.03361082]
 [236.           0.19974999   0.02696062]
 [237.           0.1935       0.03016103]
 [238.           0.2          0.03338927]
 [239.           0.20175      0.02787528]
 [240.           0.19775      0.03189828]
 [241.           0.19450001   0.02769251]
 [242.           0.19975      0.03165241]
 [243.           0.2          0.03343604]
 [244.           0.19775002   0.02274863]
 [245.           0.19649999   0.02962526]
 [246.           0.20025001   0.03017398]
 [247.           0.20225      0.0224722 ]
 [248.           0.19475      0.02764733]
 [249.           0.20225      0.03613559]
 [250.           0.20375      0.02675117]
 [251.           0.2          0.03096117]
 [252.           0.19775002   0.02706185]
 [253.           0.19775      0.02337533]
 [254.           0.20075      0.03297252]
 [255.           0.199        0.02285143]
 [256.           0.19875      0.02647227]
 [257.           0.19925001   0.02889366]
 [258.           0.204        0.02917351]
 [259.           0.20150001   0.02893149]
 [260.           0.198        0.02041752]
 [261.           0.20350002   0.02804015]
 [262.           0.20650001   0.03268457]
 [263.           0.19775002   0.02151308]
 [264.           0.194        0.02203336]
 [265.           0.20425001   0.02257972]
 [266.           0.20525001   0.02732044]
 [267.           0.1975       0.02865474]
 [268.           0.1975       0.01632195]
 [269.           0.20799999   0.02961471]
 [270.           0.201        0.03287523]
 [271.           0.20050001   0.02336196]
 [272.           0.1985       0.02370719]
 [273.           0.20075      0.02251041]
 [274.           0.202        0.02719433]
 [275.           0.198        0.02518059]
 [276.           0.19950001   0.01652649]
 [277.           0.20250002   0.02320089]
 [278.           0.19700001   0.02823728]
 [279.           0.1975       0.01950561]
 [280.           0.20250002   0.023502  ]
 [281.           0.19675      0.01921507]
 [282.           0.20149998   0.02472347]
 [283.           0.201        0.0237072 ]
 [284.           0.19600001   0.02140386]
 [285.           0.201        0.02171189]
 [286.           0.204        0.02324126]
 [287.           0.19700001   0.01917437]
 [288.           0.201        0.02616653]
 [289.           0.20149998   0.02273145]
 [290.           0.197        0.02185892]
 [291.           0.202        0.0213527 ]
 [292.           0.20125      0.02696932]
 [293.           0.1955       0.02445659]
 [294.           0.20075002   0.01737904]
 [295.           0.20325      0.02282063]
 [296.           0.1975       0.02774043]
 [297.           0.19700001   0.01737905]
 [298.           0.203        0.02146218]
 [299.           0.199        0.02145854]
 [300.           0.19575      0.0210394 ]
 [301.           0.198        0.01983526]
 [302.           0.2          0.0222029 ]
 [303.           0.19875      0.01881239]
 [304.           0.19700001   0.02765016]
 [305.           0.20125      0.02234321]
 [306.           0.19974999   0.02280008]
 [307.           0.19575      0.02851261]
 [308.           0.196        0.01820886]
 [309.           0.198        0.02089033]
 [310.           0.19649999   0.02405073]
 [311.           0.202        0.02823727]
 [312.           0.189        0.01193733]
 [313.           0.19600001   0.02153123]
 [314.           0.20675002   0.02715119]
 [315.           0.194        0.01630759]
 [316.           0.19775      0.02495934]
 [317.           0.20050001   0.02403773]
 [318.           0.19899999   0.01810127]
 [319.           0.19524999   0.02799832]
 [320.           0.1945       0.01755794]
 [321.           0.19324999   0.02107649]
 [322.           0.20175      0.03257923]
 [323.           0.19500001   0.01707063]
 [324.           0.19100001   0.0191499 ]
 [325.           0.20625      0.03102418]
 [326.           0.198        0.01426863]
 [327.           0.1895       0.01300841]
 [328.           0.20625      0.02892609]
 [329.           0.20075      0.01989425]
 [330.           0.18875      0.01246871]
 [331.           0.1985       0.02714832]
 [332.           0.199        0.02387139]
 [333.           0.18900001   0.01423574]
 [334.           0.19525      0.02489666]
 [335.           0.19925001   0.02504059]
 [336.           0.19075      0.01829874]
 [337.           0.19725      0.02416415]
 [338.           0.2          0.02641319]
 [339.           0.19475      0.01846449]
 [340.           0.19625      0.01711633]
 [341.           0.19575      0.02573301]
 [342.           0.198        0.02749431]
 [343.           0.194        0.01621149]
 [344.           0.19399999   0.01569733]
 [345.           0.1945       0.02693452]
 [346.           0.1955       0.0223537 ]
 [347.           0.19225      0.01364735]
 [348.           0.192        0.01872081]
 [349.           0.1935       0.02109132]
 [350.           0.201        0.02140386]
 [351.           0.18824999   0.01567741]
 [352.           0.19450001   0.01470013]
 [353.           0.19975      0.02597175]
 [354.           0.19074999   0.01945749]
 [355.           0.19175      0.01133992]
 [356.           0.19525002   0.02035621]
 [357.           0.19500001   0.02481179]
 [358.           0.195        0.01328768]
 [359.           0.19225      0.01888287]
 [360.           0.18975      0.02145854]
 [361.           0.19675      0.01804075]
 [362.           0.19500001   0.01826455]
 [363.           0.18975      0.01599316]
 [364.           0.1945       0.01869993]
 [365.           0.1925       0.01494783]
 [366.           0.1895       0.01342223]
 [367.           0.19950001   0.02693453]
 [368.           0.1975       0.02159644]
 [369.           0.1885       0.01423573]
 [370.           0.19500001   0.0219196 ]
 [371.           0.19675      0.01983526]
 [372.           0.19225001   0.01812285]
 [373.           0.19375001   0.01895719]
 [374.           0.19525      0.01979188]
 [375.           0.19350001   0.02151308]
 [376.           0.1945       0.01993349]
 [377.           0.193        0.01740151]
 [378.           0.19325      0.01791037]
 [379.           0.19700001   0.02402147]
 [380.           0.19625      0.01832859]
 [381.           0.19025001   0.01744187]
 [382.           0.19275      0.01867485]
 [383.           0.20175003   0.01999219]
 [384.           0.18975      0.01797133]
 [385.           0.1875       0.01639359]
 [386.           0.19875      0.01629801]
 [387.           0.19325      0.02513402]
 [388.           0.18975      0.01635543]
 [389.           0.1945       0.01488497]
 [390.           0.19000001   0.0157619 ]
 [391.           0.1945       0.02478974]
 [392.           0.19525      0.01682632]
 [393.           0.18425      0.00817771]
 [394.           0.19475      0.02312331]
 [395.           0.20225      0.02472347]
 [396.           0.18499999   0.01308028]
 [397.           0.19175      0.01678448]
 [398.           0.19700001   0.0198746 ]
 [399.           0.1925       0.02097245]
 [400.           0.18975      0.01775264]]
Dataset       :Photo
Model         :APPNP
Conden ratio  :1.0
GC            :2
LearnA        :0
Max Test Accuracy:
0.58125
Best Result: Epoch   Acc  Std.
               24 0.3558  0.1381
