Set seed
Model SGC
--------------------------------------------------
The 1th iteration:
--------------------------------------------------
--------------------------------------------------
The 2th iteration:
--------------------------------------------------
--------------------------------------------------
The 3th iteration:
--------------------------------------------------
--------------------------------------------------
The 4th iteration:
--------------------------------------------------
--------------------------------------------------
The 5th iteration:
--------------------------------------------------
[[  1.           0.15699999   0.07089054]
 [  2.           0.12625001   0.00433013]
 [  3.           0.12550001   0.00259205]
 [  4.           0.12725      0.0033541 ]
 [  5.           0.156        0.03903524]
 [  6.           0.17625001   0.06620871]
 [  7.           0.1895       0.05400087]
 [  8.           0.2105       0.06438167]
 [  9.           0.224        0.06853033]
 [ 10.           0.23725      0.07041951]
 [ 11.           0.24825001   0.07123136]
 [ 12.           0.274        0.06262737]
 [ 13.           0.28975      0.02724885]
 [ 14.           0.29424998   0.0217155 ]
 [ 15.           0.31625      0.06518603]
 [ 16.           0.333        0.07970455]
 [ 17.           0.34         0.08432174]
 [ 18.           0.34725      0.09508796]
 [ 19.           0.36374998   0.10653637]
 [ 20.           0.373        0.09849889]
 [ 21.           0.37100002   0.09670106]
 [ 22.           0.3625       0.09455074]
 [ 23.           0.35700002   0.10107469]
 [ 24.           0.35999998   0.10998935]
 [ 25.           0.36600003   0.11951531]
 [ 26.           0.36824998   0.12040492]
 [ 27.           0.3635       0.11609668]
 [ 28.           0.35975      0.11446684]
 [ 29.           0.35475      0.11672417]
 [ 30.           0.35         0.11729371]
 [ 31.           0.34875003   0.12283435]
 [ 32.           0.34600002   0.12591974]
 [ 33.           0.34825      0.12341685]
 [ 34.           0.34550002   0.11698893]
 [ 35.           0.34175      0.11672483]
 [ 36.           0.3385       0.11649638]
 [ 37.           0.33900002   0.12728967]
 [ 38.           0.33400002   0.13040923]
 [ 39.           0.33325002   0.14359666]
 [ 40.           0.33075      0.15146318]
 [ 41.           0.33125      0.16337982]
 [ 42.           0.33         0.16839544]
 [ 43.           0.32874998   0.17158268]
 [ 44.           0.32325003   0.16890179]
 [ 45.           0.3165       0.1636555 ]
 [ 46.           0.31175      0.16228014]
 [ 47.           0.307        0.16362256]
 [ 48.           0.3035       0.16503882]
 [ 49.           0.30249998   0.16732499]
 [ 50.           0.30225      0.17067283]
 [ 51.           0.30175      0.17088145]
 [ 52.           0.29749998   0.16810523]
 [ 53.           0.295        0.167353  ]
 [ 54.           0.29200003   0.16560636]
 [ 55.           0.28925      0.16350316]
 [ 56.           0.28525      0.15752329]
 [ 57.           0.281        0.15369004]
 [ 58.           0.27625      0.14932662]
 [ 59.           0.27125      0.13976263]
 [ 60.           0.26675      0.13311355]
 [ 61.           0.26275      0.1296582 ]
 [ 62.           0.2595       0.12746505]
 [ 63.           0.2565       0.12554693]
 [ 64.           0.25475      0.12382068]
 [ 65.           0.25324997   0.12067713]
 [ 66.           0.25149998   0.11859661]
 [ 67.           0.25         0.11933737]
 [ 68.           0.24850002   0.11879406]
 [ 69.           0.24750002   0.11599434]
 [ 70.           0.246        0.11323164]
 [ 71.           0.244        0.11208048]
 [ 72.           0.24175      0.1093182 ]
 [ 73.           0.24025002   0.1084349 ]
 [ 74.           0.24074998   0.10689729]
 [ 75.           0.24000001   0.10618747]
 [ 76.           0.24025002   0.10610062]
 [ 77.           0.24000001   0.10645935]
 [ 78.           0.2395       0.10459221]
 [ 79.           0.23875001   0.10302078]
 [ 80.           0.23875001   0.10234745]
 [ 81.           0.23924999   0.10093933]
 [ 82.           0.23975001   0.10122454]
 [ 83.           0.2395       0.10070299]
 [ 84.           0.2395       0.10018967]
 [ 85.           0.24000001   0.09812699]
 [ 86.           0.24024999   0.09797721]
 [ 87.           0.2415       0.09754968]
 [ 88.           0.24099998   0.09495229]
 [ 89.           0.24250002   0.09413671]
 [ 90.           0.24375      0.09347878]
 [ 91.           0.24450003   0.09315059]
 [ 92.           0.24749999   0.0907736 ]
 [ 93.           0.25         0.08926349]
 [ 94.           0.253        0.08884943]
 [ 95.           0.256        0.08812898]
 [ 96.           0.25775      0.08673955]
 [ 97.           0.25825      0.08648337]
 [ 98.           0.258        0.08534214]
 [ 99.           0.25925002   0.08518179]
 [100.           0.2595       0.08501194]
 [101.           0.26025      0.08459185]
 [102.           0.2615       0.08478097]
 [103.           0.26174998   0.08408794]
 [104.           0.26175      0.08320532]
 [105.           0.26174998   0.08287603]
 [106.           0.26174998   0.08287603]
 [107.           0.262        0.08297966]
 [108.           0.26275      0.08298814]
 [109.           0.26225      0.08205563]
 [110.           0.26174998   0.08202325]
 [111.           0.26250002   0.0824479 ]
 [112.           0.26275      0.08203658]
 [113.           0.26225      0.08177905]
 [114.           0.262        0.08267784]
 [115.           0.261        0.08281852]
 [116.           0.26025      0.08197466]
 [117.           0.25974998   0.08170737]
 [118.           0.25974998   0.08226007]
 [119.           0.2595       0.08326633]
 [120.           0.2585       0.0833076 ]
 [121.           0.2585       0.08301167]
 [122.           0.258        0.08275812]
 [123.           0.25750002   0.08221067]
 [124.           0.25625      0.08375001]
 [125.           0.256        0.08386374]
 [126.           0.25625      0.08388981]
 [127.           0.25525      0.084008  ]
 [128.           0.255        0.08421049]
 [129.           0.25550002   0.08435695]
 [130.           0.25525      0.08424018]
 [131.           0.25324997   0.08373881]
 [132.           0.25349998   0.08382647]
 [133.           0.25325      0.08404613]
 [134.           0.25325      0.08467586]
 [135.           0.25375      0.08551773]
 [136.           0.254        0.08657728]
 [137.           0.25474998   0.0871977 ]
 [138.           0.2555       0.08810771]
 [139.           0.25499997   0.088587  ]
 [140.           0.2545       0.08907773]
 [141.           0.25525      0.08933959]
 [142.           0.25475      0.08947503]
 [143.           0.25474998   0.09050811]
 [144.           0.25475      0.09088282]
 [145.           0.25475      0.09119176]
 [146.           0.25525      0.09172139]
 [147.           0.2555       0.09181588]
 [148.           0.2555       0.09181588]
 [149.           0.25575      0.09197316]
 [150.           0.256        0.09249747]
 [151.           0.25575003   0.09383164]
 [152.           0.25550002   0.09374417]
 [153.           0.25575      0.09482138]
 [154.           0.25550002   0.09509289]
 [155.           0.25575      0.09591093]
 [156.           0.256        0.09637736]
 [157.           0.25625      0.09645676]
 [158.           0.2565       0.0968625 ]
 [159.           0.25625      0.09713876]
 [160.           0.25675002   0.09768651]
 [161.           0.25675002   0.09768651]
 [162.           0.257        0.09851475]
 [163.           0.25675002   0.09847113]
 [164.           0.2565       0.09832742]
 [165.           0.2565       0.09832742]
 [166.           0.25625      0.09893574]
 [167.           0.25575      0.09871677]
 [168.           0.25525      0.09892548]
 [169.           0.25525      0.09935496]
 [170.           0.25525      0.09935496]
 [171.           0.2555       0.09943041]
 [172.           0.25575      0.10020526]
 [173.           0.25625      0.10042877]
 [174.           0.2565       0.10106232]
 [175.           0.25750002   0.10167734]
 [176.           0.25725      0.10197043]
 [177.           0.25725      0.10172112]
 [178.           0.25750002   0.10212202]
 [179.           0.258        0.10267743]
 [180.           0.25825      0.10307992]
 [181.           0.25900003   0.10422108]
 [182.           0.25900003   0.10422108]
 [183.           0.25925002   0.10436789]
 [184.           0.2595       0.10514351]
 [185.           0.25925002   0.1057732 ]
 [186.           0.25925002   0.1057732 ]
 [187.           0.25925002   0.10603877]
 [188.           0.26         0.10666464]
 [189.           0.26075003   0.10729122]
 [190.           0.2605       0.10714915]
 [191.           0.26075003   0.10790115]
 [192.           0.261        0.10831594]
 [193.           0.26125      0.10901547]
 [194.           0.26125002   0.10859184]
 [195.           0.26174998   0.10879166]
 [196.           0.262        0.10892443]
 [197.           0.26174998   0.10879166]
 [198.           0.26225      0.10905991]
 [199.           0.26225      0.10905991]
 [200.           0.26250002   0.10913008]
 [201.           0.26250002   0.10913008]
 [202.           0.26275      0.10954595]
 [203.           0.2635       0.10989129]
 [204.           0.2635       0.10989129]
 [205.           0.26375      0.11065149]
 [206.           0.26425      0.11113618]
 [207.           0.26425      0.11085816]
 [208.           0.26425      0.11085816]
 [209.           0.264        0.11108626]
 [210.           0.2635       0.1108187 ]
 [211.           0.26500002   0.11034393]
 [212.           0.265        0.1099858 ]
 [213.           0.265        0.1099858 ]
 [214.           0.26525003   0.10963149]
 [215.           0.26525      0.10999077]
 [216.           0.26525      0.10999077]
 [217.           0.26525      0.10999077]
 [218.           0.266        0.11026743]
 [219.           0.266        0.11026743]
 [220.           0.266        0.11026743]
 [221.           0.26624998   0.11040408]
 [222.           0.26700002   0.10992752]
 [223.           0.26675      0.10945747]
 [224.           0.26700002   0.10959656]
 [225.           0.26825      0.10990266]
 [226.           0.268        0.10975327]
 [227.           0.26775      0.10970628]
 [228.           0.26825      0.10909285]
 [229.           0.26875      0.10854866]
 [230.           0.26900002   0.10827987]
 [231.           0.2695       0.10759661]
 [232.           0.2695       0.10759661]
 [233.           0.26975      0.10732689]
 [234.           0.271        0.1058426 ]
 [235.           0.27174997   0.10434543]
 [236.           0.27175      0.10387266]
 [237.           0.27275      0.10373644]
 [238.           0.27275      0.10327224]
 [239.           0.273        0.10370707]
 [240.           0.27375      0.103089  ]
 [241.           0.27475      0.10180173]
 [242.           0.27525002   0.10192444]
 [243.           0.27525002   0.10152124]
 [244.           0.275        0.10108396]
 [245.           0.27525002   0.10076814]
 [246.           0.275        0.10030812]
 [247.           0.27475      0.09985693]
 [248.           0.27550003   0.0997207 ]
 [249.           0.275        0.10032369]
 [250.           0.27425      0.1012446 ]
 [251.           0.27375      0.10038597]
 [252.           0.27375      0.09995311]
 [253.           0.27375      0.09954976]
 [254.           0.27325      0.10018966]
 [255.           0.27375004   0.1000781 ]
 [256.           0.27325      0.1002754 ]
 [257.           0.27350003   0.09929202]
 [258.           0.27325      0.09962665]
 [259.           0.273        0.09919835]
 [260.           0.2735       0.0986566 ]
 [261.           0.27350003   0.0987318 ]
 [262.           0.27350003   0.0987318 ]
 [263.           0.2735       0.09960625]
 [264.           0.2735       0.10000937]
 [265.           0.2735       0.10000937]
 [266.           0.27324998   0.09999844]
 [267.           0.27324998   0.09999844]
 [268.           0.27324998   0.09999844]
 [269.           0.27324998   0.09968153]
 [270.           0.27325      0.10017407]
 [271.           0.273        0.09975595]
 [272.           0.27275      0.10011478]
 [273.           0.2725       0.10062694]
 [274.           0.2725       0.10062694]
 [275.           0.2725       0.10062694]
 [276.           0.27299997   0.10043888]
 [277.           0.27324998   0.10050497]
 [278.           0.27324998   0.10050497]
 [279.           0.27324998   0.10050497]
 [280.           0.273        0.10087353]
 [281.           0.273        0.10087353]
 [282.           0.27325      0.10094321]
 [283.           0.27350003   0.10069447]
 [284.           0.27375      0.10043655]
 [285.           0.27375      0.10095249]
 [286.           0.27350003   0.10055082]
 [287.           0.27350003   0.10055082]
 [288.           0.27350003   0.10055082]
 [289.           0.27325      0.10015067]
 [290.           0.27275      0.10044978]
 [291.           0.27275      0.10044978]
 [292.           0.272        0.10099737]
 [293.           0.272        0.10035328]
 [294.           0.27175      0.09995545]
 [295.           0.27125      0.09916448]
 [296.           0.271        0.09891364]
 [297.           0.271        0.09891364]
 [298.           0.27075002   0.09930069]
 [299.           0.26999998   0.09813496]
 [300.           0.26975      0.09852586]
 [301.           0.2695       0.09891837]
 [302.           0.26900002   0.09783357]
 [303.           0.26900002   0.09783357]
 [304.           0.26900002   0.09783357]
 [305.           0.26875      0.09767211]
 [306.           0.26825      0.09768651]
 [307.           0.26799998   0.09808557]
 [308.           0.26799998   0.09808557]
 [309.           0.26799998   0.09808557]
 [310.           0.26799998   0.09808557]
 [311.           0.26875      0.09803539]
 [312.           0.26875      0.09803539]
 [313.           0.26875      0.09853219]
 [314.           0.268        0.0989697 ]
 [315.           0.26775002   0.09887413]
 [316.           0.26675      0.09759451]
 [317.           0.266        0.09675758]
 [318.           0.266        0.09675758]
 [319.           0.266        0.09675758]
 [320.           0.2655       0.09622402]
 [321.           0.26525      0.09585715]
 [322.           0.26475      0.09539146]
 [323.           0.2645       0.09502713]
 [324.           0.26375002   0.0956883 ]
 [325.           0.264        0.09579192]
 [326.           0.2635       0.095849  ]
 [327.           0.26275      0.09573481]
 [328.           0.26250002   0.09537344]
 [329.           0.26225      0.09526443]
 [330.           0.26225      0.09526443]
 [331.           0.262        0.09568258]
 [332.           0.26174998   0.09610216]
 [333.           0.26149997   0.09574298]
 [334.           0.26125      0.09563521]
 [335.           0.26125      0.09563521]
 [336.           0.26125      0.09563521]
 [337.           0.26149997   0.09580416]
 [338.           0.261        0.09586938]
 [339.           0.26025      0.09601595]
 [340.           0.26         0.09584738]
 [341.           0.26         0.09584738]
 [342.           0.25974998   0.09568176]
 [343.           0.2595       0.09551914]
 [344.           0.25925002   0.09541276]
 [345.           0.25925002   0.09541276]
 [346.           0.25925002   0.09541276]
 [347.           0.25900003   0.09583678]
 [348.           0.25875002   0.0957332 ]
 [349.           0.25875002   0.0957332 ]
 [350.           0.2585       0.09557147]
 [351.           0.25875002   0.09567606]
 [352.           0.25875002   0.09567606]
 [353.           0.25875002   0.09567606]
 [354.           0.25875002   0.09567606]
 [355.           0.25875002   0.09567606]
 [356.           0.2585       0.09557147]
 [357.           0.2585       0.09557147]
 [358.           0.258        0.09567442]
 [359.           0.258        0.09567442]
 [360.           0.258        0.09567442]
 [361.           0.258        0.09567442]
 [362.           0.25825      0.09583759]
 [363.           0.25825      0.09583759]
 [364.           0.258        0.09573972]
 [365.           0.258        0.09573972]
 [366.           0.258        0.09573972]
 [367.           0.258        0.09573972]
 [368.           0.258        0.09573972]
 [369.           0.258        0.09573972]
 [370.           0.258        0.09573972]
 [371.           0.25825      0.09590686]
 [372.           0.25825      0.09590686]
 [373.           0.25825      0.09590686]
 [374.           0.25825      0.09590686]
 [375.           0.25825      0.09590686]
 [376.           0.25825      0.09590686]
 [377.           0.25825      0.09590686]
 [378.           0.258        0.09581314]
 [379.           0.2575       0.09555349]
 [380.           0.25724998   0.09546515]
 [381.           0.25724998   0.09546515]
 [382.           0.25724998   0.09546515]
 [383.           0.25724998   0.09546515]
 [384.           0.25700003   0.09538   ]
 [385.           0.25700003   0.09538   ]
 [386.           0.25675002   0.09521195]
 [387.           0.25675002   0.09521195]
 [388.           0.25675002   0.09521195]
 [389.           0.2565       0.09504687]
 [390.           0.2565       0.09504687]
 [391.           0.25675002   0.09513396]
 [392.           0.25700003   0.09522425]
 [393.           0.25675002   0.09542914]
 [394.           0.25675002   0.09542914]
 [395.           0.25675002   0.09542914]
 [396.           0.25675002   0.09542914]
 [397.           0.25675002   0.09542914]
 [398.           0.25675002   0.09542914]
 [399.           0.2565       0.09526855]
 [400.           0.2565       0.09526855]]
Dataset       :Photo
Model         :SGC
Conden ratio  :1.0
GC            :1
LearnA        :0
Max Test Accuracy:
0.62125
Best Result: Epoch   Acc  Std.
               20 0.3730  0.0985
