Set seed
Model GAT
--------------------------------------------------
The 1th iteration:
--------------------------------------------------
--------------------------------------------------
The 2th iteration:
--------------------------------------------------
--------------------------------------------------
The 3th iteration:
--------------------------------------------------
--------------------------------------------------
The 4th iteration:
--------------------------------------------------
--------------------------------------------------
The 5th iteration:
--------------------------------------------------
[[  1.           0.162        0.05085672]
 [  2.           0.125        0.        ]
 [  3.           0.17325      0.04555732]
 [  4.           0.20275001   0.07072394]
 [  5.           0.252        0.08340694]
 [  6.           0.22550002   0.10037663]
 [  7.           0.22850001   0.12740007]
 [  8.           0.198        0.06542888]
 [  9.           0.23075001   0.09196466]
 [ 10.           0.19375001   0.06171381]
 [ 11.           0.19725      0.06644663]
 [ 12.           0.22950001   0.05108664]
 [ 13.           0.2705       0.11054058]
 [ 14.           0.25825      0.10926101]
 [ 15.           0.2435       0.05383279]
 [ 16.           0.27949998   0.08175133]
 [ 17.           0.24699998   0.03604034]
 [ 18.           0.29575      0.04281684]
 [ 19.           0.29375002   0.05538925]
 [ 20.           0.3225       0.09382913]
 [ 21.           0.347        0.096155  ]
 [ 22.           0.35674998   0.08914788]
 [ 23.           0.34724998   0.04160265]
 [ 24.           0.337        0.02979881]
 [ 25.           0.35450003   0.04252389]
 [ 26.           0.38075      0.04428777]
 [ 27.           0.38575003   0.0656256 ]
 [ 28.           0.379        0.07860802]
 [ 29.           0.37225      0.0844162 ]
 [ 30.           0.36174998   0.09152184]
 [ 31.           0.35575      0.09660892]
 [ 32.           0.34825      0.09378581]
 [ 33.           0.35025      0.07568644]
 [ 34.           0.3585       0.06072093]
 [ 35.           0.35225      0.07179833]
 [ 36.           0.34925002   0.084468  ]
 [ 37.           0.34950003   0.08296555]
 [ 38.           0.3465       0.08178382]
 [ 39.           0.34724998   0.0831903 ]
 [ 40.           0.35325      0.08524138]
 [ 41.           0.37175003   0.10691923]
 [ 42.           0.37550002   0.11289376]
 [ 43.           0.377        0.11116781]
 [ 44.           0.36925003   0.10061763]
 [ 45.           0.36425003   0.09182014]
 [ 46.           0.35775      0.09009717]
 [ 47.           0.37250003   0.1075436 ]
 [ 48.           0.38425002   0.11708238]
 [ 49.           0.38275      0.1179857 ]
 [ 50.           0.382        0.1162285 ]
 [ 51.           0.38549998   0.11241871]
 [ 52.           0.392        0.1125923 ]
 [ 53.           0.3945       0.11317021]
 [ 54.           0.39675      0.11521243]
 [ 55.           0.39825      0.1173889 ]
 [ 56.           0.39675      0.11551718]
 [ 57.           0.396        0.11297262]
 [ 58.           0.3925       0.10867814]
 [ 59.           0.39499998   0.11091945]
 [ 60.           0.40074998   0.11446751]
 [ 61.           0.40725002   0.119188  ]
 [ 62.           0.41         0.11902271]
 [ 63.           0.41000006   0.11773913]
 [ 64.           0.40950003   0.11658756]
 [ 65.           0.412        0.11499525]
 [ 66.           0.41375      0.11645479]
 [ 67.           0.41475      0.1145146 ]
 [ 68.           0.41825      0.11304936]
 [ 69.           0.42725      0.10803066]
 [ 70.           0.43350002   0.09886621]
 [ 71.           0.43425003   0.09928494]
 [ 72.           0.43325      0.09636194]
 [ 73.           0.429        0.09314974]
 [ 74.           0.43000004   0.0900564 ]
 [ 75.           0.43150002   0.09380581]
 [ 76.           0.4295       0.10260513]
 [ 77.           0.43275      0.09933921]
 [ 78.           0.433        0.09123974]
 [ 79.           0.43450004   0.07850957]
 [ 80.           0.43899998   0.07234573]
 [ 81.           0.44300005   0.07920306]
 [ 82.           0.44750005   0.08524781]
 [ 83.           0.45000002   0.08707039]
 [ 84.           0.448        0.08372948]
 [ 85.           0.44925004   0.07544451]
 [ 86.           0.45225      0.06980664]
 [ 87.           0.46         0.07057797]
 [ 88.           0.4585       0.07874207]
 [ 89.           0.45725003   0.08308223]
 [ 90.           0.45825002   0.07959173]
 [ 91.           0.46000004   0.07731835]
 [ 92.           0.46975002   0.07149301]
 [ 93.           0.46625003   0.06927641]
 [ 94.           0.46075      0.06942623]
 [ 95.           0.46475002   0.06396656]
 [ 96.           0.46724996   0.06803836]
 [ 97.           0.46825      0.07564101]
 [ 98.           0.4645       0.07932628]
 [ 99.           0.46525002   0.07302827]
 [100.           0.467        0.0609662 ]
 [101.           0.467        0.06262861]
 [102.           0.46499997   0.06707622]
 [103.           0.46549997   0.07023733]
 [104.           0.47075      0.07170686]
 [105.           0.47425005   0.06444232]
 [106.           0.46925002   0.05459082]
 [107.           0.46275002   0.05865951]
 [108.           0.46549997   0.0647447 ]
 [109.           0.47224998   0.06764683]
 [110.           0.47325      0.06421764]
 [111.           0.469        0.05937433]
 [112.           0.4645       0.0606063 ]
 [113.           0.46675      0.06009497]
 [114.           0.47075      0.06010798]
 [115.           0.47325      0.05872072]
 [116.           0.4735       0.05802345]
 [117.           0.4715       0.05961727]
 [118.           0.47         0.05869013]
 [119.           0.467        0.05180039]
 [120.           0.4685       0.05077833]
 [121.           0.47100002   0.0551376 ]
 [122.           0.47425      0.05802478]
 [123.           0.475        0.05892924]
 [124.           0.46825      0.05837378]
 [125.           0.46125004   0.06049922]
 [126.           0.46425      0.06267848]
 [127.           0.46949998   0.05916476]
 [128.           0.46975002   0.05928875]
 [129.           0.46075      0.06366784]
 [130.           0.46275002   0.06475552]
 [131.           0.46075      0.06365558]
 [132.           0.46225005   0.06017813]
 [133.           0.46475002   0.06200048]
 [134.           0.46400005   0.06364206]
 [135.           0.46300003   0.06753241]
 [136.           0.46300003   0.06225954]
 [137.           0.46225005   0.05493179]
 [138.           0.4615       0.05679871]
 [139.           0.46         0.06275573]
 [140.           0.46125004   0.06153631]
 [141.           0.464        0.0550809 ]
 [142.           0.46750003   0.05223895]
 [143.           0.46350002   0.05600922]
 [144.           0.4605       0.05614294]
 [145.           0.46374997   0.05828272]
 [146.           0.46875      0.05676846]
 [147.           0.467        0.05871409]
 [148.           0.45950004   0.05950708]
 [149.           0.45949998   0.05735441]
 [150.           0.46225      0.05667476]
 [151.           0.469        0.05897167]
 [152.           0.46574998   0.05712239]
 [153.           0.45749998   0.05689216]
 [154.           0.45874998   0.05836307]
 [155.           0.467        0.05793047]
 [156.           0.4625       0.05614572]
 [157.           0.45925003   0.05477655]
 [158.           0.46125004   0.05804765]
 [159.           0.46275002   0.06213268]
 [160.           0.46175      0.05993876]
 [161.           0.46525002   0.04977607]
 [162.           0.46625      0.04771333]
 [163.           0.46525002   0.05453927]
 [164.           0.46225      0.05845936]
 [165.           0.46324998   0.05208619]
 [166.           0.46625003   0.04937105]
 [167.           0.46725002   0.04988583]
 [168.           0.46350002   0.05236144]
 [169.           0.45625      0.05606217]
 [170.           0.45749998   0.05609005]
 [171.           0.46350002   0.05354907]
 [172.           0.46725002   0.04511618]
 [173.           0.46725002   0.04419772]
 [174.           0.47175      0.0399863 ]
 [175.           0.468        0.04578823]
 [176.           0.46075      0.05333121]
 [177.           0.45625      0.05603432]
 [178.           0.46150002   0.05021362]
 [179.           0.47175002   0.04007418]
 [180.           0.47775003   0.03807271]
 [181.           0.47625      0.04057208]
 [182.           0.47925      0.03721349]
 [183.           0.4835       0.02696062]
 [184.           0.4745       0.03786903]
 [185.           0.47749996   0.03700718]
 [186.           0.48325      0.03612694]
 [187.           0.48575002   0.03725547]
 [188.           0.48000002   0.03810962]
 [189.           0.47875      0.03651843]
 [190.           0.487        0.02827875]
 [191.           0.481        0.03334712]
 [192.           0.47775003   0.0375146 ]
 [193.           0.48175      0.03394157]
 [194.           0.48850003   0.03014807]
 [195.           0.488        0.02916282]
 [196.           0.48400003   0.03089043]
 [197.           0.47725      0.03281576]
 [198.           0.47849998   0.03388169]
 [199.           0.48424998   0.03665293]
 [200.           0.4845       0.03788963]
 [201.           0.4875       0.03179524]
 [202.           0.48599997   0.0267424 ]
 [203.           0.48225003   0.0323844 ]
 [204.           0.47725      0.03390475]
 [205.           0.48175      0.03360615]
 [206.           0.487        0.03426231]
 [207.           0.4835       0.03347572]
 [208.           0.48050004   0.03339629]
 [209.           0.48075      0.03448958]
 [210.           0.47875      0.03915115]
 [211.           0.479        0.03694802]
 [212.           0.48424998   0.03430789]
 [213.           0.48400003   0.03617879]
 [214.           0.47425      0.03499551]
 [215.           0.46949998   0.0398493 ]
 [216.           0.47675      0.04292616]
 [217.           0.48175      0.03937602]
 [218.           0.47675      0.0303315 ]
 [219.           0.466        0.04296984]
 [220.           0.46575004   0.04341481]
 [221.           0.47950003   0.03406794]
 [222.           0.479        0.03151635]
 [223.           0.46225005   0.04281503]
 [224.           0.46575004   0.04275294]
 [225.           0.47425005   0.03697127]
 [226.           0.47300002   0.03748541]
 [227.           0.46800002   0.03958376]
 [228.           0.47025004   0.04014039]
 [229.           0.466        0.04163081]
 [230.           0.4665       0.03874394]
 [231.           0.475        0.03432382]
 [232.           0.4745       0.03814651]
 [233.           0.46575004   0.04032677]
 [234.           0.47124997   0.03408399]
 [235.           0.47600004   0.03327679]
 [236.           0.46275002   0.04738801]
 [237.           0.46125004   0.04527693]
 [238.           0.47775003   0.0311674 ]
 [239.           0.47849998   0.03040609]
 [240.           0.46750003   0.03889087]
 [241.           0.47675      0.02892067]
 [242.           0.47675      0.03096872]
 [243.           0.46425      0.04104685]
 [244.           0.46825      0.03894709]
 [245.           0.48525      0.02934707]
 [246.           0.48200002   0.02912259]
 [247.           0.46275002   0.04724769]
 [248.           0.4625       0.0513718 ]
 [249.           0.48500004   0.02168669]
 [250.           0.48625      0.03236753]
 [251.           0.47100002   0.03868341]
 [252.           0.46475002   0.04805109]
 [253.           0.46875      0.03804807]
 [254.           0.47650003   0.02902586]
 [255.           0.47825003   0.03034437]
 [256.           0.4835       0.02770378]
 [257.           0.47775003   0.02808191]
 [258.           0.46800002   0.04680912]
 [259.           0.4685       0.04251288]
 [260.           0.47975      0.01951362]
 [261.           0.48499998   0.024367  ]
 [262.           0.46725002   0.04145214]
 [263.           0.46025      0.04917602]
 [264.           0.46425      0.03893706]
 [265.           0.47100002   0.03746248]
 [266.           0.46949998   0.03666358]
 [267.           0.469        0.04065287]
 [268.           0.47         0.03662524]
 [269.           0.46750003   0.04360691]
 [270.           0.46374997   0.04671221]
 [271.           0.46475002   0.04213445]
 [272.           0.47425      0.03233855]
 [273.           0.47         0.04125946]
 [274.           0.45675      0.05227333]
 [275.           0.467        0.03974135]
 [276.           0.47525      0.03263675]
 [277.           0.46575004   0.04437588]
 [278.           0.45825005   0.04529073]
 [279.           0.46325      0.04272552]
 [280.           0.4685       0.03999414]
 [281.           0.46549997   0.04595856]
 [282.           0.45950004   0.04210849]
 [283.           0.47375003   0.02998701]
 [284.           0.47475      0.03782568]
 [285.           0.45650002   0.04834286]
 [286.           0.45725003   0.04521133]
 [287.           0.4745       0.03153123]
 [288.           0.47700006   0.03576837]
 [289.           0.45950004   0.0430534 ]
 [290.           0.45825002   0.04486613]
 [291.           0.46949998   0.0420435 ]
 [292.           0.46775004   0.04370893]
 [293.           0.46525002   0.03946319]
 [294.           0.46925002   0.03628878]
 [295.           0.46475002   0.0425863 ]
 [296.           0.45950004   0.04705881]
 [297.           0.46825      0.04043321]
 [298.           0.47525007   0.03983757]
 [299.           0.47475004   0.04345797]
 [300.           0.46725002   0.04042161]
 [301.           0.456        0.04992494]
 [302.           0.45874998   0.05036585]
 [303.           0.46125004   0.04779512]
 [304.           0.46800002   0.04120833]
 [305.           0.46825      0.04090386]
 [306.           0.45275003   0.05001873]
 [307.           0.45675      0.04670049]
 [308.           0.46525002   0.04287883]
 [309.           0.4665       0.04529763]
 [310.           0.45875      0.04142954]
 [311.           0.45299998   0.05281601]
 [312.           0.47075      0.04558303]
 [313.           0.47075      0.04738144]
 [314.           0.45825002   0.04648251]
 [315.           0.45925003   0.04832832]
 [316.           0.4745       0.04934414]
 [317.           0.47399998   0.04117799]
 [318.           0.464        0.03868341]
 [319.           0.4615       0.04333192]
 [320.           0.46725002   0.04747861]
 [321.           0.46525002   0.04379817]
 [322.           0.46675      0.03984933]
 [323.           0.4665       0.04184608]
 [324.           0.466        0.04599085]
 [325.           0.4645       0.04409327]
 [326.           0.46625003   0.0476068 ]
 [327.           0.46975002   0.04704886]
 [328.           0.47275      0.045289  ]
 [329.           0.46575004   0.04298075]
 [330.           0.45775      0.0531757 ]
 [331.           0.46975002   0.05012017]
 [332.           0.47525      0.03903525]
 [333.           0.46199998   0.04657486]
 [334.           0.46625      0.05017937]
 [335.           0.46825      0.03916712]
 [336.           0.46150002   0.04179003]
 [337.           0.46         0.04811282]
 [338.           0.46949998   0.05038602]
 [339.           0.46549997   0.04254226]
 [340.           0.45550004   0.05013733]
 [341.           0.46025      0.044286  ]
 [342.           0.47025004   0.04688249]
 [343.           0.4735       0.04598233]
 [344.           0.46850005   0.05200962]
 [345.           0.46975      0.0491204 ]
 [346.           0.46374997   0.04195422]
 [347.           0.45450002   0.04917763]
 [348.           0.47075006   0.05469089]
 [349.           0.47950003   0.04835253]
 [350.           0.47725      0.04694912]
 [351.           0.45175      0.05706767]
 [352.           0.46000004   0.06343675]
 [353.           0.46675      0.04024922]
 [354.           0.46100003   0.03782568]
 [355.           0.45975      0.0654635 ]
 [356.           0.47100002   0.05560322]
 [357.           0.46300003   0.04061635]
 [358.           0.45325002   0.04424363]
 [359.           0.47100002   0.05510218]
 [360.           0.4745       0.04771825]
 [361.           0.46324998   0.04336076]
 [362.           0.46075      0.04402236]
 [363.           0.4725       0.05077526]
 [364.           0.46800002   0.0423951 ]
 [365.           0.46625003   0.04457263]
 [366.           0.47125003   0.0549076 ]
 [367.           0.47025004   0.04952432]
 [368.           0.46199998   0.04207137]
 [369.           0.4645       0.04456912]
 [370.           0.46499997   0.04966292]
 [371.           0.46975002   0.05041548]
 [372.           0.4705       0.04800392]
 [373.           0.46225      0.0533444 ]
 [374.           0.46774998   0.04479467]
 [375.           0.47025004   0.04754439]
 [376.           0.46199998   0.05174005]
 [377.           0.46400005   0.0530875 ]
 [378.           0.46774998   0.05018249]
 [379.           0.46374997   0.04745065]
 [380.           0.45975      0.04904877]
 [381.           0.46875      0.04907744]
 [382.           0.4735       0.05121494]
 [383.           0.467        0.05412371]
 [384.           0.45749998   0.05726175]
 [385.           0.45825002   0.05074906]
 [386.           0.4645       0.05252677]
 [387.           0.4735       0.05625279]
 [388.           0.45899996   0.04817288]
 [389.           0.45575      0.05262336]
 [390.           0.47074994   0.05072597]
 [391.           0.46425      0.05456218]
 [392.           0.4585       0.04576092]
 [393.           0.47325      0.05048668]
 [394.           0.47600004   0.056661  ]
 [395.           0.47         0.05192393]
 [396.           0.45950004   0.04803644]
 [397.           0.47         0.05036585]
 [398.           0.47400004   0.05586256]
 [399.           0.45425007   0.05895973]
 [400.           0.4605       0.04633102]]
Dataset       :Photo
Model         :GAT
Conden ratio  :0.25
GC            :5
LearnA        :1
Max Test Accuracy:
0.53875
Best Result: Epoch   Acc  Std.
               194 0.4885  0.0301
