Set seed
Model GAT
--------------------------------------------------
The 1th iteration:
--------------------------------------------------
--------------------------------------------------
The 2th iteration:
--------------------------------------------------
--------------------------------------------------
The 3th iteration:
--------------------------------------------------
--------------------------------------------------
The 4th iteration:
--------------------------------------------------
--------------------------------------------------
The 5th iteration:
--------------------------------------------------
[[  1.           0.14500001   0.04612314]
 [  2.           0.16025      0.07742638]
 [  3.           0.198        0.05578699]
 [  4.           0.19250001   0.06949033]
 [  5.           0.26025      0.09501398]
 [  6.           0.3          0.10633453]
 [  7.           0.30500004   0.10081697]
 [  8.           0.34675      0.08105554]
 [  9.           0.27824998   0.11377611]
 [ 10.           0.28649998   0.13160785]
 [ 11.           0.28         0.12663   ]
 [ 12.           0.33925      0.07837012]
 [ 13.           0.37075      0.07911918]
 [ 14.           0.3785       0.11192702]
 [ 15.           0.3745       0.14316076]
 [ 16.           0.3485       0.11293113]
 [ 17.           0.32025      0.1037214 ]
 [ 18.           0.29450002   0.09789824]
 [ 19.           0.319        0.09135867]
 [ 20.           0.35575      0.08078521]
 [ 21.           0.40625      0.06154901]
 [ 22.           0.42200002   0.05732719]
 [ 23.           0.41350004   0.05314633]
 [ 24.           0.40950003   0.03997656]
 [ 25.           0.39550003   0.07206008]
 [ 26.           0.39775      0.05890538]
 [ 27.           0.40675002   0.03222964]
 [ 28.           0.41700003   0.04029774]
 [ 29.           0.414        0.04604177]
 [ 30.           0.41799998   0.0422844 ]
 [ 31.           0.4295       0.04694246]
 [ 32.           0.43074998   0.06349582]
 [ 33.           0.42875      0.06532969]
 [ 34.           0.4355       0.04973052]
 [ 35.           0.455        0.03668915]
 [ 36.           0.46525002   0.03511588]
 [ 37.           0.46350002   0.04287881]
 [ 38.           0.45575      0.04435827]
 [ 39.           0.452        0.04079868]
 [ 40.           0.45425      0.03362942]
 [ 41.           0.46574998   0.02531984]
 [ 42.           0.47100002   0.02273145]
 [ 43.           0.47200003   0.03357127]
 [ 44.           0.4715       0.03796997]
 [ 45.           0.4765       0.04311505]
 [ 46.           0.47875      0.04447611]
 [ 47.           0.47825003   0.04111341]
 [ 48.           0.48125002   0.04034035]
 [ 49.           0.478        0.03851338]
 [ 50.           0.48375002   0.04462516]
 [ 51.           0.48575002   0.05025405]
 [ 52.           0.48525      0.05090893]
 [ 53.           0.48050004   0.0462804 ]
 [ 54.           0.47925      0.04535967]
 [ 55.           0.48199996   0.04499653]
 [ 56.           0.4875       0.04599593]
 [ 57.           0.48625      0.04463392]
 [ 58.           0.48675004   0.04416411]
 [ 59.           0.48250005   0.04134459]
 [ 60.           0.48125002   0.04072584]
 [ 61.           0.48175      0.04484   ]
 [ 62.           0.48450002   0.04611128]
 [ 63.           0.48400003   0.04621115]
 [ 64.           0.4815       0.04322363]
 [ 65.           0.47950003   0.03732877]
 [ 66.           0.481        0.04157449]
 [ 67.           0.48325      0.04252391]
 [ 68.           0.48475003   0.04222707]
 [ 69.           0.48024997   0.03712732]
 [ 70.           0.47600004   0.03171406]
 [ 71.           0.47725      0.03286335]
 [ 72.           0.47875      0.03713362]
 [ 73.           0.47875      0.0361529 ]
 [ 74.           0.47625      0.03545464]
 [ 75.           0.47525      0.03440795]
 [ 76.           0.47875      0.03491059]
 [ 77.           0.4815       0.03772224]
 [ 78.           0.48000002   0.04158012]
 [ 79.           0.47875      0.04215855]
 [ 80.           0.47600004   0.03902524]
 [ 81.           0.47574997   0.03733924]
 [ 82.           0.48149997   0.03809321]
 [ 83.           0.48624998   0.04550927]
 [ 84.           0.4825       0.04446733]
 [ 85.           0.479        0.04354774]
 [ 86.           0.47749996   0.04292981]
 [ 87.           0.47975      0.04034423]
 [ 88.           0.48000002   0.04008779]
 [ 89.           0.479        0.04121589]
 [ 90.           0.47875      0.04322001]
 [ 91.           0.47750002   0.0435352 ]
 [ 92.           0.47825      0.04090385]
 [ 93.           0.48050004   0.0414352 ]
 [ 94.           0.48050004   0.04097065]
 [ 95.           0.47875      0.04060096]
 [ 96.           0.47950003   0.04239509]
 [ 97.           0.48224998   0.04154629]
 [ 98.           0.48425004   0.04214558]
 [ 99.           0.48374996   0.04238035]
 [100.           0.48275003   0.04298802]
 [101.           0.48400003   0.04507286]
 [102.           0.48399997   0.04361049]
 [103.           0.4835       0.04223632]
 [104.           0.47875      0.04091722]
 [105.           0.47825      0.04334275]
 [106.           0.4825       0.04611466]
 [107.           0.48500004   0.04788495]
 [108.           0.48400003   0.0443477 ]
 [109.           0.479        0.03991593]
 [110.           0.48050004   0.04347774]
 [111.           0.48499998   0.04735999]
 [112.           0.48975      0.04697406]
 [113.           0.48400003   0.04479466]
 [114.           0.4815       0.04507286]
 [115.           0.48575002   0.04742265]
 [116.           0.491        0.04811608]
 [117.           0.49250004   0.04779512]
 [118.           0.487        0.0483687 ]
 [119.           0.48925      0.05016847]
 [120.           0.49125004   0.05133378]
 [121.           0.49350005   0.04762648]
 [122.           0.49         0.0480153 ]
 [123.           0.48900005   0.05139006]
 [124.           0.49225003   0.05205466]
 [125.           0.4915       0.05158731]
 [126.           0.491        0.05135204]
 [127.           0.492        0.05256394]
 [128.           0.4955       0.0571224 ]
 [129.           0.49425003   0.05654508]
 [130.           0.491        0.05296963]
 [131.           0.4915       0.05426642]
 [132.           0.49324998   0.05646209]
 [133.           0.49400002   0.0559813 ]
 [134.           0.4865       0.04927126]
 [135.           0.491        0.05308012]
 [136.           0.49225003   0.05840591]
 [137.           0.49         0.05457219]
 [138.           0.48775002   0.05089358]
 [139.           0.48599997   0.04775753]
 [140.           0.49050003   0.05440445]
 [141.           0.49475002   0.0607595 ]
 [142.           0.48900005   0.0545679 ]
 [143.           0.48725      0.0502758 ]
 [144.           0.492        0.05536526]
 [145.           0.49575004   0.06058054]
 [146.           0.48975      0.05782111]
 [147.           0.48650002   0.05089359]
 [148.           0.4915       0.05365836]
 [149.           0.49775      0.06506847]
 [150.           0.49225003   0.0586262 ]
 [151.           0.48874998   0.0513642 ]
 [152.           0.49075004   0.05366709]
 [153.           0.49575      0.06399828]
 [154.           0.49175      0.05897961]
 [155.           0.49074998   0.0505331 ]
 [156.           0.49025002   0.05283672]
 [157.           0.49225003   0.06056634]
 [158.           0.49300003   0.0563998 ]
 [159.           0.49375      0.0550071 ]
 [160.           0.487        0.05340442]
 [161.           0.49175006   0.05860088]
 [162.           0.49475      0.05963037]
 [163.           0.49125      0.0555723 ]
 [164.           0.48674998   0.05293423]
 [165.           0.4935       0.05984617]
 [166.           0.49525      0.05979393]
 [167.           0.48850003   0.05357092]
 [168.           0.48625      0.05219405]
 [169.           0.49125004   0.05818211]
 [170.           0.49400002   0.06120789]
 [171.           0.49049997   0.0535432 ]
 [172.           0.48625      0.04990616]
 [173.           0.48900005   0.05696353]
 [174.           0.4935       0.05914363]
 [175.           0.49049997   0.05183809]
 [176.           0.4875       0.05087516]
 [177.           0.48850003   0.0554414 ]
 [178.           0.49025002   0.05384004]
 [179.           0.4915       0.05101623]
 [180.           0.48625      0.05324617]
 [181.           0.487        0.05177023]
 [182.           0.49425003   0.05034723]
 [183.           0.49125      0.05450774]
 [184.           0.488        0.05181548]
 [185.           0.48975      0.04709865]
 [186.           0.492        0.05312574]
 [187.           0.48850003   0.05402113]
 [188.           0.48950002   0.05126219]
 [189.           0.49         0.05200661]
 [190.           0.48975      0.05440302]
 [191.           0.48725      0.05289584]
 [192.           0.48825002   0.05311102]
 [193.           0.48950002   0.0522509 ]
 [194.           0.48600003   0.05279234]
 [195.           0.4855       0.05170228]
 [196.           0.48875004   0.05290027]
 [197.           0.48775002   0.05185918]
 [198.           0.48424998   0.04954953]
 [199.           0.48674998   0.05081061]
 [200.           0.48850003   0.05264414]
 [201.           0.48725006   0.05403556]
 [202.           0.48725      0.05174607]
 [203.           0.48950002   0.05261594]
 [204.           0.48825002   0.05517444]
 [205.           0.48725      0.05072445]
 [206.           0.4855       0.05113249]
 [207.           0.48625      0.05241809]
 [208.           0.488        0.05299323]
 [209.           0.48825      0.05231067]
 [210.           0.488        0.053856  ]
 [211.           0.48575002   0.05140677]
 [212.           0.48825002   0.05350673]
 [213.           0.48900005   0.05257732]
 [214.           0.48725      0.05400666]
 [215.           0.48874998   0.05292241]
 [216.           0.48925      0.05427505]
 [217.           0.491        0.05547664]
 [218.           0.4875       0.05477939]
 [219.           0.48600003   0.05227929]
 [220.           0.48925      0.05296373]
 [221.           0.48975      0.05624583]
 [222.           0.487        0.05297848]
 [223.           0.4875       0.05249256]
 [224.           0.488        0.05641364]
 [225.           0.48575002   0.05223594]
 [226.           0.48650002   0.0509856 ]
 [227.           0.48825002   0.05531586]
 [228.           0.48725      0.05378923]
 [229.           0.48725      0.05243598]
 [230.           0.4875       0.05268569]
 [231.           0.48549995   0.05067203]
 [232.           0.48625      0.05279677]
 [233.           0.48650002   0.051314  ]
 [234.           0.48575002   0.04934413]
 [235.           0.48950005   0.05338246]
 [236.           0.488        0.05076447]
 [237.           0.48325      0.05057171]
 [238.           0.48499998   0.05276717]
 [239.           0.48925      0.0490424 ]
 [240.           0.48499998   0.0497258 ]
 [241.           0.48400003   0.05391979]
 [242.           0.488        0.04910608]
 [243.           0.4835       0.0483913 ]
 [244.           0.48175      0.05093345]
 [245.           0.48475      0.05018248]
 [246.           0.48650002   0.04841552]
 [247.           0.48225003   0.04798599]
 [248.           0.48400003   0.04912834]
 [249.           0.48825      0.05045573]
 [250.           0.4855       0.04644047]
 [251.           0.48424998   0.04597552]
 [252.           0.48825002   0.05202613]
 [253.           0.48400003   0.05055474]
 [254.           0.48400003   0.04632932]
 [255.           0.4875       0.05105144]
 [256.           0.48325      0.05207866]
 [257.           0.48175      0.04987953]
 [258.           0.487        0.04991086]
 [259.           0.48525      0.0496031 ]
 [260.           0.48075      0.05104073]
 [261.           0.48325      0.05081831]
 [262.           0.48225003   0.04985447]
 [263.           0.48125002   0.04881405]
 [264.           0.48475      0.05228677]
 [265.           0.48125002   0.05178834]
 [266.           0.4815       0.05015912]
 [267.           0.483        0.05042477]
 [268.           0.48199996   0.05014509]
 [269.           0.481        0.05236142]
 [270.           0.48525      0.05274791]
 [271.           0.4855       0.05357967]
 [272.           0.48075      0.05028512]
 [273.           0.48325      0.05365981]
 [274.           0.4835       0.05361465]
 [275.           0.48200002   0.0508951 ]
 [276.           0.48325005   0.05466232]
 [277.           0.48475      0.05404281]
 [278.           0.48325      0.04957318]
 [279.           0.48175      0.05373256]
 [280.           0.48125002   0.05523388]
 [281.           0.48275003   0.05023695]
 [282.           0.4865       0.05259218]
 [283.           0.4835       0.05666789]
 [284.           0.48400003   0.05105451]
 [285.           0.48625      0.04999999]
 [286.           0.48175      0.05484067]
 [287.           0.48525      0.04997969]
 [288.           0.48675004   0.05104838]
 [289.           0.48450002   0.05757874]
 [290.           0.48425004   0.04978547]
 [291.           0.48375002   0.04969437]
 [292.           0.47849998   0.05761131]
 [293.           0.48400003   0.04878523]
 [294.           0.48599997   0.04744569]
 [295.           0.479        0.05481076]
 [296.           0.48000002   0.05425633]
 [297.           0.48774996   0.04843165]
 [298.           0.48075      0.05286775]
 [299.           0.47775003   0.05468946]
 [300.           0.48499998   0.04872595]
 [301.           0.48600003   0.05052382]
 [302.           0.477        0.05297847]
 [303.           0.48200002   0.04905036]
 [304.           0.4845       0.05259368]
 [305.           0.48175      0.0565796 ]
 [306.           0.47849998   0.05004216]
 [307.           0.48499998   0.04967079]
 [308.           0.4835       0.05312426]
 [309.           0.48000002   0.05507809]
 [310.           0.479        0.04795342]
 [311.           0.48450002   0.04810957]
 [312.           0.483        0.05260852]
 [313.           0.481        0.05441738]
 [314.           0.48199996   0.04842521]
 [315.           0.48600003   0.05119967]
 [316.           0.48075      0.05379793]
 [317.           0.48125002   0.05380085]
 [318.           0.4865       0.04888123]
 [319.           0.48224998   0.04900097]
 [320.           0.48125002   0.05785219]
 [321.           0.48225003   0.05415833]
 [322.           0.48325      0.04605194]
 [323.           0.48325      0.05317717]
 [324.           0.4835       0.05928876]
 [325.           0.47775003   0.05172342]
 [326.           0.48575002   0.04905831]
 [327.           0.4865       0.05809072]
 [328.           0.47950003   0.05815255]
 [329.           0.4835       0.05261446]
 [330.           0.488        0.04825549]
 [331.           0.483        0.05419582]
 [332.           0.48325      0.05868747]
 [333.           0.48200002   0.04917761]
 [334.           0.48424998   0.05237037]
 [335.           0.48325      0.05796416]
 [336.           0.48325      0.05287513]
 [337.           0.48550007   0.05108663]
 [338.           0.48224998   0.05345413]
 [339.           0.48375002   0.05631246]
 [340.           0.48400003   0.05139765]
 [341.           0.48625      0.05382263]
 [342.           0.48200002   0.05642059]
 [343.           0.48225003   0.0540428 ]
 [344.           0.48825002   0.05494029]
 [345.           0.48475      0.05289584]
 [346.           0.48100004   0.05119967]
 [347.           0.48575002   0.05371801]
 [348.           0.48275003   0.05567344]
 [349.           0.4815       0.05245087]
 [350.           0.4855       0.05061806]
 [351.           0.48599997   0.05261446]
 [352.           0.481        0.05298437]
 [353.           0.48374996   0.05079061]
 [354.           0.48525      0.05197205]
 [355.           0.4825       0.0529888 ]
 [356.           0.48450002   0.05269755]
 [357.           0.48400003   0.05189683]
 [358.           0.481        0.05200211]
 [359.           0.481        0.0531904 ]
 [360.           0.48375002   0.05275238]
 [361.           0.4855       0.0511783 ]
 [362.           0.47975      0.05374565]
 [363.           0.48125002   0.05450775]
 [364.           0.48425004   0.05174759]
 [365.           0.4815       0.04984664]
 [366.           0.4815       0.05481076]
 [367.           0.4835       0.05614156]
 [368.           0.48250005   0.04990615]
 [369.           0.48175      0.05067975]
 [370.           0.48225003   0.05810417]
 [371.           0.48500004   0.05581779]
 [372.           0.48175      0.0492649 ]
 [373.           0.48225003   0.05267384]
 [374.           0.48025003   0.0551447 ]
 [375.           0.4835       0.0542232 ]
 [376.           0.48499998   0.05247022]
 [377.           0.48125002   0.05250743]
 [378.           0.481        0.05483925]
 [379.           0.48450002   0.05461941]
 [380.           0.48400003   0.04963459]
 [381.           0.481        0.05492466]
 [382.           0.48325      0.05397916]
 [383.           0.48600003   0.05254761]
 [384.           0.48375002   0.05131094]
 [385.           0.48375002   0.05496447]
 [386.           0.48400003   0.05215212]
 [387.           0.48725006   0.0537529 ]
 [388.           0.48499998   0.05264117]
 [389.           0.483        0.05016067]
 [390.           0.48475      0.05212964]
 [391.           0.48525      0.0547965 ]
 [392.           0.4835       0.05218955]
 [393.           0.48625      0.0464102 ]
 [394.           0.48599997   0.0521671 ]
 [395.           0.48175      0.05372528]
 [396.           0.48400003   0.04723115]
 [397.           0.488        0.04981686]
 [398.           0.48125002   0.05189382]
 [399.           0.48400003   0.05226434]
 [400.           0.487        0.05005153]]
Dataset       :Photo
Model         :GAT
Conden ratio  :0.5
GC            :4
LearnA        :0
Max Test Accuracy:
0.58375
Best Result: Epoch   Acc  Std.
               149 0.4978  0.0651
