Set seed
Model GAT
--------------------------------------------------
The 1th iteration:
--------------------------------------------------
--------------------------------------------------
The 2th iteration:
--------------------------------------------------
--------------------------------------------------
The 3th iteration:
--------------------------------------------------
--------------------------------------------------
The 4th iteration:
--------------------------------------------------
--------------------------------------------------
The 5th iteration:
--------------------------------------------------
[[  1.           0.15825      0.07504998]
 [  2.           0.17400001   0.03713784]
 [  3.           0.18475      0.05294012]
 [  4.           0.22774999   0.06831338]
 [  5.           0.23924999   0.10492408]
 [  6.           0.23775001   0.09314137]
 [  7.           0.245        0.08479294]
 [  8.           0.26425      0.08215172]
 [  9.           0.25474998   0.07397952]
 [ 10.           0.25500003   0.10828926]
 [ 11.           0.29025003   0.08980621]
 [ 12.           0.3235       0.06284529]
 [ 13.           0.30725      0.05110803]
 [ 14.           0.26900002   0.07835417]
 [ 15.           0.25125      0.09235632]
 [ 16.           0.294        0.06855883]
 [ 17.           0.33400002   0.07509057]
 [ 18.           0.3375       0.06743052]
 [ 19.           0.35525      0.03308842]
 [ 20.           0.36174998   0.0389972 ]
 [ 21.           0.35600004   0.03899519]
 [ 22.           0.3455       0.05039376]
 [ 23.           0.35475      0.04132001]
 [ 24.           0.37625      0.00897043]
 [ 25.           0.38125      0.02507801]
 [ 26.           0.3845       0.02977256]
 [ 27.           0.38674998   0.02356176]
 [ 28.           0.39275      0.02792848]
 [ 29.           0.3915       0.02882328]
 [ 30.           0.3915       0.02693163]
 [ 31.           0.3925       0.0295143 ]
 [ 32.           0.39425      0.02912259]
 [ 33.           0.394        0.02941354]
 [ 34.           0.38625002   0.02947457]
 [ 35.           0.3705       0.03971186]
 [ 36.           0.3665       0.04649765]
 [ 37.           0.37350002   0.05252529]
 [ 38.           0.38125      0.0562986 ]
 [ 39.           0.38400003   0.06054053]
 [ 40.           0.381        0.06823328]
 [ 41.           0.37875      0.07196462]
 [ 42.           0.37825      0.06591661]
 [ 43.           0.379        0.05581358]
 [ 44.           0.38199997   0.04978546]
 [ 45.           0.38025      0.05135965]
 [ 46.           0.37250003   0.06474108]
 [ 47.           0.36900002   0.06928993]
 [ 48.           0.3695       0.06679376]
 [ 49.           0.37100002   0.06294467]
 [ 50.           0.37600002   0.05282193]
 [ 51.           0.3815       0.04836708]
 [ 52.           0.37575004   0.05486204]
 [ 53.           0.37175003   0.06159089]
 [ 54.           0.37025      0.06539185]
 [ 55.           0.3775       0.05731629]
 [ 56.           0.381        0.05283673]
 [ 57.           0.38625      0.04541476]
 [ 58.           0.38225      0.04956371]
 [ 59.           0.37725002   0.05735308]
 [ 60.           0.378        0.05597571]
 [ 61.           0.38075003   0.05239277]
 [ 62.           0.38625      0.04430013]
 [ 63.           0.3905       0.04163269]
 [ 64.           0.392        0.04688416]
 [ 65.           0.38975      0.04892916]
 [ 66.           0.39124998   0.04597044]
 [ 67.           0.39174998   0.04132191]
 [ 68.           0.39025      0.03919502]
 [ 69.           0.386        0.04506419]
 [ 70.           0.38625002   0.04781148]
 [ 71.           0.3915       0.04694911]
 [ 72.           0.39525002   0.04389619]
 [ 73.           0.3955       0.03727642]
 [ 74.           0.3945       0.03955416]
 [ 75.           0.39375      0.04328322]
 [ 76.           0.39175      0.04530798]
 [ 77.           0.39400002   0.04617731]
 [ 78.           0.39475      0.04454983]
 [ 79.           0.3955       0.04425248]
 [ 80.           0.39225003   0.04669048]
 [ 81.           0.38825002   0.05166448]
 [ 82.           0.3885       0.05025249]
 [ 83.           0.39025003   0.04960312]
 [ 84.           0.38925      0.05357968]
 [ 85.           0.38750002   0.05454356]
 [ 86.           0.3855       0.05487627]
 [ 87.           0.385        0.056534  ]
 [ 88.           0.38400003   0.05158732]
 [ 89.           0.38175002   0.05248959]
 [ 90.           0.38175002   0.05508231]
 [ 91.           0.38200003   0.05751766]
 [ 92.           0.38000003   0.06083404]
 [ 93.           0.37800002   0.06127296]
 [ 94.           0.381        0.05698409]
 [ 95.           0.38025004   0.05742794]
 [ 96.           0.3785       0.0582988 ]
 [ 97.           0.37675      0.05770751]
 [ 98.           0.37550002   0.06267849]
 [ 99.           0.37475002   0.06113766]
 [100.           0.37700003   0.05793044]
 [101.           0.37925002   0.05831355]
 [102.           0.37600002   0.06288879]
 [103.           0.3745       0.06063209]
 [104.           0.37475      0.05680559]
 [105.           0.37775      0.05335903]
 [106.           0.38125      0.05281898]
 [107.           0.3805       0.0505099 ]
 [108.           0.37625      0.05148575]
 [109.           0.37625      0.05317277]
 [110.           0.3795       0.04976979]
 [111.           0.381        0.04709864]
 [112.           0.38425002   0.04620437]
 [113.           0.38200003   0.05128505]
 [114.           0.3765       0.05042323]
 [115.           0.37775      0.04835901]
 [116.           0.38250002   0.04531142]
 [117.           0.38275      0.04626182]
 [118.           0.37750003   0.04670387]
 [119.           0.37575      0.05082598]
 [120.           0.38125      0.04796648]
 [121.           0.37975      0.04778206]
 [122.           0.37600002   0.04923953]
 [123.           0.37675      0.05095647]
 [124.           0.38149998   0.046999  ]
 [125.           0.38075      0.04435827]
 [126.           0.38225      0.0452286 ]
 [127.           0.38025      0.04488181]
 [128.           0.3795       0.04514387]
 [129.           0.379        0.04561557]
 [130.           0.37974998   0.04850418]
 [131.           0.37925002   0.05072598]
 [132.           0.37824997   0.04442866]
 [133.           0.38149998   0.04111151]
 [134.           0.38275      0.04502951]
 [135.           0.38050002   0.04857824]
 [136.           0.37825      0.04641524]
 [137.           0.38         0.03970594]
 [138.           0.38025      0.0406913 ]
 [139.           0.3795       0.04677574]
 [140.           0.379        0.04142388]
 [141.           0.38200003   0.04097065]
 [142.           0.37974998   0.04015009]
 [143.           0.37750003   0.04462517]
 [144.           0.3785       0.04343998]
 [145.           0.3825       0.04040808]
 [146.           0.38300002   0.03650341]
 [147.           0.37925002   0.04043318]
 [148.           0.379        0.04435653]
 [149.           0.38200003   0.04405785]
 [150.           0.37775      0.03724286]
 [151.           0.37925      0.0403171 ]
 [152.           0.3795       0.0458905 ]
 [153.           0.377        0.05147511]
 [154.           0.373        0.04777551]
 [155.           0.37399998   0.04976822]
 [156.           0.37625      0.05117373]
 [157.           0.37550002   0.05034723]
 [158.           0.377        0.04651612]
 [159.           0.378        0.04929661]
 [160.           0.37350002   0.05319039]
 [161.           0.37050003   0.05672438]
 [162.           0.37025      0.05576457]
 [163.           0.37199998   0.05801805]
 [164.           0.37225002   0.05345413]
 [165.           0.37225002   0.05302858]
 [166.           0.3725       0.05638872]
 [167.           0.3695       0.06218421]
 [168.           0.37025      0.06108652]
 [169.           0.37175003   0.05649668]
 [170.           0.3665       0.06402148]
 [171.           0.36600003   0.06148805]
 [172.           0.36925003   0.05826662]
 [173.           0.3725       0.05735036]
 [174.           0.37050003   0.06151474]
 [175.           0.3635       0.06456223]
 [176.           0.36100003   0.06469521]
 [177.           0.36450002   0.06354501]
 [178.           0.368        0.06124108]
 [179.           0.367        0.05949396]
 [180.           0.36825      0.05974294]
 [181.           0.368        0.06127934]
 [182.           0.36750004   0.06003256]
 [183.           0.36675      0.0622407 ]
 [184.           0.36925003   0.06260991]
 [185.           0.368        0.05819283]
 [186.           0.3685       0.05909076]
 [187.           0.36999997   0.05837648]
 [188.           0.36925003   0.05925713]
 [189.           0.36975      0.0566679 ]
 [190.           0.37         0.05702933]
 [191.           0.368        0.05850079]
 [192.           0.37375      0.05101317]
 [193.           0.37350002   0.05288845]
 [194.           0.37125      0.0591938 ]
 [195.           0.37050003   0.05612905]
 [196.           0.371        0.05451777]
 [197.           0.37175003   0.05646902]
 [198.           0.37025      0.0569841 ]
 [199.           0.37025002   0.05497442]
 [200.           0.373        0.04823931]
 [201.           0.37100002   0.05657131]
 [202.           0.36999997   0.05859021]
 [203.           0.371        0.05234649]
 [204.           0.37075      0.05019182]
 [205.           0.37100002   0.05625974]
 [206.           0.36675      0.05878722]
 [207.           0.36975      0.04910447]
 [208.           0.3695       0.05165692]
 [209.           0.36425      0.05840725]
 [210.           0.36725      0.05565239]
 [211.           0.3705       0.04854605]
 [212.           0.3695       0.04852191]
 [213.           0.36824998   0.05283079]
 [214.           0.36825      0.05698546]
 [215.           0.3695       0.05441163]
 [216.           0.36550003   0.05262337]
 [217.           0.36575      0.05085672]
 [218.           0.36775002   0.05888549]
 [219.           0.36625      0.05676844]
 [220.           0.367        0.05084135]
 [221.           0.3665       0.05448194]
 [222.           0.364        0.05875931]
 [223.           0.3655       0.05563976]
 [224.           0.368        0.0555273 ]
 [225.           0.36499998   0.05840324]
 [226.           0.35875002   0.05409048]
 [227.           0.36525002   0.05327843]
 [228.           0.3665       0.05735307]
 [229.           0.36450002   0.05282342]
 [230.           0.36075      0.05148271]
 [231.           0.36575      0.05474087]
 [232.           0.36275002   0.05834569]
 [233.           0.3595       0.05477653]
 [234.           0.36325      0.05638594]
 [235.           0.36875      0.05286332]
 [236.           0.36125      0.0575611 ]
 [237.           0.36325      0.05565378]
 [238.           0.37025      0.05476085]
 [239.           0.36175      0.0585942 ]
 [240.           0.35975      0.05740072]
 [241.           0.37025005   0.05154184]
 [242.           0.36325      0.05988009]
 [243.           0.3625       0.05977169]
 [244.           0.36675      0.05486206]
 [245.           0.36600003   0.05499573]
 [246.           0.36175      0.06086999]
 [247.           0.36775002   0.05503125]
 [248.           0.36775002   0.05283672]
 [249.           0.36075002   0.0574021 ]
 [250.           0.36450002   0.0538705 ]
 [251.           0.3665       0.05459654]
 [252.           0.36124998   0.0567891 ]
 [253.           0.36374998   0.05578278]
 [254.           0.36499998   0.05385891]
 [255.           0.366        0.05316103]
 [256.           0.367        0.05244491]
 [257.           0.3635       0.05802344]
 [258.           0.36325002   0.05739529]
 [259.           0.36699998   0.0521686 ]
 [260.           0.36775002   0.0544102 ]
 [261.           0.36200002   0.05961204]
 [262.           0.363        0.05294159]
 [263.           0.36925      0.05464803]
 [264.           0.363        0.06097899]
 [265.           0.36575      0.04897064]
 [266.           0.36475      0.05427363]
 [267.           0.368        0.05734082]
 [268.           0.36675      0.05001248]
 [269.           0.368        0.05223595]
 [270.           0.36775002   0.05690866]
 [271.           0.3685       0.05111568]
 [272.           0.3625       0.04806408]
 [273.           0.36550003   0.058754  ]
 [274.           0.36525002   0.05307275]
 [275.           0.364        0.04550413]
 [276.           0.36325002   0.05177022]
 [277.           0.35999998   0.05954254]
 [278.           0.3635       0.04740452]
 [279.           0.3615       0.05144323]
 [280.           0.35975      0.05795608]
 [281.           0.36600003   0.04869709]
 [282.           0.3605       0.05116304]
 [283.           0.35700002   0.06160358]
 [284.           0.366        0.05581359]
 [285.           0.35875002   0.05225389]
 [286.           0.35625002   0.05682347]
 [287.           0.3655       0.05361613]
 [288.           0.36225003   0.05564535]
 [289.           0.35250002   0.05935856]
 [290.           0.36025      0.05813104]
 [291.           0.3625       0.05422753]
 [292.           0.35950002   0.06115171]
 [293.           0.36225      0.05530032]
 [294.           0.36625      0.05255949]
 [295.           0.35975      0.06099692]
 [296.           0.35675      0.06190087]
 [297.           0.36475      0.04782292]
 [298.           0.36275      0.05255503]
 [299.           0.36450002   0.05860754]
 [300.           0.371        0.04775752]
 [301.           0.37         0.04760679]
 [302.           0.36575      0.05446903]
 [303.           0.3655       0.05234053]
 [304.           0.3705       0.04340577]
 [305.           0.3695       0.04784906]
 [306.           0.36675      0.05033171]
 [307.           0.37524998   0.03729527]
 [308.           0.373        0.04682581]
 [309.           0.3605       0.0588868 ]
 [310.           0.37375      0.04310235]
 [311.           0.37825      0.04027834]
 [312.           0.36775002   0.05537796]
 [313.           0.36825      0.04862643]
 [314.           0.37425      0.04144463]
 [315.           0.36725003   0.05530737]
 [316.           0.36425003   0.05237037]
 [317.           0.3725       0.04129732]
 [318.           0.37100002   0.04573531]
 [319.           0.36675      0.0500281 ]
 [320.           0.37175      0.04268892]
 [321.           0.36125      0.05246277]
 [322.           0.364        0.05486774]
 [323.           0.368        0.04555731]
 [324.           0.3635       0.04625338]
 [325.           0.363        0.06290866]
 [326.           0.366        0.05172342]
 [327.           0.3605       0.04309873]
 [328.           0.36549997   0.05154337]
 [329.           0.36725003   0.05794933]
 [330.           0.363        0.04859429]
 [331.           0.36350003   0.04906468]
 [332.           0.37275      0.05572953]
 [333.           0.36225      0.05203214]
 [334.           0.35875      0.0513794 ]
 [335.           0.36875      0.05645104]
 [336.           0.37100002   0.04993278]
 [337.           0.358        0.05175513]
 [338.           0.36275002   0.05771293]
 [339.           0.368        0.0544475 ]
 [340.           0.36575      0.05298584]
 [341.           0.36075      0.05439726]
 [342.           0.36025      0.05552589]
 [343.           0.3625       0.05352423]
 [344.           0.36525002   0.05330045]
 [345.           0.36075002   0.05755839]
 [346.           0.36025      0.05055474]
 [347.           0.36749998   0.05369912]
 [348.           0.35849997   0.06048889]
 [349.           0.35875002   0.05434985]
 [350.           0.36425      0.04854605]
 [351.           0.36375      0.05743882]
 [352.           0.36450002   0.05389949]
 [353.           0.36450002   0.04645731]
 [354.           0.35575      0.06043203]
 [355.           0.35625002   0.06086614]
 [356.           0.36525      0.04925539]
 [357.           0.35375      0.06095593]
 [358.           0.35175      0.06121556]
 [359.           0.36075002   0.05120883]
 [360.           0.35675      0.05551323]
 [361.           0.3485       0.06539783]
 [362.           0.36049998   0.05053309]
 [363.           0.359        0.0541439 ]
 [364.           0.35524997   0.06060503]
 [365.           0.3545       0.05360882]
 [366.           0.36025      0.05007338]
 [367.           0.3565       0.05930192]
 [368.           0.35999998   0.05346582]
 [369.           0.3635       0.04754439]
 [370.           0.35925      0.05632356]
 [371.           0.36174998   0.0562611 ]
 [372.           0.36125      0.04962358]
 [373.           0.35900003   0.05128353]
 [374.           0.35975      0.05807728]
 [375.           0.36575      0.05002813]
 [376.           0.363        0.04903443]
 [377.           0.36100003   0.05400665]
 [378.           0.35700002   0.05928347]
 [379.           0.36475      0.04872115]
 [380.           0.3675       0.04941059]
 [381.           0.362        0.05331656]
 [382.           0.362        0.04836063]
 [383.           0.368        0.04969123]
 [384.           0.36249998   0.05284854]
 [385.           0.35450003   0.06056117]
 [386.           0.3625       0.05252975]
 [387.           0.363        0.05084904]
 [388.           0.35675      0.05565378]
 [389.           0.36425      0.05431822]
 [390.           0.3695       0.05116303]
 [391.           0.35         0.05882974]
 [392.           0.34600002   0.06705523]
 [393.           0.36625      0.05663066]
 [394.           0.36775      0.05186672]
 [395.           0.35575      0.05887353]
 [396.           0.362        0.05580799]
 [397.           0.3675       0.05214912]
 [398.           0.36100003   0.06046305]
 [399.           0.35549998   0.06014695]
 [400.           0.366        0.05064736]]
Dataset       :Photo
Model         :GAT
Conden ratio  :0.25
GC            :4
LearnA        :0
Max Test Accuracy:
0.4525
Best Result: Epoch   Acc  Std.
               73 0.3955  0.0373
