Set seed
Model GCN
--------------------------------------------------
The 1th iteration:
--------------------------------------------------
--------------------------------------------------
The 2th iteration:
--------------------------------------------------
--------------------------------------------------
The 3th iteration:
--------------------------------------------------
--------------------------------------------------
The 4th iteration:
--------------------------------------------------
--------------------------------------------------
The 5th iteration:
--------------------------------------------------
[[  1.           0.6412       0.13299324]
 [  2.           0.8248       0.03724513]
 [  3.           0.85879993   0.01196661]
 [  4.           0.8668       0.01118929]
 [  5.           0.87560004   0.01013904]
 [  6.           0.87880003   0.00867181]
 [  7.           0.88080007   0.00855571]
 [  8.           0.88000005   0.010583  ]
 [  9.           0.88079995   0.01136663]
 [ 10.           0.8804       0.0115239 ]
 [ 11.           0.8816       0.01043072]
 [ 12.           0.88240004   0.00983869]
 [ 13.           0.884        0.00860233]
 [ 14.           0.88560003   0.00740271]
 [ 15.           0.88560003   0.00740271]
 [ 16.           0.8860001    0.00678232]
 [ 17.           0.8856001    0.00698569]
 [ 18.           0.8856001    0.00589916]
 [ 19.           0.88640004   0.00517687]
 [ 20.           0.88640004   0.00517687]
 [ 21.           0.88640004   0.00536657]
 [ 22.           0.8860001    0.00565686]
 [ 23.           0.8868       0.00609918]
 [ 24.           0.8868       0.00609918]
 [ 25.           0.8860001    0.00632455]
 [ 26.           0.8860001    0.00707106]
 [ 27.           0.88640004   0.00654217]
 [ 28.           0.8868       0.006261  ]
 [ 29.           0.888        0.00583096]
 [ 30.           0.8888001    0.00501999]
 [ 31.           0.88920003   0.00481666]
 [ 32.           0.8884       0.0045607 ]
 [ 33.           0.88920003   0.00501995]
 [ 34.           0.8896       0.00517687]
 [ 35.           0.8896       0.0043359 ]
 [ 36.           0.88920003   0.00481665]
 [ 37.           0.89040005   0.00517687]
 [ 38.           0.8908       0.00414729]
 [ 39.           0.89120007   0.00334667]
 [ 40.           0.8916001    0.00260766]
 [ 41.           0.892        0.00244949]
 [ 42.           0.89239997   0.00260771]
 [ 43.           0.8936       0.00260769]
 [ 44.           0.8936       0.00260769]
 [ 45.           0.89400005   0.002     ]
 [ 46.           0.8948       0.00178886]
 [ 47.           0.8948       0.00178886]
 [ 48.           0.8956       0.00219089]
 [ 49.           0.8956       0.00219089]
 [ 50.           0.896        0.00244949]
 [ 51.           0.896        0.00244949]
 [ 52.           0.89559996   0.00433589]
 [ 53.           0.896        0.00447213]
 [ 54.           0.89519995   0.00334665]
 [ 55.           0.8948       0.00363316]
 [ 56.           0.89519995   0.00303313]
 [ 57.           0.8948       0.00363316]
 [ 58.           0.89440006   0.00328634]
 [ 59.           0.89400005   0.00400003]
 [ 60.           0.89400005   0.00400003]
 [ 61.           0.89400005   0.00400003]
 [ 62.           0.89440006   0.0045607 ]
 [ 63.           0.89400005   0.00400003]
 [ 64.           0.8936001    0.00357773]
 [ 65.           0.8936001    0.00357773]
 [ 66.           0.89320004   0.00334666]
 [ 67.           0.8936001    0.00260768]
 [ 68.           0.8936001    0.00260768]
 [ 69.           0.8936001    0.00260768]
 [ 70.           0.8936001    0.00260768]
 [ 71.           0.8936001    0.00260768]
 [ 72.           0.8936001    0.00260768]
 [ 73.           0.8936001    0.00260768]
 [ 74.           0.8936001    0.00260768]
 [ 75.           0.89320004   0.00228034]
 [ 76.           0.89280003   0.00363319]
 [ 77.           0.89280003   0.00363319]
 [ 78.           0.89280003   0.00363319]
 [ 79.           0.89280003   0.00363319]
 [ 80.           0.89320004   0.0041473 ]
 [ 81.           0.89320004   0.00460437]
 [ 82.           0.89320004   0.00460436]
 [ 83.           0.89320004   0.00460435]
 [ 84.           0.89320004   0.00389871]
 [ 85.           0.89320004   0.00389871]
 [ 86.           0.89320004   0.00389871]
 [ 87.           0.89320004   0.00389871]
 [ 88.           0.89320004   0.00389871]
 [ 89.           0.89320004   0.00389871]
 [ 90.           0.89320004   0.00389871]
 [ 91.           0.89320004   0.00389871]
 [ 92.           0.89320004   0.00389871]
 [ 93.           0.8936       0.00328633]
 [ 94.           0.8936       0.00328633]
 [ 95.           0.8936       0.00328633]
 [ 96.           0.89400005   0.00282842]
 [ 97.           0.89400005   0.00282842]
 [ 98.           0.89400005   0.00282842]
 [ 99.           0.89400005   0.00282842]
 [100.           0.89400005   0.00282842]
 [101.           0.89440006   0.00260767]
 [102.           0.89400005   0.00244948]
 [103.           0.89400005   0.00244948]
 [104.           0.89440006   0.00260768]
 [105.           0.89440006   0.00260768]
 [106.           0.89440006   0.00260768]
 [107.           0.8948       0.00228035]
 [108.           0.8948       0.00228035]
 [109.           0.8948       0.00228035]
 [110.           0.8952001    0.00178887]
 [111.           0.8952001    0.00178887]
 [112.           0.8952001    0.00178887]
 [113.           0.8952001    0.00178887]
 [114.           0.8952001    0.00178887]
 [115.           0.8952001    0.00178887]
 [116.           0.8952001    0.00178887]
 [117.           0.8948       0.00228036]
 [118.           0.8948       0.00228036]
 [119.           0.89440006   0.00296651]
 [120.           0.89440006   0.00296651]
 [121.           0.89440006   0.00296651]
 [122.           0.89440006   0.00296651]
 [123.           0.894        0.0031623 ]
 [124.           0.8936       0.00357773]
 [125.           0.8936       0.00357773]
 [126.           0.8936       0.00357773]
 [127.           0.89400005   0.00316228]
 [128.           0.89400005   0.00316228]
 [129.           0.89440006   0.00296649]
 [130.           0.894        0.00282843]
 [131.           0.8948       0.00303316]
 [132.           0.8948       0.00303316]
 [133.           0.8948       0.00303316]
 [134.           0.8948       0.00303316]
 [135.           0.8948       0.00303316]
 [136.           0.89440006   0.00328635]
 [137.           0.89320004   0.00363319]
 [138.           0.89320004   0.00363319]
 [139.           0.89320004   0.00363319]
 [140.           0.89320004   0.00363319]
 [141.           0.8936001    0.00328634]
 [142.           0.89400005   0.00316228]
 [143.           0.89400005   0.00316228]
 [144.           0.89440006   0.00260767]
 [145.           0.8948       0.00228035]
 [146.           0.8952001    0.00228035]
 [147.           0.8952001    0.00228035]
 [148.           0.8956       0.00260768]
 [149.           0.8956       0.00260768]
 [150.           0.8956       0.00260768]
 [151.           0.8956       0.00260768]
 [152.           0.8952001    0.00228035]
 [153.           0.8948       0.00228035]
 [154.           0.89440006   0.00260767]
 [155.           0.89440006   0.00260767]
 [156.           0.89440006   0.00260767]
 [157.           0.89440006   0.00260767]
 [158.           0.89440006   0.00260767]
 [159.           0.89440006   0.00260767]
 [160.           0.89440006   0.00260767]
 [161.           0.89440006   0.00260767]
 [162.           0.8936001    0.00384708]
 [163.           0.89400005   0.00374166]
 [164.           0.8936       0.00384707]
 [165.           0.8936       0.00384707]
 [166.           0.8936       0.00384707]
 [167.           0.89320004   0.00389872]
 [168.           0.89320004   0.00389872]
 [169.           0.8928       0.00363317]
 [170.           0.89239997   0.00357771]
 [171.           0.89239997   0.00357771]
 [172.           0.89239997   0.00357771]
 [173.           0.89239997   0.00357771]
 [174.           0.89239997   0.00357771]
 [175.           0.89239997   0.00357771]
 [176.           0.89239997   0.00357771]
 [177.           0.89280003   0.00363317]
 [178.           0.89280003   0.00363317]
 [179.           0.89280003   0.00363317]
 [180.           0.89280003   0.00363317]
 [181.           0.89280003   0.00363317]
 [182.           0.89320004   0.00303315]
 [183.           0.8936       0.00328634]
 [184.           0.8936       0.00328634]
 [185.           0.89320004   0.00363318]
 [186.           0.8936       0.00328634]
 [187.           0.89320004   0.00363318]
 [188.           0.89320004   0.00363318]
 [189.           0.89320004   0.00363318]
 [190.           0.8936       0.00328634]
 [191.           0.8936       0.00296648]
 [192.           0.89320004   0.00363317]
 [193.           0.89320004   0.00363317]
 [194.           0.8928       0.00363317]
 [195.           0.8928       0.00363317]
 [196.           0.8928       0.00363317]
 [197.           0.89320004   0.00303315]
 [198.           0.8928       0.00334665]
 [199.           0.89280003   0.00303315]
 [200.           0.89239997   0.00328633]
 [201.           0.89239997   0.00328633]
 [202.           0.89239997   0.00328633]
 [203.           0.89280003   0.00303315]
 [204.           0.89280003   0.00303315]
 [205.           0.89280003   0.00303315]
 [206.           0.89239997   0.00328634]
 [207.           0.8928       0.00334665]
 [208.           0.8928       0.00334665]
 [209.           0.8928       0.00334665]
 [210.           0.89320004   0.00303315]
 [211.           0.8936       0.00260766]
 [212.           0.89320004   0.00303315]
 [213.           0.89320004   0.00303315]
 [214.           0.8928       0.00334665]
 [215.           0.8928       0.00334665]
 [216.           0.8931999    0.00303315]
 [217.           0.8931999    0.00303315]
 [218.           0.8931999    0.00303315]
 [219.           0.8931999    0.00303315]
 [220.           0.8931999    0.00303315]
 [221.           0.8931999    0.00303315]
 [222.           0.8928       0.00334665]
 [223.           0.8928       0.00334665]
 [224.           0.8928       0.00334665]
 [225.           0.8928       0.00334665]
 [226.           0.8931999    0.00334665]
 [227.           0.8931999    0.00334665]
 [228.           0.8931999    0.00334665]
 [229.           0.8931999    0.00334665]
 [230.           0.8931999    0.00334665]
 [231.           0.8936       0.00296648]
 [232.           0.89400005   0.00244948]
 [233.           0.89400005   0.00244948]
 [234.           0.8936       0.00260767]
 [235.           0.8936       0.00260767]
 [236.           0.8936       0.00260767]
 [237.           0.8936       0.00260767]
 [238.           0.8936       0.00260767]
 [239.           0.89320004   0.00268326]
 [240.           0.89320004   0.00268326]
 [241.           0.89239997   0.0035777 ]
 [242.           0.89239997   0.0035777 ]
 [243.           0.89239997   0.0035777 ]
 [244.           0.89239997   0.0035777 ]
 [245.           0.89239997   0.0035777 ]
 [246.           0.89239997   0.0035777 ]
 [247.           0.89239997   0.0035777 ]
 [248.           0.89239997   0.0035777 ]
 [249.           0.89239997   0.0035777 ]
 [250.           0.89239997   0.0035777 ]
 [251.           0.89239997   0.0035777 ]
 [252.           0.89239997   0.0035777 ]
 [253.           0.89239997   0.0035777 ]
 [254.           0.89239997   0.0035777 ]
 [255.           0.892        0.00424264]
 [256.           0.892        0.00424264]
 [257.           0.892        0.00424264]
 [258.           0.89239997   0.0043359 ]
 [259.           0.89239997   0.0043359 ]
 [260.           0.8928       0.00438179]
 [261.           0.89320004   0.00363316]
 [262.           0.89320004   0.00363316]
 [263.           0.89320004   0.00363316]
 [264.           0.89320004   0.00363316]
 [265.           0.89320004   0.00363316]
 [266.           0.8928       0.00363316]
 [267.           0.89239997   0.0035777 ]
 [268.           0.8916001    0.0021909 ]
 [269.           0.8912       0.00228036]
 [270.           0.8916001    0.00260767]
 [271.           0.8916001    0.00260767]
 [272.           0.892        0.00199999]
 [273.           0.892        0.00199999]
 [274.           0.8928       0.00334664]
 [275.           0.8928       0.00334664]
 [276.           0.8928       0.00334664]
 [277.           0.8928       0.00334664]
 [278.           0.8928       0.00334664]
 [279.           0.8928       0.00334664]
 [280.           0.8928       0.00334664]
 [281.           0.8928       0.00334664]
 [282.           0.8928       0.00334664]
 [283.           0.8928       0.00334664]
 [284.           0.8928       0.00334664]
 [285.           0.89320004   0.00303314]
 [286.           0.8928       0.00303313]
 [287.           0.8928       0.00303313]
 [288.           0.89239997   0.00328632]
 [289.           0.89239997   0.00328632]
 [290.           0.892        0.0034641 ]
 [291.           0.89159995   0.00384707]
 [292.           0.89159995   0.00384707]
 [293.           0.89159995   0.00384707]
 [294.           0.892        0.00374165]
 [295.           0.892        0.00374165]
 [296.           0.892        0.00374165]
 [297.           0.892        0.00374165]
 [298.           0.892        0.00447214]
 [299.           0.892        0.00447214]
 [300.           0.892        0.00447214]
 [301.           0.89239997   0.00384706]
 [302.           0.89239997   0.00384706]
 [303.           0.89239997   0.00328632]
 [304.           0.89239997   0.00328632]
 [305.           0.89239997   0.00328632]
 [306.           0.892        0.00244951]
 [307.           0.8916001    0.00167333]
 [308.           0.8916001    0.00167333]
 [309.           0.89120007   0.00109546]
 [310.           0.89120007   0.00109546]
 [311.           0.89120007   0.00109546]
 [312.           0.8916001    0.00089444]
 [313.           0.892        0.        ]
 [314.           0.892        0.        ]
 [315.           0.892        0.        ]
 [316.           0.89239997   0.00089442]
 [317.           0.892        0.00141422]
 [318.           0.89239997   0.0021909 ]
 [319.           0.89239997   0.0021909 ]
 [320.           0.89320004   0.00268326]
 [321.           0.89320004   0.00268326]
 [322.           0.89320004   0.00268326]
 [323.           0.8928       0.00303314]
 [324.           0.8928       0.00303314]
 [325.           0.8928       0.00303314]
 [326.           0.892        0.0034641 ]
 [327.           0.892        0.0034641 ]
 [328.           0.892        0.0034641 ]
 [329.           0.892        0.0034641 ]
 [330.           0.892        0.0034641 ]
 [331.           0.892        0.0034641 ]
 [332.           0.892        0.0034641 ]
 [333.           0.892        0.0034641 ]
 [334.           0.892        0.0034641 ]
 [335.           0.892        0.0034641 ]
 [336.           0.892        0.0034641 ]
 [337.           0.892        0.0034641 ]
 [338.           0.892        0.0034641 ]
 [339.           0.8916001    0.00260771]
 [340.           0.8916001    0.00260771]
 [341.           0.8916001    0.00260771]
 [342.           0.8916001    0.00260771]
 [343.           0.8916001    0.00260771]
 [344.           0.89120007   0.00178887]
 [345.           0.89120007   0.00178887]
 [346.           0.89120007   0.00178887]
 [347.           0.8908       0.00109546]
 [348.           0.8908       0.00109546]
 [349.           0.89120007   0.00178887]
 [350.           0.89120007   0.00178887]
 [351.           0.8916001    0.00167334]
 [352.           0.8916001    0.00167334]
 [353.           0.8916001    0.00167334]
 [354.           0.8916001    0.00167334]
 [355.           0.8916001    0.00167334]
 [356.           0.892        0.00244952]
 [357.           0.892        0.00244952]
 [358.           0.892        0.00244952]
 [359.           0.892        0.00244952]
 [360.           0.892        0.00244952]
 [361.           0.892        0.00244952]
 [362.           0.892        0.00244952]
 [363.           0.8916001    0.00167334]
 [364.           0.8916001    0.00167334]
 [365.           0.89120007   0.00109546]
 [366.           0.89120007   0.00109546]
 [367.           0.89120007   0.00109546]
 [368.           0.89120007   0.00109546]
 [369.           0.8908       0.00178886]
 [370.           0.8908       0.00178886]
 [371.           0.89120007   0.00109546]
 [372.           0.89120007   0.00109546]
 [373.           0.89120007   0.00109546]
 [374.           0.89120007   0.00109546]
 [375.           0.89120007   0.00109546]
 [376.           0.8916001    0.00167334]
 [377.           0.892        0.00244952]
 [378.           0.8916001    0.0029665 ]
 [379.           0.8916001    0.0029665 ]
 [380.           0.8916001    0.0029665 ]
 [381.           0.8912       0.00303317]
 [382.           0.892        0.0024495 ]
 [383.           0.892        0.0024495 ]
 [384.           0.892        0.0024495 ]
 [385.           0.8916001    0.00167331]
 [386.           0.89120007   0.00228035]
 [387.           0.89120007   0.00228035]
 [388.           0.8908       0.00178887]
 [389.           0.8908       0.00178887]
 [390.           0.8908       0.00178887]
 [391.           0.8908       0.00109546]
 [392.           0.8908       0.00109546]
 [393.           0.8908       0.00109546]
 [394.           0.8908       0.00109546]
 [395.           0.89039993   0.00167333]
 [396.           0.89039993   0.00167333]
 [397.           0.89039993   0.00167333]
 [398.           0.8908       0.00109546]
 [399.           0.8908       0.00109546]
 [400.           0.8908       0.00109546]]
Dataset       :Physics
Model         :GCN
Conden ratio  :1.0
GC            :4
LearnA        :0
Max Test Accuracy:
0.9
Best Result: Epoch   Acc  Std.
               50 0.8960  0.0024
