Set seed
Model SAGE
--------------------------------------------------
The 1th iteration:
--------------------------------------------------
--------------------------------------------------
The 2th iteration:
--------------------------------------------------
--------------------------------------------------
The 3th iteration:
--------------------------------------------------
--------------------------------------------------
The 4th iteration:
--------------------------------------------------
--------------------------------------------------
The 5th iteration:
--------------------------------------------------
[[  1.           0.3628       0.10222133]
 [  2.           0.3194       0.12320836]
 [  3.           0.3362       0.14120801]
 [  4.           0.293        0.11320114]
 [  5.           0.326        0.13240846]
 [  6.           0.3404       0.14935797]
 [  7.           0.3512       0.14995731]
 [  8.           0.3764       0.14520778]
 [  9.           0.40560004   0.13558136]
 [ 10.           0.4224       0.13536912]
 [ 11.           0.44040003   0.12581654]
 [ 12.           0.45959997   0.09466413]
 [ 13.           0.47580004   0.06958952]
 [ 14.           0.48700005   0.04590208]
 [ 15.           0.49560004   0.03140542]
 [ 16.           0.49899998   0.02296735]
 [ 17.           0.5018       0.02001749]
 [ 18.           0.5018       0.01837662]
 [ 19.           0.5034       0.01820166]
 [ 20.           0.50299996   0.02000001]
 [ 21.           0.5024       0.02299565]
 [ 22.           0.5026       0.02232261]
 [ 23.           0.5044       0.0223562 ]
 [ 24.           0.51019996   0.02432489]
 [ 25.           0.5234       0.02748272]
 [ 26.           0.5378       0.03543586]
 [ 27.           0.553        0.03832103]
 [ 28.           0.56820005   0.04506882]
 [ 29.           0.58479995   0.05342004]
 [ 30.           0.59840006   0.05859441]
 [ 31.           0.6168       0.06173897]
 [ 32.           0.62939996   0.05961794]
 [ 33.           0.6444       0.05423377]
 [ 34.           0.6642       0.04832907]
 [ 35.           0.6756       0.04054381]
 [ 36.           0.68880004   0.03406906]
 [ 37.           0.6992       0.03054016]
 [ 38.           0.7066       0.02861469]
 [ 39.           0.71340007   0.02476488]
 [ 40.           0.7174       0.02481531]
 [ 41.           0.7212       0.02570411]
 [ 42.           0.7244       0.024501  ]
 [ 43.           0.727        0.02167947]
 [ 44.           0.73100007   0.02037156]
 [ 45.           0.73340005   0.01602498]
 [ 46.           0.7368       0.01388163]
 [ 47.           0.73859996   0.01432829]
 [ 48.           0.7396       0.01325897]
 [ 49.           0.7408       0.01255785]
 [ 50.           0.7422       0.01287246]
 [ 51.           0.74419993   0.01347962]
 [ 52.           0.7458       0.01121161]
 [ 53.           0.7462       0.01158448]
 [ 54.           0.7458       0.0090388 ]
 [ 55.           0.746        0.00754984]
 [ 56.           0.7472       0.00554075]
 [ 57.           0.7474       0.00585662]
 [ 58.           0.7472       0.00622093]
 [ 59.           0.7478       0.00645757]
 [ 60.           0.7484       0.00634825]
 [ 61.           0.7484       0.00673054]
 [ 62.           0.74880004   0.00645754]
 [ 63.           0.749        0.00578794]
 [ 64.           0.7496       0.00541294]
 [ 65.           0.7488       0.00531037]
 [ 66.           0.748        0.00570087]
 [ 67.           0.7484       0.00482699]
 [ 68.           0.74859995   0.004219  ]
 [ 69.           0.749        0.00299999]
 [ 70.           0.7494       0.00207363]
 [ 71.           0.74840003   0.00250996]
 [ 72.           0.7476       0.00403735]
 [ 73.           0.74780005   0.00476446]
 [ 74.           0.74840003   0.00507939]
 [ 75.           0.7488       0.0058481 ]
 [ 76.           0.74859995   0.00568334]
 [ 77.           0.74880004   0.00535724]
 [ 78.           0.7502       0.00679707]
 [ 79.           0.751        0.00871782]
 [ 80.           0.75159997   0.01040673]
 [ 81.           0.7514       0.01038268]
 [ 82.           0.7512       0.00998498]
 [ 83.           0.75200003   0.00871779]
 [ 84.           0.7518       0.00810555]
 [ 85.           0.7514       0.00896103]
 [ 86.           0.7512       0.00801249]
 [ 87.           0.7504       0.00882042]
 [ 88.           0.75020003   0.00772658]
 [ 89.           0.74920005   0.00708523]
 [ 90.           0.7486       0.00618871]
 [ 91.           0.74840003   0.00577062]
 [ 92.           0.7478       0.00516718]
 [ 93.           0.7472       0.00501997]
 [ 94.           0.7466       0.00541297]
 [ 95.           0.74680007   0.0057184 ]
 [ 96.           0.74700004   0.00583097]
 [ 97.           0.7474       0.00563915]
 [ 98.           0.748        0.00612372]
 [ 99.           0.748        0.00620483]
 [100.           0.748        0.00620483]
 [101.           0.7474       0.0061887 ]
 [102.           0.7472       0.00645757]
 [103.           0.7478       0.00729381]
 [104.           0.7476       0.0070569 ]
 [105.           0.7474       0.00684105]
 [106.           0.7476       0.00610739]
 [107.           0.74700004   0.0065192 ]
 [108.           0.74680007   0.00676015]
 [109.           0.74700004   0.0065192 ]
 [110.           0.7476       0.00618872]
 [111.           0.7476       0.00618872]
 [112.           0.7478       0.0063008 ]
 [113.           0.7474       0.00684105]
 [114.           0.7472       0.00708518]
 [115.           0.7468       0.00719031]
 [116.           0.7468       0.00719031]
 [117.           0.7468       0.00719031]
 [118.           0.7472       0.00794986]
 [119.           0.7476       0.00789305]
 [120.           0.74780005   0.00729384]
 [121.           0.74840003   0.00789303]
 [122.           0.7486       0.00829457]
 [123.           0.749        0.00966957]
 [124.           0.7484       0.0094499 ]
 [125.           0.7482       0.00947102]
 [126.           0.748        0.00916518]
 [127.           0.7482       0.00967989]
 [128.           0.7482       0.00967989]
 [129.           0.7484       0.00923583]
 [130.           0.7478       0.00870058]
 [131.           0.7474       0.00782946]
 [132.           0.7462       0.00676022]
 [133.           0.74579996   0.0063008 ]
 [134.           0.7468       0.0076616 ]
 [135.           0.74719995   0.00804361]
 [136.           0.7462       0.00712037]
 [137.           0.7462       0.00712037]
 [138.           0.7454       0.00650384]
 [139.           0.7446       0.00646528]
 [140.           0.7444       0.00622897]
 [141.           0.7444       0.00680441]
 [142.           0.74480003   0.00672307]
 [143.           0.74560004   0.00760262]
 [144.           0.74560004   0.00763543]
 [145.           0.74640006   0.0078294 ]
 [146.           0.7468       0.00828852]
 [147.           0.7472       0.00901109]
 [148.           0.74740005   0.00909946]
 [149.           0.747        0.00894424]
 [150.           0.747        0.00871776]
 [151.           0.7462       0.00729381]
 [152.           0.74640006   0.0074364 ]
 [153.           0.7468       0.00831863]
 [154.           0.74780005   0.0092574 ]
 [155.           0.7486       0.01013901]
 [156.           0.7486       0.01013901]
 [157.           0.7486       0.01013901]
 [158.           0.748        0.00959165]
 [159.           0.74820006   0.00985901]
 [160.           0.74840003   0.0103344 ]
 [161.           0.7474       0.00896099]
 [162.           0.748        0.00961769]
 [163.           0.74740005   0.0091815 ]
 [164.           0.74740005   0.0091815 ]
 [165.           0.74780005   0.00962806]
 [166.           0.74700004   0.00924661]
 [167.           0.7476       0.00996492]
 [168.           0.7478       0.01015871]
 [169.           0.7478       0.01015871]
 [170.           0.7476       0.00996492]
 [171.           0.7474       0.00971082]
 [172.           0.74700004   0.00924661]
 [173.           0.74680007   0.00903881]
 [174.           0.7466       0.00884871]
 [175.           0.7466       0.00884871]
 [176.           0.74660003   0.00920871]
 [177.           0.74660003   0.00934346]
 [178.           0.7468       0.00941807]
 [179.           0.7468       0.00941807]
 [180.           0.74660003   0.00934346]
 [181.           0.7468       0.00957601]
 [182.           0.7466       0.00952888]
 [183.           0.7464       0.00928977]
 [184.           0.7462       0.00906643]
 [185.           0.7458       0.00878636]
 [186.           0.7458       0.00878636]
 [187.           0.7454       0.00835464]
 [188.           0.7454       0.00835464]
 [189.           0.7454       0.00835464]
 [190.           0.7452       0.00810557]
 [191.           0.7454       0.00832467]
 [192.           0.7456       0.00856153]
 [193.           0.7458       0.00878636]
 [194.           0.7458       0.00861394]
 [195.           0.7458       0.00861394]
 [196.           0.74560004   0.00896101]
 [197.           0.7458       0.00903878]
 [198.           0.746        0.00913783]
 [199.           0.7458       0.00895546]
 [200.           0.7458       0.00895546]
 [201.           0.7458       0.00895546]
 [202.           0.74560004   0.00873498]
 [203.           0.7454001    0.00890506]
 [204.           0.7454001    0.00890506]
 [205.           0.7454       0.00939681]
 [206.           0.7454       0.00939681]
 [207.           0.7454       0.00947632]
 [208.           0.7454       0.00947632]
 [209.           0.7454       0.00947632]
 [210.           0.74579996   0.00988434]
 [211.           0.746        0.00997499]
 [212.           0.746        0.00997499]
 [213.           0.746        0.00997499]
 [214.           0.746        0.00997499]
 [215.           0.74579996   0.00978264]
 [216.           0.74579996   0.00978264]
 [217.           0.7456       0.01013902]
 [218.           0.74539995   0.01038267]
 [219.           0.74539995   0.01038267]
 [220.           0.745        0.01077032]
 [221.           0.745        0.01077032]
 [222.           0.745        0.01077032]
 [223.           0.745        0.01077032]
 [224.           0.745        0.01077032]
 [225.           0.745        0.01077032]
 [226.           0.745        0.01077032]
 [227.           0.745        0.01077032]
 [228.           0.745        0.01077032]
 [229.           0.745        0.01077032]
 [230.           0.74480003   0.01056882]
 [231.           0.74480003   0.01056882]
 [232.           0.74480003   0.01056882]
 [233.           0.745        0.01036824]
 [234.           0.745        0.01036824]
 [235.           0.74480003   0.01015878]
 [236.           0.74480003   0.01015878]
 [237.           0.74480003   0.01015878]
 [238.           0.7446       0.01035859]
 [239.           0.7446       0.01035859]
 [240.           0.7446       0.01035859]
 [241.           0.7446       0.01035859]
 [242.           0.74480003   0.01015878]
 [243.           0.745        0.00997499]
 [244.           0.74480003   0.01015878]
 [245.           0.7446       0.01035859]
 [246.           0.7446       0.01035859]
 [247.           0.7446       0.01035859]
 [248.           0.7446       0.01035859]
 [249.           0.74480003   0.01056882]
 [250.           0.74480003   0.01056882]
 [251.           0.74480003   0.01056882]
 [252.           0.74480003   0.01056882]
 [253.           0.745        0.01079351]
 [254.           0.74480003   0.01056882]
 [255.           0.745        0.01036824]
 [256.           0.74480003   0.01056882]
 [257.           0.745        0.01029565]
 [258.           0.745        0.01029565]
 [259.           0.745        0.01029565]
 [260.           0.7446       0.00991465]
 [261.           0.7446       0.00991465]
 [262.           0.74480003   0.0101094 ]
 [263.           0.74480003   0.0101094 ]
 [264.           0.74480003   0.0101094 ]
 [265.           0.74480003   0.0101094 ]
 [266.           0.74480003   0.0101094 ]
 [267.           0.7446       0.00991465]
 [268.           0.74480003   0.0101094 ]
 [269.           0.74480003   0.0101094 ]
 [270.           0.74480003   0.0101094 ]
 [271.           0.745        0.01031991]
 [272.           0.745        0.01031991]
 [273.           0.74480003   0.0101094 ]
 [274.           0.745        0.00992471]
 [275.           0.74480003   0.0101094 ]
 [276.           0.745        0.00992471]
 [277.           0.745        0.00992471]
 [278.           0.745        0.00992471]
 [279.           0.745        0.00992471]
 [280.           0.745        0.00992471]
 [281.           0.745        0.00992471]
 [282.           0.7444       0.00937016]
 [283.           0.744        0.00974679]
 [284.           0.7446       0.00920868]
 [285.           0.74480003   0.00973139]
 [286.           0.74520004   0.00975703]
 [287.           0.74520004   0.00975703]
 [288.           0.745        0.00956556]
 [289.           0.745        0.00956556]
 [290.           0.7452       0.00920327]
 [291.           0.7452       0.00920327]
 [292.           0.7454       0.00939681]
 [293.           0.74520004   0.00975703]
 [294.           0.745        0.00992471]
 [295.           0.745        0.00956556]
 [296.           0.7446       0.00991465]
 [297.           0.745        0.00956556]
 [298.           0.74439996   0.01011434]
 [299.           0.745        0.00956556]
 [300.           0.7446       0.01031017]
 [301.           0.74520004   0.00975703]
 [302.           0.7446       0.01031017]
 [303.           0.74500006   0.01012419]
 [304.           0.7446       0.01045465]
 [305.           0.74500006   0.01012419]
 [306.           0.74480003   0.01028105]
 [307.           0.74480003   0.01028105]
 [308.           0.74480003   0.01028105]
 [309.           0.74480003   0.01028105]
 [310.           0.74480003   0.01028105]
 [311.           0.7446       0.01045465]
 [312.           0.74480003   0.01028105]
 [313.           0.7446       0.01045465]
 [314.           0.74480003   0.01028105]
 [315.           0.7446       0.01045465]
 [316.           0.74480003   0.01028105]
 [317.           0.7446       0.01045465]
 [318.           0.74480003   0.01028105]
 [319.           0.74480003   0.01028105]
 [320.           0.7446       0.01064423]
 [321.           0.7446       0.01064423]
 [322.           0.7446       0.01064423]
 [323.           0.74480003   0.01028105]
 [324.           0.7446       0.01045465]
 [325.           0.74480003   0.01028105]
 [326.           0.7446       0.01045465]
 [327.           0.74480003   0.01028105]
 [328.           0.7446       0.01045465]
 [329.           0.745        0.01036822]
 [330.           0.74399996   0.01044033]
 [331.           0.7446       0.01057357]
 [332.           0.7436       0.01117141]
 [333.           0.74439996   0.01096813]
 [334.           0.7436       0.01117141]
 [335.           0.7438       0.01047378]
 [336.           0.74439996   0.01013907]
 [337.           0.7438       0.00973136]
 [338.           0.74480003   0.00962809]
 [339.           0.7438       0.00973136]
 [340.           0.7446       0.00947627]
 [341.           0.7438       0.00973136]
 [342.           0.7444       0.00960726]
 [343.           0.7442       0.00941802]
 [344.           0.7446       0.00981324]
 [345.           0.74439996   0.00928975]
 [346.           0.744        0.0099247 ]
 [347.           0.74439996   0.00928975]
 [348.           0.7442       0.00975705]
 [349.           0.7446       0.00947627]
 [350.           0.7444       0.00960726]
 [351.           0.7444       0.00960726]
 [352.           0.7446       0.00947627]
 [353.           0.7444       0.00960726]
 [354.           0.7444       0.00960726]
 [355.           0.7442       0.00947096]
 [356.           0.7442       0.00947096]
 [357.           0.7444       0.00960726]
 [358.           0.7442       0.00941802]
 [359.           0.7444       0.00960726]
 [360.           0.74439996   0.0090443 ]
 [361.           0.7446       0.00923579]
 [362.           0.7446       0.00923579]
 [363.           0.74439996   0.0090443 ]
 [364.           0.7446       0.00923579]
 [365.           0.74439996   0.0090443 ]
 [366.           0.7446       0.00923579]
 [367.           0.74439996   0.0090443 ]
 [368.           0.74439996   0.0090443 ]
 [369.           0.74439996   0.0090443 ]
 [370.           0.74419993   0.00920324]
 [371.           0.74439996   0.0090443 ]
 [372.           0.74399996   0.00938082]
 [373.           0.7442       0.00889942]
 [374.           0.74399996   0.00943397]
 [375.           0.74439996   0.00909942]
 [376.           0.74399996   0.00943397]
 [377.           0.74439996   0.00909942]
 [378.           0.74399996   0.00943397]
 [379.           0.74439996   0.00909942]
 [380.           0.7444       0.0093968 ]
 [381.           0.7444       0.0093968 ]
 [382.           0.7446       0.00923579]
 [383.           0.7444       0.0093968 ]
 [384.           0.7446       0.00923579]
 [385.           0.7446       0.00904432]
 [386.           0.74480003   0.00887131]
 [387.           0.7446       0.00904432]
 [388.           0.7446       0.00873498]
 [389.           0.74480003   0.00895548]
 [390.           0.7446       0.00873498]
 [391.           0.74480003   0.00895548]
 [392.           0.7446       0.00873498]
 [393.           0.74480003   0.00895548]
 [394.           0.7446       0.00873498]
 [395.           0.74480003   0.00895548]
 [396.           0.7446       0.00873498]
 [397.           0.74480003   0.00895548]
 [398.           0.74480003   0.00895548]
 [399.           0.74480003   0.00895548]
 [400.           0.74480003   0.00895548]]
Dataset       :Pubmed
Model         :SAGE
Conden ratio  :1.0
GC            :5
LearnA        :0
Max Test Accuracy:
0.768
Best Result: Epoch   Acc  Std.
               83 0.7520  0.0087
