Set seed
Model SGC
--------------------------------------------------
The 1th iteration:
--------------------------------------------------
--------------------------------------------------
The 2th iteration:
--------------------------------------------------
--------------------------------------------------
The 3th iteration:
--------------------------------------------------
--------------------------------------------------
The 4th iteration:
--------------------------------------------------
--------------------------------------------------
The 5th iteration:
--------------------------------------------------
[[  1.           0.3146       0.1336125 ]
 [  2.           0.32080004   0.13734882]
 [  3.           0.32680002   0.1392846 ]
 [  4.           0.338        0.13529597]
 [  5.           0.34180003   0.12789528]
 [  6.           0.34380004   0.11912472]
 [  7.           0.3456       0.11195   ]
 [  8.           0.3526       0.10073381]
 [  9.           0.3578       0.09207986]
 [ 10.           0.36560002   0.07982668]
 [ 11.           0.36940002   0.0738126 ]
 [ 12.           0.3768       0.06407574]
 [ 13.           0.3852       0.05337321]
 [ 14.           0.3936       0.04192017]
 [ 15.           0.4042       0.03058103]
 [ 16.           0.4138       0.02202725]
 [ 17.           0.42139998   0.0205864 ]
 [ 18.           0.43140003   0.03178522]
 [ 19.           0.44180003   0.0426931 ]
 [ 20.           0.45380002   0.05726431]
 [ 21.           0.4686       0.0837932 ]
 [ 22.           0.47699997   0.09459387]
 [ 23.           0.48640004   0.10903578]
 [ 24.           0.4908       0.11219271]
 [ 25.           0.49500003   0.11571085]
 [ 26.           0.49460003   0.11232676]
 [ 27.           0.49400002   0.10824741]
 [ 28.           0.4922       0.10272633]
 [ 29.           0.48759994   0.0934762 ]
 [ 30.           0.48479995   0.08558738]
 [ 31.           0.4828       0.07794677]
 [ 32.           0.4814       0.0725934 ]
 [ 33.           0.48000002   0.06717516]
 [ 34.           0.47880003   0.06102214]
 [ 35.           0.4776       0.05653583]
 [ 36.           0.47740003   0.05376152]
 [ 37.           0.47679996   0.05215074]
 [ 38.           0.47600004   0.04856954]
 [ 39.           0.47660002   0.04688603]
 [ 40.           0.477        0.04537069]
 [ 41.           0.4776       0.0439238 ]
 [ 42.           0.47740003   0.04380982]
 [ 43.           0.47779998   0.04329782]
 [ 44.           0.4784       0.04240635]
 [ 45.           0.479        0.04211886]
 [ 46.           0.47860003   0.04119223]
 [ 47.           0.47880003   0.03968878]
 [ 48.           0.47919998   0.03957524]
 [ 49.           0.47919998   0.03924539]
 [ 50.           0.4798       0.03878401]
 [ 51.           0.48059997   0.03847467]
 [ 52.           0.4814       0.03864323]
 [ 53.           0.48160002   0.03890758]
 [ 54.           0.48240003   0.03726661]
 [ 55.           0.48359996   0.03721291]
 [ 56.           0.48380002   0.03761914]
 [ 57.           0.48499998   0.03607631]
 [ 58.           0.48599997   0.03487835]
 [ 59.           0.4872       0.03398824]
 [ 60.           0.48880002   0.03493851]
 [ 61.           0.49         0.03324906]
 [ 62.           0.4896       0.03324605]
 [ 63.           0.4908       0.03296513]
 [ 64.           0.4914       0.03205152]
 [ 65.           0.4924       0.03245458]
 [ 66.           0.49280006   0.03243764]
 [ 67.           0.49359998   0.03210608]
 [ 68.           0.49379998   0.031523  ]
 [ 69.           0.4942       0.03170488]
 [ 70.           0.49420005   0.0313879 ]
 [ 71.           0.49560004   0.02933087]
 [ 72.           0.49700004   0.02922329]
 [ 73.           0.49820003   0.0273441 ]
 [ 74.           0.49939996   0.02537321]
 [ 75.           0.49899998   0.02494995]
 [ 76.           0.49980003   0.02420125]
 [ 77.           0.5002       0.02340299]
 [ 78.           0.5004       0.02328734]
 [ 79.           0.5018       0.02308029]
 [ 80.           0.5014       0.02169793]
 [ 81.           0.5018       0.02192487]
 [ 82.           0.5036       0.0216864 ]
 [ 83.           0.5036       0.01961632]
 [ 84.           0.505        0.01881489]
 [ 85.           0.5068       0.01592796]
 [ 86.           0.5076       0.01429335]
 [ 87.           0.50839996   0.0144326 ]
 [ 88.           0.5076       0.01589969]
 [ 89.           0.50719994   0.01699116]
 [ 90.           0.5076       0.01772851]
 [ 91.           0.50920004   0.01768332]
 [ 92.           0.50859994   0.01883614]
 [ 93.           0.5076       0.02020645]
 [ 94.           0.50780004   0.02134714]
 [ 95.           0.50820005   0.021822  ]
 [ 96.           0.50780004   0.02256546]
 [ 97.           0.5076       0.02290851]
 [ 98.           0.507        0.02346274]
 [ 99.           0.508        0.02327014]
 [100.           0.50640005   0.02403746]
 [101.           0.5074       0.02450101]
 [102.           0.5066       0.02554016]
 [103.           0.50640005   0.02782623]
 [104.           0.5062       0.02863041]
 [105.           0.5068       0.02942278]
 [106.           0.50600004   0.03014134]
 [107.           0.5068       0.03087394]
 [108.           0.5062       0.03139586]
 [109.           0.5052       0.03216675]
 [110.           0.5052       0.03336465]
 [111.           0.5046       0.0355359 ]
 [112.           0.50360006   0.0368619 ]
 [113.           0.5032       0.03707694]
 [114.           0.5026       0.04015345]
 [115.           0.50200003   0.04109137]
 [116.           0.50100005   0.0417732 ]
 [117.           0.49960002   0.04225281]
 [118.           0.49960002   0.04257698]
 [119.           0.49780002   0.04376299]
 [120.           0.49740002   0.04479173]
 [121.           0.49600002   0.04514974]
 [122.           0.49460003   0.0461335 ]
 [123.           0.49400002   0.04658863]
 [124.           0.49359998   0.04803957]
 [125.           0.4928       0.0485304 ]
 [126.           0.4924       0.04901326]
 [127.           0.492        0.04928487]
 [128.           0.49         0.04953786]
 [129.           0.48860002   0.0495207 ]
 [130.           0.48839998   0.0495106 ]
 [131.           0.4862       0.04905811]
 [132.           0.4852       0.04886409]
 [133.           0.48360005   0.05031203]
 [134.           0.4836       0.05063399]
 [135.           0.4828       0.05036566]
 [136.           0.4814       0.05014778]
 [137.           0.48059997   0.05122792]
 [138.           0.47860003   0.05147621]
 [139.           0.47800002   0.05212964]
 [140.           0.47480002   0.05444907]
 [141.           0.4732       0.05441232]
 [142.           0.4714       0.05482062]
 [143.           0.469        0.05400462]
 [144.           0.467        0.05499545]
 [145.           0.46580002   0.05576019]
 [146.           0.46440002   0.05406757]
 [147.           0.46099997   0.05354436]
 [148.           0.4594       0.05227142]
 [149.           0.45819998   0.05340131]
 [150.           0.4566       0.05319118]
 [151.           0.45439997   0.05353316]
 [152.           0.4526       0.05344436]
 [153.           0.4514       0.05464704]
 [154.           0.44960004   0.05407217]
 [155.           0.4488       0.05326536]
 [156.           0.44619998   0.05343408]
 [157.           0.445        0.05339944]
 [158.           0.444        0.05424481]
 [159.           0.44280002   0.05379312]
 [160.           0.4416       0.05308295]
 [161.           0.43860003   0.05110087]
 [162.           0.4362       0.04994196]
 [163.           0.435        0.05034382]
 [164.           0.43359995   0.05223313]
 [165.           0.43080002   0.05272286]
 [166.           0.4284       0.05222835]
 [167.           0.42659998   0.05349112]
 [168.           0.4252       0.05261843]
 [169.           0.42360002   0.05258612]
 [170.           0.42139998   0.05011287]
 [171.           0.42020002   0.05002699]
 [172.           0.41820002   0.05126109]
 [173.           0.41599998   0.05150243]
 [174.           0.414        0.0512494 ]
 [175.           0.41300002   0.05116151]
 [176.           0.41140005   0.05025734]
 [177.           0.4096       0.05081634]
 [178.           0.40780002   0.05255663]
 [179.           0.40780002   0.05252332]
 [180.           0.40559998   0.05173296]
 [181.           0.4042       0.05148494]
 [182.           0.40260002   0.05212773]
 [183.           0.40220004   0.05220345]
 [184.           0.40039998   0.05041626]
 [185.           0.3994       0.05030707]
 [186.           0.39920002   0.05056382]
 [187.           0.39760002   0.05016274]
 [188.           0.3964       0.05045097]
 [189.           0.395        0.04933558]
 [190.           0.3936       0.04902347]
 [191.           0.3924       0.04889581]
 [192.           0.3906       0.04861378]
 [193.           0.389        0.048775  ]
 [194.           0.387        0.0482856 ]
 [195.           0.3848       0.04950455]
 [196.           0.38360003   0.04988287]
 [197.           0.382        0.04980963]
 [198.           0.38140002   0.05022748]
 [199.           0.3802       0.04960544]
 [200.           0.3788       0.04923109]
 [201.           0.37820002   0.04873603]
 [202.           0.3766       0.0482421 ]
 [203.           0.37579998   0.04717733]
 [204.           0.3752       0.04649408]
 [205.           0.3734       0.04641445]
 [206.           0.3728       0.04519071]
 [207.           0.3714       0.043747  ]
 [208.           0.37040004   0.04295696]
 [209.           0.36960003   0.04270011]
 [210.           0.36760002   0.04144635]
 [211.           0.36600003   0.04123712]
 [212.           0.36560002   0.04231194]
 [213.           0.3644       0.04257698]
 [214.           0.363        0.04250883]
 [215.           0.36180001   0.04146926]
 [216.           0.3606       0.04125893]
 [217.           0.3596       0.04048826]
 [218.           0.3586       0.03989109]
 [219.           0.3572       0.03837577]
 [220.           0.3564       0.0379381 ]
 [221.           0.3556       0.03821386]
 [222.           0.3554       0.03848765]
 [223.           0.35380003   0.03785763]
 [224.           0.35300002   0.03709447]
 [225.           0.352        0.03746333]
 [226.           0.3516       0.03703783]
 [227.           0.3512       0.03694185]
 [228.           0.34960002   0.03488265]
 [229.           0.3478       0.03406905]
 [230.           0.3476       0.03395291]
 [231.           0.3474       0.03367938]
 [232.           0.3474       0.03290592]
 [233.           0.3468       0.03296514]
 [234.           0.34680003   0.03229088]
 [235.           0.346        0.03181195]
 [236.           0.3452       0.0313321 ]
 [237.           0.34520003   0.03116408]
 [238.           0.34520003   0.03134805]
 [239.           0.34420002   0.03043354]
 [240.           0.3438       0.03004497]
 [241.           0.343        0.03025723]
 [242.           0.3422       0.02908093]
 [243.           0.3414       0.02862342]
 [244.           0.3412       0.02887386]
 [245.           0.34080002   0.02909811]
 [246.           0.33980003   0.02834078]
 [247.           0.3386       0.02687564]
 [248.           0.3376       0.02681977]
 [249.           0.3376       0.02672639]
 [250.           0.3366       0.02691283]
 [251.           0.3362       0.02690168]
 [252.           0.3354       0.02666083]
 [253.           0.3342       0.02584957]
 [254.           0.3338       0.02544012]
 [255.           0.3334       0.02465359]
 [256.           0.3328       0.02544994]
 [257.           0.33179998   0.024984  ]
 [258.           0.331        0.02461707]
 [259.           0.33080003   0.02461098]
 [260.           0.3306       0.02484552]
 [261.           0.3296       0.02476489]
 [262.           0.32880002   0.02468197]
 [263.           0.32860002   0.0244806 ]
 [264.           0.32819998   0.02448878]
 [265.           0.32740003   0.02480524]
 [266.           0.3276       0.02458251]
 [267.           0.3274       0.02429609]
 [268.           0.3268       0.02315599]
 [269.           0.326        0.02219234]
 [270.           0.32539997   0.02153602]
 [271.           0.32500002   0.022     ]
 [272.           0.3242       0.02221937]
 [273.           0.3242       0.02221937]
 [274.           0.3242       0.02210657]
 [275.           0.3238       0.02169563]
 [276.           0.3232       0.02170714]
 [277.           0.3232       0.02127674]
 [278.           0.3228       0.02075331]
 [279.           0.3224       0.02034207]
 [280.           0.32220003   0.02060824]
 [281.           0.32160002   0.02006987]
 [282.           0.321        0.01957038]
 [283.           0.3206       0.01920416]
 [284.           0.31960002   0.01876965]
 [285.           0.31960002   0.01831119]
 [286.           0.31960002   0.01831119]
 [287.           0.3196       0.01839292]
 [288.           0.319        0.01876166]
 [289.           0.3182       0.01861988]
 [290.           0.3182       0.01917551]
 [291.           0.31759998   0.01946279]
 [292.           0.3174       0.01975601]
 [293.           0.317        0.02028546]
 [294.           0.3166       0.02044015]
 [295.           0.3166       0.02031748]
 [296.           0.3158       0.02069299]
 [297.           0.3156       0.02054993]
 [298.           0.3158       0.02026573]
 [299.           0.3158       0.02026573]
 [300.           0.31539997   0.02079182]
 [301.           0.3158       0.02069299]
 [302.           0.3156       0.02098332]
 [303.           0.3154       0.02070748]
 [304.           0.3152       0.02060825]
 [305.           0.3154       0.02037891]
 [306.           0.3152       0.02022869]
 [307.           0.3154       0.02037891]
 [308.           0.3146       0.01957805]
 [309.           0.31440002   0.02031748]
 [310.           0.31440002   0.02031748]
 [311.           0.3148       0.02071715]
 [312.           0.3146       0.02044016]
 [313.           0.3142       0.02030271]
 [314.           0.31360003   0.02047682]
 [315.           0.3138       0.02029038]
 [316.           0.3136       0.02018167]
 [317.           0.314        0.0196596 ]
 [318.           0.31360003   0.02006987]
 [319.           0.3126       0.01935975]
 [320.           0.3124       0.01928211]
 [321.           0.312        0.01932615]
 [322.           0.3116       0.01985699]
 [323.           0.3114       0.01965451]
 [324.           0.3112       0.01957549]
 [325.           0.31100002   0.0188547 ]
 [326.           0.3102       0.01872698]
 [327.           0.3098       0.01832211]
 [328.           0.3094       0.01806378]
 [329.           0.3088       0.017427  ]
 [330.           0.3082       0.01725399]
 [331.           0.3084       0.01754423]
 [332.           0.30780002   0.01746998]
 [333.           0.30760002   0.01728584]
 [334.           0.30760002   0.01728584]
 [335.           0.30640003   0.01798054]
 [336.           0.3064       0.0174442 ]
 [337.           0.3062       0.01756986]
 [338.           0.306        0.01739253]
 [339.           0.30560002   0.01716974]
 [340.           0.3056       0.01731473]
 [341.           0.30539998   0.01700883]
 [342.           0.3052       0.01728293]
 [343.           0.3046       0.01686119]
 [344.           0.3052       0.01719593]
 [345.           0.30500004   0.01710263]
 [346.           0.3048       0.0167988 ]
 [347.           0.305        0.01653783]
 [348.           0.305        0.01653783]
 [349.           0.3048       0.01623884]
 [350.           0.30500004   0.01598437]
 [351.           0.3046       0.01588396]
 [352.           0.30440003   0.01558204]
 [353.           0.3046       0.0153395 ]
 [354.           0.3046       0.0153395 ]
 [355.           0.3046       0.01522499]
 [356.           0.3046       0.01522499]
 [357.           0.3046       0.01522499]
 [358.           0.3048       0.01495661]
 [359.           0.3048       0.01454992]
 [360.           0.305        0.01430036]
 [361.           0.3054       0.01379493]
 [362.           0.3054       0.01316434]
 [363.           0.3052       0.01304606]
 [364.           0.3052       0.01304606]
 [365.           0.3052       0.01304606]
 [366.           0.305        0.01272792]
 [367.           0.3048       0.01241772]
 [368.           0.305        0.01272792]
 [369.           0.3048       0.01247797]
 [370.           0.3046       0.01217785]
 [371.           0.30440003   0.01188696]
 [372.           0.30440003   0.01203328]
 [373.           0.30420002   0.01227599]
 [374.           0.304        0.01197914]
 [375.           0.30380002   0.01225561]
 [376.           0.30380002   0.01225561]
 [377.           0.30380002   0.01225561]
 [378.           0.3044       0.01277889]
 [379.           0.3044       0.01277889]
 [380.           0.3044       0.01277889]
 [381.           0.3042       0.012498  ]
 [382.           0.30380002   0.0121326 ]
 [383.           0.3036       0.01238144]
 [384.           0.3034       0.01211611]
 [385.           0.3032       0.01186171]
 [386.           0.3032       0.01186171]
 [387.           0.30300003   0.0117686 ]
 [388.           0.3032       0.01149782]
 [389.           0.3032       0.01149782]
 [390.           0.3032       0.01162755]
 [391.           0.3034       0.01184483]
 [392.           0.3034       0.01184483]
 [393.           0.3032       0.0117983 ]
 [394.           0.30300003   0.01157583]
 [395.           0.30300003   0.01157583]
 [396.           0.3032       0.01116691]
 [397.           0.303        0.01111305]
 [398.           0.303        0.01111305]
 [399.           0.303        0.01083974]
 [400.           0.30300003   0.0106066 ]]
Dataset       :Pubmed
Model         :SGC
Conden ratio  :1.0
GC            :1
LearnA        :0
Max Test Accuracy:
0.698
Best Result: Epoch   Acc  Std.
               91 0.5092  0.0177
