Set seed
Model APPNP
--------------------------------------------------
The 1th iteration:
--------------------------------------------------
--------------------------------------------------
The 2th iteration:
--------------------------------------------------
--------------------------------------------------
The 3th iteration:
--------------------------------------------------
--------------------------------------------------
The 4th iteration:
--------------------------------------------------
--------------------------------------------------
The 5th iteration:
--------------------------------------------------
[[  1.           0.3174       0.12545238]
 [  2.           0.3174       0.12545238]
 [  3.           0.3174       0.12545238]
 [  4.           0.3174       0.12545238]
 [  5.           0.3174       0.12545238]
 [  6.           0.3174       0.12545238]
 [  7.           0.3174       0.12545238]
 [  8.           0.3174       0.12545238]
 [  9.           0.3174       0.12545238]
 [ 10.           0.3174       0.12545238]
 [ 11.           0.3174       0.12545238]
 [ 12.           0.3174       0.12545238]
 [ 13.           0.3174       0.12545238]
 [ 14.           0.3216       0.12037566]
 [ 15.           0.331        0.11222077]
 [ 16.           0.35020003   0.10616826]
 [ 17.           0.3756       0.11378401]
 [ 18.           0.40160003   0.13561085]
 [ 19.           0.42060003   0.15604264]
 [ 20.           0.42980003   0.16875632]
 [ 21.           0.43460003   0.17529489]
 [ 22.           0.42900005   0.1668877 ]
 [ 23.           0.4276       0.16467027]
 [ 24.           0.42520005   0.16134807]
 [ 25.           0.4248       0.1610472 ]
 [ 26.           0.42580006   0.16263057]
 [ 27.           0.4258       0.16308187]
 [ 28.           0.42920002   0.16702905]
 [ 29.           0.43080002   0.16910559]
 [ 30.           0.43520004   0.17514764]
 [ 31.           0.4362       0.17706692]
 [ 32.           0.43940002   0.18278758]
 [ 33.           0.43840003   0.18221499]
 [ 34.           0.4384       0.18241656]
 [ 35.           0.4356       0.17208807]
 [ 36.           0.43899998   0.16461469]
 [ 37.           0.4456       0.15169804]
 [ 38.           0.45240003   0.13515659]
 [ 39.           0.4652       0.12165401]
 [ 40.           0.47980005   0.11424185]
 [ 41.           0.4934       0.10793424]
 [ 42.           0.49920002   0.10268252]
 [ 43.           0.50200003   0.10216898]
 [ 44.           0.5012       0.09913475]
 [ 45.           0.5008001    0.09770721]
 [ 46.           0.49980003   0.09616496]
 [ 47.           0.49979997   0.09557038]
 [ 48.           0.5002       0.09369471]
 [ 49.           0.49740002   0.08990438]
 [ 50.           0.4962       0.09068462]
 [ 51.           0.49779996   0.09460815]
 [ 52.           0.5          0.10018232]
 [ 53.           0.50060004   0.10073134]
 [ 54.           0.49800006   0.0983743 ]
 [ 55.           0.49560004   0.09611088]
 [ 56.           0.49359998   0.09530897]
 [ 57.           0.4966       0.09806528]
 [ 58.           0.49799997   0.10019978]
 [ 59.           0.49980003   0.1030131 ]
 [ 60.           0.50060004   0.10296502]
 [ 61.           0.5016       0.10475353]
 [ 62.           0.50540006   0.10689857]
 [ 63.           0.50640005   0.10610749]
 [ 64.           0.509        0.10375451]
 [ 65.           0.51         0.10453468]
 [ 66.           0.5146       0.10458392]
 [ 67.           0.5166       0.10283142]
 [ 68.           0.5192       0.10388071]
 [ 69.           0.5202       0.10292568]
 [ 70.           0.5216       0.10287763]
 [ 71.           0.5204       0.10335521]
 [ 72.           0.5212       0.10336922]
 [ 73.           0.5184       0.1025612 ]
 [ 74.           0.51879996   0.105975  ]
 [ 75.           0.5184       0.10803379]
 [ 76.           0.5184       0.10842186]
 [ 77.           0.5176       0.10706447]
 [ 78.           0.5166001    0.10270247]
 [ 79.           0.518        0.10182582]
 [ 80.           0.5198       0.09939667]
 [ 81.           0.522        0.09728824]
 [ 82.           0.52320004   0.09651009]
 [ 83.           0.52500004   0.09439013]
 [ 84.           0.526        0.09338629]
 [ 85.           0.528        0.09349065]
 [ 86.           0.5292       0.0906653 ]
 [ 87.           0.52820003   0.08891402]
 [ 88.           0.5276       0.08869216]
 [ 89.           0.529        0.08779236]
 [ 90.           0.532        0.08617716]
 [ 91.           0.5348       0.08423894]
 [ 92.           0.539        0.08686195]
 [ 93.           0.5438       0.08483928]
 [ 94.           0.5502       0.08427751]
 [ 95.           0.5528       0.08276895]
 [ 96.           0.5554       0.08604241]
 [ 97.           0.5532       0.0845352 ]
 [ 98.           0.5526       0.08522208]
 [ 99.           0.55039996   0.08054377]
 [100.           0.5516       0.08078554]
 [101.           0.5516       0.07893225]
 [102.           0.5518       0.07827963]
 [103.           0.55240005   0.07659175]
 [104.           0.55459994   0.07481509]
 [105.           0.5558001    0.07083571]
 [106.           0.55860007   0.06604394]
 [107.           0.561        0.06657326]
 [108.           0.5622       0.06637544]
 [109.           0.56560004   0.06680419]
 [110.           0.5686       0.06931305]
 [111.           0.5744       0.07062081]
 [112.           0.57919997   0.07082867]
 [113.           0.58460003   0.07158421]
 [114.           0.58919996   0.06727332]
 [115.           0.5914       0.06306583]
 [116.           0.5934       0.06197421]
 [117.           0.59560007   0.0616263 ]
 [118.           0.59860003   0.06092865]
 [119.           0.6024       0.06397891]
 [120.           0.6046       0.0638968 ]
 [121.           0.6058       0.06492072]
 [122.           0.60760003   0.06820776]
 [123.           0.6078       0.06850329]
 [124.           0.6094       0.06763357]
 [125.           0.6112       0.06748851]
 [126.           0.6124       0.06389287]
 [127.           0.61439997   0.06256836]
 [128.           0.6162       0.06056979]
 [129.           0.6168       0.05889566]
 [130.           0.61840004   0.06063662]
 [131.           0.61920005   0.06173494]
 [132.           0.6214       0.06333483]
 [133.           0.62460005   0.06745962]
 [134.           0.62799996   0.06945503]
 [135.           0.63000005   0.07142129]
 [136.           0.63079995   0.07107178]
 [137.           0.6296       0.06771483]
 [138.           0.62799996   0.06577613]
 [139.           0.62740004   0.06510992]
 [140.           0.6268       0.06376676]
 [141.           0.6262       0.06483208]
 [142.           0.6248       0.0639625 ]
 [143.           0.6268       0.06274313]
 [144.           0.6284       0.06387723]
 [145.           0.633        0.06404294]
 [146.           0.6352       0.06305712]
 [147.           0.63879997   0.06453063]
 [148.           0.641        0.06454454]
 [149.           0.64040005   0.06479816]
 [150.           0.6408       0.06450735]
 [151.           0.6408       0.06495151]
 [152.           0.6398       0.06465447]
 [153.           0.6378       0.06738472]
 [154.           0.6376       0.06684534]
 [155.           0.6384       0.06583539]
 [156.           0.6412       0.06171466]
 [157.           0.6422       0.06108356]
 [158.           0.64300007   0.0601789 ]
 [159.           0.64300007   0.06022043]
 [160.           0.64460003   0.0591929 ]
 [161.           0.6468       0.05616672]
 [162.           0.6484       0.05568033]
 [163.           0.6512       0.05345745]
 [164.           0.6522       0.052846  ]
 [165.           0.65160006   0.05278541]
 [166.           0.6488       0.05435717]
 [167.           0.64760005   0.05619875]
 [168.           0.6456       0.05764373]
 [169.           0.6456       0.05813604]
 [170.           0.645        0.05776246]
 [171.           0.6456       0.05638529]
 [172.           0.647        0.05526302]
 [173.           0.648        0.05501818]
 [174.           0.6488       0.05408512]
 [175.           0.6496       0.05336946]
 [176.           0.65080005   0.05230393]
 [177.           0.65220004   0.0524185 ]
 [178.           0.6518       0.05249475]
 [179.           0.6512       0.0524519 ]
 [180.           0.6502       0.05282708]
 [181.           0.6488       0.05417287]
 [182.           0.649        0.05422176]
 [183.           0.6488       0.05489719]
 [184.           0.64860004   0.05567133]
 [185.           0.64919996   0.05605086]
 [186.           0.6498       0.0556974 ]
 [187.           0.6484       0.05550497]
 [188.           0.6484       0.05629654]
 [189.           0.6492       0.05604643]
 [190.           0.6498       0.05501547]
 [191.           0.6502       0.05414059]
 [192.           0.6498       0.0537094 ]
 [193.           0.64860004   0.0542614 ]
 [194.           0.6484       0.05414149]
 [195.           0.64820004   0.05449036]
 [196.           0.64860004   0.05575216]
 [197.           0.64860004   0.05487074]
 [198.           0.64779997   0.05432495]
 [199.           0.6496       0.05356586]
 [200.           0.6506001    0.05430745]
 [201.           0.65000004   0.05452982]
 [202.           0.64940006   0.05452798]
 [203.           0.6492       0.05470558]
 [204.           0.6494       0.05433967]
 [205.           0.6496       0.05439024]
 [206.           0.6488       0.05385351]
 [207.           0.6488       0.05425589]
 [208.           0.64860004   0.05383123]
 [209.           0.6488       0.05325129]
 [210.           0.649        0.05333855]
 [211.           0.6488       0.05368146]
 [212.           0.64860004   0.05335073]
 [213.           0.64919996   0.05340132]
 [214.           0.64900005   0.05308957]
 [215.           0.6488       0.05301606]
 [216.           0.648        0.05270202]
 [217.           0.6474       0.0524862 ]
 [218.           0.64659995   0.05241471]
 [219.           0.6468       0.05294527]
 [220.           0.6448       0.05233259]
 [221.           0.6448       0.05181893]
 [222.           0.64519995   0.05250906]
 [223.           0.6454       0.05305941]
 [224.           0.64519995   0.05238033]
 [225.           0.6454       0.05233831]
 [226.           0.6456       0.05208934]
 [227.           0.6456       0.05160233]
 [228.           0.6456       0.0519163 ]
 [229.           0.6458       0.05293582]
 [230.           0.6458       0.05333104]
 [231.           0.6456       0.05367307]
 [232.           0.6454       0.05401666]
 [233.           0.6452       0.05352756]
 [234.           0.6452       0.05341067]
 [235.           0.64460003   0.05315824]
 [236.           0.644        0.05320243]
 [237.           0.64440006   0.0529745 ]
 [238.           0.64460003   0.05325694]
 [239.           0.6442       0.05311028]
 [240.           0.6442       0.05336384]
 [241.           0.6442       0.05293581]
 [242.           0.64440006   0.05326161]
 [243.           0.64320004   0.05304433]
 [244.           0.644        0.05289139]
 [245.           0.64400005   0.05314133]
 [246.           0.6442       0.05338257]
 [247.           0.64440006   0.05372429]
 [248.           0.644        0.05293865]
 [249.           0.645        0.0532494 ]
 [250.           0.6442       0.05299245]
 [251.           0.644        0.05271621]
 [252.           0.64440006   0.05283274]
 [253.           0.6434       0.05193553]
 [254.           0.642        0.05226378]
 [255.           0.6414       0.05219484]
 [256.           0.64180005   0.05223698]
 [257.           0.641        0.05309895]
 [258.           0.64140004   0.05221399]
 [259.           0.6424       0.05258613]
 [260.           0.6422       0.05271812]
 [261.           0.64140004   0.05350513]
 [262.           0.6424       0.05415997]
 [263.           0.64220005   0.05452248]
 [264.           0.6414       0.0545738 ]
 [265.           0.6406       0.0550027 ]
 [266.           0.6402001    0.05493814]
 [267.           0.6396       0.05521141]
 [268.           0.6388001    0.05507902]
 [269.           0.63860005   0.05509807]
 [270.           0.638        0.05475397]
 [271.           0.63780004   0.05334979]
 [272.           0.63780004   0.05334979]
 [273.           0.63720006   0.05269442]
 [274.           0.63760006   0.05282802]
 [275.           0.638        0.05286306]
 [276.           0.63780004   0.05245189]
 [277.           0.6382       0.05236125]
 [278.           0.6384       0.0526906 ]
 [279.           0.63740003   0.05275225]
 [280.           0.6376       0.05308294]
 [281.           0.637        0.05299526]
 [282.           0.6368       0.05358822]
 [283.           0.6366       0.05294146]
 [284.           0.6372       0.0519105 ]
 [285.           0.6368       0.05224655]
 [286.           0.63600004   0.05268776]
 [287.           0.6348001    0.05360223]
 [288.           0.63500005   0.05360035]
 [289.           0.63519996   0.05272288]
 [290.           0.635        0.05313662]
 [291.           0.6364       0.05311593]
 [292.           0.637        0.05324944]
 [293.           0.6372       0.05283183]
 [294.           0.63720006   0.05308202]
 [295.           0.637        0.05235934]
 [296.           0.63640004   0.05224269]
 [297.           0.6352       0.0514898 ]
 [298.           0.6338       0.0514558 ]
 [299.           0.63280004   0.05062803]
 [300.           0.6326       0.05029213]
 [301.           0.632        0.05013479]
 [302.           0.6318       0.0501468 ]
 [303.           0.63280004   0.05066261]
 [304.           0.6332       0.05138775]
 [305.           0.6336       0.05209896]
 [306.           0.6344       0.05249096]
 [307.           0.6344       0.05325693]
 [308.           0.63359994   0.0527712 ]
 [309.           0.63140005   0.05236222]
 [310.           0.63079995   0.05203559]
 [311.           0.6298       0.05192495]
 [312.           0.6294       0.05229053]
 [313.           0.6286       0.05192591]
 [314.           0.6294       0.05114   ]
 [315.           0.6298       0.05145095]
 [316.           0.6304       0.05225706]
 [317.           0.6306       0.05260039]
 [318.           0.63060004   0.05284695]
 [319.           0.629        0.05367029]
 [320.           0.629        0.05400465]
 [321.           0.6282       0.0537885 ]
 [322.           0.62740004   0.05274752]
 [323.           0.62700003   0.05102451]
 [324.           0.62700003   0.05127376]
 [325.           0.6258001    0.05085963]
 [326.           0.6258001    0.05076614]
 [327.           0.6258001    0.05051434]
 [328.           0.6254       0.05038154]
 [329.           0.62560004   0.05178129]
 [330.           0.6258       0.05292164]
 [331.           0.62600005   0.05374941]
 [332.           0.6264       0.05407216]
 [333.           0.62479997   0.05383493]
 [334.           0.62560004   0.05416456]
 [335.           0.6258001    0.05463239]
 [336.           0.6248       0.05299246]
 [337.           0.62479997   0.05262791]
 [338.           0.62460005   0.05161687]
 [339.           0.6238       0.05104605]
 [340.           0.6238       0.05150436]
 [341.           0.62340003   0.05263838]
 [342.           0.6228       0.05211238]
 [343.           0.6236       0.05198365]
 [344.           0.624        0.05206246]
 [345.           0.624        0.05294808]
 [346.           0.624        0.0526925 ]
 [347.           0.62340003   0.0518488 ]
 [348.           0.62320006   0.05127085]
 [349.           0.62340003   0.05134492]
 [350.           0.623        0.05039345]
 [351.           0.6224       0.05046581]
 [352.           0.6228       0.05077105]
 [353.           0.6228       0.05077105]
 [354.           0.6222       0.05070204]
 [355.           0.62200004   0.05085762]
 [356.           0.622        0.05123477]
 [357.           0.62219995   0.05131958]
 [358.           0.621        0.05231633]
 [359.           0.62060004   0.05209895]
 [360.           0.621        0.05209607]
 [361.           0.621        0.05249286]
 [362.           0.621        0.05271148]
 [363.           0.6208       0.0530066 ]
 [364.           0.6206       0.05241468]
 [365.           0.6196       0.0522714 ]
 [366.           0.61840004   0.05208935]
 [367.           0.61700004   0.05232592]
 [368.           0.61759996   0.05149078]
 [369.           0.61620003   0.05188642]
 [370.           0.6164       0.0523192 ]
 [371.           0.61700004   0.05281099]
 [372.           0.6168       0.05418208]
 [373.           0.6182       0.05413133]
 [374.           0.6172       0.0549154 ]
 [375.           0.6168       0.05493814]
 [376.           0.61660004   0.05450963]
 [377.           0.61740005   0.05287531]
 [378.           0.6166       0.05246714]
 [379.           0.6172       0.05165948]
 [380.           0.61740005   0.05119864]
 [381.           0.6176001    0.05134005]
 [382.           0.61780006   0.0519971 ]
 [383.           0.6172       0.05206919]
 [384.           0.6158       0.05292163]
 [385.           0.6154       0.05301227]
 [386.           0.614        0.05233069]
 [387.           0.6132       0.05299246]
 [388.           0.6126       0.05223311]
 [389.           0.614        0.05286776]
 [390.           0.6154       0.0531159 ]
 [391.           0.6166       0.05218526]
 [392.           0.6172       0.05167398]
 [393.           0.61660004   0.05104215]
 [394.           0.6164       0.05071784]
 [395.           0.6162       0.05178516]
 [396.           0.6154       0.05157809]
 [397.           0.6146       0.05180058]
 [398.           0.6144       0.05201732]
 [399.           0.614        0.05100491]
 [400.           0.6138       0.05048465]]
Dataset       :Pubmed
Model         :APPNP
Conden ratio  :0.25
GC            :2
LearnA        :1
Max Test Accuracy:
0.722
Best Result: Epoch   Acc  Std.
               177 0.6522  0.0524
