Set seed
Model MLP
--------------------------------------------------
The 1th iteration:
--------------------------------------------------
--------------------------------------------------
The 2th iteration:
--------------------------------------------------
--------------------------------------------------
The 3th iteration:
--------------------------------------------------
--------------------------------------------------
The 4th iteration:
--------------------------------------------------
--------------------------------------------------
The 5th iteration:
--------------------------------------------------
[[  1.           0.2688       0.05521504]
 [  2.           0.35520002   0.07356086]
 [  3.           0.4158       0.07567827]
 [  4.           0.4502       0.06077171]
 [  5.           0.4722       0.05314791]
 [  6.           0.48920003   0.05384422]
 [  7.           0.5004       0.06188538]
 [  8.           0.5008       0.0624876 ]
 [  9.           0.5032       0.06246361]
 [ 10.           0.5058       0.06144672]
 [ 11.           0.51060003   0.06076429]
 [ 12.           0.52         0.05730619]
 [ 13.           0.5288       0.05236125]
 [ 14.           0.5392       0.04695423]
 [ 15.           0.5472       0.04251704]
 [ 16.           0.5534       0.0369229 ]
 [ 17.           0.559        0.03244226]
 [ 18.           0.56020004   0.03259141]
 [ 19.           0.5624       0.03034469]
 [ 20.           0.5662       0.02804817]
 [ 21.           0.568        0.02993324]
 [ 22.           0.5708       0.02906375]
 [ 23.           0.5728       0.02674325]
 [ 24.           0.57460004   0.0266233 ]
 [ 25.           0.5758       0.02347765]
 [ 26.           0.5762       0.02065671]
 [ 27.           0.57580006   0.01861986]
 [ 28.           0.5756       0.01825648]
 [ 29.           0.574        0.01882818]
 [ 30.           0.576        0.02056696]
 [ 31.           0.5774       0.02067125]
 [ 32.           0.5802       0.02089737]
 [ 33.           0.5808       0.01782415]
 [ 34.           0.58280003   0.01679881]
 [ 35.           0.58400005   0.01726268]
 [ 36.           0.5832       0.01849865]
 [ 37.           0.58260006   0.01779888]
 [ 38.           0.58199996   0.01528071]
 [ 39.           0.58180004   0.01586508]
 [ 40.           0.5806       0.0121161 ]
 [ 41.           0.5788       0.01194571]
 [ 42.           0.57820004   0.0117983 ]
 [ 43.           0.578        0.01102271]
 [ 44.           0.5788       0.00998499]
 [ 45.           0.578        0.01051189]
 [ 46.           0.5788       0.01143239]
 [ 47.           0.5794       0.00996494]
 [ 48.           0.5808       0.00892748]
 [ 49.           0.5844       0.00923578]
 [ 50.           0.5862       0.00798124]
 [ 51.           0.58680004   0.00870057]
 [ 52.           0.58860004   0.00882043]
 [ 53.           0.5904       0.01071449]
 [ 54.           0.5896       0.01209545]
 [ 55.           0.59120005   0.01235718]
 [ 56.           0.5912       0.0121326 ]
 [ 57.           0.591        0.01378405]
 [ 58.           0.5916       0.01628801]
 [ 59.           0.5922       0.0168434 ]
 [ 60.           0.5922       0.01707922]
 [ 61.           0.5942       0.01608415]
 [ 62.           0.596        0.01570033]
 [ 63.           0.5968       0.0161617 ]
 [ 64.           0.5976       0.01465607]
 [ 65.           0.59860003   0.01566204]
 [ 66.           0.59940004   0.0162573 ]
 [ 67.           0.59980005   0.01595933]
 [ 68.           0.6          0.01589025]
 [ 69.           0.6016       0.0146219 ]
 [ 70.           0.6024       0.01402853]
 [ 71.           0.6034       0.01409966]
 [ 72.           0.60359997   0.01527416]
 [ 73.           0.603        0.01623267]
 [ 74.           0.60220003   0.01495661]
 [ 75.           0.60220003   0.01493987]
 [ 76.           0.60160005   0.01487615]
 [ 77.           0.60160005   0.01487615]
 [ 78.           0.601        0.01466286]
 [ 79.           0.602        0.01454305]
 [ 80.           0.602        0.01518224]
 [ 81.           0.60220003   0.01492316]
 [ 82.           0.60260004   0.01469013]
 [ 83.           0.6028       0.01441181]
 [ 84.           0.60220003   0.01409608]
 [ 85.           0.6024       0.01397497]
 [ 86.           0.6022       0.01458424]
 [ 87.           0.6026       0.01383112]
 [ 88.           0.6034       0.01339028]
 [ 89.           0.6036       0.0132778 ]
 [ 90.           0.603        0.01246997]
 [ 91.           0.6032       0.01283352]
 [ 92.           0.603        0.01352774]
 [ 93.           0.6028       0.01362717]
 [ 94.           0.60319996   0.01333039]
 [ 95.           0.60319996   0.01334915]
 [ 96.           0.6034       0.01379495]
 [ 97.           0.6038       0.01355361]
 [ 98.           0.60400003   0.01343504]
 [ 99.           0.6046       0.01422322]
 [100.           0.6046       0.01422322]
 [101.           0.6042       0.01442914]
 [102.           0.6052       0.01448101]
 [103.           0.60560006   0.01429336]
 [104.           0.60600007   0.01462875]
 [105.           0.6068       0.01475466]
 [106.           0.6072001    0.01454993]
 [107.           0.6064       0.01453617]
 [108.           0.6066       0.01455334]
 [109.           0.6066       0.01517563]
 [110.           0.60760003   0.01530686]
 [111.           0.6078       0.01541753]
 [112.           0.6076       0.01542076]
 [113.           0.6074       0.01556598]
 [114.           0.6072001    0.01508975]
 [115.           0.60700005   0.01529708]
 [116.           0.60740006   0.015225  ]
 [117.           0.6072001    0.01544994]
 [118.           0.60740006   0.01543698]
 [119.           0.60760003   0.01501   ]
 [120.           0.60760003   0.01501   ]
 [121.           0.6078       0.01500668]
 [122.           0.6078       0.01518883]
 [123.           0.608        0.01547579]
 [124.           0.608        0.01568441]
 [125.           0.6078       0.01565889]
 [126.           0.6078       0.01565887]
 [127.           0.6088       0.01589656]
 [128.           0.6088       0.01589656]
 [129.           0.6092       0.01633094]
 [130.           0.6094       0.01639511]
 [131.           0.6094       0.01639511]
 [132.           0.6096       0.01699413]
 [133.           0.6100001    0.01659819]
 [134.           0.6094       0.01610281]
 [135.           0.609        0.01595306]
 [136.           0.6096       0.01642558]
 [137.           0.6094       0.0164408 ]
 [138.           0.6096       0.016562  ]
 [139.           0.6096       0.0169941 ]
 [140.           0.6106       0.01762952]
 [141.           0.61079997   0.0177398 ]
 [142.           0.61140007   0.01810525]
 [143.           0.61120003   0.01781012]
 [144.           0.6124       0.01836574]
 [145.           0.6124       0.01799443]
 [146.           0.61300004   0.01864134]
 [147.           0.6134       0.01892881]
 [148.           0.6136       0.01916508]
 [149.           0.6146       0.02039118]
 [150.           0.6144       0.02013207]
 [151.           0.6144       0.02013207]
 [152.           0.61359996   0.01988214]
 [153.           0.6138       0.01997998]
 [154.           0.614        0.01941648]
 [155.           0.6142       0.01969008]
 [156.           0.61420006   0.01914941]
 [157.           0.6146       0.01892879]
 [158.           0.6142       0.0194602 ]
 [159.           0.6134       0.01847431]
 [160.           0.61359996   0.01868956]
 [161.           0.6138       0.0191102 ]
 [162.           0.61420006   0.01943449]
 [163.           0.61420006   0.01996745]
 [164.           0.61480004   0.02026572]
 [165.           0.615        0.02002497]
 [166.           0.6152       0.02026572]
 [167.           0.6164       0.02092366]
 [168.           0.6172       0.02145226]
 [169.           0.618        0.02254994]
 [170.           0.61840004   0.02294124]
 [171.           0.6192       0.0237213 ]
 [172.           0.6206       0.02464346]
 [173.           0.621        0.02512966]
 [174.           0.6214       0.02596731]
 [175.           0.6218       0.02602305]
 [176.           0.62200004   0.02659888]
 [177.           0.62219995   0.02697592]
 [178.           0.6222       0.02662144]
 [179.           0.6228       0.02690167]
 [180.           0.6228       0.02690167]
 [181.           0.6224       0.02687563]
 [182.           0.6224       0.02742809]
 [183.           0.6228       0.02776149]
 [184.           0.62340003   0.02804106]
 [185.           0.6226       0.02813006]
 [186.           0.62299997   0.02918047]
 [187.           0.62359995   0.02973719]
 [188.           0.6238       0.0304992 ]
 [189.           0.62600005   0.0319922 ]
 [190.           0.6254       0.03417309]
 [191.           0.62659997   0.03363482]
 [192.           0.6262       0.03407637]
 [193.           0.6276       0.0356623 ]
 [194.           0.62700003   0.03571415]
 [195.           0.6276       0.03510416]
 [196.           0.62720007   0.03640331]
 [197.           0.6278       0.03808808]
 [198.           0.6276       0.03823349]
 [199.           0.629        0.03835362]
 [200.           0.62900007   0.03798025]
 [201.           0.6294       0.0381353 ]
 [202.           0.6284       0.03841617]
 [203.           0.629        0.03864586]
 [204.           0.629        0.03830799]
 [205.           0.62880003   0.03798947]
 [206.           0.63         0.03780213]
 [207.           0.62880003   0.03771207]
 [208.           0.6296       0.03825312]
 [209.           0.6286       0.03672601]
 [210.           0.629        0.03692561]
 [211.           0.6286       0.03617736]
 [212.           0.6282       0.03675186]
 [213.           0.6284       0.03592075]
 [214.           0.6284       0.03622569]
 [215.           0.6278       0.03528738]
 [216.           0.6276       0.03531713]
 [217.           0.62799996   0.03457601]
 [218.           0.62700003   0.03380829]
 [219.           0.62740004   0.03443545]
 [220.           0.6272       0.03430306]
 [221.           0.6274       0.03481092]
 [222.           0.6274       0.03402646]
 [223.           0.62720007   0.03431764]
 [224.           0.62740004   0.03332867]
 [225.           0.6276       0.03434823]
 [226.           0.6282       0.03381125]
 [227.           0.6276       0.03454418]
 [228.           0.62860006   0.03399707]
 [229.           0.6284       0.03443544]
 [230.           0.6294001    0.034775  ]
 [231.           0.62880003   0.03409838]
 [232.           0.629        0.0347635 ]
 [233.           0.628        0.03371201]
 [234.           0.6284       0.03311042]
 [235.           0.6278       0.03375944]
 [236.           0.62880003   0.03322197]
 [237.           0.62860006   0.03439188]
 [238.           0.629        0.03389691]
 [239.           0.6292       0.03423741]
 [240.           0.62900007   0.03346639]
 [241.           0.62880003   0.03333467]
 [242.           0.62880003   0.03333467]
 [243.           0.62900007   0.03346639]
 [244.           0.62920004   0.03360357]
 [245.           0.62960005   0.03389395]
 [246.           0.6298       0.03415699]
 [247.           0.6298       0.03364074]
 [248.           0.629        0.0335261 ]
 [249.           0.62939996   0.03428994]
 [250.           0.6298       0.0336556 ]
 [251.           0.6294       0.03377571]
 [252.           0.6298       0.03410569]
 [253.           0.6302       0.03354398]
 [254.           0.6298       0.03410569]
 [255.           0.62960005   0.03386442]
 [256.           0.6304       0.03315568]
 [257.           0.62960005   0.03398233]
 [258.           0.63000005   0.03413208]
 [259.           0.6302       0.03302575]
 [260.           0.6302       0.03427389]
 [261.           0.63000005   0.03413208]
 [262.           0.631        0.03366749]
 [263.           0.6302       0.03384818]
 [264.           0.63079995   0.03394406]
 [265.           0.6308       0.0335291 ]
 [266.           0.63079995   0.03394406]
 [267.           0.6304       0.03367194]
 [268.           0.631        0.03366749]
 [269.           0.6304       0.03367194]
 [270.           0.63079995   0.03394406]
 [271.           0.6306       0.0333961 ]
 [272.           0.6304       0.03364224]
 [273.           0.6306       0.03380532]
 [274.           0.6308       0.0335291 ]
 [275.           0.6304       0.03367194]
 [276.           0.6306       0.03380532]
 [277.           0.6308       0.03312399]
 [278.           0.6302       0.03354398]
 [279.           0.6306       0.03391607]
 [280.           0.63100004   0.03325657]
 [281.           0.6306       0.03391607]
 [282.           0.6304       0.03356783]
 [283.           0.6306       0.03299694]
 [284.           0.6304       0.03356783]
 [285.           0.6302       0.03354398]
 [286.           0.6312       0.03339459]
 [287.           0.6302       0.03354398]
 [288.           0.6306       0.03336616]
 [289.           0.6304       0.03282984]
 [290.           0.6306       0.03336616]
 [291.           0.6306       0.0333961 ]
 [292.           0.631        0.03333915]
 [293.           0.6308       0.03324453]
 [294.           0.631        0.03333915]
 [295.           0.63100004   0.03336914]
 [296.           0.631        0.03333915]
 [297.           0.6308       0.03324453]
 [298.           0.63140005   0.03279938]
 [299.           0.6304       0.03335116]
 [300.           0.631        0.03333915]
 [301.           0.6308       0.03279788]
 [302.           0.63079995   0.03361101]
 [303.           0.6306       0.03318585]
 [304.           0.6312       0.03267568]
 [305.           0.63000005   0.03398531]
 [306.           0.6308       0.03320692]
 [307.           0.6308       0.03292721]
 [308.           0.6304       0.03332117]
 [309.           0.6304       0.03344847]
 [310.           0.63100004   0.03251923]
 [311.           0.6302       0.03371501]
 [312.           0.6306       0.03347836]
 [313.           0.6308       0.03292721]
 [314.           0.6304       0.03332117]
 [315.           0.6306       0.03412917]
 [316.           0.6312       0.0325914 ]
 [317.           0.6306       0.03412917]
 [318.           0.6316       0.03439913]
 [319.           0.6316       0.03366452]
 [320.           0.6316       0.03447172]
 [321.           0.63140005   0.03479656]
 [322.           0.6326       0.03401911]
 [323.           0.6316       0.03497571]
 [324.           0.63199997   0.03431472]
 [325.           0.633        0.03494997]
 [326.           0.6332       0.03549225]
 [327.           0.63280004   0.03614831]
 [328.           0.63379997   0.03515962]
 [329.           0.63339996   0.03680083]
 [330.           0.63460004   0.03655543]
 [331.           0.635        0.03719542]
 [332.           0.635        0.03754996]
 [333.           0.63460004   0.03721289]
 [334.           0.635        0.03652396]
 [335.           0.63440007   0.03697025]
 [336.           0.63500005   0.03708098]
 [337.           0.6354       0.03713891]
 [338.           0.6348       0.03734567]
 [339.           0.63519996   0.03739918]
 [340.           0.6358       0.0375859 ]
 [341.           0.6354       0.03868203]
 [342.           0.63560003   0.03784573]
 [343.           0.6352       0.03796314]
 [344.           0.6352       0.03739919]
 [345.           0.6348       0.03751264]
 [346.           0.63500005   0.03766297]
 [347.           0.63500005   0.03776902]
 [348.           0.6346       0.03715911]
 [349.           0.634        0.03656499]
 [350.           0.6344       0.03697025]
 [351.           0.6344       0.03758721]
 [352.           0.6352       0.03687409]
 [353.           0.6344       0.03758721]
 [354.           0.6348       0.03741256]
 [355.           0.63479996   0.03705668]
 [356.           0.6348       0.03741256]
 [357.           0.6346       0.03777961]
 [358.           0.6352       0.03671103]
 [359.           0.6344       0.03758721]
 [360.           0.6346       0.03752732]
 [361.           0.6346       0.03680079]
 [362.           0.6346       0.03752732]
 [363.           0.63420004   0.03769216]
 [364.           0.6348       0.0362174 ]
 [365.           0.634        0.03739652]
 [366.           0.634        0.03628361]
 [367.           0.6348       0.0368334 ]
 [368.           0.63379997   0.03656091]
 [369.           0.6338       0.03664969]
 [370.           0.63420004   0.03550633]
 [371.           0.63360006   0.0364184 ]
 [372.           0.634        0.03577708]
 [373.           0.6338       0.03565389]
 [374.           0.63360006   0.03582318]
 [375.           0.63360006   0.03603886]
 [376.           0.634        0.03527747]
 [377.           0.63360006   0.03554996]
 [378.           0.63360006   0.03532421]
 [379.           0.63379997   0.03528737]
 [380.           0.634        0.03564405]
 [381.           0.6336       0.03555697]
 [382.           0.63420004   0.03537229]
 [383.           0.6336       0.03555697]
 [384.           0.634        0.03564405]
 [385.           0.63339996   0.03583014]
 [386.           0.63420004   0.0358636 ]
 [387.           0.634        0.03602082]
 [388.           0.634        0.03613861]
 [389.           0.6344       0.03632216]
 [390.           0.6344       0.03608736]
 [391.           0.634        0.03699325]
 [392.           0.63460004   0.03629463]
 [393.           0.6348       0.03641702]
 [394.           0.6344       0.03705806]
 [395.           0.63500005   0.03665378]
 [396.           0.6348       0.03650615]
 [397.           0.6348       0.0372921 ]
 [398.           0.635        0.0367219 ]
 [399.           0.6352       0.03673827]
 [400.           0.63500005   0.03710122]]
Dataset       :Citeseer
Model         :MLP
Conden ratio  :0.5
GC            :3
LearnA        :0
Max Test Accuracy:
0.684
Best Result: Epoch   Acc  Std.
               340 0.6358  0.0376
