Set seed
Model GAT
--------------------------------------------------
The 1th iteration:
--------------------------------------------------
--------------------------------------------------
The 2th iteration:
--------------------------------------------------
--------------------------------------------------
The 3th iteration:
--------------------------------------------------
--------------------------------------------------
The 4th iteration:
--------------------------------------------------
--------------------------------------------------
The 5th iteration:
--------------------------------------------------
[[  1.           0.629        0.0223271 ]
 [  2.           0.67780006   0.00864292]
 [  3.           0.6872       0.01030532]
 [  4.           0.6936       0.00879205]
 [  5.           0.695        0.00632456]
 [  6.           0.698        0.00380788]
 [  7.           0.6978       0.00443848]
 [  8.           0.69900006   0.00616443]
 [  9.           0.6984       0.00545893]
 [ 10.           0.6994       0.00541295]
 [ 11.           0.6994       0.00502991]
 [ 12.           0.6980001    0.00494973]
 [ 13.           0.69740003   0.00260768]
 [ 14.           0.69519997   0.00491935]
 [ 15.           0.69040006   0.00642646]
 [ 16.           0.6886       0.00850293]
 [ 17.           0.6842       0.00878633]
 [ 18.           0.683        0.00868907]
 [ 19.           0.6792       0.00687025]
 [ 20.           0.6784       0.00517687]
 [ 21.           0.68         0.00543141]
 [ 22.           0.684        0.00620484]
 [ 23.           0.68700004   0.00538516]
 [ 24.           0.6904       0.00415931]
 [ 25.           0.6922       0.00349284]
 [ 26.           0.693        0.00244949]
 [ 27.           0.6934       0.00260769]
 [ 28.           0.6934001    0.00181658]
 [ 29.           0.69180006   0.00216793]
 [ 30.           0.69060004   0.00250997]
 [ 31.           0.68979996   0.00192354]
 [ 32.           0.68780005   0.00319373]
 [ 33.           0.6846       0.00472226]
 [ 34.           0.68320006   0.00432436]
 [ 35.           0.68219995   0.00535724]
 [ 36.           0.6806       0.00577061]
 [ 37.           0.6794       0.00497996]
 [ 38.           0.68         0.00430118]
 [ 39.           0.68020004   0.00408657]
 [ 40.           0.6808       0.00396231]
 [ 41.           0.6818       0.00414729]
 [ 42.           0.68340003   0.00391153]
 [ 43.           0.683        0.00418331]
 [ 44.           0.68200004   0.003937  ]
 [ 45.           0.68160003   0.00364692]
 [ 46.           0.6806       0.00507938]
 [ 47.           0.679        0.00565684]
 [ 48.           0.6786       0.00482701]
 [ 49.           0.6782       0.00486827]
 [ 50.           0.67740005   0.0049295 ]
 [ 51.           0.6772       0.00521536]
 [ 52.           0.677        0.0054314 ]
 [ 53.           0.6776       0.00507937]
 [ 54.           0.6778       0.00526308]
 [ 55.           0.6776       0.00477494]
 [ 56.           0.6774       0.00598333]
 [ 57.           0.678        0.00556777]
 [ 58.           0.67880005   0.00634034]
 [ 59.           0.679        0.00692822]
 [ 60.           0.6784       0.0064653 ]
 [ 61.           0.6786       0.00642651]
 [ 62.           0.6784       0.00626897]
 [ 63.           0.6782       0.00597493]
 [ 64.           0.67780006   0.00589066]
 [ 65.           0.6782       0.00544977]
 [ 66.           0.6786       0.00577062]
 [ 67.           0.67880005   0.0054037 ]
 [ 68.           0.67880005   0.0054037 ]
 [ 69.           0.6786       0.00502991]
 [ 70.           0.67880005   0.00571839]
 [ 71.           0.6784       0.00585661]
 [ 72.           0.679        0.00578792]
 [ 73.           0.6788       0.00544977]
 [ 74.           0.6784       0.00482702]
 [ 75.           0.678        0.00430117]
 [ 76.           0.6778       0.00414729]
 [ 77.           0.6776       0.00403732]
 [ 78.           0.67740005   0.00371484]
 [ 79.           0.6778       0.00408657]
 [ 80.           0.678        0.00430117]
 [ 81.           0.6784       0.00466906]
 [ 82.           0.6782       0.00396233]
 [ 83.           0.6782       0.00396233]
 [ 84.           0.67840004   0.0036469 ]
 [ 85.           0.6786       0.00378152]
 [ 86.           0.679        0.00374164]
 [ 87.           0.6786       0.00343509]
 [ 88.           0.6784       0.00328632]
 [ 89.           0.6786       0.00304959]
 [ 90.           0.6786       0.00336154]
 [ 91.           0.6786       0.00336154]
 [ 92.           0.679        0.00324036]
 [ 93.           0.6788       0.00311448]
 [ 94.           0.6788       0.00311448]
 [ 95.           0.6786       0.00343509]
 [ 96.           0.67840004   0.00320935]
 [ 97.           0.678        0.00346411]
 [ 98.           0.678        0.00346411]
 [ 99.           0.6786       0.00364693]
 [100.           0.6786       0.00364693]
 [101.           0.67819995   0.00356372]
 [102.           0.678        0.00339118]
 [103.           0.6786       0.00296646]
 [104.           0.67840004   0.00371485]
 [105.           0.6786       0.00378156]
 [106.           0.6782       0.00342054]
 [107.           0.67800003   0.0031623 ]
 [108.           0.6784       0.00296647]
 [109.           0.6786       0.00304958]
 [110.           0.67820007   0.00303314]
 [111.           0.67820007   0.00303314]
 [112.           0.67800003   0.00282842]
 [113.           0.6784       0.00320935]
 [114.           0.6782       0.00311447]
 [115.           0.6778       0.00286356]
 [116.           0.6782       0.00303314]
 [117.           0.6786       0.00320935]
 [118.           0.679        0.00346409]
 [119.           0.679        0.00346409]
 [120.           0.679        0.00346409]
 [121.           0.6796       0.00343511]
 [122.           0.6796       0.00343511]
 [123.           0.679        0.00346409]
 [124.           0.6792       0.00370135]
 [125.           0.679        0.00346409]
 [126.           0.67939997   0.00336155]
 [127.           0.67980003   0.00363319]
 [128.           0.67980003   0.00363319]
 [129.           0.67980003   0.00363319]
 [130.           0.68         0.00331664]
 [131.           0.68020004   0.00303316]
 [132.           0.68020004   0.00303316]
 [133.           0.68020004   0.00303316]
 [134.           0.68         0.00300002]
 [135.           0.68020004   0.00327111]
 [136.           0.6798       0.00376831]
 [137.           0.67980003   0.00383407]
 [138.           0.6804       0.00415933]
 [139.           0.6804       0.00415933]
 [140.           0.6806       0.00433591]
 [141.           0.6804       0.00403734]
 [142.           0.6806       0.00378154]
 [143.           0.6808       0.00376829]
 [144.           0.6806       0.00378154]
 [145.           0.6804       0.00403733]
 [146.           0.68060005   0.00403732]
 [147.           0.6804       0.004827  ]
 [148.           0.6808       0.00443846]
 [149.           0.681        0.00412311]
 [150.           0.68119997   0.00383406]
 [151.           0.681        0.00387298]
 [152.           0.68079996   0.00396232]
 [153.           0.68099993   0.00418331]
 [154.           0.6804       0.00364692]
 [155.           0.6804       0.00397492]
 [156.           0.6804       0.00397492]
 [157.           0.6804       0.00439317]
 [158.           0.6806       0.00403733]
 [159.           0.68100005   0.00447213]
 [160.           0.68100005   0.00418329]
 [161.           0.68160003   0.00421901]
 [162.           0.68160003   0.00357771]
 [163.           0.6812       0.00383405]
 [164.           0.6808       0.00408655]
 [165.           0.6804       0.00439316]
 [166.           0.68039995   0.00415933]
 [167.           0.6806       0.00384708]
 [168.           0.6804       0.00461519]
 [169.           0.68039995   0.00415933]
 [170.           0.68039995   0.00415933]
 [171.           0.6802       0.00383407]
 [172.           0.68020004   0.00383406]
 [173.           0.68020004   0.00383406]
 [174.           0.6804       0.00350713]
 [175.           0.6806       0.00364692]
 [176.           0.6808       0.00327108]
 [177.           0.68060005   0.00343512]
 [178.           0.6802       0.00383407]
 [179.           0.6802       0.00432435]
 [180.           0.6806       0.00384708]
 [181.           0.68020004   0.00342053]
 [182.           0.6806       0.00415933]
 [183.           0.6804       0.00336157]
 [184.           0.68         0.00353555]
 [185.           0.6798       0.00327109]
 [186.           0.68020004   0.00342053]
 [187.           0.68020004   0.00342053]
 [188.           0.6804       0.00350714]
 [189.           0.68079996   0.00370137]
 [190.           0.68079996   0.00370137]
 [191.           0.68079996   0.00370137]
 [192.           0.68079996   0.00370137]
 [193.           0.6802       0.00349286]
 [194.           0.68         0.00367424]
 [195.           0.68020004   0.00370134]
 [196.           0.6804       0.00415933]
 [197.           0.68020004   0.00481664]
 [198.           0.68020004   0.00432436]
 [199.           0.68020004   0.00432436]
 [200.           0.68020004   0.00432436]
 [201.           0.68         0.00458258]
 [202.           0.68020004   0.00481664]
 [203.           0.68060005   0.00482702]
 [204.           0.6808       0.00567451]
 [205.           0.6804       0.00527256]
 [206.           0.6808       0.00511859]
 [207.           0.6808       0.00511859]
 [208.           0.6808       0.00511859]
 [209.           0.6804       0.00497996]
 [210.           0.68020004   0.00521536]
 [211.           0.6804       0.00527256]
 [212.           0.68020004   0.00554075]
 [213.           0.6804       0.00527256]
 [214.           0.6804       0.00527256]
 [215.           0.68         0.00524404]
 [216.           0.6802       0.00501996]
 [217.           0.6804       0.00482701]
 [218.           0.6802       0.00501996]
 [219.           0.6798       0.00549544]
 [220.           0.6796       0.00541293]
 [221.           0.6792       0.0049699 ]
 [222.           0.6794       0.00512834]
 [223.           0.6794       0.00512834]
 [224.           0.6794       0.00512834]
 [225.           0.67920005   0.0054037 ]
 [226.           0.679        0.00474342]
 [227.           0.679        0.00474342]
 [228.           0.679        0.00474342]
 [229.           0.6798       0.00465832]
 [230.           0.68         0.00447214]
 [231.           0.68         0.00447214]
 [232.           0.6796       0.00497997]
 [233.           0.6794       0.00517688]
 [234.           0.6794       0.00517688]
 [235.           0.6794       0.00517688]
 [236.           0.6794       0.00517688]
 [237.           0.67920005   0.00491936]
 [238.           0.6794       0.004219  ]
 [239.           0.6796       0.00391152]
 [240.           0.6794       0.00482701]
 [241.           0.6796       0.00497997]
 [242.           0.6798       0.00506952]
 [243.           0.67939997   0.00512835]
 [244.           0.6796       0.0049295 ]
 [245.           0.6794       0.00466905]
 [246.           0.67939997   0.004219  ]
 [247.           0.6796       0.00444972]
 [248.           0.6792       0.00389872]
 [249.           0.67939997   0.00403732]
 [250.           0.6792       0.00432434]
 [251.           0.6792       0.00432434]
 [252.           0.6792       0.00432434]
 [253.           0.679        0.00463681]
 [254.           0.67880005   0.00496991]
 [255.           0.679        0.00463681]
 [256.           0.679        0.00463681]
 [257.           0.67920005   0.00443847]
 [258.           0.6794       0.00409878]
 [259.           0.679        0.00463681]
 [260.           0.6792       0.00432434]
 [261.           0.67939997   0.00415933]
 [262.           0.6798       0.00420714]
 [263.           0.6796       0.00450554]
 [264.           0.6796       0.00403732]
 [265.           0.6794       0.00427785]
 [266.           0.67920005   0.00443847]
 [267.           0.679        0.00424263]
 [268.           0.6792       0.0038987 ]
 [269.           0.6796       0.00378153]
 [270.           0.6796       0.00391152]
 [271.           0.6796       0.00391152]
 [272.           0.6798       0.00370136]
 [273.           0.67960006   0.00397493]
 [274.           0.67980003   0.00383407]
 [275.           0.6798       0.00376829]
 [276.           0.6798       0.00376829]
 [277.           0.67959994   0.0035777 ]
 [278.           0.67939997   0.00343509]
 [279.           0.67939997   0.00343509]
 [280.           0.6796       0.00336153]
 [281.           0.68         0.00316229]
 [282.           0.68         0.00316229]
 [283.           0.67980003   0.0035637 ]
 [284.           0.68         0.00367424]
 [285.           0.68         0.00393702]
 [286.           0.6798       0.00356369]
 [287.           0.6798       0.00334662]
 [288.           0.6798       0.00334662]
 [289.           0.6798       0.0032711 ]
 [290.           0.68         0.00316228]
 [291.           0.68         0.00374166]
 [292.           0.6798       0.00356369]
 [293.           0.6798       0.00356369]
 [294.           0.68         0.00353552]
 [295.           0.68020004   0.00311449]
 [296.           0.68         0.00316228]
 [297.           0.68         0.00316228]
 [298.           0.68         0.00316228]
 [299.           0.68         0.00331663]
 [300.           0.6804       0.00328636]
 [301.           0.681        0.00339117]
 [302.           0.68119997   0.00294958]
 [303.           0.68119997   0.00294958]
 [304.           0.681        0.00291547]
 [305.           0.6806       0.00313049]
 [306.           0.6806       0.00313049]
 [307.           0.6804       0.00371484]
 [308.           0.68         0.00339116]
 [309.           0.68060005   0.00384709]
 [310.           0.6808       0.00349286]
 [311.           0.6812       0.00349284]
 [312.           0.6812       0.00319375]
 [313.           0.681        0.00308221]
 [314.           0.681        0.00360552]
 [315.           0.6808       0.00370135]
 [316.           0.68020004   0.00370135]
 [317.           0.6804001    0.00384709]
 [318.           0.6808       0.00389872]
 [319.           0.68060005   0.00384709]
 [320.           0.6808       0.0041473 ]
 [321.           0.6808       0.0041473 ]
 [322.           0.6804       0.00403729]
 [323.           0.6804       0.00403729]
 [324.           0.6804       0.0036469 ]
 [325.           0.6804       0.00371484]
 [326.           0.6804       0.00371484]
 [327.           0.68020004   0.00370135]
 [328.           0.68020004   0.00396232]
 [329.           0.68         0.00360556]
 [330.           0.68         0.00360556]
 [331.           0.68         0.00360556]
 [332.           0.68         0.00360556]
 [333.           0.68         0.00360556]
 [334.           0.6804       0.0036469 ]
 [335.           0.68020004   0.00356371]
 [336.           0.68020004   0.00356371]
 [337.           0.6804       0.00320938]
 [338.           0.68020004   0.00327111]
 [339.           0.68         0.00360556]
 [340.           0.68         0.00360556]
 [341.           0.68         0.00393699]
 [342.           0.68020004   0.00356371]
 [343.           0.68020004   0.00356371]
 [344.           0.68020004   0.00356371]
 [345.           0.6804       0.00320938]
 [346.           0.68020004   0.00356371]
 [347.           0.6804       0.00357772]
 [348.           0.68         0.004     ]
 [349.           0.68         0.004     ]
 [350.           0.6804       0.00336156]
 [351.           0.6804       0.0029665 ]
 [352.           0.68020004   0.00334664]
 [353.           0.68         0.00380787]
 [354.           0.67939997   0.00439319]
 [355.           0.6798       0.00438179]
 [356.           0.68         0.0043589 ]
 [357.           0.68         0.00393699]
 [358.           0.68         0.00393699]
 [359.           0.68020004   0.00356371]
 [360.           0.67980003   0.00396232]
 [361.           0.6796       0.00403731]
 [362.           0.67980003   0.00396232]
 [363.           0.67980003   0.00396232]
 [364.           0.68020004   0.00356371]
 [365.           0.68         0.00360556]
 [366.           0.68         0.00360556]
 [367.           0.68         0.00360556]
 [368.           0.67980003   0.00396232]
 [369.           0.6796       0.00433592]
 [370.           0.67959994   0.00450557]
 [371.           0.67939997   0.00487853]
 [372.           0.67939997   0.00487853]
 [373.           0.6792       0.00476445]
 [374.           0.67939997   0.00439319]
 [375.           0.67939997   0.00439319]
 [376.           0.6798       0.00432437]
 [377.           0.6798       0.00432437]
 [378.           0.6798       0.00432437]
 [379.           0.6802       0.0047117 ]
 [380.           0.68         0.00441591]
 [381.           0.6798       0.0044385 ]
 [382.           0.67959994   0.00450557]
 [383.           0.6798       0.00414726]
 [384.           0.68         0.00447211]
 [385.           0.6802       0.0047117 ]
 [386.           0.68         0.00509902]
 [387.           0.6798       0.00481665]
 [388.           0.67939997   0.00456071]
 [389.           0.67939997   0.00456071]
 [390.           0.6798       0.00481666]
 [391.           0.6798       0.00481666]
 [392.           0.68         0.00474343]
 [393.           0.68         0.00509902]
 [394.           0.68020004   0.0051186 ]
 [395.           0.68020004   0.0051186 ]
 [396.           0.68         0.00509902]
 [397.           0.6802       0.0047117 ]
 [398.           0.6802       0.0047117 ]
 [399.           0.6808       0.00438176]
 [400.           0.68020004   0.0051186 ]]
Dataset       :Citeseer
Model         :GAT
Conden ratio  :1.0
GC            :1
LearnA        :0
Max Test Accuracy:
0.709
Best Result: Epoch   Acc  Std.
               10 0.6994  0.0054
