Set seed
Model APPNP
--------------------------------------------------
The 1th iteration:
--------------------------------------------------
--------------------------------------------------
The 2th iteration:
--------------------------------------------------
--------------------------------------------------
The 3th iteration:
--------------------------------------------------
--------------------------------------------------
The 4th iteration:
--------------------------------------------------
--------------------------------------------------
The 5th iteration:
--------------------------------------------------
[[  1.           0.3264       0.09156582]
 [  2.           0.42740002   0.10664569]
 [  3.           0.4866       0.09307148]
 [  4.           0.51420003   0.08596046]
 [  5.           0.5296001    0.08334147]
 [  6.           0.54080003   0.07582677]
 [  7.           0.54800004   0.07117584]
 [  8.           0.55700004   0.06292059]
 [  9.           0.5636       0.0566595 ]
 [ 10.           0.5684       0.05091954]
 [ 11.           0.57100004   0.04597282]
 [ 12.           0.5746       0.0436841 ]
 [ 13.           0.578        0.04192851]
 [ 14.           0.58000004   0.04071854]
 [ 15.           0.5824       0.04018457]
 [ 16.           0.5818       0.038932  ]
 [ 17.           0.58360004   0.03929757]
 [ 18.           0.58260006   0.03692967]
 [ 19.           0.5836       0.03392344]
 [ 20.           0.5834       0.03491847]
 [ 21.           0.582        0.03569313]
 [ 22.           0.5816       0.03643212]
 [ 23.           0.5808       0.03491704]
 [ 24.           0.5794       0.03625328]
 [ 25.           0.5778       0.03741924]
 [ 26.           0.575        0.03675593]
 [ 27.           0.5722       0.03794997]
 [ 28.           0.57         0.03731622]
 [ 29.           0.5658       0.03779814]
 [ 30.           0.5588       0.03882911]
 [ 31.           0.5514       0.04045121]
 [ 32.           0.545        0.04355455]
 [ 33.           0.5406       0.04432043]
 [ 34.           0.53380007   0.04612156]
 [ 35.           0.5262       0.04787694]
 [ 36.           0.5214       0.04972223]
 [ 37.           0.5172       0.05104606]
 [ 38.           0.513        0.0523689 ]
 [ 39.           0.5084       0.05308767]
 [ 40.           0.50360006   0.05076712]
 [ 41.           0.5016       0.05021254]
 [ 42.           0.4976       0.04540154]
 [ 43.           0.49400002   0.04166533]
 [ 44.           0.4922       0.03930267]
 [ 45.           0.4894       0.0382531 ]
 [ 46.           0.48880002   0.03468718]
 [ 47.           0.48839998   0.03109341]
 [ 48.           0.4896       0.02998834]
 [ 49.           0.48920003   0.02681791]
 [ 50.           0.4896       0.02364953]
 [ 51.           0.4908       0.02144061]
 [ 52.           0.4922       0.02082547]
 [ 53.           0.4944       0.02054993]
 [ 54.           0.4962       0.02024105]
 [ 55.           0.4972       0.01948589]
 [ 56.           0.4988       0.01715226]
 [ 57.           0.49960002   0.01651664]
 [ 58.           0.5022       0.0140961 ]
 [ 59.           0.506        0.01200002]
 [ 60.           0.50879997   0.0113886 ]
 [ 61.           0.5102       0.01207062]
 [ 62.           0.5136       0.01379492]
 [ 63.           0.5162       0.01395348]
 [ 64.           0.5192       0.01418451]
 [ 65.           0.5226       0.01448447]
 [ 66.           0.5264       0.0169794 ]
 [ 67.           0.5302       0.01974081]
 [ 68.           0.5328       0.02133543]
 [ 69.           0.5358       0.0214872 ]
 [ 70.           0.5376       0.02349043]
 [ 71.           0.5412       0.02678993]
 [ 72.           0.545        0.02891367]
 [ 73.           0.547        0.02895685]
 [ 74.           0.5488       0.02866532]
 [ 75.           0.5522       0.03034302]
 [ 76.           0.5542       0.03054831]
 [ 77.           0.55700004   0.03027376]
 [ 78.           0.5606       0.02989649]
 [ 79.           0.5614       0.03034469]
 [ 80.           0.56380004   0.03201094]
 [ 81.           0.56700003   0.03281007]
 [ 82.           0.5688       0.03319189]
 [ 83.           0.5722       0.03368531]
 [ 84.           0.5734       0.03363479]
 [ 85.           0.5756       0.03437734]
 [ 86.           0.5776       0.0343773 ]
 [ 87.           0.58100003   0.03453259]
 [ 88.           0.5834       0.03524629]
 [ 89.           0.587        0.03458325]
 [ 90.           0.589        0.0340441 ]
 [ 91.           0.591        0.03494997]
 [ 92.           0.5936       0.03620498]
 [ 93.           0.59540004   0.03645958]
 [ 94.           0.59700006   0.03619394]
 [ 95.           0.598        0.03582598]
 [ 96.           0.5994       0.03632218]
 [ 97.           0.6004       0.03659645]
 [ 98.           0.6014       0.03748732]
 [ 99.           0.6032       0.03796314]
 [100.           0.6042       0.03877757]
 [101.           0.6054       0.0395386 ]
 [102.           0.60620004   0.03915611]
 [103.           0.6074       0.03996624]
 [104.           0.60740006   0.04090599]
 [105.           0.6078       0.04153552]
 [106.           0.6082       0.04137269]
 [107.           0.6086       0.04058694]
 [108.           0.6092       0.04041907]
 [109.           0.6096       0.04058694]
 [110.           0.6106       0.04015346]
 [111.           0.6104       0.03967744]
 [112.           0.6094       0.03872081]
 [113.           0.60980004   0.0389705 ]
 [114.           0.61020005   0.03772534]
 [115.           0.61079997   0.03688768]
 [116.           0.61         0.03629739]
 [117.           0.6094       0.03639095]
 [118.           0.61         0.03593747]
 [119.           0.6104       0.03554295]
 [120.           0.6112       0.03489557]
 [121.           0.6118       0.03360358]
 [122.           0.61160004   0.03295149]
 [123.           0.6122       0.03214343]
 [124.           0.61340004   0.03126182]
 [125.           0.61380005   0.03031007]
 [126.           0.6158       0.02831431]
 [127.           0.6174       0.02678247]
 [128.           0.6182       0.02477297]
 [129.           0.61920005   0.02333881]
 [130.           0.6212       0.02156848]
 [131.           0.6218       0.02098093]
 [132.           0.6224       0.02032977]
 [133.           0.6236       0.01856879]
 [134.           0.6246       0.01770027]
 [135.           0.62560004   0.01653177]
 [136.           0.627        0.01560448]
 [137.           0.6278       0.01507316]
 [138.           0.62799996   0.01478174]
 [139.           0.6286       0.01417039]
 [140.           0.6298       0.01418449]
 [141.           0.6304       0.01408192]
 [142.           0.631        0.01354622]
 [143.           0.6316       0.0137768 ]
 [144.           0.63140005   0.01393916]
 [145.           0.63140005   0.01331541]
 [146.           0.6320001    0.01290349]
 [147.           0.6326       0.01289573]
 [148.           0.6332       0.01251798]
 [149.           0.6336       0.01223927]
 [150.           0.634        0.01187435]
 [151.           0.63420004   0.01181948]
 [152.           0.63420004   0.01196661]
 [153.           0.6344       0.01173882]
 [154.           0.6346       0.01152389]
 [155.           0.6346       0.01152389]
 [156.           0.6346       0.01152389]
 [157.           0.6352       0.01127831]
 [158.           0.6358       0.01116692]
 [159.           0.6358       0.01089496]
 [160.           0.636        0.01067709]
 [161.           0.6364       0.00991463]
 [162.           0.6368       0.0101094 ]
 [163.           0.6382       0.00941807]
 [164.           0.638        0.00940744]
 [165.           0.6384       0.0086487 ]
 [166.           0.6396       0.00823407]
 [167.           0.6396       0.00823407]
 [168.           0.64000005   0.00845575]
 [169.           0.64000005   0.00845575]
 [170.           0.64040005   0.00861973]
 [171.           0.6402       0.00855569]
 [172.           0.6402001    0.00878634]
 [173.           0.6408       0.00909393]
 [174.           0.64140004   0.00867755]
 [175.           0.6426       0.00993979]
 [176.           0.6424       0.00909944]
 [177.           0.6434       0.00873499]
 [178.           0.6434       0.00882043]
 [179.           0.6426       0.00971083]
 [180.           0.643        0.00992472]
 [181.           0.6436       0.01035857]
 [182.           0.6436       0.01035857]
 [183.           0.64379996   0.0105214 ]
 [184.           0.6434       0.01087657]
 [185.           0.6434       0.01087657]
 [186.           0.6436       0.01121605]
 [187.           0.6434       0.01087657]
 [188.           0.64300007   0.01088576]
 [189.           0.6438       0.01156286]
 [190.           0.6438       0.01156286]
 [191.           0.6442       0.01181947]
 [192.           0.64440006   0.01180254]
 [193.           0.64460003   0.01256184]
 [194.           0.64460003   0.01268069]
 [195.           0.645        0.01268857]
 [196.           0.645        0.01328533]
 [197.           0.645        0.01328533]
 [198.           0.6456       0.0132212 ]
 [199.           0.64540005   0.01301154]
 [200.           0.6452       0.0127554 ]
 [201.           0.645        0.0125499 ]
 [202.           0.64460003   0.01205405]
 [203.           0.64440006   0.0120125 ]
 [204.           0.64460003   0.01217786]
 [205.           0.64460003   0.01234099]
 [206.           0.6448       0.01196663]
 [207.           0.645        0.01189539]
 [208.           0.6452       0.01181947]
 [209.           0.64500004   0.01153256]
 [210.           0.6454       0.01180253]
 [211.           0.6454       0.01064425]
 [212.           0.64460003   0.01108151]
 [213.           0.64440006   0.01123832]
 [214.           0.6444       0.01173881]
 [215.           0.64500004   0.0121037 ]
 [216.           0.6452       0.0117983 ]
 [217.           0.64500004   0.0121037 ]
 [218.           0.64500004   0.0121037 ]
 [219.           0.64500004   0.0121037 ]
 [220.           0.6452       0.01255786]
 [221.           0.64580005   0.01273578]
 [222.           0.64580005   0.01247799]
 [223.           0.646        0.01242981]
 [224.           0.646        0.01242981]
 [225.           0.6456       0.01205405]
 [226.           0.6456       0.01205405]
 [227.           0.64580005   0.0122352 ]
 [228.           0.64540005   0.01209546]
 [229.           0.6456       0.01205405]
 [230.           0.64580005   0.0123774 ]
 [231.           0.646        0.0125499 ]
 [232.           0.6462       0.01300769]
 [233.           0.6462       0.01251799]
 [234.           0.6462       0.01267675]
 [235.           0.645        0.01164045]
 [236.           0.645        0.01164045]
 [237.           0.64519995   0.01107701]
 [238.           0.6448       0.01132255]
 [239.           0.645        0.01124723]
 [240.           0.64460003   0.01192896]
 [241.           0.64440006   0.01158879]
 [242.           0.64460003   0.01167476]
 [243.           0.64460003   0.01225972]
 [244.           0.64460003   0.01225972]
 [245.           0.64460003   0.01306906]
 [246.           0.64460003   0.01316434]
 [247.           0.64519995   0.01402498]
 [248.           0.645        0.01372954]
 [249.           0.6452       0.01398927]
 [250.           0.64540005   0.01415273]
 [251.           0.6456       0.01377679]
 [252.           0.6456       0.01368577]
 [253.           0.6456       0.01368577]
 [254.           0.64580005   0.01364552]
 [255.           0.646        0.01391043]
 [256.           0.646        0.0133604 ]
 [257.           0.646        0.0133604 ]
 [258.           0.6456       0.01304991]
 [259.           0.6454       0.01291512]
 [260.           0.6454       0.01258175]
 [261.           0.6458       0.01267676]
 [262.           0.646        0.01282577]
 [263.           0.646        0.01282577]
 [264.           0.6458       0.0123572 ]
 [265.           0.6456       0.01221886]
 [266.           0.64519995   0.01213262]
 [267.           0.6454       0.01244188]
 [268.           0.6448       0.01239759]
 [269.           0.64460003   0.01215729]
 [270.           0.6442       0.01181947]
 [271.           0.644        0.01210373]
 [272.           0.6438       0.01175587]
 [273.           0.6438       0.01175587]
 [274.           0.644        0.01210373]
 [275.           0.6442       0.01188278]
 [276.           0.645        0.01200002]
 [277.           0.6452       0.012112  ]
 [278.           0.6454       0.01209548]
 [279.           0.6456       0.01171751]
 [280.           0.6456       0.01171751]
 [281.           0.64519995   0.01130042]
 [282.           0.6454       0.01161033]
 [283.           0.6454       0.01161033]
 [284.           0.6456       0.01092244]
 [285.           0.6456       0.01092244]
 [286.           0.6456       0.01128273]
 [287.           0.6456       0.01128273]
 [288.           0.64580005   0.01123388]
 [289.           0.646        0.01155422]
 [290.           0.646        0.01189537]
 [291.           0.6464       0.01150217]
 [292.           0.6464       0.01150217]
 [293.           0.6462       0.01154123]
 [294.           0.6462       0.01154123]
 [295.           0.64580005   0.01181947]
 [296.           0.64580005   0.01181947]
 [297.           0.6456       0.01184483]
 [298.           0.64580005   0.01149783]
 [299.           0.6456       0.011149  ]
 [300.           0.6456       0.011149  ]
 [301.           0.6456       0.011149  ]
 [302.           0.6456       0.011149  ]
 [303.           0.6454       0.01108153]
 [304.           0.6454       0.01108153]
 [305.           0.6452       0.01112206]
 [306.           0.6452       0.01084897]
 [307.           0.6448       0.01103179]
 [308.           0.6448       0.01103179]
 [309.           0.6448       0.01103179]
 [310.           0.6452       0.0110091 ]
 [311.           0.64500004   0.01093162]
 [312.           0.6454       0.01119375]
 [313.           0.6454       0.01119375]
 [314.           0.6454       0.01119375]
 [315.           0.6456       0.01085358]
 [316.           0.64580005   0.01080279]
 [317.           0.6462       0.01112206]
 [318.           0.6462       0.01112206]
 [319.           0.646        0.01079351]
 [320.           0.646        0.01079351]
 [321.           0.646        0.01079351]
 [322.           0.6462       0.01073312]
 [323.           0.64640003   0.01040673]
 [324.           0.6462       0.01073312]
 [325.           0.6462       0.01032957]
 [326.           0.6464       0.01031018]
 [327.           0.6462       0.01032957]
 [328.           0.6466       0.0106677 ]
 [329.           0.646        0.0103199 ]
 [330.           0.646        0.01      ]
 [331.           0.646        0.01      ]
 [332.           0.646        0.01102271]
 [333.           0.646        0.01102271]
 [334.           0.64580005   0.01105442]
 [335.           0.64580005   0.01147606]
 [336.           0.645        0.01146735]
 [337.           0.6454       0.01152389]
 [338.           0.64580005   0.0118617 ]
 [339.           0.646        0.01151087]
 [340.           0.6456       0.01145862]
 [341.           0.6456       0.01184483]
 [342.           0.6456       0.01184483]
 [343.           0.64580005   0.01151955]
 [344.           0.64640003   0.0119708 ]
 [345.           0.64640003   0.0119708 ]
 [346.           0.6468       0.01194571]
 [347.           0.6466       0.01190798]
 [348.           0.6464       0.01188697]
 [349.           0.6464       0.01188697]
 [350.           0.6464       0.01188697]
 [351.           0.6464       0.01188697]
 [352.           0.6466       0.01184483]
 [353.           0.6466       0.01184483]
 [354.           0.64680004   0.01154124]
 [355.           0.64680004   0.01154124]
 [356.           0.64720005   0.01118929]
 [357.           0.647        0.01148913]
 [358.           0.647        0.01155423]
 [359.           0.647        0.01155423]
 [360.           0.64720005   0.01158448]
 [361.           0.647        0.01197915]
 [362.           0.64659995   0.01258174]
 [363.           0.6464       0.01258174]
 [364.           0.6462       0.01289186]
 [365.           0.6462       0.01289186]
 [366.           0.6466       0.01291511]
 [367.           0.64680004   0.01294991]
 [368.           0.64660007   0.01258174]
 [369.           0.64720005   0.01213261]
 [370.           0.64720005   0.01213261]
 [371.           0.64720005   0.01213261]
 [372.           0.6474       0.01180254]
 [373.           0.6472       0.01114449]
 [374.           0.647        0.01120266]
 [375.           0.647        0.01120266]
 [376.           0.6468       0.01151953]
 [377.           0.6468       0.01151953]
 [378.           0.647        0.01120266]
 [379.           0.6474       0.01121604]
 [380.           0.64720005   0.0111669 ]
 [381.           0.64720005   0.01094074]
 [382.           0.6468       0.0105214 ]
 [383.           0.64640003   0.01114898]
 [384.           0.64640003   0.01114898]
 [385.           0.646        0.01140176]
 [386.           0.646        0.01106796]
 [387.           0.646        0.01106796]
 [388.           0.64640003   0.01076103]
 [389.           0.64620006   0.01037786]
 [390.           0.646        0.01106798]
 [391.           0.6462       0.01105442]
 [392.           0.6462       0.01105442]
 [393.           0.646        0.01111306]
 [394.           0.646        0.01111306]
 [395.           0.6454       0.01076105]
 [396.           0.64519995   0.01070982]
 [397.           0.6454       0.01076105]
 [398.           0.64519995   0.01070982]
 [399.           0.6448       0.01112205]
 [400.           0.6442       0.01179832]]
Dataset       :Citeseer
Model         :APPNP
Conden ratio  :0.25
GC            :4
LearnA        :0
Max Test Accuracy:
0.666
Best Result: Epoch   Acc  Std.
               372 0.6474  0.0118
