Set seed
Model GCN
--------------------------------------------------
The 1th iteration:
--------------------------------------------------
--------------------------------------------------
The 2th iteration:
--------------------------------------------------
--------------------------------------------------
The 3th iteration:
--------------------------------------------------
--------------------------------------------------
The 4th iteration:
--------------------------------------------------
--------------------------------------------------
The 5th iteration:
--------------------------------------------------
[[  1.           0.3204       0.06769637]
 [  2.           0.411        0.0583138 ]
 [  3.           0.47399998   0.06609464]
 [  4.           0.5066       0.07109361]
 [  5.           0.5302       0.07145417]
 [  6.           0.54300004   0.07013202]
 [  7.           0.5516       0.06982694]
 [  8.           0.5596       0.06895143]
 [  9.           0.5634       0.06831765]
 [ 10.           0.56700003   0.06677202]
 [ 11.           0.5658       0.06545381]
 [ 12.           0.5664       0.06436071]
 [ 13.           0.56500006   0.0637299 ]
 [ 14.           0.56380004   0.06398594]
 [ 15.           0.5622       0.06124705]
 [ 16.           0.56280005   0.06162548]
 [ 17.           0.5614       0.06348859]
 [ 18.           0.5598       0.06591434]
 [ 19.           0.5598001    0.06761067]
 [ 20.           0.559        0.06801839]
 [ 21.           0.5556       0.06990565]
 [ 22.           0.55420005   0.07109643]
 [ 23.           0.5508       0.07300136]
 [ 24.           0.548        0.07344384]
 [ 25.           0.54580003   0.07426775]
 [ 26.           0.5438       0.07529742]
 [ 27.           0.542        0.07427314]
 [ 28.           0.541        0.07342684]
 [ 29.           0.53900003   0.07382414]
 [ 30.           0.5372       0.07422061]
 [ 31.           0.5348       0.07337371]
 [ 32.           0.5328       0.07342137]
 [ 33.           0.5308       0.07248931]
 [ 34.           0.529        0.0737462 ]
 [ 35.           0.5288       0.07414646]
 [ 36.           0.5264       0.07394455]
 [ 37.           0.5252       0.07212283]
 [ 38.           0.5232       0.07058117]
 [ 39.           0.52279997   0.06889631]
 [ 40.           0.52220005   0.06826933]
 [ 41.           0.5212       0.06628501]
 [ 42.           0.5218       0.06468923]
 [ 43.           0.5212       0.06469696]
 [ 44.           0.52180004   0.06223905]
 [ 45.           0.521        0.06011655]
 [ 46.           0.52040005   0.05726954]
 [ 47.           0.5218       0.05555357]
 [ 48.           0.52220005   0.05194899]
 [ 49.           0.52320004   0.04899695]
 [ 50.           0.5238       0.04678889]
 [ 51.           0.5242       0.04437002]
 [ 52.           0.52500004   0.04327817]
 [ 53.           0.5258       0.04119102]
 [ 54.           0.52680004   0.03895126]
 [ 55.           0.5274       0.03876597]
 [ 56.           0.52860004   0.03685513]
 [ 57.           0.5296       0.0358859 ]
 [ 58.           0.5302       0.03549224]
 [ 59.           0.532        0.03657868]
 [ 60.           0.53380007   0.03559072]
 [ 61.           0.53599995   0.03475629]
 [ 62.           0.53740007   0.03435549]
 [ 63.           0.54         0.0339264 ]
 [ 64.           0.5422       0.03520937]
 [ 65.           0.54420006   0.03419354]
 [ 66.           0.5464       0.03308022]
 [ 67.           0.5482001    0.03357381]
 [ 68.           0.5504       0.03381273]
 [ 69.           0.55100006   0.0347347 ]
 [ 70.           0.55179995   0.03497426]
 [ 71.           0.5532       0.03571695]
 [ 72.           0.5554       0.03531713]
 [ 73.           0.5568       0.03609292]
 [ 74.           0.5578       0.03709717]
 [ 75.           0.55880004   0.03795657]
 [ 76.           0.56020004   0.03946771]
 [ 77.           0.5622       0.03898332]
 [ 78.           0.5632       0.03914971]
 [ 79.           0.564        0.03905763]
 [ 80.           0.5664       0.03952593]
 [ 81.           0.56740004   0.03885613]
 [ 82.           0.56860006   0.03933573]
 [ 83.           0.5692       0.04022065]
 [ 84.           0.56960005   0.03944364]
 [ 85.           0.572        0.03903842]
 [ 86.           0.5748       0.04073329]
 [ 87.           0.5764       0.0403522 ]
 [ 88.           0.57919997   0.04115458]
 [ 89.           0.58100003   0.04157526]
 [ 90.           0.5824       0.04119832]
 [ 91.           0.5832       0.04162569]
 [ 92.           0.5838       0.04137269]
 [ 93.           0.58460003   0.041386  ]
 [ 94.           0.5858       0.04275163]
 [ 95.           0.58680004   0.04299072]
 [ 96.           0.588        0.04257348]
 [ 97.           0.589        0.04225517]
 [ 98.           0.5908       0.04272235]
 [ 99.           0.5916       0.04298608]
 [100.           0.59360003   0.04375846]
 [101.           0.5948       0.04405904]
 [102.           0.59580004   0.04426851]
 [103.           0.596        0.04349138]
 [104.           0.5966       0.04484756]
 [105.           0.59720004   0.04516304]
 [106.           0.59700006   0.04486091]
 [107.           0.5982       0.04396247]
 [108.           0.5982       0.04404769]
 [109.           0.5992       0.04370011]
 [110.           0.6002       0.04392834]
 [111.           0.60120004   0.0434304 ]
 [112.           0.60080004   0.04325739]
 [113.           0.6016       0.04322962]
 [114.           0.60199994   0.04301163]
 [115.           0.6032       0.04258755]
 [116.           0.6036       0.04191421]
 [117.           0.6046001    0.04154276]
 [118.           0.605        0.04149096]
 [119.           0.6064       0.04151268]
 [120.           0.6064       0.04174686]
 [121.           0.6068       0.04172169]
 [122.           0.6086       0.04101586]
 [123.           0.6088       0.0408375 ]
 [124.           0.609        0.04053395]
 [125.           0.6094       0.04015968]
 [126.           0.6102       0.039512  ]
 [127.           0.61079997   0.03993371]
 [128.           0.61120003   0.03963206]
 [129.           0.6124       0.03908069]
 [130.           0.6128       0.0392135 ]
 [131.           0.6134       0.03897176]
 [132.           0.6142       0.03871949]
 [133.           0.6156       0.03790514]
 [134.           0.61700004   0.03719539]
 [135.           0.6176       0.03700402]
 [136.           0.6188       0.03627948]
 [137.           0.619        0.03599305]
 [138.           0.62         0.03603471]
 [139.           0.62079996   0.03589151]
 [140.           0.6216       0.03465978]
 [141.           0.6226       0.0347246 ]
 [142.           0.62340003   0.03401912]
 [143.           0.6238       0.03358126]
 [144.           0.6242       0.03346195]
 [145.           0.6248       0.03269861]
 [146.           0.6254       0.03169067]
 [147.           0.6262       0.03234502]
 [148.           0.62659997   0.03134166]
 [149.           0.62659997   0.03134166]
 [150.           0.6274       0.03056633]
 [151.           0.6278       0.02937174]
 [152.           0.6296       0.02898794]
 [153.           0.6298       0.02844644]
 [154.           0.6298       0.02759893]
 [155.           0.6304       0.02797858]
 [156.           0.6304       0.02818335]
 [157.           0.6306       0.02764599]
 [158.           0.6308       0.0265556 ]
 [159.           0.6312       0.02614766]
 [160.           0.632        0.02577789]
 [161.           0.6324       0.0255108 ]
 [162.           0.6324       0.0255108 ]
 [163.           0.6322       0.02592683]
 [164.           0.6322       0.02636665]
 [165.           0.63280004   0.02554802]
 [166.           0.633        0.02591333]
 [167.           0.63359994   0.02610173]
 [168.           0.6332       0.02585926]
 [169.           0.6336       0.02620689]
 [170.           0.6336       0.02680111]
 [171.           0.63339996   0.02615912]
 [172.           0.63379997   0.02654619]
 [173.           0.6344       0.02696853]
 [174.           0.63460004   0.02676375]
 [175.           0.6344       0.02720847]
 [176.           0.63420004   0.02635716]
 [177.           0.63519996   0.02592682]
 [178.           0.6354       0.02572549]
 [179.           0.6354       0.02512571]
 [180.           0.63580006   0.02491383]
 [181.           0.6354       0.02452139]
 [182.           0.637        0.0229347 ]
 [183.           0.6372       0.02296083]
 [184.           0.6384       0.02174395]
 [185.           0.6394       0.02159399]
 [186.           0.6396       0.0201072 ]
 [187.           0.6406       0.02061068]
 [188.           0.641        0.02057911]
 [189.           0.64040005   0.02018168]
 [190.           0.64000005   0.02053046]
 [191.           0.6394       0.02030518]
 [192.           0.6398       0.01975346]
 [193.           0.6398       0.01913636]
 [194.           0.6404       0.01898157]
 [195.           0.6404       0.01856876]
 [196.           0.64019996   0.01840379]
 [197.           0.6406       0.01804992]
 [198.           0.6408       0.01821262]
 [199.           0.6408       0.01821262]
 [200.           0.641        0.01779045]
 [201.           0.6412       0.01778203]
 [202.           0.641        0.01717556]
 [203.           0.6412       0.01776793]
 [204.           0.64140004   0.01795269]
 [205.           0.6416       0.01793878]
 [206.           0.64280003   0.01788015]
 [207.           0.6434       0.01702352]
 [208.           0.6432       0.01684339]
 [209.           0.6436       0.01642557]
 [210.           0.644        0.0160156 ]
 [211.           0.64379996   0.01578607]
 [212.           0.6444       0.01497663]
 [213.           0.6448       0.01570669]
 [214.           0.6448       0.01570669]
 [215.           0.6448       0.01636157]
 [216.           0.6448       0.01703523]
 [217.           0.6454       0.01738677]
 [218.           0.6448       0.01751285]
 [219.           0.64500004   0.01720464]
 [220.           0.64580005   0.01728294]
 [221.           0.64580005   0.01719596]
 [222.           0.6458       0.01742702]
 [223.           0.64680004   0.01663428]
 [224.           0.64640003   0.01686119]
 [225.           0.64580005   0.01729743]
 [226.           0.6452       0.01843099]
 [227.           0.64500004   0.0193649 ]
 [228.           0.64500004   0.0193649 ]
 [229.           0.64500004   0.0193649 ]
 [230.           0.6444       0.01947565]
 [231.           0.64460003   0.0201693 ]
 [232.           0.64460003   0.0196291 ]
 [233.           0.6438       0.01911024]
 [234.           0.6436       0.01900794]
 [235.           0.6438       0.01917554]
 [236.           0.6434       0.01677203]
 [237.           0.6438       0.01603745]
 [238.           0.64379996   0.0158019 ]
 [239.           0.6442       0.01645296]
 [240.           0.64440006   0.01588395]
 [241.           0.64580005   0.01672423]
 [242.           0.646        0.01683745]
 [243.           0.6456       0.0167869 ]
 [244.           0.6464       0.01689081]
 [245.           0.64659995   0.0165015 ]
 [246.           0.64720005   0.01681369]
 [247.           0.6476       0.01575755]
 [248.           0.6468       0.01505656]
 [249.           0.6476       0.01570988]
 [250.           0.6482       0.01512284]
 [251.           0.6492       0.01553062]
 [252.           0.6498       0.01535253]
 [253.           0.6512       0.01465265]
 [254.           0.65059996   0.0136675 ]
 [255.           0.6516       0.01308817]
 [256.           0.65220004   0.01255784]
 [257.           0.653        0.0125897 ]
 [258.           0.65360004   0.01266095]
 [259.           0.65360004   0.01234097]
 [260.           0.6534       0.01221881]
 [261.           0.65379995   0.01171325]
 [262.           0.6532       0.01121161]
 [263.           0.6526       0.01076106]
 [264.           0.6524       0.01087658]
 [265.           0.6526       0.01076106]
 [266.           0.6528       0.0104019 ]
 [267.           0.6526       0.01006478]
 [268.           0.6526       0.00978773]
 [269.           0.6526       0.00978773]
 [270.           0.6524       0.00971082]
 [271.           0.6522       0.0092844 ]
 [272.           0.652        0.00902776]
 [273.           0.6522       0.00920327]
 [274.           0.6526       0.00873497]
 [275.           0.653        0.00902773]
 [276.           0.65300006   0.00961771]
 [277.           0.6538       0.01042593]
 [278.           0.65360004   0.01083051]
 [279.           0.65360004   0.01105893]
 [280.           0.65340006   0.01085358]
 [281.           0.6534       0.01069112]
 [282.           0.6528       0.01089496]
 [283.           0.6538       0.01164901]
 [284.           0.65360004   0.01254192]
 [285.           0.6542       0.0129306 ]
 [286.           0.65440005   0.01352035]
 [287.           0.65400004   0.01332291]
 [288.           0.6532001    0.01310345]
 [289.           0.6532001    0.01310345]
 [290.           0.6538       0.01355364]
 [291.           0.65360004   0.01411737]
 [292.           0.654        0.01391042]
 [293.           0.65360004   0.01411737]
 [294.           0.6538       0.01391759]
 [295.           0.6544       0.01392122]
 [296.           0.6548       0.01409609]
 [297.           0.65500003   0.01349073]
 [298.           0.65480006   0.01327404]
 [299.           0.6554       0.01293445]
 [300.           0.6554       0.01291508]
 [301.           0.6554       0.01357572]
 [302.           0.65540004   0.01364918]
 [303.           0.65540004   0.01364918]
 [304.           0.6556       0.01372227]
 [305.           0.65459996   0.01507645]
 [306.           0.65440005   0.01522499]
 [307.           0.65440005   0.01512613]
 [308.           0.6542       0.01507314]
 [309.           0.65480006   0.01478851]
 [310.           0.6546       0.01470716]
 [311.           0.65440005   0.01467311]
 [312.           0.65480006   0.0154013 ]
 [313.           0.6552       0.01485598]
 [314.           0.655        0.01474789]
 [315.           0.6552       0.01430735]
 [316.           0.6552       0.01430735]
 [317.           0.656        0.01428287]
 [318.           0.6560001    0.01415981]
 [319.           0.657        0.01410672]
 [320.           0.6574001    0.01439791]
 [321.           0.65739995   0.01495994]
 [322.           0.6568       0.01515587]
 [323.           0.65760005   0.0162573 ]
 [324.           0.65720004   0.01613071]
 [325.           0.65720004   0.01622344]
 [326.           0.65760005   0.01633402]
 [327.           0.6584       0.01665231]
 [328.           0.6584       0.01665231]
 [329.           0.6586       0.01625732]
 [330.           0.65959996   0.01645603]
 [331.           0.6598       0.01672423]
 [332.           0.6596       0.01457052]
 [333.           0.65959996   0.01431085]
 [334.           0.6594       0.01432831]
 [335.           0.6594       0.01439794]
 [336.           0.6592       0.01446376]
 [337.           0.6592       0.01413153]
 [338.           0.659        0.01426533]
 [339.           0.6594       0.01413507]
 [340.           0.6592       0.0145155 ]
 [341.           0.6592       0.01507318]
 [342.           0.6594       0.01489297]
 [343.           0.65900004   0.01383834]
 [344.           0.6592       0.01344247]
 [345.           0.6582       0.01245792]
 [346.           0.6582       0.01162756]
 [347.           0.658        0.01102271]
 [348.           0.6588       0.01112206]
 [349.           0.65860003   0.01001501]
 [350.           0.658        0.00979797]
 [351.           0.65860003   0.0093968 ]
 [352.           0.65880007   0.00928439]
 [353.           0.6592       0.00962806]
 [354.           0.6594       0.01001499]
 [355.           0.65900004   0.00966957]
 [356.           0.65860003   0.00947631]
 [357.           0.65900004   0.00969536]
 [358.           0.6592       0.0096281 ]
 [359.           0.6594       0.00923583]
 [360.           0.66         0.00930056]
 [361.           0.66020006   0.00909394]
 [362.           0.66         0.0095394 ]
 [363.           0.6606       0.00981327]
 [364.           0.661        0.00977244]
 [365.           0.6612       0.01001001]
 [366.           0.6612       0.00985902]
 [367.           0.6612       0.01040192]
 [368.           0.662        0.01151087]
 [369.           0.662        0.01199999]
 [370.           0.662        0.01189537]
 [371.           0.6628       0.01167048]
 [372.           0.66239995   0.01244187]
 [373.           0.66239995   0.01240162]
 [374.           0.6624       0.01213672]
 [375.           0.6628       0.01251798]
 [376.           0.6628       0.01219427]
 [377.           0.662        0.01183216]
 [378.           0.6614       0.01101365]
 [379.           0.66080004   0.01190379]
 [380.           0.66080004   0.01190379]
 [381.           0.6606       0.01228006]
 [382.           0.66040003   0.01158879]
 [383.           0.66040003   0.01188697]
 [384.           0.6598       0.01138859]
 [385.           0.66         0.01007471]
 [386.           0.6598       0.00960207]
 [387.           0.6592       0.00944457]
 [388.           0.65860003   0.00882043]
 [389.           0.6582       0.00831864]
 [390.           0.6582       0.00831864]
 [391.           0.658        0.00836662]
 [392.           0.65760005   0.00918152]
 [393.           0.65680003   0.009576  ]
 [394.           0.6566       0.00996496]
 [395.           0.6566       0.01028592]
 [396.           0.656        0.00969537]
 [397.           0.65580004   0.00920326]
 [398.           0.6556       0.01016366]
 [399.           0.6554       0.01016366]
 [400.           0.6552       0.00988433]]
Dataset       :Citeseer
Model         :GCN
Conden ratio  :0.25
GC            :2
LearnA        :0
Max Test Accuracy:
0.674
Best Result: Epoch   Acc  Std.
               371 0.6628  0.0117
