Set seed
Model SGC
--------------------------------------------------
The 1th iteration:
--------------------------------------------------
--------------------------------------------------
The 2th iteration:
--------------------------------------------------
--------------------------------------------------
The 3th iteration:
--------------------------------------------------
--------------------------------------------------
The 4th iteration:
--------------------------------------------------
--------------------------------------------------
The 5th iteration:
--------------------------------------------------
[[  1.           0.15100001   0.02618206]
 [  2.           0.1586       0.02720845]
 [  3.           0.1646       0.02894478]
 [  4.           0.17099999   0.0283196 ]
 [  5.           0.1786       0.02872804]
 [  6.           0.1908       0.02456013]
 [  7.           0.21079998   0.01578607]
 [  8.           0.2204       0.00847348]
 [  9.           0.22659998   0.00527258]
 [ 10.           0.23000002   0.00122474]
 [ 11.           0.23020001   0.00130385]
 [ 12.           0.23080002   0.00044721]
 [ 13.           0.23099999   0.        ]
 [ 14.           0.23099999   0.        ]
 [ 15.           0.23099999   0.        ]
 [ 16.           0.23099999   0.        ]
 [ 17.           0.23099999   0.        ]
 [ 18.           0.23099999   0.        ]
 [ 19.           0.23099999   0.        ]
 [ 20.           0.23099999   0.        ]
 [ 21.           0.23099999   0.        ]
 [ 22.           0.23099999   0.        ]
 [ 23.           0.23099999   0.        ]
 [ 24.           0.23099999   0.        ]
 [ 25.           0.23099999   0.        ]
 [ 26.           0.23099999   0.        ]
 [ 27.           0.23099999   0.        ]
 [ 28.           0.23099999   0.        ]
 [ 29.           0.23099999   0.        ]
 [ 30.           0.23099999   0.        ]
 [ 31.           0.23080002   0.00044721]
 [ 32.           0.23080002   0.00044721]
 [ 33.           0.23080002   0.00044721]
 [ 34.           0.23080002   0.00044721]
 [ 35.           0.23080002   0.00044721]
 [ 36.           0.23080002   0.00044721]
 [ 37.           0.23080002   0.00044721]
 [ 38.           0.23080002   0.00044721]
 [ 39.           0.2306       0.00089443]
 [ 40.           0.2306       0.00089443]
 [ 41.           0.2306       0.00089443]
 [ 42.           0.2304       0.00089443]
 [ 43.           0.2304       0.00089443]
 [ 44.           0.2304       0.00089443]
 [ 45.           0.2304       0.00089443]
 [ 46.           0.23020001   0.00083666]
 [ 47.           0.23020001   0.00083666]
 [ 48.           0.23040001   0.00054773]
 [ 49.           0.23000002   0.00070711]
 [ 50.           0.23000002   0.00070711]
 [ 51.           0.22980002   0.00083666]
 [ 52.           0.22980002   0.00083666]
 [ 53.           0.22980002   0.00083666]
 [ 54.           0.23000002   0.00100001]
 [ 55.           0.23000002   0.00100001]
 [ 56.           0.23         0.00100001]
 [ 57.           0.22979999   0.00130385]
 [ 58.           0.2292       0.00178886]
 [ 59.           0.22940002   0.00151658]
 [ 60.           0.229        0.00122475]
 [ 61.           0.2282       0.00083666]
 [ 62.           0.22839999   0.00089443]
 [ 63.           0.22839999   0.00089443]
 [ 64.           0.22839999   0.00151657]
 [ 65.           0.2282       0.00204939]
 [ 66.           0.2278       0.00148324]
 [ 67.           0.2282       0.00216795]
 [ 68.           0.22760001   0.00230218]
 [ 69.           0.22760001   0.00270185]
 [ 70.           0.22720002   0.00319374]
 [ 71.           0.22740002   0.00230217]
 [ 72.           0.22760001   0.00288097]
 [ 73.           0.2282       0.00319374]
 [ 74.           0.22860001   0.0049295 ]
 [ 75.           0.2296       0.00507937]
 [ 76.           0.229        0.0041833 ]
 [ 77.           0.2306       0.00461519]
 [ 78.           0.2336       0.00572713]
 [ 79.           0.2362       0.0054037 ]
 [ 80.           0.23940001   0.00487853]
 [ 81.           0.24299999   0.00447214]
 [ 82.           0.24759999   0.00492951]
 [ 83.           0.2528       0.00540369]
 [ 84.           0.254        0.00538516]
 [ 85.           0.2586       0.00328633]
 [ 86.           0.2624       0.00207364]
 [ 87.           0.2646       0.00250997]
 [ 88.           0.2658       0.00130385]
 [ 89.           0.26799998   0.00324037]
 [ 90.           0.2698       0.00383407]
 [ 91.           0.2708       0.00327108]
 [ 92.           0.271        0.00158114]
 [ 93.           0.27220002   0.00238748]
 [ 94.           0.27480003   0.00342053]
 [ 95.           0.27620003   0.00376829]
 [ 96.           0.2772       0.00286356]
 [ 97.           0.27860004   0.00151657]
 [ 98.           0.2786       0.00089443]
 [ 99.           0.27940002   0.00151657]
 [100.           0.2802       0.00130382]
 [101.           0.2804       0.00089442]
 [102.           0.2814       0.00054773]
 [103.           0.2818       0.00109543]
 [104.           0.28280002   0.00109546]
 [105.           0.284        0.00070711]
 [106.           0.28480002   0.00164317]
 [107.           0.2854       0.00114018]
 [108.           0.2858       0.00216795]
 [109.           0.28660002   0.00194935]
 [110.           0.28800002   0.00158113]
 [111.           0.289        0.00223606]
 [112.           0.29000002   0.00187083]
 [113.           0.29         0.00187083]
 [114.           0.2912       0.00238747]
 [115.           0.2928       0.00178885]
 [116.           0.2936       0.00207364]
 [117.           0.29380003   0.00083665]
 [118.           0.2944       0.00114018]
 [119.           0.2948       0.00148323]
 [120.           0.2944       0.00328634]
 [121.           0.2944       0.00320936]
 [122.           0.2946       0.00328633]
 [123.           0.29440004   0.00403733]
 [124.           0.2944       0.00320936]
 [125.           0.2956       0.00296647]
 [126.           0.2962       0.00238747]
 [127.           0.2962       0.00130383]
 [128.           0.2954       0.00250997]
 [129.           0.2954       0.0021909 ]
 [130.           0.2944       0.00151657]
 [131.           0.2942       0.00178885]
 [132.           0.2942       0.00148324]
 [133.           0.29439998   0.00134163]
 [134.           0.2942       0.00148325]
 [135.           0.29459998   0.00167333]
 [136.           0.2946       0.00167333]
 [137.           0.29500005   0.002     ]
 [138.           0.2944       0.00114017]
 [139.           0.2938       0.00083665]
 [140.           0.2936       0.00089443]
 [141.           0.2946       0.00194936]
 [142.           0.2942       0.00228036]
 [143.           0.2944       0.00219089]
 [144.           0.29340002   0.0035777 ]
 [145.           0.2926       0.00343511]
 [146.           0.2926       0.00357771]
 [147.           0.2916       0.0045607 ]
 [148.           0.2922       0.00506952]
 [149.           0.2912       0.00501995]
 [150.           0.2906       0.00585662]
 [151.           0.29099998   0.00583094]
 [152.           0.29020002   0.00563027]
 [153.           0.28959998   0.00559465]
 [154.           0.2888       0.00576195]
 [155.           0.28840002   0.00658027]
 [156.           0.2874       0.00622897]
 [157.           0.2858       0.0066106 ]
 [158.           0.28500003   0.00659546]
 [159.           0.2844       0.00634823]
 [160.           0.28380004   0.00576194]
 [161.           0.28340003   0.00512835]
 [162.           0.28260002   0.00433591]
 [163.           0.28239998   0.00450556]
 [164.           0.283        0.003937  ]
 [165.           0.284        0.00254952]
 [166.           0.2832       0.00303316]
 [167.           0.2832       0.00258844]
 [168.           0.2834       0.00181659]
 [169.           0.28260002   0.00114019]
 [170.           0.2832       0.00044722]
 [171.           0.283        0.00070712]
 [172.           0.2832       0.00083667]
 [173.           0.283        0.00070712]
 [174.           0.2836       0.00114018]
 [175.           0.2836       0.00054773]
 [176.           0.2832       0.00044722]
 [177.           0.2836       0.00151658]
 [178.           0.2842       0.00164317]
 [179.           0.2844       0.0018166 ]
 [180.           0.28480002   0.00178885]
 [181.           0.28480002   0.00164316]
 [182.           0.28480002   0.00164316]
 [183.           0.28440002   0.00151657]
 [184.           0.2842       0.00192354]
 [185.           0.2842       0.00228035]
 [186.           0.2842       0.00238747]
 [187.           0.2832       0.00228035]
 [188.           0.2832       0.00277488]
 [189.           0.2838       0.00363318]
 [190.           0.28379998   0.00376828]
 [191.           0.28379998   0.00376828]
 [192.           0.2832       0.00531037]
 [193.           0.283        0.00565686]
 [194.           0.283        0.00565686]
 [195.           0.282        0.00469042]
 [196.           0.2812       0.00511859]
 [197.           0.2816       0.00433589]
 [198.           0.2802       0.00408657]
 [199.           0.27940002   0.00288097]
 [200.           0.27920002   0.00216795]
 [201.           0.2784       0.00304959]
 [202.           0.2778       0.00389872]
 [203.           0.2764       0.00433591]
 [204.           0.2758       0.00460434]
 [205.           0.275        0.0041231 ]
 [206.           0.27420002   0.00609918]
 [207.           0.2744       0.00568331]
 [208.           0.2738       0.00601664]
 [209.           0.27340004   0.00622896]
 [210.           0.2722       0.00584807]
 [211.           0.2712       0.0066858 ]
 [212.           0.27040002   0.00687751]
 [213.           0.2706       0.00646529]
 [214.           0.27080002   0.00664832]
 [215.           0.2706       0.00680442]
 [216.           0.27060002   0.00669328]
 [217.           0.2698       0.00661061]
 [218.           0.26900002   0.00681908]
 [219.           0.2686       0.00610737]
 [220.           0.2678       0.00637965]
 [221.           0.26799998   0.00707107]
 [222.           0.26760003   0.00680441]
 [223.           0.2662       0.00704982]
 [224.           0.2648       0.00683375]
 [225.           0.2638       0.00742967]
 [226.           0.2628       0.00864292]
 [227.           0.26160002   0.00838452]
 [228.           0.26180002   0.00807466]
 [229.           0.2608       0.0076616 ]
 [230.           0.2596       0.00650385]
 [231.           0.2596       0.00626897]
 [232.           0.2594       0.00626898]
 [233.           0.25939998   0.00559464]
 [234.           0.2588       0.00576194]
 [235.           0.25900003   0.00587367]
 [236.           0.25840002   0.00622896]
 [237.           0.258        0.006245  ]
 [238.           0.2576       0.00669328]
 [239.           0.2566       0.00702139]
 [240.           0.256        0.00667083]
 [241.           0.2552       0.00589067]
 [242.           0.255        0.00552269]
 [243.           0.255        0.006245  ]
 [244.           0.254        0.00604152]
 [245.           0.2536       0.00618869]
 [246.           0.2532       0.00609918]
 [247.           0.25320002   0.00657267]
 [248.           0.25300002   0.00636396]
 [249.           0.252        0.00616442]
 [250.           0.25079998   0.00653452]
 [251.           0.2506       0.0064265 ]
 [252.           0.2502       0.00563026]
 [253.           0.25         0.00529151]
 [254.           0.2494       0.00492951]
 [255.           0.2486       0.00517687]
 [256.           0.24800001   0.00552269]
 [257.           0.24720001   0.00668581]
 [258.           0.24679999   0.0066106 ]
 [259.           0.24679999   0.0070852 ]
 [260.           0.246        0.00731437]
 [261.           0.246        0.00731437]
 [262.           0.246        0.00710633]
 [263.           0.24559999   0.0071624 ]
 [264.           0.24559999   0.0071624 ]
 [265.           0.2454       0.00709224]
 [266.           0.2454       0.00658027]
 [267.           0.2452       0.00653452]
 [268.           0.24460001   0.00634822]
 [269.           0.24440001   0.00676757]
 [270.           0.24440001   0.00661816]
 [271.           0.2438       0.00653453]
 [272.           0.24319999   0.00614003]
 [273.           0.24200001   0.00644205]
 [274.           0.24099998   0.00628491]
 [275.           0.24080001   0.00605805]
 [276.           0.24060002   0.00594138]
 [277.           0.2404       0.00638748]
 [278.           0.23959999   0.00550455]
 [279.           0.2388       0.00544977]
 [280.           0.2382       0.00589067]
 [281.           0.23800002   0.006     ]
 [282.           0.23800002   0.00556776]
 [283.           0.2372       0.00679706]
 [284.           0.23699999   0.0069282 ]
 [285.           0.2364       0.00630873]
 [286.           0.23600002   0.00636397]
 [287.           0.2356       0.00654218]
 [288.           0.2354       0.00691376]
 [289.           0.234        0.00644205]
 [290.           0.2342       0.00645755]
 [291.           0.2342       0.00626099]
 [292.           0.2336       0.00654217]
 [293.           0.23340002   0.00730068]
 [294.           0.233        0.00731437]
 [295.           0.23220001   0.00752994]
 [296.           0.2316       0.0071624 ]
 [297.           0.23120001   0.00683374]
 [298.           0.2306       0.00709225]
 [299.           0.23080002   0.00697854]
 [300.           0.2294       0.00634823]
 [301.           0.22919999   0.00676017]
 [302.           0.22879998   0.00637965]
 [303.           0.22879998   0.00601664]
 [304.           0.22879998   0.00601664]
 [305.           0.22860001   0.00585662]
 [306.           0.22860001   0.00585662]
 [307.           0.2282       0.00614004]
 [308.           0.228        0.00655744]
 [309.           0.228        0.0062849 ]
 [310.           0.22720002   0.00580518]
 [311.           0.227        0.00561249]
 [312.           0.227        0.00644205]
 [313.           0.2264       0.00626897]
 [314.           0.22620001   0.00554076]
 [315.           0.2258       0.00584807]
 [316.           0.22519998   0.00697854]
 [317.           0.22500001   0.00678233]
 [318.           0.22480002   0.00668581]
 [319.           0.2256       0.00712741]
 [320.           0.22519998   0.00676017]
 [321.           0.22520001   0.00715542]
 [322.           0.2244       0.00766812]
 [323.           0.22379999   0.00736207]
 [324.           0.2244       0.00756968]
 [325.           0.224        0.00734847]
 [326.           0.2234       0.00817313]
 [327.           0.2232       0.00858487]
 [328.           0.223        0.00842614]
 [329.           0.2232       0.00858487]
 [330.           0.223        0.00851469]
 [331.           0.2234       0.00876355]
 [332.           0.22340003   0.00887694]
 [333.           0.2234       0.00904433]
 [334.           0.22320001   0.00852642]
 [335.           0.223        0.00827647]
 [336.           0.22260001   0.0086487 ]
 [337.           0.222        0.00863134]
 [338.           0.2218       0.0086718 ]
 [339.           0.22160001   0.00841428]
 [340.           0.22140001   0.00820365]
 [341.           0.22119999   0.00810555]
 [342.           0.22060001   0.00844393]
 [343.           0.22020002   0.00791834]
 [344.           0.21900001   0.00787401]
 [345.           0.21859999   0.00746994]
 [346.           0.21800001   0.00717635]
 [347.           0.2172       0.0066106 ]
 [348.           0.21659999   0.00602495]
 [349.           0.2168       0.00576194]
 [350.           0.21760002   0.00602495]
 [351.           0.2178       0.00622093]
 [352.           0.2184       0.00594138]
 [353.           0.2182       0.00584808]
 [354.           0.2184       0.00594138]
 [355.           0.2184       0.0061887 ]
 [356.           0.21800001   0.00599999]
 [357.           0.2188       0.00736206]
 [358.           0.2182       0.0076616 ]
 [359.           0.21900001   0.00818535]
 [360.           0.2192       0.008228  ]
 [361.           0.2184       0.00832466]
 [362.           0.2182       0.00810555]
 [363.           0.2178       0.00840833]
 [364.           0.21760002   0.00853229]
 [365.           0.2178       0.00881476]
 [366.           0.21739998   0.00896103]
 [367.           0.2168       0.00925743]
 [368.           0.2168       0.00925743]
 [369.           0.2168       0.00925743]
 [370.           0.2168       0.00925743]
 [371.           0.21659999   0.00939682]
 [372.           0.2168       0.00925743]
 [373.           0.2168       0.00906642]
 [374.           0.2168       0.00923038]
 [375.           0.21620002   0.00878635]
 [376.           0.21599999   0.00860232]
 [377.           0.21599999   0.00860232]
 [378.           0.21599999   0.00860232]
 [379.           0.2162       0.00834865]
 [380.           0.21599999   0.00863134]
 [381.           0.21599999   0.00897218]
 [382.           0.21560001   0.00856154]
 [383.           0.21560001   0.00887694]
 [384.           0.21560001   0.00887694]
 [385.           0.21560001   0.00847349]
 [386.           0.216        0.0079057 ]
 [387.           0.216        0.00748331]
 [388.           0.21640001   0.00770065]
 [389.           0.21640001   0.00770065]
 [390.           0.21659999   0.00730069]
 [391.           0.21660002   0.00694982]
 [392.           0.21659999   0.00654217]
 [393.           0.21640001   0.00622896]
 [394.           0.216        0.00591608]
 [395.           0.21640001   0.00642651]
 [396.           0.21599999   0.00538516]
 [397.           0.21599999   0.00538516]
 [398.           0.21640001   0.00522494]
 [399.           0.21620002   0.00511859]
 [400.           0.21659999   0.00541295]]
Dataset       :Citeseer
Model         :SGC
Conden ratio  :0.5
GC            :5
LearnA        :0
Max Test Accuracy:
0.3
Best Result: Epoch   Acc  Std.
               126 0.2962  0.0024
