Set seed
Model SAGE
--------------------------------------------------
The 1th iteration:
--------------------------------------------------
--------------------------------------------------
The 2th iteration:
--------------------------------------------------
--------------------------------------------------
The 3th iteration:
--------------------------------------------------
--------------------------------------------------
The 4th iteration:
--------------------------------------------------
--------------------------------------------------
The 5th iteration:
--------------------------------------------------
[[  1.           0.0962       0.00476445]
 [  2.           0.11180001   0.03047458]
 [  3.           0.1286       0.03692289]
 [  4.           0.1368       0.02932064]
 [  5.           0.16080001   0.07451645]
 [  6.           0.1086       0.01870294]
 [  7.           0.12539999   0.02780827]
 [  8.           0.13759999   0.0364184 ]
 [  9.           0.1438       0.06840103]
 [ 10.           0.13280001   0.07222672]
 [ 11.           0.13380001   0.04082523]
 [ 12.           0.12279999   0.04203213]
 [ 13.           0.162        0.06474179]
 [ 14.           0.1168       0.02957533]
 [ 15.           0.1428       0.04758886]
 [ 16.           0.17119999   0.06905215]
 [ 17.           0.1842       0.10079039]
 [ 18.           0.1616       0.06841637]
 [ 19.           0.1544       0.08225448]
 [ 20.           0.18         0.08017793]
 [ 21.           0.2194       0.09157402]
 [ 22.           0.1944       0.05874776]
 [ 23.           0.1602       0.09535041]
 [ 24.           0.2224       0.05858157]
 [ 25.           0.25460002   0.094833  ]
 [ 26.           0.24159999   0.04367836]
 [ 27.           0.19060001   0.09344678]
 [ 28.           0.2518       0.10909491]
 [ 29.           0.24379997   0.08490112]
 [ 30.           0.17940001   0.06908183]
 [ 31.           0.2782       0.07221287]
 [ 32.           0.227        0.07158211]
 [ 33.           0.2182       0.06298174]
 [ 34.           0.2218       0.05278921]
 [ 35.           0.235        0.03258834]
 [ 36.           0.2184       0.05409991]
 [ 37.           0.23099999   0.06525718]
 [ 38.           0.2192       0.02501399]
 [ 39.           0.221        0.02285826]
 [ 40.           0.2346       0.04646289]
 [ 41.           0.23920003   0.04506328]
 [ 42.           0.24819998   0.05194421]
 [ 43.           0.2448       0.04987184]
 [ 44.           0.24340001   0.02279913]
 [ 45.           0.25620002   0.04399091]
 [ 46.           0.2304       0.04134367]
 [ 47.           0.2566       0.04827318]
 [ 48.           0.244        0.02213595]
 [ 49.           0.23340002   0.04288123]
 [ 50.           0.2744       0.01892882]
 [ 51.           0.275        0.05946848]
 [ 52.           0.2574       0.03677363]
 [ 53.           0.2714       0.03911904]
 [ 54.           0.24959998   0.02006987]
 [ 55.           0.2754       0.00996494]
 [ 56.           0.2996       0.03805654]
 [ 57.           0.281        0.01996247]
 [ 58.           0.25900003   0.03280244]
 [ 59.           0.2774       0.0360666 ]
 [ 60.           0.2922       0.02911529]
 [ 61.           0.29299998   0.03291656]
 [ 62.           0.2954       0.02281008]
 [ 63.           0.2916       0.02449081]
 [ 64.           0.285        0.02077258]
 [ 65.           0.28840002   0.01983178]
 [ 66.           0.30240002   0.02483547]
 [ 67.           0.30220002   0.03520227]
 [ 68.           0.29140002   0.01989473]
 [ 69.           0.29239997   0.01669731]
 [ 70.           0.30159998   0.02896204]
 [ 71.           0.3          0.02542637]
 [ 72.           0.3032       0.03131614]
 [ 73.           0.30539998   0.03105318]
 [ 74.           0.30960003   0.02709797]
 [ 75.           0.3026       0.01995745]
 [ 76.           0.3004       0.02379705]
 [ 77.           0.30560002   0.02728186]
 [ 78.           0.3034       0.02475479]
 [ 79.           0.3116       0.02751001]
 [ 80.           0.294        0.03646231]
 [ 81.           0.30420002   0.02328518]
 [ 82.           0.3034       0.02609214]
 [ 83.           0.3052       0.02858671]
 [ 84.           0.31280002   0.0307685 ]
 [ 85.           0.3016       0.03501858]
 [ 86.           0.3124       0.03000499]
 [ 87.           0.297        0.03321898]
 [ 88.           0.30679998   0.02723417]
 [ 89.           0.31440002   0.03617043]
 [ 90.           0.29780003   0.04190704]
 [ 91.           0.3032       0.03405437]
 [ 92.           0.3106       0.02429609]
 [ 93.           0.2918       0.04020199]
 [ 94.           0.304        0.02285826]
 [ 95.           0.316        0.03865876]
 [ 96.           0.3046       0.02542243]
 [ 97.           0.3008       0.04128195]
 [ 98.           0.30500004   0.02833726]
 [ 99.           0.31539997   0.03059086]
 [100.           0.296        0.04074922]
 [101.           0.30040002   0.02926261]
 [102.           0.321        0.0463627 ]
 [103.           0.30420002   0.02504396]
 [104.           0.2912       0.04443198]
 [105.           0.3134       0.03412184]
 [106.           0.3032       0.03141974]
 [107.           0.3086       0.03957651]
 [108.           0.3044       0.02850089]
 [109.           0.3026       0.04481406]
 [110.           0.3094       0.03020431]
 [111.           0.2942       0.043043  ]
 [112.           0.316        0.03527038]
 [113.           0.3036       0.03673282]
 [114.           0.30860004   0.05385907]
 [115.           0.3134       0.03191081]
 [116.           0.30420002   0.05196345]
 [117.           0.29920003   0.03988358]
 [118.           0.32740003   0.04712537]
 [119.           0.2784       0.04046356]
 [120.           0.3294       0.05139358]
 [121.           0.2936       0.04900815]
 [122.           0.303        0.04534315]
 [123.           0.311        0.05787054]
 [124.           0.3064       0.06240432]
 [125.           0.2858       0.04213312]
 [126.           0.3232       0.05369077]
 [127.           0.3066       0.05659328]
 [128.           0.2912       0.06273516]
 [129.           0.319        0.03570013]
 [130.           0.2836       0.0391829 ]
 [131.           0.31280002   0.06564069]
 [132.           0.3084       0.04170492]
 [133.           0.29340002   0.04406018]
 [134.           0.312        0.06387487]
 [135.           0.3146       0.03846817]
 [136.           0.295        0.06428842]
 [137.           0.31820002   0.06689319]
 [138.           0.3032       0.03966358]
 [139.           0.3112       0.05226567]
 [140.           0.3138       0.07228554]
 [141.           0.294        0.06074536]
 [142.           0.31         0.04244408]
 [143.           0.3194       0.06631968]
 [144.           0.3046       0.05544186]
 [145.           0.31539997   0.05034183]
 [146.           0.32140002   0.07216855]
 [147.           0.30679998   0.04453874]
 [148.           0.31         0.06298015]
 [149.           0.3282       0.07693633]
 [150.           0.3106       0.06194997]
 [151.           0.30300003   0.05507721]
 [152.           0.31440002   0.04884978]
 [153.           0.3242       0.08412906]
 [154.           0.312        0.06341136]
 [155.           0.30380002   0.05405276]
 [156.           0.34520003   0.0867162 ]
 [157.           0.3052       0.06177136]
 [158.           0.32099998   0.06116371]
 [159.           0.3086       0.05697192]
 [160.           0.332        0.07305821]
 [161.           0.31960002   0.05720839]
 [162.           0.29720002   0.06617553]
 [163.           0.33400002   0.06618157]
 [164.           0.31780002   0.03969509]
 [165.           0.31039998   0.06478658]
 [166.           0.30140004   0.0591591 ]
 [167.           0.3586       0.08377529]
 [168.           0.3066       0.06660555]
 [169.           0.3052       0.04689563]
 [170.           0.333        0.05999584]
 [171.           0.3258       0.05473299]
 [172.           0.31599998   0.04958326]
 [173.           0.31500003   0.05440128]
 [174.           0.3196       0.05460129]
 [175.           0.33960003   0.07498866]
 [176.           0.31880003   0.06245558]
 [177.           0.31160003   0.04754261]
 [178.           0.3206       0.07347992]
 [179.           0.3486       0.06236424]
 [180.           0.3126       0.053435  ]
 [181.           0.31160003   0.06519433]
 [182.           0.3032       0.06630007]
 [183.           0.34520003   0.06182393]
 [184.           0.3102       0.05154319]
 [185.           0.304        0.0580517 ]
 [186.           0.3062       0.03153885]
 [187.           0.3192       0.06852153]
 [188.           0.3176       0.0570859 ]
 [189.           0.3146       0.04904387]
 [190.           0.3126       0.06726292]
 [191.           0.30080003   0.05497909]
 [192.           0.3506       0.07160168]
 [193.           0.30879998   0.04456681]
 [194.           0.31220004   0.05342003]
 [195.           0.31399998   0.06304365]
 [196.           0.3028       0.04530673]
 [197.           0.31800002   0.05563722]
 [198.           0.3158       0.0677547 ]
 [199.           0.304        0.05525848]
 [200.           0.3012       0.05618452]
 [201.           0.32320002   0.05930177]
 [202.           0.303        0.05833954]
 [203.           0.3226       0.05640302]
 [204.           0.295        0.0453707 ]
 [205.           0.3386       0.07953803]
 [206.           0.3066       0.07058896]
 [207.           0.3086       0.0545188 ]
 [208.           0.308        0.05994998]
 [209.           0.3156       0.06117025]
 [210.           0.30780002   0.04894589]
 [211.           0.31219998   0.05400648]
 [212.           0.307        0.05457105]
 [213.           0.3048       0.05821254]
 [214.           0.3198       0.06069348]
 [215.           0.3014       0.0463821 ]
 [216.           0.3152       0.05248523]
 [217.           0.31680003   0.06450737]
 [218.           0.2986       0.04747948]
 [219.           0.3238       0.05637997]
 [220.           0.298        0.05585249]
 [221.           0.308        0.04586393]
 [222.           0.31939998   0.06259633]
 [223.           0.31640002   0.05396573]
 [224.           0.3034       0.04152469]
 [225.           0.3146       0.07172727]
 [226.           0.3168       0.04862819]
 [227.           0.3066       0.05474303]
 [228.           0.30920002   0.05027624]
 [229.           0.32         0.05301416]
 [230.           0.31280002   0.0614874 ]
 [231.           0.31300002   0.04493884]
 [232.           0.2976       0.03270014]
 [233.           0.3148       0.05867453]
 [234.           0.32860002   0.05051039]
 [235.           0.296        0.04480514]
 [236.           0.3098       0.05288384]
 [237.           0.30280003   0.05119277]
 [238.           0.3176       0.05971013]
 [239.           0.3084       0.06166279]
 [240.           0.31440002   0.0532757 ]
 [241.           0.3034       0.04554998]
 [242.           0.3          0.06086461]
 [243.           0.32160002   0.05920557]
 [244.           0.3046       0.06568715]
 [245.           0.3162       0.05336853]
 [246.           0.30940002   0.04810197]
 [247.           0.30560002   0.06705818]
 [248.           0.317        0.06366711]
 [249.           0.32400003   0.05071981]
 [250.           0.30299997   0.05424943]
 [251.           0.30920002   0.05684804]
 [252.           0.32220003   0.05676001]
 [253.           0.3024       0.06724806]
 [254.           0.3126       0.0452471 ]
 [255.           0.31080002   0.05988489]
 [256.           0.308        0.06091388]
 [257.           0.30580002   0.06344447]
 [258.           0.30879998   0.05975115]
 [259.           0.3142       0.05310555]
 [260.           0.30440003   0.06903116]
 [261.           0.312        0.05493178]
 [262.           0.30640003   0.0529934 ]
 [263.           0.3094       0.05400741]
 [264.           0.3226       0.06210716]
 [265.           0.31080002   0.05979297]
 [266.           0.3134       0.05222356]
 [267.           0.3118       0.05880645]
 [268.           0.3158       0.0556525 ]
 [269.           0.31080002   0.06176731]
 [270.           0.3158       0.05398796]
 [271.           0.30420002   0.05554907]
 [272.           0.3224       0.05692803]
 [273.           0.29720002   0.05702807]
 [274.           0.32680002   0.05072673]
 [275.           0.2984       0.06705446]
 [276.           0.31640002   0.05095389]
 [277.           0.31739998   0.06545839]
 [278.           0.29140002   0.04800834]
 [279.           0.3184       0.05920557]
 [280.           0.3062       0.06467767]
 [281.           0.30200002   0.04162332]
 [282.           0.3134       0.06688646]
 [283.           0.313        0.04431704]
 [284.           0.304        0.04928995]
 [285.           0.3198       0.06333799]
 [286.           0.3018       0.05499727]
 [287.           0.29700002   0.06247799]
 [288.           0.321        0.05447476]
 [289.           0.30240002   0.05404905]
 [290.           0.2976       0.07141639]
 [291.           0.3172       0.04742046]
 [292.           0.30780002   0.05549055]
 [293.           0.30539998   0.05713405]
 [294.           0.32239997   0.06054585]
 [295.           0.2942       0.05931862]
 [296.           0.3142       0.049977  ]
 [297.           0.31         0.06650189]
 [298.           0.3104       0.05395647]
 [299.           0.2868       0.06691189]
 [300.           0.3264       0.05436728]
 [301.           0.298        0.06255798]
 [302.           0.31300002   0.05541661]
 [303.           0.3124       0.0515102 ]
 [304.           0.3014       0.0675337 ]
 [305.           0.31280002   0.05730795]
 [306.           0.31800002   0.05631607]
 [307.           0.3062       0.06233538]
 [308.           0.30920002   0.05993914]
 [309.           0.31360003   0.04255938]
 [310.           0.30800003   0.04925951]
 [311.           0.312        0.06439333]
 [312.           0.3066       0.0473846 ]
 [313.           0.3202       0.05068728]
 [314.           0.30319998   0.05563003]
 [315.           0.3132       0.05605088]
 [316.           0.31100002   0.0554617 ]
 [317.           0.30819997   0.05701492]
 [318.           0.304        0.06126582]
 [319.           0.3158       0.05764287]
 [320.           0.29900002   0.05256424]
 [321.           0.3192       0.0547969 ]
 [322.           0.3122       0.05721626]
 [323.           0.3046       0.04839215]
 [324.           0.31539997   0.05844058]
 [325.           0.31080002   0.06016394]
 [326.           0.312        0.06471862]
 [327.           0.30179998   0.04438131]
 [328.           0.3184       0.06075195]
 [329.           0.2996       0.03094027]
 [330.           0.307        0.0517059 ]
 [331.           0.31860003   0.06260031]
 [332.           0.3018       0.04976645]
 [333.           0.31         0.05956929]
 [334.           0.313        0.04486089]
 [335.           0.31800002   0.04758676]
 [336.           0.3138       0.06151178]
 [337.           0.30580002   0.03370757]
 [338.           0.3162       0.05274183]
 [339.           0.31500003   0.06455617]
 [340.           0.30440003   0.04521946]
 [341.           0.3112       0.0483446 ]
 [342.           0.3134       0.05795085]
 [343.           0.30819997   0.05204036]
 [344.           0.31860003   0.04412255]
 [345.           0.29520002   0.03794337]
 [346.           0.3134       0.03821387]
 [347.           0.328        0.06325347]
 [348.           0.3052       0.04153553]
 [349.           0.3018       0.02779749]
 [350.           0.3192       0.03279786]
 [351.           0.3116       0.05624323]
 [352.           0.31300002   0.04651881]
 [353.           0.2968       0.03460058]
 [354.           0.32160002   0.05025237]
 [355.           0.30300003   0.057     ]
 [356.           0.3206       0.05616761]
 [357.           0.309        0.04922397]
 [358.           0.2922       0.02697592]
 [359.           0.31300002   0.03774918]
 [360.           0.30920002   0.06653345]
 [361.           0.307        0.02845173]
 [362.           0.29         0.03519232]
 [363.           0.33220002   0.06739585]
 [364.           0.3072       0.04925647]
 [365.           0.30560002   0.04453425]
 [366.           0.31219998   0.02842007]
 [367.           0.3032       0.04197856]
 [368.           0.311        0.04573293]
 [369.           0.3052       0.05696666]
 [370.           0.3348       0.0640367 ]
 [371.           0.291        0.03605551]
 [372.           0.3138       0.03649246]
 [373.           0.3246       0.07409993]
 [374.           0.3154       0.04503665]
 [375.           0.28840002   0.03966484]
 [376.           0.31880003   0.04610531]
 [377.           0.3192       0.07662375]
 [378.           0.30280003   0.05003698]
 [379.           0.30860004   0.04104022]
 [380.           0.3188       0.06998714]
 [381.           0.3084       0.0613539 ]
 [382.           0.30440003   0.05198364]
 [383.           0.30300003   0.05154125]
 [384.           0.3162       0.0577555 ]
 [385.           0.31399998   0.05746739]
 [386.           0.298        0.05988323]
 [387.           0.3088       0.06145892]
 [388.           0.32740003   0.04998799]
 [389.           0.29819998   0.06075114]
 [390.           0.3062       0.06072645]
 [391.           0.3184       0.06340584]
 [392.           0.3094       0.06070255]
 [393.           0.31039998   0.05608299]
 [394.           0.3048       0.06429386]
 [395.           0.32200003   0.04988487]
 [396.           0.3136       0.06050867]
 [397.           0.3076       0.05531997]
 [398.           0.3184       0.07140588]
 [399.           0.3116       0.0445567 ]
 [400.           0.31219998   0.06092374]]
Dataset       :Computers
Model         :SAGE
Conden ratio  :1.0
GC            :5
LearnA        :0
Max Test Accuracy:
0.489
Best Result: Epoch   Acc  Std.
               167 0.3586  0.0838
