Set seed
Model SGC
--------------------------------------------------
The 1th iteration:
--------------------------------------------------
--------------------------------------------------
The 2th iteration:
--------------------------------------------------
--------------------------------------------------
The 3th iteration:
--------------------------------------------------
--------------------------------------------------
The 4th iteration:
--------------------------------------------------
--------------------------------------------------
The 5th iteration:
--------------------------------------------------
[[  1.           0.10699999   0.03431471]
 [  2.           0.1062       0.00939148]
 [  3.           0.1176       0.02398541]
 [  4.           0.11359999   0.02263405]
 [  5.           0.11540001   0.01340895]
 [  6.           0.1426       0.05972688]
 [  7.           0.1646       0.03915737]
 [  8.           0.2258       0.07247897]
 [  9.           0.24420002   0.08741111]
 [ 10.           0.2672       0.07949968]
 [ 11.           0.2948       0.06208221]
 [ 12.           0.30060002   0.06068608]
 [ 13.           0.3086       0.05429364]
 [ 14.           0.31640002   0.0536125 ]
 [ 15.           0.3124       0.04805518]
 [ 16.           0.31960002   0.05791199]
 [ 17.           0.32500002   0.06595074]
 [ 18.           0.3382       0.07831156]
 [ 19.           0.356        0.08255605]
 [ 20.           0.36879998   0.08428048]
 [ 21.           0.37600002   0.08290054]
 [ 22.           0.3838       0.07747387]
 [ 23.           0.3926       0.06946438]
 [ 24.           0.40240002   0.06199839]
 [ 25.           0.41599998   0.05491356]
 [ 26.           0.42800003   0.0575239 ]
 [ 27.           0.43380004   0.0617835 ]
 [ 28.           0.43260002   0.06258834]
 [ 29.           0.43039998   0.06306186]
 [ 30.           0.4292       0.06336166]
 [ 31.           0.4302       0.06367654]
 [ 32.           0.43140003   0.06446161]
 [ 33.           0.43319997   0.06530465]
 [ 34.           0.435        0.06422227]
 [ 35.           0.4382       0.06179564]
 [ 36.           0.4436       0.0612846 ]
 [ 37.           0.4464       0.06400235]
 [ 38.           0.4464       0.06563766]
 [ 39.           0.446        0.06715654]
 [ 40.           0.446        0.06737212]
 [ 41.           0.4448       0.06870007]
 [ 42.           0.4434       0.06901667]
 [ 43.           0.44120002   0.06826568]
 [ 44.           0.44000003   0.06869135]
 [ 45.           0.43940002   0.06841637]
 [ 46.           0.43900004   0.07034914]
 [ 47.           0.4388       0.07096267]
 [ 48.           0.43640003   0.07016268]
 [ 49.           0.43400002   0.06962041]
 [ 50.           0.4306       0.06762248]
 [ 51.           0.42980003   0.06840833]
 [ 52.           0.4284       0.06786972]
 [ 53.           0.4278       0.0678137 ]
 [ 54.           0.42740002   0.0687699 ]
 [ 55.           0.42659998   0.0690601 ]
 [ 56.           0.4254       0.06931664]
 [ 57.           0.4234       0.06933829]
 [ 58.           0.4218       0.06995142]
 [ 59.           0.4204       0.06981977]
 [ 60.           0.42019996   0.07108936]
 [ 61.           0.41879997   0.07176488]
 [ 62.           0.41739997   0.07239682]
 [ 63.           0.41540003   0.07301232]
 [ 64.           0.4134       0.07239337]
 [ 65.           0.41239998   0.07395133]
 [ 66.           0.41160002   0.07528811]
 [ 67.           0.41120002   0.07583337]
 [ 68.           0.40980002   0.07719909]
 [ 69.           0.4094       0.0784366 ]
 [ 70.           0.4086       0.07832496]
 [ 71.           0.40640002   0.08011429]
 [ 72.           0.4054       0.08014549]
 [ 73.           0.40440002   0.08084121]
 [ 74.           0.4032       0.08114309]
 [ 75.           0.40260002   0.08166579]
 [ 76.           0.40100002   0.08211273]
 [ 77.           0.39940003   0.0834404 ]
 [ 78.           0.3982       0.08365824]
 [ 79.           0.39659998   0.08413858]
 [ 80.           0.3942       0.08551726]
 [ 81.           0.3938       0.08565456]
 [ 82.           0.3932       0.08725078]
 [ 83.           0.3932       0.08888307]
 [ 84.           0.3914       0.0901765 ]
 [ 85.           0.3898       0.08886339]
 [ 86.           0.38920003   0.08869444]
 [ 87.           0.3886       0.09017927]
 [ 88.           0.3864       0.09180033]
 [ 89.           0.3846       0.09192824]
 [ 90.           0.3842       0.09248351]
 [ 91.           0.38340002   0.09307148]
 [ 92.           0.3828       0.09408348]
 [ 93.           0.3824       0.09463245]
 [ 94.           0.38259998   0.09565981]
 [ 95.           0.3818       0.0959776 ]
 [ 96.           0.3802       0.09586293]
 [ 97.           0.379        0.09656345]
 [ 98.           0.3788       0.09727129]
 [ 99.           0.3764       0.09844948]
 [100.           0.37540004   0.09803214]
 [101.           0.37460002   0.09825122]
 [102.           0.374        0.09952136]
 [103.           0.3734       0.09948517]
 [104.           0.3722       0.09910953]
 [105.           0.37         0.0999725 ]
 [106.           0.3684       0.0997963 ]
 [107.           0.36760002   0.09978127]
 [108.           0.36740002   0.10035836]
 [109.           0.36620003   0.10093909]
 [110.           0.36560002   0.10137209]
 [111.           0.365        0.10133114]
 [112.           0.3628       0.10301796]
 [113.           0.36240003   0.10377524]
 [114.           0.3622       0.10367594]
 [115.           0.36100003   0.10424251]
 [116.           0.36040002   0.10436618]
 [117.           0.35999998   0.10510709]
 [118.           0.35880002   0.1047268 ]
 [119.           0.358        0.10538027]
 [120.           0.35779998   0.10606933]
 [121.           0.358        0.1068574 ]
 [122.           0.3578       0.10683024]
 [123.           0.3568       0.10689106]
 [124.           0.3562       0.10680214]
 [125.           0.3554       0.10800602]
 [126.           0.354        0.10774275]
 [127.           0.354        0.10809024]
 [128.           0.3536       0.10911828]
 [129.           0.35300002   0.10894953]
 [130.           0.35279998   0.10891603]
 [131.           0.35300002   0.10921767]
 [132.           0.35279998   0.11008042]
 [133.           0.3522       0.11095585]
 [134.           0.352        0.11113281]
 [135.           0.35180002   0.11118094]
 [136.           0.3522       0.11131127]
 [137.           0.352        0.1110293 ]
 [138.           0.35180002   0.11053371]
 [139.           0.3512       0.11086795]
 [140.           0.3504       0.1109946 ]
 [141.           0.35020003   0.11066934]
 [142.           0.3508       0.11092655]
 [143.           0.34980002   0.11096487]
 [144.           0.35         0.11160422]
 [145.           0.35         0.11167587]
 [146.           0.35040003   0.1120839 ]
 [147.           0.3496       0.11200133]
 [148.           0.34980002   0.11219938]
 [149.           0.3494       0.11215302]
 [150.           0.34900004   0.11210933]
 [151.           0.34820002   0.11222611]
 [152.           0.3472       0.1125531 ]
 [153.           0.3464       0.11228   ]
 [154.           0.34699997   0.11286273]
 [155.           0.3468       0.11299203]
 [156.           0.34660003   0.11344735]
 [157.           0.347        0.11370356]
 [158.           0.34660003   0.1136675 ]
 [159.           0.34620002   0.11385826]
 [160.           0.3452       0.11402719]
 [161.           0.3448       0.11399867]
 [162.           0.3434       0.11348479]
 [163.           0.3428       0.11328372]
 [164.           0.342        0.11380906]
 [165.           0.3418       0.11377258]
 [166.           0.3418       0.11377258]
 [167.           0.34080002   0.11388459]
 [168.           0.34059998   0.1144063 ]
 [169.           0.3398       0.11471137]
 [170.           0.339        0.11439187]
 [171.           0.3386       0.11438007]
 [172.           0.3384       0.11501002]
 [173.           0.33800003   0.11523239]
 [174.           0.3376       0.11573806]
 [175.           0.3364       0.11646159]
 [176.           0.3356       0.11724462]
 [177.           0.3352       0.1168084 ]
 [178.           0.3348       0.11771873]
 [179.           0.33400002   0.11778369]
 [180.           0.33339998   0.11784015]
 [181.           0.3336       0.11815584]
 [182.           0.3328       0.11834779]
 [183.           0.3328       0.11900714]
 [184.           0.3332       0.11964405]
 [185.           0.33260003   0.11999292]
 [186.           0.332        0.12018528]
 [187.           0.3316       0.12028424]
 [188.           0.331        0.12063374]
 [189.           0.33080003   0.12097397]
 [190.           0.33         0.12114041]
 [191.           0.3296       0.12175301]
 [192.           0.32880002   0.12199468]
 [193.           0.3286       0.12254305]
 [194.           0.3276       0.12229186]
 [195.           0.3272       0.12319577]
 [196.           0.327        0.1230894 ]
 [197.           0.3264       0.12375097]
 [198.           0.3258       0.12388381]
 [199.           0.3256       0.12377721]
 [200.           0.3252       0.12372631]
 [201.           0.3246       0.12362968]
 [202.           0.3242       0.12364545]
 [203.           0.3238       0.12388584]
 [204.           0.32360002   0.12363778]
 [205.           0.3238       0.12396452]
 [206.           0.32360002   0.12350223]
 [207.           0.3238       0.12382931]
 [208.           0.32360002   0.12367821]
 [209.           0.3228       0.12280554]
 [210.           0.3224       0.12193768]
 [211.           0.322        0.12073316]
 [212.           0.3218       0.11998625]
 [213.           0.321        0.11986034]
 [214.           0.3208       0.11953954]
 [215.           0.3204       0.11957341]
 [216.           0.3192       0.11879689]
 [217.           0.319        0.1186655 ]
 [218.           0.31899998   0.11921199]
 [219.           0.31820002   0.11884739]
 [220.           0.3176       0.11924471]
 [221.           0.3166       0.11857824]
 [222.           0.3158       0.11833934]
 [223.           0.31500003   0.11810589]
 [224.           0.3148       0.1187611 ]
 [225.           0.31500003   0.1190735 ]
 [226.           0.3148       0.11906594]
 [227.           0.3138       0.11858415]
 [228.           0.31300002   0.119     ]
 [229.           0.3116       0.1197677 ]
 [230.           0.3114       0.11962985]
 [231.           0.31080002   0.12007998]
 [232.           0.30960003   0.12075099]
 [233.           0.3088       0.12054128]
 [234.           0.3084       0.12074478]
 [235.           0.3076       0.12091856]
 [236.           0.3072       0.12048113]
 [237.           0.306        0.12105784]
 [238.           0.30539998   0.12086479]
 [239.           0.3044       0.12075099]
 [240.           0.3044       0.12075099]
 [241.           0.3038       0.12067394]
 [242.           0.3034       0.12106528]
 [243.           0.30240002   0.12113134]
 [244.           0.30179998   0.12166634]
 [245.           0.3014       0.12170579]
 [246.           0.30060002   0.12180435]
 [247.           0.3          0.12154835]
 [248.           0.2994       0.12164827]
 [249.           0.2994       0.12184745]
 [250.           0.2994       0.12148375]
 [251.           0.299        0.12156685]
 [252.           0.299        0.12192415]
 [253.           0.299        0.12178054]
 [254.           0.2984       0.12228982]
 [255.           0.2976       0.12218551]
 [256.           0.29720002   0.12256917]
 [257.           0.29780003   0.12254469]
 [258.           0.29720002   0.12234869]
 [259.           0.2974       0.12212411]
 [260.           0.2974       0.12205449]
 [261.           0.297        0.12178465]
 [262.           0.2968       0.12145657]
 [263.           0.296        0.12097107]
 [264.           0.296        0.12085529]
 [265.           0.2958       0.1209285 ]
 [266.           0.2958       0.1209285 ]
 [267.           0.2956       0.12126129]
 [268.           0.29520002   0.120763  ]
 [269.           0.29520002   0.12102769]
 [270.           0.2954       0.12094751]
 [271.           0.2956       0.1206039 ]
 [272.           0.2956       0.1206039 ]
 [273.           0.2954       0.12030711]
 [274.           0.2948       0.12028176]
 [275.           0.29420003   0.12002791]
 [276.           0.294        0.11972886]
 [277.           0.29380003   0.11943073]
 [278.           0.29360002   0.11951485]
 [279.           0.29340002   0.11923631]
 [280.           0.29340002   0.11923631]
 [281.           0.2928       0.11908484]
 [282.           0.2928       0.11946841]
 [283.           0.2928       0.11946841]
 [284.           0.29239997   0.11923631]
 [285.           0.2918       0.11961062]
 [286.           0.29239997   0.11942486]
 [287.           0.2918       0.1185694 ]
 [288.           0.2916       0.11837779]
 [289.           0.2908       0.11765075]
 [290.           0.29000002   0.11696153]
 [291.           0.289        0.11584473]
 [292.           0.28800002   0.11486949]
 [293.           0.2878       0.11458053]
 [294.           0.2876       0.11467475]
 [295.           0.28720003   0.11486818]
 [296.           0.28640002   0.11418977]
 [297.           0.286        0.1140022 ]
 [298.           0.2856       0.11420727]
 [299.           0.2852       0.11441896]
 [300.           0.285        0.11452729]
 [301.           0.285        0.11452729]
 [302.           0.28480002   0.11423966]
 [303.           0.2842       0.11425716]
 [304.           0.2836       0.11379499]
 [305.           0.283        0.11341736]
 [306.           0.28260002   0.11364989]
 [307.           0.2822       0.11348215]
 [308.           0.2822       0.11348215]
 [309.           0.2822       0.11348215]
 [310.           0.28239998   0.11344073]
 [311.           0.2816       0.11340106]
 [312.           0.281        0.11364859]
 [313.           0.2806       0.11307874]
 [314.           0.2804       0.11320028]
 [315.           0.2802       0.11362087]
 [316.           0.27980003   0.11387143]
 [317.           0.2788       0.11430529]
 [318.           0.2788       0.11430529]
 [319.           0.2786       0.11443688]
 [320.           0.2784       0.11415473]
 [321.           0.27760002   0.11324883]
 [322.           0.27760002   0.11324883]
 [323.           0.2774       0.11338121]
 [324.           0.2768       0.1134447 ]
 [325.           0.2768       0.1134447 ]
 [326.           0.2766       0.11358169]
 [327.           0.2766       0.11358169]
 [328.           0.2764       0.11372027]
 [329.           0.27620003   0.11386044]
 [330.           0.2762       0.11351518]
 [331.           0.2762       0.11351518]
 [332.           0.2762       0.11351518]
 [333.           0.2758       0.11333666]
 [334.           0.27560002   0.11347598]
 [335.           0.27560002   0.11347598]
 [336.           0.27560002   0.11347598]
 [337.           0.27560002   0.11347598]
 [338.           0.27600002   0.11373875]
 [339.           0.2758       0.11406446]
 [340.           0.2758       0.11406446]
 [341.           0.27560002   0.11386307]
 [342.           0.2754       0.11388723]
 [343.           0.27560002   0.11377741]
 [344.           0.276        0.1135011 ]
 [345.           0.276        0.1135011 ]
 [346.           0.276        0.1135011 ]
 [347.           0.276        0.1135011 ]
 [348.           0.276        0.1135011 ]
 [349.           0.276        0.1135011 ]
 [350.           0.27620003   0.11336534]
 [351.           0.2764       0.11334152]
 [352.           0.2764       0.11334152]
 [353.           0.2764       0.11334152]
 [354.           0.27659997   0.11331945]
 [355.           0.27659997   0.11331945]
 [356.           0.27659997   0.11331945]
 [357.           0.27659997   0.11331945]
 [358.           0.27659997   0.11331945]
 [359.           0.27659997   0.11331945]
 [360.           0.2764       0.11334152]
 [361.           0.2766       0.11320689]
 [362.           0.2766       0.11320689]
 [363.           0.2766       0.11320689]
 [364.           0.2764       0.11353765]
 [365.           0.2762       0.1130053 ]
 [366.           0.2762       0.1130053 ]
 [367.           0.2764       0.11287514]
 [368.           0.27659997   0.11274661]
 [369.           0.27659997   0.11274661]
 [370.           0.27659997   0.11274661]
 [371.           0.2768       0.11261971]
 [372.           0.2768       0.11261971]
 [373.           0.2768       0.11261971]
 [374.           0.2768       0.11261971]
 [375.           0.2768       0.11261971]
 [376.           0.277        0.11249444]
 [377.           0.2764       0.11225996]
 [378.           0.2764       0.11225996]
 [379.           0.2764       0.11225996]
 [380.           0.2764       0.11225996]
 [381.           0.27620003   0.11206114]
 [382.           0.27620003   0.11206114]
 [383.           0.276        0.11208925]
 [384.           0.2758       0.11189146]
 [385.           0.27560002   0.11224215]
 [386.           0.2754       0.11227334]
 [387.           0.2754       0.11227334]
 [388.           0.275        0.11169826]
 [389.           0.27480003   0.11173048]
 [390.           0.27480003   0.11173048]
 [391.           0.2744       0.11197902]
 [392.           0.2744       0.11197902]
 [393.           0.2738       0.11185125]
 [394.           0.2738       0.11185125]
 [395.           0.2732       0.11182218]
 [396.           0.273        0.11153699]
 [397.           0.273        0.11153699]
 [398.           0.273        0.11153699]
 [399.           0.27280003   0.11156926]
 [400.           0.27280003   0.11156926]]
Dataset       :Computers
Model         :SGC
Conden ratio  :0.5
GC            :1
LearnA        :0
Max Test Accuracy:
0.511
Best Result: Epoch   Acc  Std.
               37 0.4464  0.0640
