Set seed
Model GCN
--------------------------------------------------
The 1th iteration:
--------------------------------------------------
--------------------------------------------------
The 2th iteration:
--------------------------------------------------
--------------------------------------------------
The 3th iteration:
--------------------------------------------------
--------------------------------------------------
The 4th iteration:
--------------------------------------------------
--------------------------------------------------
The 5th iteration:
--------------------------------------------------
[[  1.           0.0934       0.00630872]
 [  2.           0.10480001   0.02108791]
 [  3.           0.10180002   0.03614139]
 [  4.           0.1304       0.03665788]
 [  5.           0.1212       0.04034476]
 [  6.           0.10780001   0.01517234]
 [  7.           0.09480001   0.01859301]
 [  8.           0.099        0.001     ]
 [  9.           0.1026       0.00750333]
 [ 10.           0.1278       0.06440264]
 [ 11.           0.139        0.04622229]
 [ 12.           0.11700001   0.034     ]
 [ 13.           0.13280001   0.04717203]
 [ 14.           0.1372       0.04990691]
 [ 15.           0.1398       0.05151408]
 [ 16.           0.1526       0.03576031]
 [ 17.           0.1754       0.07159819]
 [ 18.           0.1682       0.05148495]
 [ 19.           0.1422       0.05041032]
 [ 20.           0.1356       0.03994121]
 [ 21.           0.1184       0.03144519]
 [ 22.           0.13039999   0.03111752]
 [ 23.           0.1672       0.05723373]
 [ 24.           0.2126       0.06008161]
 [ 25.           0.2258       0.03528031]
 [ 26.           0.2084       0.0293479 ]
 [ 27.           0.1718       0.03349179]
 [ 28.           0.1494       0.04205116]
 [ 29.           0.179        0.06491533]
 [ 30.           0.1938       0.06813002]
 [ 31.           0.1698       0.07616889]
 [ 32.           0.1678       0.07645391]
 [ 33.           0.1756       0.07394458]
 [ 34.           0.1614       0.07471813]
 [ 35.           0.1454       0.05923513]
 [ 36.           0.14         0.04191062]
 [ 37.           0.1472       0.03467997]
 [ 38.           0.1678       0.02852543]
 [ 39.           0.1832       0.04060419]
 [ 40.           0.2046       0.05618541]
 [ 41.           0.20280002   0.06046652]
 [ 42.           0.19160001   0.05158779]
 [ 43.           0.17040001   0.03958914]
 [ 44.           0.1588       0.0380092 ]
 [ 45.           0.1504       0.04403748]
 [ 46.           0.14960001   0.04714658]
 [ 47.           0.13859999   0.05161202]
 [ 48.           0.1506       0.0712657 ]
 [ 49.           0.1828       0.11947469]
 [ 50.           0.17         0.10857946]
 [ 51.           0.1668       0.10546421]
 [ 52.           0.1668       0.09993098]
 [ 53.           0.1718       0.08274177]
 [ 54.           0.1606       0.05568932]
 [ 55.           0.153        0.05336666]
 [ 56.           0.148        0.05338071]
 [ 57.           0.16559999   0.05626989]
 [ 58.           0.15679999   0.05231826]
 [ 59.           0.1434       0.03788536]
 [ 60.           0.14140001   0.04046357]
 [ 61.           0.15439999   0.04292785]
 [ 62.           0.1632       0.0405179 ]
 [ 63.           0.18120001   0.06616419]
 [ 64.           0.1698       0.07037542]
 [ 65.           0.1664       0.06962974]
 [ 66.           0.1736       0.06304205]
 [ 67.           0.18540001   0.05450963]
 [ 68.           0.21700001   0.0356581 ]
 [ 69.           0.22320001   0.05308672]
 [ 70.           0.2162       0.04909889]
 [ 71.           0.20580001   0.0583241 ]
 [ 72.           0.19940001   0.0690963 ]
 [ 73.           0.206        0.06665958]
 [ 74.           0.2232       0.07149265]
 [ 75.           0.2196       0.07732593]
 [ 76.           0.212        0.07540557]
 [ 77.           0.20900002   0.05874095]
 [ 78.           0.19680001   0.03374463]
 [ 79.           0.1738       0.0201668 ]
 [ 80.           0.1822       0.05075135]
 [ 81.           0.1846       0.05705524]
 [ 82.           0.1866       0.05429825]
 [ 83.           0.18379998   0.0625116 ]
 [ 84.           0.1936       0.0775487 ]
 [ 85.           0.18800001   0.07306162]
 [ 86.           0.19620001   0.07227517]
 [ 87.           0.20640002   0.06760769]
 [ 88.           0.21040002   0.06116207]
 [ 89.           0.19940001   0.06114572]
 [ 90.           0.1796       0.06581261]
 [ 91.           0.1832       0.092145  ]
 [ 92.           0.179        0.07112313]
 [ 93.           0.179        0.06648308]
 [ 94.           0.1804       0.06550039]
 [ 95.           0.1836       0.07056415]
 [ 96.           0.1816       0.07347313]
 [ 97.           0.1788       0.07605064]
 [ 98.           0.1744       0.07353435]
 [ 99.           0.17040001   0.07146188]
 [100.           0.165        0.06346653]
 [101.           0.1674       0.05679173]
 [102.           0.1756       0.05842346]
 [103.           0.17999999   0.04764452]
 [104.           0.1926       0.05279488]
 [105.           0.2026       0.06630459]
 [106.           0.20799999   0.07160657]
 [107.           0.2016       0.06272002]
 [108.           0.1912       0.06159708]
 [109.           0.19960001   0.08212977]
 [110.           0.1978       0.07210894]
 [111.           0.19920002   0.06776208]
 [112.           0.20040002   0.07234155]
 [113.           0.19319999   0.06719896]
 [114.           0.1868       0.05953738]
 [115.           0.1836       0.06135389]
 [116.           0.1854       0.05468363]
 [117.           0.1962       0.03401029]
 [118.           0.1954       0.024996  ]
 [119.           0.1944       0.01939846]
 [120.           0.19639999   0.03857848]
 [121.           0.20079999   0.06525871]
 [122.           0.19500001   0.07181574]
 [123.           0.1876       0.06396718]
 [124.           0.18460001   0.06016062]
 [125.           0.1884       0.05891349]
 [126.           0.18800001   0.05204326]
 [127.           0.1984       0.03712546]
 [128.           0.19700001   0.03151983]
 [129.           0.1834       0.02977079]
 [130.           0.183        0.04188078]
 [131.           0.1956       0.04023432]
 [132.           0.19960001   0.0381615 ]
 [133.           0.20540002   0.04038936]
 [134.           0.22080003   0.06266339]
 [135.           0.2174       0.05090972]
 [136.           0.203        0.03132891]
 [137.           0.191        0.03624224]
 [138.           0.1926       0.03700405]
 [139.           0.19700001   0.04093898]
 [140.           0.21540001   0.03378314]
 [141.           0.2254       0.04964171]
 [142.           0.2148       0.04869497]
 [143.           0.2142       0.06461579]
 [144.           0.2106       0.06323211]
 [145.           0.19820002   0.0484066 ]
 [146.           0.1998       0.05425588]
 [147.           0.2036       0.05512531]
 [148.           0.2096       0.06187326]
 [149.           0.2156       0.04787797]
 [150.           0.2184       0.04697127]
 [151.           0.21640001   0.0420571 ]
 [152.           0.2168       0.02694809]
 [153.           0.2124       0.01758692]
 [154.           0.2046       0.01976866]
 [155.           0.21140002   0.0484902 ]
 [156.           0.2206       0.05724771]
 [157.           0.2342       0.06831691]
 [158.           0.2418       0.07662375]
 [159.           0.2428       0.07389655]
 [160.           0.24000001   0.06076184]
 [161.           0.23099999   0.05802154]
 [162.           0.2336       0.05391938]
 [163.           0.2246       0.05517517]
 [164.           0.2148       0.05369078]
 [165.           0.20280002   0.05455915]
 [166.           0.193        0.04670652]
 [167.           0.2038       0.04576789]
 [168.           0.21         0.03482097]
 [169.           0.2178       0.03563285]
 [170.           0.23720002   0.04368867]
 [171.           0.2528       0.06025944]
 [172.           0.2564       0.06439954]
 [173.           0.2454       0.05406292]
 [174.           0.22860001   0.04025295]
 [175.           0.22500001   0.03366749]
 [176.           0.22459999   0.04592168]
 [177.           0.22219999   0.04454436]
 [178.           0.21560001   0.03421696]
 [179.           0.2126       0.02840423]
 [180.           0.22360002   0.04081421]
 [181.           0.2336       0.0641584 ]
 [182.           0.232        0.07078842]
 [183.           0.22860001   0.06331903]
 [184.           0.22019999   0.04595323]
 [185.           0.21         0.04910194]
 [186.           0.20780002   0.04684762]
 [187.           0.21360002   0.03351566]
 [188.           0.228        0.02842534]
 [189.           0.2354       0.03925302]
 [190.           0.24520002   0.05662773]
 [191.           0.24559999   0.04781527]
 [192.           0.2462       0.03879046]
 [193.           0.24159999   0.03714566]
 [194.           0.2414       0.0312618 ]
 [195.           0.2316       0.03517527]
 [196.           0.2204       0.03808937]
 [197.           0.22259998   0.04492549]
 [198.           0.2246       0.04337396]
 [199.           0.2336       0.03676004]
 [200.           0.23719998   0.03863548]
 [201.           0.2376       0.04111326]
 [202.           0.2336       0.05532901]
 [203.           0.222        0.06174545]
 [204.           0.2234       0.06378324]
 [205.           0.2264       0.07107954]
 [206.           0.22880001   0.07902025]
 [207.           0.223        0.07938199]
 [208.           0.22479999   0.05792841]
 [209.           0.2362       0.04537289]
 [210.           0.24520002   0.05506542]
 [211.           0.2448       0.05765153]
 [212.           0.23840001   0.0558104 ]
 [213.           0.22839999   0.04544006]
 [214.           0.2258       0.04142704]
 [215.           0.2246       0.04011608]
 [216.           0.22520001   0.03698919]
 [217.           0.23000002   0.0320078 ]
 [218.           0.2332       0.03072784]
 [219.           0.23200002   0.04070013]
 [220.           0.24000001   0.05274941]
 [221.           0.2404       0.06342161]
 [222.           0.23800002   0.0722461 ]
 [223.           0.23839998   0.07929249]
 [224.           0.2414       0.07379227]
 [225.           0.24780002   0.06381771]
 [226.           0.2592       0.06121029]
 [227.           0.2542       0.06121846]
 [228.           0.2386       0.05667715]
 [229.           0.22119999   0.05142665]
 [230.           0.2158       0.04550495]
 [231.           0.22000001   0.03726258]
 [232.           0.224        0.03551056]
 [233.           0.2282       0.03684698]
 [234.           0.2352       0.02471234]
 [235.           0.24099998   0.02710166]
 [236.           0.24920002   0.03314664]
 [237.           0.24819998   0.03245305]
 [238.           0.253        0.03991867]
 [239.           0.2514       0.05410914]
 [240.           0.246        0.06126582]
 [241.           0.2464       0.05477956]
 [242.           0.2498       0.05196825]
 [243.           0.2534       0.05282803]
 [244.           0.2502       0.04642951]
 [245.           0.24000001   0.04439031]
 [246.           0.23600002   0.03602777]
 [247.           0.23660003   0.0398911 ]
 [248.           0.2386       0.0430093 ]
 [249.           0.2428       0.0343686 ]
 [250.           0.249        0.03072459]
 [251.           0.2588       0.03546407]
 [252.           0.26299998   0.0261916 ]
 [253.           0.2572       0.01837662]
 [254.           0.2502       0.02603267]
 [255.           0.2472       0.04403066]
 [256.           0.2382       0.05392775]
 [257.           0.23699999   0.05935908]
 [258.           0.23800002   0.0712285 ]
 [259.           0.2398       0.06111219]
 [260.           0.2402       0.05519692]
 [261.           0.2452       0.05214594]
 [262.           0.24340001   0.04570886]
 [263.           0.22740002   0.03559916]
 [264.           0.2256       0.03220715]
 [265.           0.2244       0.03340359]
 [266.           0.2266       0.03468141]
 [267.           0.22940002   0.03461647]
 [268.           0.23319998   0.0409231 ]
 [269.           0.23800002   0.05545718]
 [270.           0.2392       0.06041273]
 [271.           0.244        0.05919037]
 [272.           0.2568       0.05152863]
 [273.           0.2764       0.04693932]
 [274.           0.2822       0.03923902]
 [275.           0.28         0.02564176]
 [276.           0.2626       0.02430638]
 [277.           0.2418       0.03398088]
 [278.           0.24080001   0.03168911]
 [279.           0.24099998   0.04070012]
 [280.           0.24159999   0.04003498]
 [281.           0.239        0.03921734]
 [282.           0.24080002   0.04219242]
 [283.           0.24559999   0.05285641]
 [284.           0.2474       0.05626989]
 [285.           0.24720001   0.05214595]
 [286.           0.2454       0.04936903]
 [287.           0.2428       0.04970613]
 [288.           0.2412       0.03884843]
 [289.           0.2342       0.01859301]
 [290.           0.23480001   0.01551451]
 [291.           0.2404       0.02191574]
 [292.           0.24200001   0.02583602]
 [293.           0.24800001   0.02409357]
 [294.           0.25480002   0.02418057]
 [295.           0.2664       0.03579525]
 [296.           0.258        0.05085272]
 [297.           0.2494       0.05195479]
 [298.           0.2352       0.04862304]
 [299.           0.2264       0.04563222]
 [300.           0.2306       0.04355801]
 [301.           0.2332       0.04692762]
 [302.           0.2474       0.04441058]
 [303.           0.2578       0.0453288 ]
 [304.           0.2698       0.05254712]
 [305.           0.279        0.04691481]
 [306.           0.27120003   0.04789781]
 [307.           0.2654       0.04490323]
 [308.           0.25820002   0.03866782]
 [309.           0.2494       0.03750067]
 [310.           0.2388       0.03311646]
 [311.           0.23839998   0.02677312]
 [312.           0.2388       0.02443768]
 [313.           0.24059999   0.02381806]
 [314.           0.2354       0.02978758]
 [315.           0.23480001   0.03140382]
 [316.           0.23380001   0.03185436]
 [317.           0.23940001   0.02260088]
 [318.           0.24499999   0.03108859]
 [319.           0.24759999   0.04471353]
 [320.           0.24679999   0.04010237]
 [321.           0.2474       0.03519659]
 [322.           0.24459998   0.03170646]
 [323.           0.2436       0.03283747]
 [324.           0.2464       0.04237689]
 [325.           0.25180003   0.05763418]
 [326.           0.2488       0.06487449]
 [327.           0.2534       0.06311736]
 [328.           0.2556       0.06364981]
 [329.           0.24679999   0.05472843]
 [330.           0.23600002   0.05037361]
 [331.           0.22719999   0.04394542]
 [332.           0.22000001   0.03601389]
 [333.           0.2294       0.03045982]
 [334.           0.2412       0.02762607]
 [335.           0.25320002   0.02562615]
 [336.           0.262        0.02088062]
 [337.           0.2672       0.02300435]
 [338.           0.26860002   0.02586117]
 [339.           0.263        0.03302272]
 [340.           0.25359997   0.04992794]
 [341.           0.24819998   0.06156866]
 [342.           0.24720001   0.06247159]
 [343.           0.255        0.06208462]
 [344.           0.26540002   0.0625084 ]
 [345.           0.2758       0.06381772]
 [346.           0.2796       0.05824345]
 [347.           0.2768       0.05625123]
 [348.           0.2674       0.04871139]
 [349.           0.2526       0.03723305]
 [350.           0.24000001   0.03631803]
 [351.           0.23959999   0.03639779]
 [352.           0.2392       0.03449928]
 [353.           0.24560001   0.03886258]
 [354.           0.249        0.04661009]
 [355.           0.25120002   0.05196827]
 [356.           0.25180003   0.06082516]
 [357.           0.2524       0.06591129]
 [358.           0.2534       0.06762617]
 [359.           0.25460002   0.06477113]
 [360.           0.2558       0.0610467 ]
 [361.           0.25640002   0.06012321]
 [362.           0.25640002   0.05357518]
 [363.           0.2552       0.04522389]
 [364.           0.2552       0.04638103]
 [365.           0.255        0.0488774 ]
 [366.           0.252        0.043589  ]
 [367.           0.2474       0.04276447]
 [368.           0.24199998   0.03507848]
 [369.           0.245        0.04959839]
 [370.           0.2538       0.05393237]
 [371.           0.2558       0.05960873]
 [372.           0.25180003   0.05898899]
 [373.           0.2498       0.04850464]
 [374.           0.24660002   0.0422469 ]
 [375.           0.24560001   0.03993495]
 [376.           0.23919998   0.0377452 ]
 [377.           0.23600002   0.04280771]
 [378.           0.2354       0.04842313]
 [379.           0.24239998   0.04989288]
 [380.           0.2536       0.05590886]
 [381.           0.25640002   0.05115467]
 [382.           0.25900003   0.05227332]
 [383.           0.2654       0.05282329]
 [384.           0.2684       0.0563631 ]
 [385.           0.2674       0.05554098]
 [386.           0.2538       0.0604293 ]
 [387.           0.24319999   0.05460036]
 [388.           0.2346       0.03332865]
 [389.           0.23400001   0.025     ]
 [390.           0.24679999   0.01145425]
 [391.           0.25040004   0.01586821]
 [392.           0.25460002   0.02439877]
 [393.           0.2644       0.03289833]
 [394.           0.2732       0.04128801]
 [395.           0.2782       0.04890501]
 [396.           0.2754       0.05288478]
 [397.           0.2698       0.05947856]
 [398.           0.2578       0.05358358]
 [399.           0.25300002   0.05273519]
 [400.           0.254        0.04905609]]
Dataset       :Computers
Model         :GCN
Conden ratio  :0.5
GC            :5
LearnA        :0
Max Test Accuracy:
0.363
Best Result: Epoch   Acc  Std.
               274 0.2822  0.0392
