Set seed
Model Cheby
--------------------------------------------------
The 1th iteration:
--------------------------------------------------
--------------------------------------------------
The 2th iteration:
--------------------------------------------------
--------------------------------------------------
The 3th iteration:
--------------------------------------------------
--------------------------------------------------
The 4th iteration:
--------------------------------------------------
--------------------------------------------------
The 5th iteration:
--------------------------------------------------
[[  1.           0.10960001   0.00965919]
 [  2.           0.1048       0.00443847]
 [  3.           0.1024       0.0031305 ]
 [  4.           0.10820001   0.01261745]
 [  5.           0.1112       0.01454991]
 [  6.           0.1188       0.03294237]
 [  7.           0.1332       0.05633116]
 [  8.           0.1434       0.06570616]
 [  9.           0.147        0.06547137]
 [ 10.           0.1468       0.06244757]
 [ 11.           0.1468       0.06179563]
 [ 12.           0.156        0.06918815]
 [ 13.           0.15900002   0.06829715]
 [ 14.           0.175        0.0592326 ]
 [ 15.           0.18620001   0.05836694]
 [ 16.           0.1912       0.06127561]
 [ 17.           0.2004       0.06622914]
 [ 18.           0.21880002   0.08074465]
 [ 19.           0.23080002   0.09451825]
 [ 20.           0.23340002   0.09767446]
 [ 21.           0.235        0.10002   ]
 [ 22.           0.2366       0.09992397]
 [ 23.           0.2392       0.10178997]
 [ 24.           0.24220002   0.09925322]
 [ 25.           0.2428       0.09970808]
 [ 26.           0.2438       0.10033295]
 [ 27.           0.2454       0.09946506]
 [ 28.           0.246        0.09780849]
 [ 29.           0.24780002   0.09656709]
 [ 30.           0.25100002   0.09504472]
 [ 31.           0.2534       0.09566766]
 [ 32.           0.2558       0.09628447]
 [ 33.           0.261        0.09601041]
 [ 34.           0.2682       0.09642977]
 [ 35.           0.2738       0.09167987]
 [ 36.           0.27800003   0.08765843]
 [ 37.           0.2846       0.08062754]
 [ 38.           0.29160002   0.07559299]
 [ 39.           0.2956       0.0741539 ]
 [ 40.           0.3004       0.07165403]
 [ 41.           0.3032       0.06949244]
 [ 42.           0.30539998   0.06721459]
 [ 43.           0.30679998   0.06568637]
 [ 44.           0.30960003   0.06339794]
 [ 45.           0.3124       0.06218762]
 [ 46.           0.3152       0.06012237]
 [ 47.           0.3174       0.05816614]
 [ 48.           0.31960002   0.05441323]
 [ 49.           0.3218       0.05228479]
 [ 50.           0.32360002   0.0503319 ]
 [ 51.           0.326        0.04766025]
 [ 52.           0.3278       0.04536189]
 [ 53.           0.32940003   0.043108  ]
 [ 54.           0.3304       0.04166893]
 [ 55.           0.33220002   0.03957524]
 [ 56.           0.33580002   0.03612756]
 [ 57.           0.3386       0.03408518]
 [ 58.           0.3416       0.03338112]
 [ 59.           0.34260002   0.03275361]
 [ 60.           0.34300002   0.03290135]
 [ 61.           0.3448       0.03259141]
 [ 62.           0.3462       0.03139586]
 [ 63.           0.3484       0.03130974]
 [ 64.           0.3496       0.03202029]
 [ 65.           0.3498       0.03213565]
 [ 66.           0.3506       0.03228465]
 [ 67.           0.3512       0.03226764]
 [ 68.           0.3526       0.03361993]
 [ 69.           0.3544       0.03596943]
 [ 70.           0.35520002   0.03637582]
 [ 71.           0.35600004   0.03624914]
 [ 72.           0.35680002   0.03641016]
 [ 73.           0.35779998   0.03673146]
 [ 74.           0.3592       0.03653354]
 [ 75.           0.3606       0.03727333]
 [ 76.           0.3612       0.03817984]
 [ 77.           0.362        0.03942716]
 [ 78.           0.36279997   0.03917525]
 [ 79.           0.363        0.03950317]
 [ 80.           0.3638       0.03973915]
 [ 81.           0.364        0.03962322]
 [ 82.           0.364        0.03938909]
 [ 83.           0.3644       0.03942461]
 [ 84.           0.3644       0.03942461]
 [ 85.           0.36499998   0.03871046]
 [ 86.           0.36560002   0.03883041]
 [ 87.           0.3662       0.03922626]
 [ 88.           0.3666       0.03928486]
 [ 89.           0.3664       0.0395765 ]
 [ 90.           0.36699998   0.04017463]
 [ 91.           0.3672       0.04053025]
 [ 92.           0.367        0.04147289]
 [ 93.           0.3668       0.04242287]
 [ 94.           0.3666       0.04251234]
 [ 95.           0.36620003   0.04311263]
 [ 96.           0.36639997   0.04412255]
 [ 97.           0.3666       0.04382121]
 [ 98.           0.36699998   0.04322613]
 [ 99.           0.3672       0.0429325 ]
 [100.           0.36760002   0.04301511]
 [101.           0.3678       0.0438372 ]
 [102.           0.36780003   0.04385431]
 [103.           0.36859998   0.04311381]
 [104.           0.3688       0.0428334 ]
 [105.           0.369        0.04255586]
 [106.           0.3692       0.04267553]
 [107.           0.3692       0.04267553]
 [108.           0.3694       0.04240047]
 [109.           0.3694       0.04240047]
 [110.           0.37         0.04159326]
 [111.           0.37060001   0.04132554]
 [112.           0.37080002   0.04124561]
 [113.           0.3708       0.04080072]
 [114.           0.3712       0.04080686]
 [115.           0.372        0.04034228]
 [116.           0.37240002   0.03936115]
 [117.           0.37240002   0.03916375]
 [118.           0.37320003   0.03913055]
 [119.           0.3738       0.03935986]
 [120.           0.374        0.03910243]
 [121.           0.3742       0.03903461]
 [122.           0.37460002   0.03912544]
 [123.           0.375        0.03945249]
 [124.           0.3756       0.0389782 ]
 [125.           0.37660003   0.03897821]
 [126.           0.37680003   0.03848635]
 [127.           0.3768       0.03827141]
 [128.           0.37700003   0.03845127]
 [129.           0.3772       0.03842134]
 [130.           0.37780002   0.03787743]
 [131.           0.37800002   0.03762313]
 [132.           0.37820002   0.03800263]
 [133.           0.3784       0.03838358]
 [134.           0.37820002   0.03841485]
 [135.           0.37800002   0.03845127]
 [136.           0.3776       0.0385396 ]
 [137.           0.3778       0.03849286]
 [138.           0.37800002   0.03845127]
 [139.           0.3778       0.03849286]
 [140.           0.37820002   0.03863548]
 [141.           0.37820002   0.03920715]
 [142.           0.37820002   0.03916249]
 [143.           0.37820002   0.03916249]
 [144.           0.37820002   0.03974543]
 [145.           0.37820002   0.03974543]
 [146.           0.378        0.03979322]
 [147.           0.37780002   0.04029517]
 [148.           0.37780002   0.04044379]
 [149.           0.3778       0.04105729]
 [150.           0.378        0.04083503]
 [151.           0.378        0.04083503]
 [152.           0.37820002   0.04108163]
 [153.           0.37820002   0.0406165 ]
 [154.           0.37820002   0.0406165 ]
 [155.           0.37820002   0.0406165 ]
 [156.           0.37820002   0.0406165 ]
 [157.           0.37820002   0.0406165 ]
 [158.           0.378        0.04068783]
 [159.           0.37820002   0.04108163]
 [160.           0.3778       0.04123954]
 [161.           0.3778       0.04123954]
 [162.           0.3776       0.04132553]
 [163.           0.3776       0.04132553]
 [164.           0.3776       0.04132553]
 [165.           0.37739998   0.04141618]
 [166.           0.3778       0.0416077 ]
 [167.           0.3776       0.04170492]
 [168.           0.378        0.04200596]
 [169.           0.3784       0.04280538]
 [170.           0.3784       0.04280538]
 [171.           0.3784       0.04280538]
 [172.           0.3784       0.04280538]
 [173.           0.3786       0.04260634]
 [174.           0.3788       0.04251117]
 [175.           0.3788       0.04251117]
 [176.           0.3784       0.04289288]
 [177.           0.3784       0.04300348]
 [178.           0.3788       0.04320533]
 [179.           0.37860003   0.04313121]
 [180.           0.3784       0.0430616 ]
 [181.           0.3784       0.0430616 ]
 [182.           0.3784       0.0430616 ]
 [183.           0.3786       0.04286959]
 [184.           0.3786       0.04286959]
 [185.           0.3788       0.04268138]
 [186.           0.3786       0.04286959]
 [187.           0.3786       0.04286959]
 [188.           0.3786       0.04286959]
 [189.           0.3788       0.04268138]
 [190.           0.37919998   0.04290339]
 [191.           0.37919998   0.04290339]
 [192.           0.37939999   0.04331051]
 [193.           0.37939999   0.04331051]
 [194.           0.3796       0.04371843]
 [195.           0.3796       0.04371843]
 [196.           0.37999997   0.04334167]
 [197.           0.3802       0.04375156]
 [198.           0.3802       0.04375156]
 [199.           0.3802       0.04375156]
 [200.           0.3802       0.04375156]
 [201.           0.3802       0.04375156]
 [202.           0.3802       0.04375156]
 [203.           0.3802       0.04375156]
 [204.           0.3802       0.04375156]
 [205.           0.38         0.04393176]
 [206.           0.38         0.04393176]
 [207.           0.38         0.04393176]
 [208.           0.38         0.04393176]
 [209.           0.38         0.04393176]
 [210.           0.37960002   0.0443035 ]
 [211.           0.37960002   0.0443035 ]
 [212.           0.37960002   0.0443035 ]
 [213.           0.3798       0.04411576]
 [214.           0.3798       0.04411576]
 [215.           0.3798       0.04411576]
 [216.           0.38         0.04393176]
 [217.           0.38         0.04393176]
 [218.           0.38         0.04393176]
 [219.           0.38         0.04393176]
 [220.           0.38         0.04393176]
 [221.           0.38         0.04393176]
 [222.           0.38         0.04393176]
 [223.           0.38         0.04393176]
 [224.           0.38         0.04393176]
 [225.           0.3804       0.04357522]
 [226.           0.3804       0.04357522]
 [227.           0.3804       0.04357522]
 [228.           0.3804       0.04416221]
 [229.           0.3804       0.04416221]
 [230.           0.3804       0.04416221]
 [231.           0.3806       0.04398638]
 [232.           0.3806       0.04398638]
 [233.           0.3806       0.04398638]
 [234.           0.3806       0.04398638]
 [235.           0.3808       0.04381439]
 [236.           0.3808       0.04381439]
 [237.           0.3808       0.04381439]
 [238.           0.3808       0.04381439]
 [239.           0.381        0.04364633]
 [240.           0.38120002   0.04348219]
 [241.           0.38120002   0.04348219]
 [242.           0.38120002   0.04348219]
 [243.           0.38120002   0.04348219]
 [244.           0.38120002   0.04348219]
 [245.           0.38120002   0.04348219]
 [246.           0.38120002   0.04348219]
 [247.           0.38140002   0.04332206]
 [248.           0.38140002   0.04332206]
 [249.           0.38140002   0.04332206]
 [250.           0.38140002   0.04332206]
 [251.           0.38140002   0.04332206]
 [252.           0.38140002   0.04332206]
 [253.           0.38140002   0.04332206]
 [254.           0.38140002   0.04332206]
 [255.           0.38140002   0.04332206]
 [256.           0.38140002   0.04332206]
 [257.           0.38140002   0.04332206]
 [258.           0.38180003   0.04301396]
 [259.           0.38180003   0.04301396]
 [260.           0.382        0.0434281 ]
 [261.           0.382        0.0434281 ]
 [262.           0.382        0.0434281 ]
 [263.           0.3818       0.04357981]
 [264.           0.382        0.0434281 ]
 [265.           0.38219997   0.04328049]
 [266.           0.382        0.04349137]
 [267.           0.3822       0.04334974]
 [268.           0.3824       0.04321226]
 [269.           0.3824       0.04321226]
 [270.           0.3824       0.04321226]
 [271.           0.3824       0.04321226]
 [272.           0.3822       0.04334974]
 [273.           0.3822       0.04334974]
 [274.           0.3822       0.04334974]
 [275.           0.3822       0.04334974]
 [276.           0.382        0.04349137]
 [277.           0.382        0.04405112]
 [278.           0.382        0.04405112]
 [279.           0.3814       0.0444556 ]
 [280.           0.3814       0.0444556 ]
 [281.           0.3812       0.04461167]
 [282.           0.3812       0.04461167]
 [283.           0.3814       0.0444556 ]
 [284.           0.38120002   0.04440947]
 [285.           0.38120002   0.04440947]
 [286.           0.3814       0.04482521]
 [287.           0.3814       0.04482521]
 [288.           0.3816       0.04467437]
 [289.           0.3818       0.04452752]
 [290.           0.382        0.04438468]
 [291.           0.3822       0.0442459 ]
 [292.           0.3822       0.0442459 ]
 [293.           0.3822       0.0442459 ]
 [294.           0.3822       0.0442459 ]
 [295.           0.3822       0.0442459 ]
 [296.           0.3822       0.0442459 ]
 [297.           0.3822       0.0442459 ]
 [298.           0.3822       0.0442459 ]
 [299.           0.3822       0.0442459 ]
 [300.           0.3822       0.0442459 ]
 [301.           0.3822       0.0442459 ]
 [302.           0.3824       0.04411122]
 [303.           0.3822       0.0442459 ]
 [304.           0.3822       0.0442459 ]
 [305.           0.3822       0.0442459 ]
 [306.           0.3822       0.0442459 ]
 [307.           0.3824       0.04411122]
 [308.           0.3822       0.0442459 ]
 [309.           0.3824       0.04411122]
 [310.           0.3824       0.04411122]
 [311.           0.3824       0.04411122]
 [312.           0.3824       0.04411122]
 [313.           0.3826       0.04452864]
 [314.           0.3826       0.04452864]
 [315.           0.3826       0.04452864]
 [316.           0.3826       0.04452864]
 [317.           0.3824       0.04466318]
 [318.           0.3824       0.04466318]
 [319.           0.3824       0.04466318]
 [320.           0.3824       0.04466318]
 [321.           0.3822       0.04480178]
 [322.           0.3822       0.04480178]
 [323.           0.3822       0.04480178]
 [324.           0.382        0.04494441]
 [325.           0.382        0.04494441]
 [326.           0.3822       0.04536188]
 [327.           0.3822       0.04536188]
 [328.           0.3822       0.04536188]
 [329.           0.3822       0.04536188]
 [330.           0.3822       0.04536188]
 [331.           0.3822       0.04536188]
 [332.           0.3822       0.04536188]
 [333.           0.3822       0.04536188]
 [334.           0.3822       0.04536188]
 [335.           0.3822       0.04536188]
 [336.           0.3822       0.04536188]
 [337.           0.3822       0.04536188]
 [338.           0.3822       0.04536188]
 [339.           0.3822       0.04536188]
 [340.           0.3822       0.04536188]
 [341.           0.3822       0.04536188]
 [342.           0.3822       0.04536188]
 [343.           0.3822       0.04536188]
 [344.           0.3822       0.04536188]
 [345.           0.3822       0.04536188]
 [346.           0.3822       0.04536188]
 [347.           0.3822       0.04536188]
 [348.           0.3822       0.04536188]
 [349.           0.3822       0.04536188]
 [350.           0.3822       0.04536188]
 [351.           0.3822       0.04536188]
 [352.           0.3824       0.04525816]
 [353.           0.3822       0.04536188]
 [354.           0.3822       0.04536188]
 [355.           0.382        0.04546978]
 [356.           0.3822       0.04536188]
 [357.           0.3824       0.04525816]
 [358.           0.3822       0.04536188]
 [359.           0.382        0.04546978]
 [360.           0.3822       0.04536188]
 [361.           0.3822       0.04536188]
 [362.           0.382        0.04546978]
 [363.           0.3822       0.04536188]
 [364.           0.3822       0.04536188]
 [365.           0.3822       0.04536188]
 [366.           0.3822       0.04536188]
 [367.           0.3822       0.04536188]
 [368.           0.3822       0.04536188]
 [369.           0.3822       0.04536188]
 [370.           0.3824       0.04521946]
 [371.           0.3824       0.04521946]
 [372.           0.3824       0.04521946]
 [373.           0.3824       0.04521946]
 [374.           0.3824       0.04521946]
 [375.           0.3824       0.04521946]
 [376.           0.3824       0.04521946]
 [377.           0.3824       0.04521946]
 [378.           0.3824       0.04521946]
 [379.           0.3824       0.04521946]
 [380.           0.3824       0.04521946]
 [381.           0.3824       0.04521946]
 [382.           0.3824       0.04521946]
 [383.           0.3824       0.04521946]
 [384.           0.3822       0.04536188]
 [385.           0.3822       0.04536188]
 [386.           0.3822       0.04536188]
 [387.           0.3822       0.04536188]
 [388.           0.3824       0.04521946]
 [389.           0.3822       0.04536188]
 [390.           0.3824       0.04521946]
 [391.           0.3822       0.04536188]
 [392.           0.3824       0.04521946]
 [393.           0.3824       0.04521946]
 [394.           0.3824       0.04521946]
 [395.           0.3824       0.04521946]
 [396.           0.3824       0.04521946]
 [397.           0.3824       0.04521946]
 [398.           0.3824       0.04521946]
 [399.           0.3824       0.04521946]
 [400.           0.3824       0.04521946]]
Dataset       :Computers
Model         :Cheby
Conden ratio  :0.25
GC            :5
LearnA        :1
Max Test Accuracy:
0.458
Best Result: Epoch   Acc  Std.
               313 0.3826  0.0445
