Set seed
Model SGC
--------------------------------------------------
The 1th iteration:
--------------------------------------------------
--------------------------------------------------
The 2th iteration:
--------------------------------------------------
--------------------------------------------------
The 3th iteration:
--------------------------------------------------
--------------------------------------------------
The 4th iteration:
--------------------------------------------------
--------------------------------------------------
The 5th iteration:
--------------------------------------------------
[[  1.           0.0936       0.01785497]
 [  2.           0.111        0.02196588]
 [  3.           0.1138       0.02072921]
 [  4.           0.1214       0.03603886]
 [  5.           0.09940001   0.00568331]
 [  6.           0.1194       0.0304516 ]
 [  7.           0.1132       0.04046851]
 [  8.           0.1354       0.03710525]
 [  9.           0.1348       0.03017781]
 [ 10.           0.1096       0.02247888]
 [ 11.           0.10439999   0.01530686]
 [ 12.           0.11180001   0.02376342]
 [ 13.           0.12100001   0.0396043 ]
 [ 14.           0.12560001   0.04350057]
 [ 15.           0.133        0.050005  ]
 [ 16.           0.1574       0.05999416]
 [ 17.           0.16160001   0.0523622 ]
 [ 18.           0.159        0.04890297]
 [ 19.           0.1718       0.06632647]
 [ 20.           0.17480001   0.06978323]
 [ 21.           0.1606       0.04787797]
 [ 22.           0.15840001   0.04287541]
 [ 23.           0.15820001   0.04081299]
 [ 24.           0.1592       0.04117888]
 [ 25.           0.16         0.03903844]
 [ 26.           0.16260001   0.03563425]
 [ 27.           0.16540001   0.03686869]
 [ 28.           0.16540001   0.03890116]
 [ 29.           0.1678       0.04054874]
 [ 30.           0.1682       0.04070872]
 [ 31.           0.1688       0.04094753]
 [ 32.           0.1682       0.03726526]
 [ 33.           0.1736       0.0323311 ]
 [ 34.           0.1756       0.02710719]
 [ 35.           0.17760001   0.02655748]
 [ 36.           0.17840001   0.02433722]
 [ 37.           0.18120001   0.02545977]
 [ 38.           0.1822       0.02609023]
 [ 39.           0.18339999   0.02800536]
 [ 40.           0.18620001   0.02906372]
 [ 41.           0.188        0.0285482 ]
 [ 42.           0.18800001   0.02841654]
 [ 43.           0.18740001   0.02683841]
 [ 44.           0.1882       0.02616677]
 [ 45.           0.1888       0.02692025]
 [ 46.           0.189        0.02782984]
 [ 47.           0.18959999   0.02790699]
 [ 48.           0.1904       0.02850088]
 [ 49.           0.1908       0.02876108]
 [ 50.           0.1922       0.02786934]
 [ 51.           0.193        0.02700926]
 [ 52.           0.194        0.02565151]
 [ 53.           0.1948       0.02599423]
 [ 54.           0.19540001   0.02572548]
 [ 55.           0.1976       0.02759167]
 [ 56.           0.1974       0.02735508]
 [ 57.           0.19700001   0.02686075]
 [ 58.           0.19819999   0.02781546]
 [ 59.           0.1994       0.02890156]
 [ 60.           0.2014       0.03059902]
 [ 61.           0.20240001   0.03186378]
 [ 62.           0.20240001   0.03279177]
 [ 63.           0.2024       0.03366452]
 [ 64.           0.203        0.03344398]
 [ 65.           0.2034       0.03396027]
 [ 66.           0.20279999   0.0337298 ]
 [ 67.           0.20300002   0.03426369]
 [ 68.           0.2026       0.03471743]
 [ 69.           0.20320001   0.03476638]
 [ 70.           0.20280002   0.0345355 ]
 [ 71.           0.2026       0.03485397]
 [ 72.           0.2026       0.03482528]
 [ 73.           0.20279999   0.03541469]
 [ 74.           0.2016       0.03421695]
 [ 75.           0.201        0.03478505]
 [ 76.           0.19960001   0.03464534]
 [ 77.           0.1982       0.03361101]
 [ 78.           0.1982       0.03363332]
 [ 79.           0.19700001   0.03388214]
 [ 80.           0.1962       0.03417163]
 [ 81.           0.1956       0.0344427 ]
 [ 82.           0.1954       0.03460202]
 [ 83.           0.1954       0.0352037 ]
 [ 84.           0.19500001   0.03542598]
 [ 85.           0.19420001   0.03589151]
 [ 86.           0.193        0.03554575]
 [ 87.           0.1926       0.03519659]
 [ 88.           0.1922       0.03516675]
 [ 89.           0.19280002   0.03564687]
 [ 90.           0.19160001   0.03463813]
 [ 91.           0.1912       0.03476636]
 [ 92.           0.1902       0.03498142]
 [ 93.           0.1904       0.03500428]
 [ 94.           0.19060001   0.03469582]
 [ 95.           0.1906       0.0349471 ]
 [ 96.           0.19000001   0.03464823]
 [ 97.           0.19000001   0.0350856 ]
 [ 98.           0.19000001   0.03450362]
 [ 99.           0.1892       0.03365561]
 [100.           0.189        0.03367491]
 [101.           0.1894       0.03351566]
 [102.           0.189        0.03348133]
 [103.           0.1888       0.03344698]
 [104.           0.18859999   0.03291352]
 [105.           0.18800001   0.0325346 ]
 [106.           0.1872       0.0312522 ]
 [107.           0.1872       0.03067898]
 [108.           0.187        0.0297069 ]
 [109.           0.18699999   0.02915476]
 [110.           0.1866       0.02884961]
 [111.           0.186        0.02808024]
 [112.           0.186        0.02754088]
 [113.           0.1854       0.02627355]
 [114.           0.1852       0.02664019]
 [115.           0.185        0.02682349]
 [116.           0.18480001   0.0263856 ]
 [117.           0.18480001   0.02576238]
 [118.           0.1848       0.02396247]
 [119.           0.1848       0.02396247]
 [120.           0.1852       0.0232637 ]
 [121.           0.1854       0.02308246]
 [122.           0.1854       0.02256768]
 [123.           0.18480001   0.02125324]
 [124.           0.1844       0.02037891]
 [125.           0.184        0.02013703]
 [126.           0.18380001   0.01851216]
 [127.           0.18400002   0.01845264]
 [128.           0.18380001   0.01801943]
 [129.           0.18340002   0.01715518]
 [130.           0.18280001   0.01586505]
 [131.           0.18240002   0.01501   ]
 [132.           0.1822       0.01413152]
 [133.           0.182        0.01371131]
 [134.           0.1816       0.01246195]
 [135.           0.18180001   0.01221475]
 [136.           0.1814       0.01139298]
 [137.           0.18120001   0.01098636]
 [138.           0.181        0.01022252]
 [139.           0.181        0.01022252]
 [140.           0.181        0.01022252]
 [141.           0.181        0.01022252]
 [142.           0.181        0.01022252]
 [143.           0.181        0.01022252]
 [144.           0.1808       0.01049761]
 [145.           0.1808       0.01049761]
 [146.           0.1808       0.01049761]
 [147.           0.18120001   0.00995992]
 [148.           0.18120001   0.00995992]
 [149.           0.18139999   0.00971082]
 [150.           0.1814       0.00937016]
 [151.           0.1814       0.00937016]
 [152.           0.18120001   0.00898332]
 [153.           0.18100001   0.00860233]
 [154.           0.18100001   0.00860233]
 [155.           0.18100001   0.00860233]
 [156.           0.18100001   0.00860233]
 [157.           0.18120001   0.00834866]
 [158.           0.1814       0.00844394]
 [159.           0.1814       0.00844394]
 [160.           0.18160002   0.00820366]
 [161.           0.18160002   0.00820366]
 [162.           0.18140002   0.00782944]
 [163.           0.18160002   0.00763545]
 [164.           0.18160002   0.00763545]
 [165.           0.18160002   0.00763545]
 [166.           0.18160002   0.00763545]
 [167.           0.18160002   0.00763545]
 [168.           0.18180001   0.00775887]
 [169.           0.1816       0.00782944]
 [170.           0.1816       0.00782944]
 [171.           0.1812       0.0071204 ]
 [172.           0.1812       0.0071204 ]
 [173.           0.1812       0.0066106 ]
 [174.           0.1812       0.0066106 ]
 [175.           0.1812       0.0066106 ]
 [176.           0.1808       0.00637966]
 [177.           0.1806       0.0060663 ]
 [178.           0.1806       0.0060663 ]
 [179.           0.1806       0.0060663 ]
 [180.           0.1806       0.0060663 ]
 [181.           0.1806       0.0060663 ]
 [182.           0.1806       0.0060663 ]
 [183.           0.1806       0.0060663 ]
 [184.           0.1806       0.0060663 ]
 [185.           0.1806       0.0060663 ]
 [186.           0.1806       0.0060663 ]
 [187.           0.1808       0.00593296]
 [188.           0.1808       0.00593296]
 [189.           0.1806       0.00572713]
 [190.           0.1806       0.00572713]
 [191.           0.1806       0.00572713]
 [192.           0.1804       0.00585662]
 [193.           0.18020001   0.00597495]
 [194.           0.18020001   0.00597495]
 [195.           0.17980002   0.00535724]
 [196.           0.1796       0.00507937]
 [197.           0.1796       0.00507937]
 [198.           0.17980002   0.00496991]
 [199.           0.18         0.00489898]
 [200.           0.18         0.00489898]
 [201.           0.18         0.00489898]
 [202.           0.18         0.00489898]
 [203.           0.18         0.00489898]
 [204.           0.18         0.00489898]
 [205.           0.18         0.00489898]
 [206.           0.17980002   0.00465833]
 [207.           0.17999999   0.00452769]
 [208.           0.17999999   0.00452769]
 [209.           0.17999999   0.00452769]
 [210.           0.17999999   0.00452769]
 [211.           0.17999999   0.00452769]
 [212.           0.18020001   0.00443847]
 [213.           0.18020001   0.00443847]
 [214.           0.1798       0.00396233]
 [215.           0.1796       0.00371484]
 [216.           0.1796       0.00371484]
 [217.           0.1794       0.00409878]
 [218.           0.1796       0.0043359 ]
 [219.           0.17980002   0.00432435]
 [220.           0.17980002   0.00432435]
 [221.           0.17980002   0.00432435]
 [222.           0.1794       0.00403733]
 [223.           0.1794       0.00403733]
 [224.           0.17920001   0.00396233]
 [225.           0.17920001   0.00396233]
 [226.           0.17920001   0.00396233]
 [227.           0.17920001   0.00396233]
 [228.           0.1796       0.00403734]
 [229.           0.1796       0.00403734]
 [230.           0.1796       0.00403734]
 [231.           0.1796       0.00403734]
 [232.           0.1796       0.00403734]
 [233.           0.17940001   0.00397493]
 [234.           0.17940001   0.00397493]
 [235.           0.17940001   0.00397493]
 [236.           0.17920001   0.00396233]
 [237.           0.17920001   0.00408657]
 [238.           0.17940001   0.00421901]
 [239.           0.179        0.00406203]
 [240.           0.17920001   0.00396233]
 [241.           0.17920001   0.00396233]
 [242.           0.179        0.003937  ]
 [243.           0.179        0.003937  ]
 [244.           0.17940001   0.00403732]
 [245.           0.17940001   0.00403732]
 [246.           0.17920001   0.00389871]
 [247.           0.17920001   0.00389871]
 [248.           0.17920001   0.00414729]
 [249.           0.17920001   0.00476445]
 [250.           0.17940001   0.00487852]
 [251.           0.17940001   0.00487852]
 [252.           0.17940001   0.00487852]
 [253.           0.17940001   0.00487852]
 [254.           0.17940001   0.00487852]
 [255.           0.17940001   0.00517687]
 [256.           0.17940001   0.00517687]
 [257.           0.17940001   0.00517687]
 [258.           0.1792       0.00554076]
 [259.           0.1792       0.00554076]
 [260.           0.1792       0.00554076]
 [261.           0.1792       0.00554076]
 [262.           0.179        0.00648074]
 [263.           0.1788       0.0066106 ]
 [264.           0.1788       0.0066106 ]
 [265.           0.1788       0.0066106 ]
 [266.           0.1788       0.0066106 ]
 [267.           0.1788       0.0066106 ]
 [268.           0.1788       0.0066106 ]
 [269.           0.1788       0.0066106 ]
 [270.           0.1788       0.0066106 ]
 [271.           0.1788       0.0066106 ]
 [272.           0.1788       0.0066106 ]
 [273.           0.1792       0.00637965]
 [274.           0.1792       0.00637965]
 [275.           0.179        0.00674537]
 [276.           0.1788       0.00690652]
 [277.           0.1788       0.00690652]
 [278.           0.1788       0.00690652]
 [279.           0.1788       0.00690652]
 [280.           0.1786       0.00673052]
 [281.           0.1786       0.00673052]
 [282.           0.1788       0.00690652]
 [283.           0.1788       0.00690652]
 [284.           0.1786       0.00726636]
 [285.           0.1786       0.00726636]
 [286.           0.1786       0.00726636]
 [287.           0.1786       0.00726636]
 [288.           0.1786       0.00726636]
 [289.           0.1786       0.00726636]
 [290.           0.1786       0.00726636]
 [291.           0.1786       0.00726636]
 [292.           0.1784       0.00763544]
 [293.           0.1784       0.00763544]
 [294.           0.1784       0.00763544]
 [295.           0.1784       0.00763544]
 [296.           0.1784       0.0074364 ]
 [297.           0.1784       0.0074364 ]
 [298.           0.17819999   0.00779102]
 [299.           0.17819999   0.00779102]
 [300.           0.178        0.00796869]
 [301.           0.178        0.0083666 ]
 [302.           0.178        0.0083666 ]
 [303.           0.178        0.0083666 ]
 [304.           0.178        0.0083666 ]
 [305.           0.17819999   0.00858487]
 [306.           0.17819999   0.00858487]
 [307.           0.17819999   0.00858487]
 [308.           0.1786       0.00907193]
 [309.           0.1784       0.00882043]
 [310.           0.1784       0.00882043]
 [311.           0.1784       0.00882043]
 [312.           0.1786       0.00907193]
 [313.           0.1784       0.00882043]
 [314.           0.1782       0.00936482]
 [315.           0.1782       0.00936482]
 [316.           0.1782       0.00936482]
 [317.           0.1782       0.00936482]
 [318.           0.1782       0.00936482]
 [319.           0.178        0.00959166]
 [320.           0.17740001   0.01035857]
 [321.           0.17780001   0.01151955]
 [322.           0.17780001   0.01151955]
 [323.           0.17780001   0.01151955]
 [324.           0.17780001   0.01151955]
 [325.           0.17780001   0.01151955]
 [326.           0.1782       0.01215319]
 [327.           0.17840001   0.01248198]
 [328.           0.1786       0.01281795]
 [329.           0.1786       0.01281795]
 [330.           0.17840001   0.01304991]
 [331.           0.17840001   0.01304991]
 [332.           0.17840001   0.01304991]
 [333.           0.1782       0.01329285]
 [334.           0.17840001   0.01363084]
 [335.           0.17840001   0.01363084]
 [336.           0.178        0.01354622]
 [337.           0.178        0.01354622]
 [338.           0.178        0.01354622]
 [339.           0.1782       0.01388164]
 [340.           0.17840001   0.01422322]
 [341.           0.17840001   0.01422322]
 [342.           0.1782       0.01448102]
 [343.           0.1782       0.01448102]
 [344.           0.17840001   0.01453616]
 [345.           0.17840001   0.01479189]
 [346.           0.1786       0.01514266]
 [347.           0.1786       0.01514266]
 [348.           0.1786       0.01575753]
 [349.           0.1786       0.01575753]
 [350.           0.17840001   0.01597811]
 [351.           0.17840001   0.01597811]
 [352.           0.17840001   0.01597811]
 [353.           0.1782       0.0156269 ]
 [354.           0.1782       0.0156269 ]
 [355.           0.1782       0.0156269 ]
 [356.           0.178        0.01528071]
 [357.           0.1782       0.01505656]
 [358.           0.178        0.01528071]
 [359.           0.1778       0.01551451]
 [360.           0.1778       0.01551451]
 [361.           0.178        0.01585876]
 [362.           0.178        0.01585876]
 [363.           0.1782       0.01620803]
 [364.           0.1782       0.01620803]
 [365.           0.1782       0.01620803]
 [366.           0.1786       0.0169204 ]
 [367.           0.1786       0.0169204 ]
 [368.           0.1786       0.0169204 ]
 [369.           0.1788       0.01728294]
 [370.           0.1788       0.01728294]
 [371.           0.17840001   0.01715517]
 [372.           0.17840001   0.01715517]
 [373.           0.17840001   0.01715517]
 [374.           0.17840001   0.01715517]
 [375.           0.17840001   0.01715517]
 [376.           0.178        0.01704406]
 [377.           0.1782       0.01742699]
 [378.           0.1782       0.01742699]
 [379.           0.1782       0.01742699]
 [380.           0.1782       0.01742699]
 [381.           0.1782       0.01742699]
 [382.           0.1782       0.01742699]
 [383.           0.1782       0.01742699]
 [384.           0.1782       0.01742699]
 [385.           0.178        0.01742125]
 [386.           0.178        0.01742125]
 [387.           0.1778       0.0173839 ]
 [388.           0.1778       0.01746998]
 [389.           0.17819999   0.01772569]
 [390.           0.17819999   0.01772569]
 [391.           0.17819999   0.01772569]
 [392.           0.17819999   0.01786617]
 [393.           0.1778       0.01810249]
 [394.           0.1774       0.0174442 ]
 [395.           0.1774       0.0174442 ]
 [396.           0.1774       0.0174442 ]
 [397.           0.1774       0.0174442 ]
 [398.           0.1772       0.01728295]
 [399.           0.1772       0.01728295]
 [400.           0.1774       0.0174442 ]]
Dataset       :Computers
Model         :SGC
Conden ratio  :1.0
GC            :4
LearnA        :1
Max Test Accuracy:
0.278
Best Result: Epoch   Acc  Std.
               65 0.2034  0.0340
