Set seed
Model MLP
--------------------------------------------------
The 1th iteration:
--------------------------------------------------
--------------------------------------------------
The 2th iteration:
--------------------------------------------------
--------------------------------------------------
The 3th iteration:
--------------------------------------------------
--------------------------------------------------
The 4th iteration:
--------------------------------------------------
--------------------------------------------------
The 5th iteration:
--------------------------------------------------
[[  1.           0.126        0.05151213]
 [  2.           0.1238       0.04987184]
 [  3.           0.1056       0.0119708 ]
 [  4.           0.1028       0.00571839]
 [  5.           0.1012       0.00268328]
 [  6.           0.1006       0.00134164]
 [  7.           0.10039999   0.00089442]
 [  8.           0.10039999   0.00089442]
 [  9.           0.1002       0.00044721]
 [ 10.           0.1002       0.00044721]
 [ 11.           0.1          0.        ]
 [ 12.           0.1002       0.00044721]
 [ 13.           0.1002       0.00044721]
 [ 14.           0.1002       0.00044721]
 [ 15.           0.1008       0.00083666]
 [ 16.           0.114        0.02228228]
 [ 17.           0.14479999   0.04478504]
 [ 18.           0.15320002   0.04938319]
 [ 19.           0.16700001   0.06550191]
 [ 20.           0.182        0.07121797]
 [ 21.           0.2062       0.06976174]
 [ 22.           0.2264       0.05639415]
 [ 23.           0.24940002   0.04491437]
 [ 24.           0.261        0.04309293]
 [ 25.           0.2734       0.03623949]
 [ 26.           0.28480002   0.03028532]
 [ 27.           0.2904       0.02737335]
 [ 28.           0.29340002   0.02475481]
 [ 29.           0.29720002   0.02338162]
 [ 30.           0.2968       0.02426314]
 [ 31.           0.2974       0.02407904]
 [ 32.           0.30240002   0.02986302]
 [ 33.           0.3062       0.03369273]
 [ 34.           0.3122       0.04168575]
 [ 35.           0.3152       0.04559825]
 [ 36.           0.3172       0.04798644]
 [ 37.           0.31759998   0.04786752]
 [ 38.           0.3184       0.04973226]
 [ 39.           0.32000002   0.05158973]
 [ 40.           0.32000002   0.05174939]
 [ 41.           0.32020003   0.052098  ]
 [ 42.           0.32140002   0.05330854]
 [ 43.           0.32320002   0.05382565]
 [ 44.           0.3256       0.05679613]
 [ 45.           0.3268       0.05750391]
 [ 46.           0.3278       0.05681285]
 [ 47.           0.3318       0.05449495]
 [ 48.           0.3358       0.05331698]
 [ 49.           0.3386       0.05500272]
 [ 50.           0.3398       0.0565261 ]
 [ 51.           0.34260002   0.05664185]
 [ 52.           0.344        0.05531726]
 [ 53.           0.3472       0.05372337]
 [ 54.           0.3524       0.05151991]
 [ 55.           0.35500002   0.04978453]
 [ 56.           0.3584       0.04797187]
 [ 57.           0.363        0.04497221]
 [ 58.           0.3658       0.04218056]
 [ 59.           0.3684       0.039627  ]
 [ 60.           0.3704       0.03882395]
 [ 61.           0.37280002   0.03755929]
 [ 62.           0.3754       0.03706481]
 [ 63.           0.3778       0.03591239]
 [ 64.           0.38060004   0.03421695]
 [ 65.           0.3862       0.03402501]
 [ 66.           0.39120004   0.03478074]
 [ 67.           0.3958       0.0366565 ]
 [ 68.           0.3996       0.03789855]
 [ 69.           0.40260002   0.03931029]
 [ 70.           0.4058       0.04038193]
 [ 71.           0.4072       0.04100243]
 [ 72.           0.4092       0.04130011]
 [ 73.           0.40980002   0.04078848]
 [ 74.           0.4118       0.04144515]
 [ 75.           0.4138       0.04139686]
 [ 76.           0.41459998   0.04170492]
 [ 77.           0.41540003   0.03992868]
 [ 78.           0.41599998   0.03833405]
 [ 79.           0.41700003   0.03798026]
 [ 80.           0.41759998   0.03843565]
 [ 81.           0.4172       0.03846686]
 [ 82.           0.41820002   0.03812742]
 [ 83.           0.4186       0.03730012]
 [ 84.           0.41880003   0.0378378 ]
 [ 85.           0.41880003   0.03755927]
 [ 86.           0.419        0.03712817]
 [ 87.           0.41939998   0.03709851]
 [ 88.           0.42020002   0.03698244]
 [ 89.           0.4204       0.03721961]
 [ 90.           0.421        0.03664013]
 [ 91.           0.4216       0.03608739]
 [ 92.           0.42220002   0.03531571]
 [ 93.           0.4226       0.03504711]
 [ 94.           0.42360002   0.0350471 ]
 [ 95.           0.4238       0.03478074]
 [ 96.           0.42400002   0.03478504]
 [ 97.           0.4244       0.0347678 ]
 [ 98.           0.4248       0.0340103 ]
 [ 99.           0.425        0.03375647]
 [100.           0.4248       0.03378166]
 [101.           0.42459998   0.03354548]
 [102.           0.42459998   0.03382011]
 [103.           0.4248       0.03356635]
 [104.           0.4248       0.03306358]
 [105.           0.425        0.0328177 ]
 [106.           0.42540002   0.03233885]
 [107.           0.4268       0.03102742]
 [108.           0.4272       0.03021093]
 [109.           0.42799997   0.02966481]
 [110.           0.42819998   0.0299199 ]
 [111.           0.4276       0.02982114]
 [112.           0.4276       0.02963613]
 [113.           0.4276       0.02999667]
 [114.           0.42740002   0.02973718]
 [115.           0.42800003   0.02941938]
 [116.           0.4282       0.02945675]
 [117.           0.4284       0.02950085]
 [118.           0.429        0.02900861]
 [119.           0.42940003   0.02930529]
 [120.           0.42999998   0.02886175]
 [121.           0.43039998   0.02839542]
 [122.           0.4306       0.02864088]
 [123.           0.431        0.02856572]
 [124.           0.43179998   0.02883055]
 [125.           0.43179998   0.02883055]
 [126.           0.4316       0.02859721]
 [127.           0.4324       0.02852718]
 [128.           0.43260002   0.02841303]
 [129.           0.43319997   0.02842006]
 [130.           0.43319997   0.02842006]
 [131.           0.4336       0.02827189]
 [132.           0.43400002   0.02815137]
 [133.           0.4344       0.02827189]
 [134.           0.43460003   0.02822764]
 [135.           0.43460003   0.02822764]
 [136.           0.4348       0.02819042]
 [137.           0.435        0.02816025]
 [138.           0.4354       0.02820993]
 [139.           0.4354       0.02820993]
 [140.           0.43600002   0.028178  ]
 [141.           0.43600002   0.028178  ]
 [142.           0.43600002   0.028178  ]
 [143.           0.4362       0.02818155]
 [144.           0.4364       0.0281922 ]
 [145.           0.437        0.02835489]
 [146.           0.437        0.02835489]
 [147.           0.4374       0.02852718]
 [148.           0.4374       0.02852718]
 [149.           0.4374       0.02852718]
 [150.           0.4374       0.02852718]
 [151.           0.4374       0.02852718]
 [152.           0.4374       0.02852718]
 [153.           0.4374       0.02852718]
 [154.           0.4376       0.02860594]
 [155.           0.4376       0.02860594]
 [156.           0.4376       0.02860594]
 [157.           0.43780002   0.02863039]
 [158.           0.43800002   0.02864437]
 [159.           0.4384       0.02884961]
 [160.           0.4384       0.02884961]
 [161.           0.43860003   0.02889291]
 [162.           0.4388       0.02896895]
 [163.           0.43900004   0.02901723]
 [164.           0.43900004   0.02901723]
 [165.           0.4392       0.02918389]
 [166.           0.43940002   0.02923696]
 [167.           0.4396       0.02929674]
 [168.           0.4396       0.02929674]
 [169.           0.4396       0.02929674]
 [170.           0.4396       0.02922842]
 [171.           0.4396       0.02922842]
 [172.           0.4396       0.02922842]
 [173.           0.43940002   0.02906544]
 [174.           0.4396       0.02914275]
 [175.           0.4396       0.02914275]
 [176.           0.4398       0.02921814]
 [177.           0.43999997   0.02930017]
 [178.           0.43999997   0.02930017]
 [179.           0.4402       0.02945675]
 [180.           0.4402       0.02945675]
 [181.           0.4402       0.02938876]
 [182.           0.44040003   0.02948389]
 [183.           0.4406       0.02958546]
 [184.           0.4406       0.02958546]
 [185.           0.44099998   0.02976575]
 [186.           0.44099998   0.02976575]
 [187.           0.44140002   0.02995496]
 [188.           0.44180003   0.03019436]
 [189.           0.44239998   0.03059902]
 [190.           0.4422       0.03053194]
 [191.           0.4422       0.03053194]
 [192.           0.4422       0.03053194]
 [193.           0.4422       0.03053194]
 [194.           0.4422       0.03053194]
 [195.           0.4422       0.03053194]
 [196.           0.44180003   0.03025226]
 [197.           0.44180003   0.03025226]
 [198.           0.44180003   0.03025226]
 [199.           0.442        0.03032326]
 [200.           0.442        0.03032326]
 [201.           0.442        0.03032326]
 [202.           0.442        0.03032326]
 [203.           0.44180003   0.03019437]
 [204.           0.442        0.03032326]
 [205.           0.442        0.03032326]
 [206.           0.442        0.03032326]
 [207.           0.442        0.03032326]
 [208.           0.442        0.03032326]
 [209.           0.442        0.03032326]
 [210.           0.44180003   0.03025226]
 [211.           0.44180003   0.03025226]
 [212.           0.44180003   0.03025226]
 [213.           0.44180003   0.03025226]
 [214.           0.44180003   0.03025226]
 [215.           0.44180003   0.03025226]
 [216.           0.44180003   0.03025226]
 [217.           0.44180003   0.03025226]
 [218.           0.44180003   0.03025226]
 [219.           0.44180003   0.03025226]
 [220.           0.442        0.03038914]
 [221.           0.442        0.03038914]
 [222.           0.4422       0.03055649]
 [223.           0.442        0.03042202]
 [224.           0.442        0.03042202]
 [225.           0.442        0.03042202]
 [226.           0.442        0.03042202]
 [227.           0.442        0.03042202]
 [228.           0.4422       0.03055649]
 [229.           0.4422       0.03055649]
 [230.           0.44239998   0.0306969 ]
 [231.           0.44239998   0.0306969 ]
 [232.           0.4422       0.03064636]
 [233.           0.4422       0.03064636]
 [234.           0.4422       0.03064636]
 [235.           0.4422       0.03064636]
 [236.           0.4422       0.03064636]
 [237.           0.44239998   0.03077011]
 [238.           0.44239998   0.03077011]
 [239.           0.44239998   0.03077011]
 [240.           0.44239998   0.03077011]
 [241.           0.4422       0.03063005]
 [242.           0.44239998   0.03068061]
 [243.           0.44239998   0.03068061]
 [244.           0.44239998   0.03068061]
 [245.           0.44259998   0.0302374 ]
 [246.           0.44280002   0.0297943 ]
 [247.           0.44259998   0.0302374 ]
 [248.           0.44259998   0.03032821]
 [249.           0.44259998   0.03032821]
 [250.           0.44280005   0.03037598]
 [251.           0.44280005   0.03037598]
 [252.           0.44280005   0.03037598]
 [253.           0.44280005   0.03037598]
 [254.           0.44280005   0.03037598]
 [255.           0.44239998   0.03077011]
 [256.           0.4422       0.03072783]
 [257.           0.4422       0.03072783]
 [258.           0.4422       0.03072783]
 [259.           0.4422       0.03072783]
 [260.           0.44239998   0.03028696]
 [261.           0.4426       0.03041874]
 [262.           0.4426       0.03041874]
 [263.           0.4426       0.03041874]
 [264.           0.4426       0.03041874]
 [265.           0.4426       0.03041874]
 [266.           0.44280002   0.0305565 ]
 [267.           0.44280002   0.0305565 ]
 [268.           0.44280002   0.0305565 ]
 [269.           0.44280002   0.0305565 ]
 [270.           0.44300005   0.03070017]
 [271.           0.44320002   0.03026055]
 [272.           0.44320002   0.03026055]
 [273.           0.44320002   0.03026055]
 [274.           0.44320002   0.03026055]
 [275.           0.4434       0.03041054]
 [276.           0.44320002   0.03084964]
 [277.           0.44320002   0.03084964]
 [278.           0.44320002   0.03084964]
 [279.           0.44320002   0.03084964]
 [280.           0.44320002   0.03084964]
 [281.           0.44320002   0.03082531]
 [282.           0.44320002   0.03082531]
 [283.           0.44320002   0.03082531]
 [284.           0.44320002   0.03082531]
 [285.           0.44320002   0.03082531]
 [286.           0.44320002   0.03082531]
 [287.           0.44320002   0.03082531]
 [288.           0.4434       0.03038586]
 [289.           0.4434       0.03038586]
 [290.           0.4434       0.03038586]
 [291.           0.4434       0.03038586]
 [292.           0.44320002   0.03024402]
 [293.           0.44320002   0.03024402]
 [294.           0.44320002   0.03024402]
 [295.           0.4434       0.03038586]
 [296.           0.4434       0.03038586]
 [297.           0.4434       0.03038586]
 [298.           0.4434       0.03040231]
 [299.           0.4436       0.0305254 ]
 [300.           0.4436       0.0305254 ]
 [301.           0.4436       0.0305254 ]
 [302.           0.4436       0.0305254 ]
 [303.           0.4436       0.0305254 ]
 [304.           0.4436       0.0305254 ]
 [305.           0.4434       0.03038586]
 [306.           0.4434       0.03038586]
 [307.           0.4434       0.03038586]
 [308.           0.4436       0.03041876]
 [309.           0.4436       0.03041876]
 [310.           0.4436       0.03041876]
 [311.           0.4436       0.03041876]
 [312.           0.4436       0.03041876]
 [313.           0.4436       0.03041876]
 [314.           0.4436       0.03041876]
 [315.           0.4436       0.03041876]
 [316.           0.4436       0.03041876]
 [317.           0.4436       0.03041876]
 [318.           0.4436       0.03041876]
 [319.           0.4436       0.03041876]
 [320.           0.4436       0.03041876]
 [321.           0.4436       0.03041876]
 [322.           0.4436       0.03041876]
 [323.           0.4436       0.03041876]
 [324.           0.4436       0.03041876]
 [325.           0.4436       0.03041876]
 [326.           0.4436       0.03041876]
 [327.           0.4436       0.03041876]
 [328.           0.4436       0.03041876]
 [329.           0.4436       0.03041876]
 [330.           0.4436       0.03041876]
 [331.           0.4436       0.03041876]
 [332.           0.4436       0.03041876]
 [333.           0.4436       0.03041876]
 [334.           0.4436       0.03041876]
 [335.           0.4436       0.03041876]
 [336.           0.4436       0.03041876]
 [337.           0.4436       0.03041876]
 [338.           0.4436       0.03041876]
 [339.           0.4436       0.03041876]
 [340.           0.4436       0.03041876]
 [341.           0.4436       0.03041876]
 [342.           0.4436       0.03041876]
 [343.           0.4436       0.03041876]
 [344.           0.4436       0.03041876]
 [345.           0.4436       0.03041876]
 [346.           0.4436       0.03041876]
 [347.           0.44379997   0.03045818]
 [348.           0.44379997   0.03045818]
 [349.           0.44379997   0.03045818]
 [350.           0.44379997   0.03045818]
 [351.           0.44379997   0.03045818]
 [352.           0.44379997   0.03045818]
 [353.           0.44379997   0.03045818]
 [354.           0.44379997   0.03045818]
 [355.           0.44379997   0.03045818]
 [356.           0.44379997   0.03045818]
 [357.           0.44379997   0.03045818]
 [358.           0.44379997   0.03045818]
 [359.           0.44379997   0.03045818]
 [360.           0.444        0.03050411]
 [361.           0.44420004   0.03055652]
 [362.           0.44420004   0.03055652]
 [363.           0.44420004   0.03055652]
 [364.           0.44420004   0.03055652]
 [365.           0.44420004   0.03055652]
 [366.           0.44420004   0.03055652]
 [367.           0.44420004   0.03055652]
 [368.           0.44420004   0.03055652]
 [369.           0.44420004   0.03055652]
 [370.           0.44420004   0.03055652]
 [371.           0.44420004   0.03055652]
 [372.           0.444        0.03042204]
 [373.           0.444        0.03042204]
 [374.           0.44420004   0.03055652]
 [375.           0.444        0.03042204]
 [376.           0.44420004   0.0304828 ]
 [377.           0.44420004   0.0304828 ]
 [378.           0.44420004   0.0304828 ]
 [379.           0.44420004   0.0304828 ]
 [380.           0.44420004   0.0304828 ]
 [381.           0.444        0.03035623]
 [382.           0.444        0.03035623]
 [383.           0.444        0.03035623]
 [384.           0.444        0.03035623]
 [385.           0.444        0.03035623]
 [386.           0.444        0.03035623]
 [387.           0.444        0.03035623]
 [388.           0.444        0.03035623]
 [389.           0.444        0.03035623]
 [390.           0.444        0.03035623]
 [391.           0.444        0.03035623]
 [392.           0.444        0.03035623]
 [393.           0.444        0.03035623]
 [394.           0.444        0.03035623]
 [395.           0.444        0.03035623]
 [396.           0.444        0.03035623]
 [397.           0.444        0.03035623]
 [398.           0.444        0.03035623]
 [399.           0.444        0.03035623]
 [400.           0.444        0.03035623]]
Dataset       :Computers
Model         :MLP
Conden ratio  :0.25
GC            :5
LearnA        :1
Max Test Accuracy:
0.462
Best Result: Epoch   Acc  Std.
               361 0.4442  0.0306
