Set seed
Model SAGE
--------------------------------------------------
The 1th iteration:
--------------------------------------------------
--------------------------------------------------
The 2th iteration:
--------------------------------------------------
--------------------------------------------------
The 3th iteration:
--------------------------------------------------
--------------------------------------------------
The 4th iteration:
--------------------------------------------------
--------------------------------------------------
The 5th iteration:
--------------------------------------------------
[[  1.           0.1294       0.10780214]
 [  2.           0.1312       0.10950206]
 [  3.           0.1616       0.1626401 ]
 [  4.           0.20580001   0.21407874]
 [  5.           0.2448       0.22991781]
 [  6.           0.2746       0.22419032]
 [  7.           0.31219998   0.20140928]
 [  8.           0.3662       0.17380506]
 [  9.           0.40199995   0.16116604]
 [ 10.           0.4348       0.1599897 ]
 [ 11.           0.4586       0.1626401 ]
 [ 12.           0.4712       0.16029254]
 [ 13.           0.48380002   0.15942146]
 [ 14.           0.49119997   0.15665789]
 [ 15.           0.49760005   0.15267874]
 [ 16.           0.5          0.14782421]
 [ 17.           0.49760005   0.14141713]
 [ 18.           0.4944       0.13437745]
 [ 19.           0.48680001   0.13254888]
 [ 20.           0.4804       0.12828994]
 [ 21.           0.479        0.12422358]
 [ 22.           0.47720003   0.11749343]
 [ 23.           0.47539997   0.11396182]
 [ 24.           0.4762       0.10504142]
 [ 25.           0.47419998   0.10053953]
 [ 26.           0.4728       0.09898082]
 [ 27.           0.4752       0.09834226]
 [ 28.           0.47779998   0.09547617]
 [ 29.           0.48160002   0.09465887]
 [ 30.           0.4914       0.0937566 ]
 [ 31.           0.5046       0.09688033]
 [ 32.           0.5144       0.1006742 ]
 [ 33.           0.5202       0.09945955]
 [ 34.           0.5356       0.09118006]
 [ 35.           0.5476       0.08040711]
 [ 36.           0.5514       0.0730705 ]
 [ 37.           0.5534       0.06232816]
 [ 38.           0.5556       0.05383587]
 [ 39.           0.562        0.04050312]
 [ 40.           0.56960005   0.0330802 ]
 [ 41.           0.5794       0.03064801]
 [ 42.           0.58400005   0.03083016]
 [ 43.           0.59000003   0.02909469]
 [ 44.           0.5956       0.02681046]
 [ 45.           0.59700006   0.02266054]
 [ 46.           0.598        0.02179451]
 [ 47.           0.60260004   0.01916505]
 [ 48.           0.60480005   0.01716687]
 [ 49.           0.6064       0.01614929]
 [ 50.           0.60700005   0.01680773]
 [ 51.           0.6086       0.01775671]
 [ 52.           0.61         0.01585877]
 [ 53.           0.6106       0.01474109]
 [ 54.           0.61079997   0.01628497]
 [ 55.           0.6104       0.0161183 ]
 [ 56.           0.61         0.01689677]
 [ 57.           0.6118       0.01702057]
 [ 58.           0.6124       0.01716971]
 [ 59.           0.61140007   0.0174155 ]
 [ 60.           0.6114       0.01600938]
 [ 61.           0.6106       0.01289572]
 [ 62.           0.611        0.01111309]
 [ 63.           0.6118       0.01241773]
 [ 64.           0.6124       0.0126214 ]
 [ 65.           0.6124       0.01390323]
 [ 66.           0.612        0.01387443]
 [ 67.           0.61140007   0.0143979 ]
 [ 68.           0.6118       0.01377316]
 [ 69.           0.61160004   0.01301153]
 [ 70.           0.6122       0.01285301]
 [ 71.           0.61160004   0.01244187]
 [ 72.           0.6118       0.01281406]
 [ 73.           0.61140007   0.0132401 ]
 [ 74.           0.61420006   0.01100908]
 [ 75.           0.6158       0.00993477]
 [ 76.           0.6154       0.01203326]
 [ 77.           0.6164       0.01132699]
 [ 78.           0.61560005   0.01150216]
 [ 79.           0.6166       0.00955509]
 [ 80.           0.6162       0.0084676 ]
 [ 81.           0.6168       0.00864291]
 [ 82.           0.61660004   0.00882043]
 [ 83.           0.6176       0.00792463]
 [ 84.           0.6174       0.00820367]
 [ 85.           0.619        0.007874  ]
 [ 86.           0.6194       0.00884873]
 [ 87.           0.62000006   0.01012424]
 [ 88.           0.61980003   0.01075638]
 [ 89.           0.6186001    0.00983868]
 [ 90.           0.6192       0.00941806]
 [ 91.           0.61919993   0.00957601]
 [ 92.           0.6196       0.00939681]
 [ 93.           0.6196       0.00864871]
 [ 94.           0.6204       0.00879204]
 [ 95.           0.621        0.00758287]
 [ 96.           0.6214       0.00634825]
 [ 97.           0.621        0.00543139]
 [ 98.           0.62180007   0.00481664]
 [ 99.           0.62200004   0.00509902]
 [100.           0.6224       0.00545894]
 [101.           0.6228       0.00637966]
 [102.           0.623        0.00731438]
 [103.           0.62280005   0.00732803]
 [104.           0.6232       0.00746326]
 [105.           0.6226       0.00736886]
 [106.           0.62140006   0.00798748]
 [107.           0.6216       0.00750333]
 [108.           0.6232       0.00759605]
 [109.           0.62280005   0.00668581]
 [110.           0.6226       0.00589914]
 [111.           0.6226       0.00589914]
 [112.           0.623        0.00744982]
 [113.           0.6238       0.00697853]
 [114.           0.62460005   0.00733484]
 [115.           0.624        0.00731435]
 [116.           0.6248       0.00849704]
 [117.           0.6254       0.00835464]
 [118.           0.6252       0.0077266 ]
 [119.           0.624        0.0073824 ]
 [120.           0.62340003   0.00726635]
 [121.           0.62320006   0.00729382]
 [122.           0.6228       0.00749667]
 [123.           0.623        0.00871781]
 [124.           0.6236       0.00950262]
 [125.           0.62340003   0.00960728]
 [126.           0.623        0.009     ]
 [127.           0.6238       0.00925742]
 [128.           0.62320006   0.0090388 ]
 [129.           0.6228       0.00875786]
 [130.           0.62280005   0.00889945]
 [131.           0.62280005   0.00867181]
 [132.           0.623        0.00827648]
 [133.           0.62320006   0.00813634]
 [134.           0.624        0.00806225]
 [135.           0.6244       0.00856155]
 [136.           0.62460005   0.00879205]
 [137.           0.625        0.00940743]
 [138.           0.625        0.00961769]
 [139.           0.6246       0.00986408]
 [140.           0.6248       0.00990958]
 [141.           0.6244       0.00991463]
 [142.           0.6242       0.0101341 ]
 [143.           0.624        0.01024694]
 [144.           0.6238       0.01035375]
 [145.           0.6238       0.01049761]
 [146.           0.6238       0.01049761]
 [147.           0.6244       0.01040673]
 [148.           0.62460005   0.01094531]
 [149.           0.6242       0.01056883]
 [150.           0.6236       0.01114898]
 [151.           0.62439996   0.0107378 ]
 [152.           0.62479997   0.01023232]
 [153.           0.6254       0.01083052]
 [154.           0.6264       0.01076104]
 [155.           0.62659997   0.01101363]
 [156.           0.6276       0.01244187]
 [157.           0.62740004   0.01268068]
 [158.           0.62740004   0.01258172]
 [159.           0.62740004   0.01258172]
 [160.           0.62740004   0.01258172]
 [161.           0.6276       0.01244187]
 [162.           0.62740004   0.01262142]
 [163.           0.6276       0.01281794]
 [164.           0.62780005   0.01306521]
 [165.           0.6282       0.0132174 ]
 [166.           0.628        0.01292284]
 [167.           0.6276       0.01236121]
 [168.           0.6272       0.01227599]
 [169.           0.62700003   0.012     ]
 [170.           0.6268       0.01173457]
 [171.           0.6272       0.0117771 ]
 [172.           0.6262       0.01098636]
 [173.           0.6268       0.01125612]
 [174.           0.6272       0.01179831]
 [175.           0.6272       0.01179831]
 [176.           0.6272       0.01229636]
 [177.           0.6274       0.01252198]
 [178.           0.6274       0.01252198]
 [179.           0.6274       0.01404634]
 [180.           0.62740004   0.01401072]
 [181.           0.62740004   0.01401072]
 [182.           0.628        0.01431781]
 [183.           0.6268       0.01273577]
 [184.           0.62740004   0.01355729]
 [185.           0.6272       0.01321741]
 [186.           0.62740004   0.01348334]
 [187.           0.6276       0.01375864]
 [188.           0.6276       0.01375864]
 [189.           0.6278       0.0140428 ]
 [190.           0.62860006   0.01512615]
 [191.           0.6284       0.01487617]
 [192.           0.62799996   0.01566844]
 [193.           0.6282       0.01498999]
 [194.           0.629        0.01659817]
 [195.           0.62820005   0.01546609]
 [196.           0.62820005   0.01546609]
 [197.           0.62740004   0.01451895]
 [198.           0.62700003   0.01426534]
 [199.           0.62740004   0.0140107 ]
 [200.           0.62659997   0.01377678]
 [201.           0.6264       0.01352034]
 [202.           0.62740004   0.0144672 ]
 [203.           0.62700003   0.01389243]
 [204.           0.6278       0.01413154]
 [205.           0.62799996   0.01479864]
 [206.           0.62799996   0.01382028]
 [207.           0.6284       0.013975  ]
 [208.           0.62860006   0.01467312]
 [209.           0.62820005   0.01508973]
 [210.           0.6276       0.01415273]
 [211.           0.62799996   0.01431781]
 [212.           0.6276       0.01327782]
 [213.           0.6278       0.01402499]
 [214.           0.6284       0.01458766]
 [215.           0.629        0.01478175]
 [216.           0.62880003   0.01502332]
 [217.           0.63000005   0.01581137]
 [218.           0.62939996   0.0163493 ]
 [219.           0.63000005   0.01576388]
 [220.           0.6296       0.01624191]
 [221.           0.6306       0.01648638]
 [222.           0.63000005   0.01627882]
 [223.           0.6296       0.01578924]
 [224.           0.62880003   0.01597499]
 [225.           0.6294       0.01641037]
 [226.           0.629        0.01635544]
 [227.           0.629        0.0167332 ]
 [228.           0.629        0.01589025]
 [229.           0.6298       0.01745565]
 [230.           0.6298       0.01648333]
 [231.           0.6298       0.01696173]
 [232.           0.6312       0.01736949]
 [233.           0.6322       0.01930545]
 [234.           0.63219994   0.01779606]
 [235.           0.63140005   0.01818791]
 [236.           0.6312       0.01690267]
 [237.           0.6306       0.01755847]
 [238.           0.63140005   0.01628804]
 [239.           0.6304       0.0169204 ]
 [240.           0.63140005   0.01641036]
 [241.           0.6304       0.01657708]
 [242.           0.6304       0.01647119]
 [243.           0.631        0.01587452]
 [244.           0.6304       0.01657708]
 [245.           0.6306       0.01569397]
 [246.           0.6306       0.01633401]
 [247.           0.6304       0.01641035]
 [248.           0.6308       0.0169617 ]
 [249.           0.6302       0.01651363]
 [250.           0.6316       0.01696468]
 [251.           0.6308       0.01636153]
 [252.           0.6316       0.0169941 ]
 [253.           0.6308       0.01597497]
 [254.           0.63240004   0.01727136]
 [255.           0.63140005   0.01594678]
 [256.           0.63180006   0.01599062]
 [257.           0.63180006   0.01599062]
 [258.           0.63140005   0.0153883 ]
 [259.           0.632        0.01717556]
 [260.           0.63180006   0.01603745]
 [261.           0.63180006   0.01599062]
 [262.           0.6318       0.01567481]
 [263.           0.6316       0.01653177]
 [264.           0.63100004   0.01806931]
 [265.           0.63140005   0.01582086]
 [266.           0.6308       0.01691746]
 [267.           0.63100004   0.0166433 ]
 [268.           0.6318       0.01603746]
 [269.           0.63140005   0.01631869]
 [270.           0.6316       0.01622652]
 [271.           0.63100004   0.01716101]
 [272.           0.6318       0.0156109 ]
 [273.           0.63140005   0.01634931]
 [274.           0.6312       0.01693222]
 [275.           0.63140005   0.016334  ]
 [276.           0.63140005   0.01718429]
 [277.           0.6316       0.01572577]
 [278.           0.63140005   0.01669733]
 [279.           0.6316       0.01662228]
 [280.           0.6318       0.01651364]
 [281.           0.632        0.01664331]
 [282.           0.6324       0.01558206]
 [283.           0.632        0.01623268]
 [284.           0.63219994   0.01661928]
 [285.           0.6318       0.01643777]
 [286.           0.6326       0.01662226]
 [287.           0.6326       0.01580507]
 [288.           0.63240004   0.016334  ]
 [289.           0.63280004   0.01657409]
 [290.           0.6322       0.0160997 ]
 [291.           0.6326       0.01668231]
 [292.           0.633        0.015843  ]
 [293.           0.633        0.01727713]
 [294.           0.6334       0.01589969]
 [295.           0.6332       0.01713765]
 [296.           0.63379997   0.01599062]
 [297.           0.6336       0.01674216]
 [298.           0.6338       0.01699118]
 [299.           0.63420004   0.01672425]
 [300.           0.6346       0.01650153]
 [301.           0.6348       0.01611522]
 [302.           0.6348       0.01636155]
 [303.           0.6346       0.01637989]
 [304.           0.6344       0.01660725]
 [305.           0.6344       0.01622654]
 [306.           0.63420004   0.01633098]
 [307.           0.634        0.0160624 ]
 [308.           0.6344       0.01622654]
 [309.           0.63420004   0.01595934]
 [310.           0.63460004   0.01594679]
 [311.           0.63420004   0.01595934]
 [312.           0.63420004   0.01592798]
 [313.           0.634        0.0160624 ]
 [314.           0.63420004   0.01592798]
 [315.           0.634        0.01570033]
 [316.           0.6344       0.01582089]
 [317.           0.63420004   0.01595934]
 [318.           0.63420004   0.01595934]
 [319.           0.63420004   0.01597499]
 [320.           0.634        0.0160624 ]
 [321.           0.6344       0.01588397]
 [322.           0.63379997   0.01544993]
 [323.           0.63460004   0.01542077]
 [324.           0.6344       0.01546934]
 [325.           0.63420004   0.01559487]
 [326.           0.6344       0.01582089]
 [327.           0.63460004   0.01574166]
 [328.           0.63420004   0.01556278]
 [329.           0.6348       0.01565886]
 [330.           0.634        0.01573214]
 [331.           0.63500005   0.01661325]
 [332.           0.6336       0.01527418]
 [333.           0.6344       0.01659217]
 [334.           0.6344       0.01556601]
 [335.           0.63460004   0.01574166]
 [336.           0.63420004   0.0156429 ]
 [337.           0.634        0.01573214]
 [338.           0.63420004   0.01603746]
 [339.           0.63479996   0.01573849]
 [340.           0.63420004   0.01603746]
 [341.           0.63379997   0.01637683]
 [342.           0.63479996   0.01573849]
 [343.           0.63379997   0.01620802]
 [344.           0.63420004   0.01625421]
 [345.           0.635        0.01544344]
 [346.           0.635        0.0164621 ]
 [347.           0.63500005   0.01565249]
 [348.           0.6346       0.01634932]
 [349.           0.63500005   0.01565249]
 [350.           0.6344       0.01610279]
 [351.           0.63560003   0.01524142]
 [352.           0.6344       0.01642559]
 [353.           0.635        0.01523154]
 [354.           0.6344       0.01653177]
 [355.           0.63460004   0.01559808]
 [356.           0.6346       0.01637986]
 [357.           0.63500005   0.01590598]
 [358.           0.63519996   0.01622344]
 [359.           0.6346       0.01621111]
 [360.           0.6348       0.01614622]
 [361.           0.6352       0.01718138]
 [362.           0.6354       0.01542077]
 [363.           0.6354       0.0170382 ]
 [364.           0.6354       0.01570985]
 [365.           0.6352       0.01675412]
 [366.           0.6354       0.01570985]
 [367.           0.635        0.01652271]
 [368.           0.636        0.01573216]
 [369.           0.6352       0.01718138]
 [370.           0.6354       0.01593108]
 [371.           0.6354       0.01747284]
 [372.           0.6354       0.01683151]
 [373.           0.6358       0.01699117]
 [374.           0.6354       0.01668231]
 [375.           0.63600004   0.01674814]
 [376.           0.63560003   0.01690562]
 [377.           0.636        0.01624809]
 [378.           0.63600004   0.01707338]
 [379.           0.6366       0.01551776]
 [380.           0.63600004   0.01754995]
 [381.           0.63560003   0.01543697]
 [382.           0.6354       0.01711141]
 [383.           0.6358       0.01592796]
 [384.           0.63519996   0.01712309]
 [385.           0.6358       0.01664934]
 [386.           0.635        0.01726267]
 [387.           0.6362001    0.01676902]
 [388.           0.6346       0.01802219]
 [389.           0.63600004   0.01683745]
 [390.           0.63420004   0.01826746]
 [391.           0.635        0.01704405]
 [392.           0.63460004   0.01837933]
 [393.           0.63600004   0.01727713]
 [394.           0.6348       0.01741265]
 [395.           0.6354       0.01722786]
 [396.           0.63500005   0.01773414]
 [397.           0.6348       0.01785218]
 [398.           0.6338       0.01729739]
 [399.           0.63339996   0.01741551]
 [400.           0.6332       0.01622342]]
Dataset       :Cora
Model         :SAGE
Conden ratio  :0.5
GC            :3
LearnA        :1
Max Test Accuracy:
0.657
Best Result: Epoch   Acc  Std.
               379 0.6366  0.0155
