Set seed
Model APPNP
--------------------------------------------------
The 1th iteration:
--------------------------------------------------
--------------------------------------------------
The 2th iteration:
--------------------------------------------------
--------------------------------------------------
The 3th iteration:
--------------------------------------------------
--------------------------------------------------
The 4th iteration:
--------------------------------------------------
--------------------------------------------------
The 5th iteration:
--------------------------------------------------
[[  1.           0.18037383   0.0820082 ]
 [  2.           0.23124166   0.10791072]
 [  3.           0.25941256   0.09141945]
 [  4.           0.2857143    0.09484828]
 [  5.           0.31428573   0.09635437]
 [  6.           0.34165555   0.09543657]
 [  7.           0.36048064   0.09704975]
 [  8.           0.37676904   0.09547064]
 [  9.           0.3847797    0.09532584]
 [ 10.           0.3903872    0.09265029]
 [ 11.           0.39118826   0.08641832]
 [ 12.           0.38878506   0.08175676]
 [ 13.           0.3906542    0.0776254 ]
 [ 14.           0.3906542    0.07241282]
 [ 15.           0.39105472   0.06675635]
 [ 16.           0.38971964   0.06197213]
 [ 17.           0.38878503   0.05923714]
 [ 18.           0.3893191    0.05398426]
 [ 19.           0.3881175    0.0507883 ]
 [ 20.           0.38918558   0.04716324]
 [ 21.           0.38998666   0.04507219]
 [ 22.           0.3909212    0.04362575]
 [ 23.           0.39158878   0.03950052]
 [ 24.           0.38971964   0.03574204]
 [ 25.           0.38918558   0.03474181]
 [ 26.           0.38838452   0.03199541]
 [ 27.           0.38998663   0.0310159 ]
 [ 28.           0.38971964   0.02932467]
 [ 29.           0.39078772   0.0264617 ]
 [ 30.           0.39345795   0.0257057 ]
 [ 31.           0.39439252   0.02583885]
 [ 32.           0.39719626   0.0258026 ]
 [ 33.           0.39946595   0.02513595]
 [ 34.           0.40093455   0.02536979]
 [ 35.           0.40333778   0.0231749 ]
 [ 36.           0.40520698   0.02315855]
 [ 37.           0.4069426    0.02295851]
 [ 38.           0.41014686   0.02427467]
 [ 39.           0.4129506    0.02682965]
 [ 40.           0.41441923   0.02715486]
 [ 41.           0.4154873    0.02834012]
 [ 42.           0.4165554    0.02953514]
 [ 43.           0.41962615   0.03010154]
 [ 44.           0.42283043   0.03014593]
 [ 45.           0.42510015   0.0315183 ]
 [ 46.           0.4281709    0.03228382]
 [ 47.           0.42870495   0.0337806 ]
 [ 48.           0.42990658   0.03411405]
 [ 49.           0.4321762    0.03445071]
 [ 50.           0.43457946   0.03560026]
 [ 51.           0.43551403   0.03646473]
 [ 52.           0.4376502    0.03568029]
 [ 53.           0.4397864    0.03612956]
 [ 54.           0.44152203   0.03689602]
 [ 55.           0.44232312   0.03782638]
 [ 56.           0.44405875   0.0376072 ]
 [ 57.           0.44632846   0.03814022]
 [ 58.           0.44793057   0.03769775]
 [ 59.           0.45046732   0.03845962]
 [ 60.           0.45086786   0.03826562]
 [ 61.           0.452737     0.03829996]
 [ 62.           0.4540721    0.0371092 ]
 [ 63.           0.45594126   0.03714701]
 [ 64.           0.4578104    0.0361573 ]
 [ 65.           0.4599466    0.03677929]
 [ 66.           0.4623498    0.03543589]
 [ 67.           0.46421894   0.03493879]
 [ 68.           0.46635514   0.03373837]
 [ 69.           0.4678238    0.03227274]
 [ 70.           0.47116157   0.03073083]
 [ 71.           0.47383174   0.02806677]
 [ 72.           0.47583446   0.02536451]
 [ 73.           0.47837114   0.02383001]
 [ 74.           0.4814419    0.02523682]
 [ 75.           0.48304406   0.0243617 ]
 [ 76.           0.48611483   0.02402926]
 [ 77.           0.487984     0.02387389]
 [ 78.           0.49038717   0.02331483]
 [ 79.           0.49225637   0.02397914]
 [ 80.           0.49332443   0.02476718]
 [ 81.           0.49519357   0.02545221]
 [ 82.           0.4963952    0.02561453]
 [ 83.           0.49732977   0.02660613]
 [ 84.           0.4990654    0.02758309]
 [ 85.           0.5001335    0.02808662]
 [ 86.           0.50053406   0.02845703]
 [ 87.           0.5001335    0.02834719]
 [ 88.           0.4998665    0.02843746]
 [ 89.           0.5          0.0283692 ]
 [ 90.           0.49933243   0.02748761]
 [ 91.           0.5001335    0.02782759]
 [ 92.           0.49973297   0.0279602 ]
 [ 93.           0.49933243   0.02731686]
 [ 94.           0.49799734   0.02559016]
 [ 95.           0.49813086   0.02529415]
 [ 96.           0.49799734   0.02492411]
 [ 97.           0.4977303    0.02470682]
 [ 98.           0.49706274   0.024095  ]
 [ 99.           0.49679574   0.02380566]
 [100.           0.4963952    0.02358563]
 [101.           0.4955941    0.02263105]
 [102.           0.4954606    0.0221474 ]
 [103.           0.49506006   0.02183941]
 [104.           0.49425897   0.02165499]
 [105.           0.49439248   0.02212322]
 [106.           0.49506006   0.02342448]
 [107.           0.4954606    0.02436537]
 [108.           0.49612817   0.02573083]
 [109.           0.49572763   0.02552739]
 [110.           0.4962617    0.02737633]
 [111.           0.4965287    0.02807472]
 [112.           0.4962617    0.02945432]
 [113.           0.49599466   0.02969314]
 [114.           0.49599466   0.03001779]
 [115.           0.49506006   0.03024554]
 [116.           0.49412546   0.03048695]
 [117.           0.49359146   0.03065895]
 [118.           0.49332443   0.03110771]
 [119.           0.49372497   0.03130265]
 [120.           0.4938585    0.03106255]
 [121.           0.49439248   0.03060803]
 [122.           0.49425903   0.03018288]
 [123.           0.493992     0.02970065]
 [124.           0.4938585    0.03005266]
 [125.           0.493992     0.03026175]
 [126.           0.493992     0.03077285]
 [127.           0.494526     0.03050523]
 [128.           0.49479303   0.0304504 ]
 [129.           0.49412546   0.03090074]
 [130.           0.49359146   0.02981148]
 [131.           0.4931909    0.02935883]
 [132.           0.49292395   0.02869174]
 [133.           0.49359146   0.0286451 ]
 [134.           0.49332443   0.02881727]
 [135.           0.4931909    0.02812228]
 [136.           0.49332443   0.02790195]
 [137.           0.493458     0.0275014 ]
 [138.           0.49385843   0.02761054]
 [139.           0.49412546   0.0279235 ]
 [140.           0.49359146   0.02785239]
 [141.           0.49372497   0.0274779 ]
 [142.           0.4933245    0.02781398]
 [143.           0.4933245    0.027834  ]
 [144.           0.49265692   0.02808503]
 [145.           0.49305746   0.02905444]
 [146.           0.49305746   0.02902375]
 [147.           0.49319097   0.02889604]
 [148.           0.4923899    0.02896996]
 [149.           0.4923899    0.0285438 ]
 [150.           0.49225637   0.02861007]
 [151.           0.49265692   0.02919368]
 [152.           0.49265692   0.02922038]
 [153.           0.49265692   0.02922038]
 [154.           0.49265692   0.029554  ]
 [155.           0.49265692   0.02913257]
 [156.           0.4923899    0.0290199 ]
 [157.           0.4923899    0.02845389]
 [158.           0.49279043   0.02847659]
 [159.           0.4925234    0.02839039]
 [160.           0.49265692   0.0287127 ]
 [161.           0.49305746   0.02872278]
 [162.           0.4931909    0.0281302 ]
 [163.           0.49345794   0.02796336]
 [164.           0.4933245    0.02769758]
 [165.           0.493458     0.02738774]
 [166.           0.4938585    0.0274162 ]
 [167.           0.4938585    0.02730627]
 [168.           0.49452606   0.02704389]
 [169.           0.49519357   0.02679973]
 [170.           0.4954606    0.02674147]
 [171.           0.49572763   0.0267548 ]
 [172.           0.4962617    0.02664631]
 [173.           0.49666223   0.02615425]
 [174.           0.49692926   0.02596014]
 [175.           0.49746332   0.02612611]
 [176.           0.4983979    0.02682548]
 [177.           0.4990654    0.02660446]
 [178.           0.49959946   0.0268877 ]
 [179.           0.49946594   0.02694482]
 [180.           0.4990654    0.02670895]
 [181.           0.4990654    0.02700347]
 [182.           0.49973297   0.0275346 ]
 [183.           0.50053406   0.02785561]
 [184.           0.50106806   0.02880025]
 [185.           0.50120157   0.02881881]
 [186.           0.5013351    0.0289561 ]
 [187.           0.5017356    0.02938234]
 [188.           0.5021362    0.02997099]
 [189.           0.5022697    0.03012374]
 [190.           0.5025367    0.03043575]
 [191.           0.5025367    0.03043575]
 [192.           0.5022697    0.03099505]
 [193.           0.5022697    0.03114922]
 [194.           0.5024032    0.03115637]
 [195.           0.5024032    0.03078949]
 [196.           0.5021362    0.03075981]
 [197.           0.50200266   0.03089209]
 [198.           0.50200266   0.03125421]
 [199.           0.50186914   0.03109481]
 [200.           0.5017356    0.03093749]
 [201.           0.5014686    0.03077066]
 [202.           0.5014686    0.03093316]
 [203.           0.5014686    0.03093316]
 [204.           0.5013351    0.03113635]
 [205.           0.50106806   0.03095908]
 [206.           0.50120157   0.03075617]
 [207.           0.5012016    0.03074532]
 [208.           0.50120157   0.0311163 ]
 [209.           0.5012016    0.03110915]
 [210.           0.50133514   0.03127203]
 [211.           0.50133514   0.03127203]
 [212.           0.50133514   0.0310683 ]
 [213.           0.5009346    0.03104174]
 [214.           0.5009346    0.03104174]
 [215.           0.5006676    0.03100368]
 [216.           0.5009346    0.03074242]
 [217.           0.5010681    0.03091227]
 [218.           0.50133514   0.03125777]
 [219.           0.5010681    0.03092668]
 [220.           0.5006676    0.03101444]
 [221.           0.5008011    0.03149707]
 [222.           0.5009346    0.03136309]
 [223.           0.5010681    0.0315402 ]
 [224.           0.5012016    0.03140853]
 [225.           0.5009346    0.03136309]
 [226.           0.5009346    0.03167414]
 [227.           0.5008011    0.03136593]
 [228.           0.5008011    0.03136593]
 [229.           0.5008011    0.03136593]
 [230.           0.5006676    0.03149919]
 [231.           0.5006676    0.03149919]
 [232.           0.5008011    0.03167695]
 [233.           0.5006676    0.0318719 ]
 [234.           0.5010681    0.0319159 ]
 [235.           0.5010681    0.03207261]
 [236.           0.5009346    0.03220433]
 [237.           0.50040054   0.03235964]
 [238.           0.50040054   0.03255187]
 [239.           0.50053406   0.03244489]
 [240.           0.5006676    0.03259768]
 [241.           0.50053406   0.03244489]
 [242.           0.50053406   0.03251692]
 [243.           0.50053406   0.03279666]
 [244.           0.50053406   0.03232104]
 [245.           0.500267     0.03227   ]
 [246.           0.50040054   0.03260998]
 [247.           0.50053406   0.03276609]
 [248.           0.500267     0.03262024]
 [249.           0.5          0.03294444]
 [250.           0.500267     0.03271915]
 [251.           0.500267     0.03270552]
 [252.           0.5          0.03267621]
 [253.           0.49973297   0.0326953 ]
 [254.           0.5          0.03321389]
 [255.           0.49973303   0.03318569]
 [256.           0.49973297   0.0328347 ]
 [257.           0.4993325    0.03304911]
 [258.           0.499466     0.03320852]
 [259.           0.49919897   0.03324205]
 [260.           0.49919897   0.03295594]
 [261.           0.49893194   0.03338652]
 [262.           0.49906546   0.03319576]
 [263.           0.49893194   0.03338652]
 [264.           0.49893194   0.03356292]
 [265.           0.49906546   0.03355628]
 [266.           0.4990654    0.03357286]
 [267.           0.4990654    0.03339318]
 [268.           0.49906546   0.03337317]
 [269.           0.49893194   0.03357951]
 [270.           0.49866492   0.03323735]
 [271.           0.4985314    0.03307405]
 [272.           0.4985314    0.03338584]
 [273.           0.4985314    0.03344253]
 [274.           0.4985314    0.03344253]
 [275.           0.49813086   0.03292212]
 [276.           0.4983979    0.03326282]
 [277.           0.4985314    0.03342587]
 [278.           0.49826437   0.03339318]
 [279.           0.49813086   0.03352571]
 [280.           0.49826437   0.03308482]
 [281.           0.49813086   0.03327554]
 [282.           0.49813086   0.03327554]
 [283.           0.49799734   0.03340451]
 [284.           0.4975968    0.03314201]
 [285.           0.4977303    0.03330632]
 [286.           0.4977303    0.03335979]
 [287.           0.4977303    0.03335979]
 [288.           0.4975968    0.03349311]
 [289.           0.4977303    0.03335979]
 [290.           0.4977303    0.03335979]
 [291.           0.4975968    0.03319575]
 [292.           0.4975968    0.03319575]
 [293.           0.4974633    0.03321521]
 [294.           0.4974633    0.03321521]
 [295.           0.4975968    0.03319575]
 [296.           0.4977303    0.03337315]
 [297.           0.4975968    0.03339317]
 [298.           0.4974633    0.03352569]
 [299.           0.4974633    0.03352569]
 [300.           0.4975968    0.03350641]
 [301.           0.4974633    0.03334578]
 [302.           0.4977303    0.03374167]
 [303.           0.49786383   0.03355227]
 [304.           0.4977303    0.03339319]
 [305.           0.4974633    0.03342587]
 [306.           0.4975968    0.03358282]
 [307.           0.49719626   0.03341586]
 [308.           0.4975968    0.03358282]
 [309.           0.4974633    0.03377402]
 [310.           0.4977303    0.03374167]
 [311.           0.4977303    0.03374167]
 [312.           0.4977303    0.0335463 ]
 [313.           0.49799734   0.03406175]
 [314.           0.49799734   0.03388467]
 [315.           0.49786383   0.0337245 ]
 [316.           0.49799734   0.03369343]
 [317.           0.49813086   0.03386954]
 [318.           0.49813086   0.03404671]
 [319.           0.49799734   0.03388467]
 [320.           0.49786383   0.03370798]
 [321.           0.4977303    0.03384057]
 [322.           0.4975968    0.03367887]
 [323.           0.4974633    0.03381357]
 [324.           0.4975968    0.03397528]
 [325.           0.4974633    0.03381357]
 [326.           0.4974633    0.03381357]
 [327.           0.4974633    0.03381357]
 [328.           0.4974633    0.03381357]
 [329.           0.4977303    0.03361264]
 [330.           0.4977303    0.03361264]
 [331.           0.4977303    0.03361264]
 [332.           0.4975968    0.03380105]
 [333.           0.4975968    0.03380105]
 [334.           0.4975968    0.03380105]
 [335.           0.4977303    0.03379116]
 [336.           0.4975968    0.03398184]
 [337.           0.4975968    0.03398184]
 [338.           0.4975968    0.03398184]
 [339.           0.4975968    0.03398184]
 [340.           0.4975968    0.03398184]
 [341.           0.4977303    0.03415842]
 [342.           0.4975968    0.03435032]
 [343.           0.4974633    0.03435939]
 [344.           0.4975968    0.0341682 ]
 [345.           0.49732977   0.03431591]
 [346.           0.49719626   0.03450499]
 [347.           0.49732977   0.03437106]
 [348.           0.49732977   0.03437106]
 [349.           0.49719626   0.03438533]
 [350.           0.49732977   0.03437106]
 [351.           0.4974633    0.03435939]
 [352.           0.4974633    0.03435939]
 [353.           0.49719626   0.03419363]
 [354.           0.49706274   0.03420731]
 [355.           0.49706274   0.03420731]
 [356.           0.49719626   0.03419363]
 [357.           0.49719626   0.03438533]
 [358.           0.49706274   0.03420731]
 [359.           0.49706274   0.03420731]
 [360.           0.49706274   0.03420731]
 [361.           0.49706274   0.03420731]
 [362.           0.49719626   0.03438533]
 [363.           0.49732977   0.034565  ]
 [364.           0.49719626   0.03438533]
 [365.           0.49719626   0.03438533]
 [366.           0.49706274   0.03420731]
 [367.           0.49719626   0.03438533]
 [368.           0.49732977   0.03425418]
 [369.           0.49719626   0.03438533]
 [370.           0.49719626   0.03438533]
 [371.           0.49732977   0.034565  ]
 [372.           0.49719626   0.03438533]
 [373.           0.49719626   0.03438533]
 [374.           0.49732977   0.03425418]
 [375.           0.49732977   0.034565  ]
 [376.           0.49732977   0.034565  ]
 [377.           0.49732977   0.034565  ]
 [378.           0.49719626   0.03438533]
 [379.           0.49706274   0.0345766 ]
 [380.           0.49732977   0.034565  ]
 [381.           0.49719626   0.03475593]
 [382.           0.49732977   0.034565  ]
 [383.           0.49732977   0.034565  ]
 [384.           0.49719626   0.03438533]
 [385.           0.49732977   0.034565  ]
 [386.           0.4974633    0.0343756 ]
 [387.           0.4975968    0.03436004]
 [388.           0.4974633    0.03455017]
 [389.           0.4974633    0.03455017]
 [390.           0.49732977   0.034565  ]
 [391.           0.49732977   0.034565  ]
 [392.           0.49732977   0.034565  ]
 [393.           0.49732977   0.034565  ]
 [394.           0.49732977   0.034565  ]
 [395.           0.49719626   0.03438533]
 [396.           0.49719626   0.03438533]
 [397.           0.49732977   0.034565  ]
 [398.           0.49732977   0.034565  ]
 [399.           0.49732977   0.034565  ]
 [400.           0.4974633    0.0343756 ]]
Dataset       :CS
Model         :APPNP
Conden ratio  :1.0
GC            :3
LearnA        :0
Max Test Accuracy:
0.548064085447263
Best Result: Epoch   Acc  Std.
               190 0.5025  0.0304
