Set seed
Model GCN
--------------------------------------------------
The 1th iteration:
--------------------------------------------------
--------------------------------------------------
The 2th iteration:
--------------------------------------------------
--------------------------------------------------
The 3th iteration:
--------------------------------------------------
--------------------------------------------------
The 4th iteration:
--------------------------------------------------
--------------------------------------------------
The 5th iteration:
--------------------------------------------------
[[  1.           0.05834446   0.0218649 ]
 [  2.           0.07957276   0.01763285]
 [  3.           0.09933244   0.02039274]
 [  4.           0.11028037   0.02327562]
 [  5.           0.11401869   0.02519264]
 [  6.           0.12616824   0.03259428]
 [  7.           0.14766356   0.04049709]
 [  8.           0.15447263   0.04521089]
 [  9.           0.14499334   0.02531176]
 [ 10.           0.15006676   0.03213785]
 [ 11.           0.14739655   0.0490493 ]
 [ 12.           0.15660882   0.06366791]
 [ 13.           0.15981309   0.06670491]
 [ 14.           0.1493992    0.05497808]
 [ 15.           0.15100133   0.05791492]
 [ 16.           0.15967958   0.06082354]
 [ 17.           0.16528705   0.06010902]
 [ 18.           0.18384513   0.04776321]
 [ 19.           0.20080106   0.03432371]
 [ 20.           0.20066758   0.03249363]
 [ 21.           0.18384513   0.01501335]
 [ 22.           0.17236315   0.01818648]
 [ 23.           0.16982643   0.01836449]
 [ 24.           0.1659546    0.02763153]
 [ 25.           0.16849132   0.03405062]
 [ 26.           0.17489986   0.03812678]
 [ 27.           0.18037383   0.0395873 ]
 [ 28.           0.19786382   0.0477422 ]
 [ 29.           0.20801067   0.05002357]
 [ 30.           0.20987983   0.0450628 ]
 [ 31.           0.21121497   0.04352091]
 [ 32.           0.21348464   0.03925381]
 [ 33.           0.21214953   0.03404344]
 [ 34.           0.21962617   0.04255904]
 [ 35.           0.2198932    0.04378379]
 [ 36.           0.2224299    0.04667505]
 [ 37.           0.22510014   0.05247947]
 [ 38.           0.22857141   0.04933059]
 [ 39.           0.22523366   0.04453309]
 [ 40.           0.22763686   0.04090114]
 [ 41.           0.24178906   0.03689541]
 [ 42.           0.253004     0.03867511]
 [ 43.           0.26728973   0.04513444]
 [ 44.           0.27236316   0.04479351]
 [ 45.           0.2766355    0.04766047]
 [ 46.           0.2891856    0.0482547 ]
 [ 47.           0.299733     0.04781543]
 [ 48.           0.30520695   0.04275595]
 [ 49.           0.29973298   0.04341941]
 [ 50.           0.29612815   0.04888822]
 [ 51.           0.29519358   0.05759472]
 [ 52.           0.30013353   0.0674589 ]
 [ 53.           0.30413887   0.07129839]
 [ 54.           0.3093458    0.0718556 ]
 [ 55.           0.30801067   0.06773415]
 [ 56.           0.30801067   0.06249343]
 [ 57.           0.29799733   0.05737999]
 [ 58.           0.29799733   0.05278048]
 [ 59.           0.30614153   0.06036979]
 [ 60.           0.31295058   0.06882539]
 [ 61.           0.31522033   0.07333012]
 [ 62.           0.3141522    0.07344127]
 [ 63.           0.31575435   0.07529938]
 [ 64.           0.31855807   0.07505548]
 [ 65.           0.32309747   0.0780599 ]
 [ 66.           0.3245661    0.07797479]
 [ 67.           0.32176235   0.07716417]
 [ 68.           0.3164219    0.07819965]
 [ 69.           0.3317757    0.08541074]
 [ 70.           0.3360481    0.09037767]
 [ 71.           0.32977304   0.09109276]
 [ 72.           0.32389855   0.08878931]
 [ 73.           0.32723632   0.08966955]
 [ 74.           0.33097464   0.08883572]
 [ 75.           0.32523367   0.08377425]
 [ 76.           0.31949267   0.08134147]
 [ 77.           0.32149532   0.08317392]
 [ 78.           0.3283044    0.08857827]
 [ 79.           0.33257675   0.08404244]
 [ 80.           0.33204272   0.08095843]
 [ 81.           0.32736984   0.08217404]
 [ 82.           0.3164219    0.08202124]
 [ 83.           0.32029372   0.07733782]
 [ 84.           0.32830444   0.07458048]
 [ 85.           0.33110815   0.08010403]
 [ 86.           0.33124167   0.08230517]
 [ 87.           0.32803738   0.07849059]
 [ 88.           0.32590118   0.07803477]
 [ 89.           0.33124167   0.07872415]
 [ 90.           0.32963952   0.08508324]
 [ 91.           0.32443258   0.08534811]
 [ 92.           0.33337784   0.08527578]
 [ 93.           0.33845127   0.08310612]
 [ 94.           0.3375167    0.07738562]
 [ 95.           0.33457944   0.07777166]
 [ 96.           0.32643527   0.08011655]
 [ 97.           0.32510015   0.08170824]
 [ 98.           0.33044058   0.08207554]
 [ 99.           0.33084112   0.07421087]
 [100.           0.33484647   0.07242391]
 [101.           0.34232312   0.08210867]
 [102.           0.34539387   0.09163976]
 [103.           0.34392524   0.09019355]
 [104.           0.3436582    0.08697397]
 [105.           0.34312418   0.07975416]
 [106.           0.34325767   0.08146983]
 [107.           0.33538052   0.08119888]
 [108.           0.3319092    0.08059404]
 [109.           0.3384513    0.0756404 ]
 [110.           0.34526035   0.08052352]
 [111.           0.34432575   0.08112586]
 [112.           0.33631507   0.08201227]
 [113.           0.34926566   0.09509861]
 [114.           0.3574099    0.09433313]
 [115.           0.3504673    0.08206062]
 [116.           0.34753004   0.08378382]
 [117.           0.34739652   0.09218764]
 [118.           0.3471295    0.09277959]
 [119.           0.35514018   0.09674162]
 [120.           0.35767692   0.09681002]
 [121.           0.3516689    0.0884146 ]
 [122.           0.3448598    0.08635073]
 [123.           0.3481976    0.09309557]
 [124.           0.34819758   0.08923513]
 [125.           0.3496662    0.08833015]
 [126.           0.35140187   0.08862378]
 [127.           0.34846464   0.08753271]
 [128.           0.3444593    0.08442681]
 [129.           0.34873167   0.08890243]
 [130.           0.34993324   0.09127409]
 [131.           0.34646195   0.08994693]
 [132.           0.34592792   0.08543342]
 [133.           0.347263     0.08553901]
 [134.           0.35367155   0.09446861]
 [135.           0.35700938   0.09718098]
 [136.           0.352737     0.09296982]
 [137.           0.3468625    0.08734745]
 [138.           0.34632844   0.0861761 ]
 [139.           0.35193592   0.09146916]
 [140.           0.3563418    0.09735851]
 [141.           0.35607478   0.09562457]
 [142.           0.352737     0.0934074 ]
 [143.           0.34979972   0.08956586]
 [144.           0.35193592   0.08993503]
 [145.           0.3566088    0.09466885]
 [146.           0.36074767   0.10292462]
 [147.           0.35927904   0.10163032]
 [148.           0.35767692   0.09843847]
 [149.           0.35554075   0.0906374 ]
 [150.           0.35700935   0.09026887]
 [151.           0.35807744   0.09429412]
 [152.           0.36168227   0.10140096]
 [153.           0.3638184    0.10370791]
 [154.           0.36421898   0.1011757 ]
 [155.           0.36328438   0.09952798]
 [156.           0.3636849    0.0990556 ]
 [157.           0.36542055   0.09741367]
 [158.           0.36942586   0.10199166]
 [159.           0.3695594    0.10442687]
 [160.           0.36795726   0.1034631 ]
 [161.           0.36795726   0.10121071]
 [162.           0.37049398   0.1020958 ]
 [163.           0.37396526   0.10322703]
 [164.           0.37196264   0.10333059]
 [165.           0.37129506   0.10057692]
 [166.           0.37129506   0.10018068]
 [167.           0.37102804   0.09871424]
 [168.           0.37329775   0.10203293]
 [169.           0.37423232   0.10145942]
 [170.           0.37236318   0.09616221]
 [171.           0.37303072   0.09312286]
 [172.           0.37383178   0.09602266]
 [173.           0.37409884   0.09969374]
 [174.           0.37863818   0.1039701 ]
 [175.           0.38197598   0.10737333]
 [176.           0.38251      0.11017012]
 [177.           0.37823763   0.10560337]
 [178.           0.37676904   0.09939042]
 [179.           0.37970626   0.10219115]
 [180.           0.3797063    0.10493217]
 [181.           0.37703606   0.10389508]
 [182.           0.37583447   0.10136645]
 [183.           0.3728972    0.0947867 ]
 [184.           0.37783715   0.09801611]
 [185.           0.37797067   0.09806089]
 [186.           0.37716958   0.09582171]
 [187.           0.37343124   0.09334175]
 [188.           0.3694259    0.08985224]
 [189.           0.36929238   0.09210155]
 [190.           0.3755674    0.09512344]
 [191.           0.37930575   0.10043278]
 [192.           0.38104138   0.10410504]
 [193.           0.37489986   0.10088349]
 [194.           0.36715624   0.08897557]
 [195.           0.370227     0.09016787]
 [196.           0.37116155   0.0904398 ]
 [197.           0.3728972    0.08970581]
 [198.           0.3739653    0.09005389]
 [199.           0.3715621    0.09615436]
 [200.           0.37343124   0.10062362]
 [201.           0.37530038   0.09425725]
 [202.           0.3763685    0.08851787]
 [203.           0.37783715   0.090298  ]
 [204.           0.3715621    0.09430712]
 [205.           0.36929238   0.09684452]
 [206.           0.3728972    0.09747309]
 [207.           0.3751669    0.09484477]
 [208.           0.3773031    0.09694798]
 [209.           0.3777036    0.09855838]
 [210.           0.37543392   0.09940387]
 [211.           0.37757012   0.09727059]
 [212.           0.37663552   0.09324719]
 [213.           0.37369826   0.08918869]
 [214.           0.37583444   0.09339473]
 [215.           0.37716958   0.10105167]
 [216.           0.37716958   0.10362085]
 [217.           0.37957278   0.10314627]
 [218.           0.37930575   0.10158211]
 [219.           0.3797063    0.09678353]
 [220.           0.37823766   0.09685624]
 [221.           0.38157544   0.1004563 ]
 [222.           0.38064083   0.10469943]
 [223.           0.38077435   0.10634138]
 [224.           0.37837118   0.10272287]
 [225.           0.3774366    0.09547765]
 [226.           0.37623498   0.09394851]
 [227.           0.38050732   0.09818306]
 [228.           0.3813084    0.10171691]
 [229.           0.38170895   0.10401511]
 [230.           0.3809079    0.10224366]
 [231.           0.3803738    0.10186574]
 [232.           0.38090786   0.10208555]
 [233.           0.3811749    0.10057644]
 [234.           0.37983978   0.09652717]
 [235.           0.37930575   0.09525194]
 [236.           0.38090786   0.0977197 ]
 [237.           0.3823765    0.09975608]
 [238.           0.3811749    0.10224412]
 [239.           0.38037384   0.10191604]
 [240.           0.37663552   0.09674209]
 [241.           0.37610146   0.09566066]
 [242.           0.3811749    0.09939312]
 [243.           0.38744995   0.10262217]
 [244.           0.38678238   0.10240047]
 [245.           0.382243     0.09904459]
 [246.           0.3775701    0.09765125]
 [247.           0.37716958   0.0992529 ]
 [248.           0.3813084    0.10534333]
 [249.           0.3849132    0.1070535 ]
 [250.           0.38771698   0.10545644]
 [251.           0.38838452   0.1048982 ]
 [252.           0.38291055   0.1016141 ]
 [253.           0.38144192   0.1037558 ]
 [254.           0.38237652   0.10340172]
 [255.           0.38464618   0.10479514]
 [256.           0.3845127    0.10616881]
 [257.           0.38344458   0.10616313]
 [258.           0.38384512   0.10345837]
 [259.           0.3858478    0.10540212]
 [260.           0.38651535   0.10540424]
 [261.           0.3858478    0.10797201]
 [262.           0.38384512   0.10712571]
 [263.           0.38050735   0.10434299]
 [264.           0.382243     0.10235911]
 [265.           0.38357812   0.09926594]
 [266.           0.38384515   0.1004257 ]
 [267.           0.3834446    0.10408387]
 [268.           0.38157544   0.10675857]
 [269.           0.38090786   0.10619987]
 [270.           0.38411218   0.1055981 ]
 [271.           0.3849132    0.10503536]
 [272.           0.38504672   0.10442451]
 [273.           0.38531375   0.10576236]
 [274.           0.38371164   0.10708763]
 [275.           0.38291058   0.10822514]
 [276.           0.3847797    0.11171218]
 [277.           0.38638183   0.11114407]
 [278.           0.38744995   0.10812216]
 [279.           0.38878506   0.10905475]
 [280.           0.38851804   0.10877795]
 [281.           0.3870494    0.11161719]
 [282.           0.38491324   0.11096974]
 [283.           0.38758346   0.10991662]
 [284.           0.39105472   0.11121322]
 [285.           0.39305744   0.11021097]
 [286.           0.39198932   0.10889302]
 [287.           0.38744995   0.11061983]
 [288.           0.38624835   0.11128654]
 [289.           0.39012018   0.11484849]
 [290.           0.39452603   0.11718236]
 [291.           0.39773032   0.11714089]
 [292.           0.39465955   0.11357827]
 [293.           0.3903872    0.11399636]
 [294.           0.39158878   0.11332019]
 [295.           0.39385852   0.11546803]
 [296.           0.39452603   0.11406043]
 [297.           0.39265686   0.11107691]
 [298.           0.38798398   0.10601591]
 [299.           0.38798398   0.10387363]
 [300.           0.3909212    0.10634559]
 [301.           0.393992     0.10983936]
 [302.           0.3953271    0.11088014]
 [303.           0.39546064   0.11069635]
 [304.           0.39319095   0.11001123]
 [305.           0.3918558    0.10830066]
 [306.           0.3953271    0.11034431]
 [307.           0.39546064   0.11151554]
 [308.           0.39559412   0.11335263]
 [309.           0.39706275   0.11423063]
 [310.           0.39786384   0.11351509]
 [311.           0.39719626   0.10881276]
 [312.           0.3962617    0.10903432]
 [313.           0.393725     0.10568649]
 [314.           0.39238986   0.10589394]
 [315.           0.39225635   0.10837738]
 [316.           0.3938585    0.11053056]
 [317.           0.3962617    0.11201893]
 [318.           0.3951936    0.11075308]
 [319.           0.39439252   0.10996607]
 [320.           0.39425904   0.10853761]
 [321.           0.39492655   0.10817571]
 [322.           0.39586115   0.11424487]
 [323.           0.39706275   0.11664625]
 [324.           0.39532712   0.11470369]
 [325.           0.39345795   0.11210442]
 [326.           0.3938585    0.11097416]
 [327.           0.3947931    0.1107245 ]
 [328.           0.39572766   0.11330623]
 [329.           0.39465955   0.11706575]
 [330.           0.39586115   0.11959238]
 [331.           0.39719626   0.11714814]
 [332.           0.39532712   0.11172695]
 [333.           0.39452603   0.10982676]
 [334.           0.39132175   0.10898504]
 [335.           0.39345795   0.11178795]
 [336.           0.39692926   0.11604991]
 [337.           0.40040055   0.11706766]
 [338.           0.39893195   0.11762893]
 [339.           0.39813086   0.11860044]
 [340.           0.3966622    0.11860213]
 [341.           0.39519358   0.11152592]
 [342.           0.39439255   0.10634224]
 [343.           0.39452603   0.10451901]
 [344.           0.39439252   0.10614824]
 [345.           0.39506006   0.1115613 ]
 [346.           0.39679572   0.11500941]
 [347.           0.39679572   0.11454638]
 [348.           0.39652872   0.11222997]
 [349.           0.3950601    0.11029888]
 [350.           0.39465955   0.1124604 ]
 [351.           0.39599466   0.11474638]
 [352.           0.39826438   0.11543965]
 [353.           0.39839786   0.11492004]
 [354.           0.40026703   0.11472718]
 [355.           0.40040055   0.11454038]
 [356.           0.39919895   0.11372881]
 [357.           0.39826438   0.11361476]
 [358.           0.39586115   0.11671081]
 [359.           0.39599466   0.11755009]
 [360.           0.39612818   0.11624655]
 [361.           0.39372498   0.11280562]
 [362.           0.39732978   0.11437295]
 [363.           0.39679572   0.11373725]
 [364.           0.39786384   0.11631875]
 [365.           0.3965287    0.1146265 ]
 [366.           0.39492658   0.11675337]
 [367.           0.39532712   0.11591715]
 [368.           0.39639518   0.11572284]
 [369.           0.39612818   0.11594135]
 [370.           0.39372498   0.11378601]
 [371.           0.39345795   0.11445298]
 [372.           0.3954606    0.11701072]
 [373.           0.3974633    0.12366261]
 [374.           0.39973298   0.12761459]
 [375.           0.40026703   0.1272327 ]
 [376.           0.3971963    0.12509076]
 [377.           0.39372498   0.11968867]
 [378.           0.3917223    0.11588831]
 [379.           0.39345798   0.11665885]
 [380.           0.39559412   0.11882941]
 [381.           0.3974633    0.12123059]
 [382.           0.39692923   0.12523995]
 [383.           0.39599466   0.12456187]
 [384.           0.39492658   0.12466755]
 [385.           0.39332443   0.12541753]
 [386.           0.39345795   0.12374905]
 [387.           0.39359146   0.12272571]
 [388.           0.39732978   0.12570769]
 [389.           0.39946598   0.13128537]
 [390.           0.39826438   0.13344592]
 [391.           0.39679575   0.13236372]
 [392.           0.39479306   0.12759121]
 [393.           0.39452606   0.1238817 ]
 [394.           0.39425904   0.11994176]
 [395.           0.39198932   0.11831436]
 [396.           0.39265686   0.12161209]
 [397.           0.39319092   0.12181583]
 [398.           0.39319092   0.1226943 ]
 [399.           0.39506012   0.125814  ]
 [400.           0.39546064   0.12506188]]
Dataset       :CS
Model         :GCN
Conden ratio  :1.0
GC            :1
LearnA        :1
Max Test Accuracy:
0.5941255006675568
Best Result: Epoch   Acc  Std.
               337 0.4004  0.1171
