Set seed
Model Cheby
--------------------------------------------------
The 1th iteration:
--------------------------------------------------
--------------------------------------------------
The 2th iteration:
--------------------------------------------------
--------------------------------------------------
The 3th iteration:
--------------------------------------------------
--------------------------------------------------
The 4th iteration:
--------------------------------------------------
--------------------------------------------------
The 5th iteration:
--------------------------------------------------
[[  1.           0.14275001   0.03346407]
 [  2.           0.1          0.06072479]
 [  3.           0.11274999   0.01949359]
 [  4.           0.11375      0.04667875]
 [  5.           0.14400001   0.03949288]
 [  6.           0.12550001   0.04074118]
 [  7.           0.125        0.03868947]
 [  8.           0.1405       0.03430789]
 [  9.           0.14825001   0.02640726]
 [ 10.           0.13975      0.02885037]
 [ 11.           0.1455       0.00609815]
 [ 12.           0.175        0.03348274]
 [ 13.           0.1895       0.05317718]
 [ 14.           0.20025001   0.0533151 ]
 [ 15.           0.19525      0.04779023]
 [ 16.           0.22224998   0.05535679]
 [ 17.           0.19399999   0.03971973]
 [ 18.           0.20425001   0.04535107]
 [ 19.           0.20900002   0.0509856 ]
 [ 20.           0.20875001   0.04825065]
 [ 21.           0.19999999   0.04201934]
 [ 22.           0.19025001   0.02671318]
 [ 23.           0.1865       0.03427144]
 [ 24.           0.19500001   0.03898117]
 [ 25.           0.2105       0.04247794]
 [ 26.           0.2145       0.04730717]
 [ 27.           0.207        0.04211777]
 [ 28.           0.19675      0.04056824]
 [ 29.           0.1925       0.05436423]
 [ 30.           0.2          0.06531175]
 [ 31.           0.21149997   0.06024947]
 [ 32.           0.223        0.05673816]
 [ 33.           0.21925001   0.04800391]
 [ 34.           0.212        0.04355851]
 [ 35.           0.205        0.04519921]
 [ 36.           0.206        0.05400666]
 [ 37.           0.21950002   0.05549916]
 [ 38.           0.23650001   0.05999609]
 [ 39.           0.23599999   0.06176695]
 [ 40.           0.23075      0.05740889]
 [ 41.           0.22275      0.05530032]
 [ 42.           0.22449999   0.05368165]
 [ 43.           0.23474999   0.05865284]
 [ 44.           0.23825      0.06013396]
 [ 45.           0.23474999   0.05497442]
 [ 46.           0.23325      0.05520275]
 [ 47.           0.2395       0.06107501]
 [ 48.           0.24825001   0.06611189]
 [ 49.           0.2465       0.06669309]
 [ 50.           0.246        0.06702029]
 [ 51.           0.24949999   0.068634  ]
 [ 52.           0.25675002   0.07340278]
 [ 53.           0.262        0.0777697 ]
 [ 54.           0.26875      0.08317902]
 [ 55.           0.27025002   0.08563824]
 [ 56.           0.273        0.08686196]
 [ 57.           0.27825      0.0903578 ]
 [ 58.           0.27600002   0.09032667]
 [ 59.           0.2775       0.09226744]
 [ 60.           0.27550003   0.08813874]
 [ 61.           0.27825      0.08850582]
 [ 62.           0.27675      0.08808998]
 [ 63.           0.27350003   0.08532292]
 [ 64.           0.27025      0.08145837]
 [ 65.           0.26925      0.08107   ]
 [ 66.           0.2675       0.08003418]
 [ 67.           0.26275      0.07538132]
 [ 68.           0.26575002   0.08086254]
 [ 69.           0.27025002   0.08199372]
 [ 70.           0.27150002   0.08083258]
 [ 71.           0.2705       0.08164137]
 [ 72.           0.271        0.08171691]
 [ 73.           0.2725       0.08233412]
 [ 74.           0.27225      0.08423553]
 [ 75.           0.27         0.08137011]
 [ 76.           0.26625      0.0763524 ]
 [ 77.           0.26525003   0.07651287]
 [ 78.           0.2645       0.0763094 ]
 [ 79.           0.26225      0.07418516]
 [ 80.           0.262        0.074202  ]
 [ 81.           0.26225      0.07280862]
 [ 82.           0.26225      0.06917144]
 [ 83.           0.2595       0.06655355]
 [ 84.           0.25875002   0.06580035]
 [ 85.           0.2585       0.06494828]
 [ 86.           0.256        0.06549928]
 [ 87.           0.25974998   0.06618157]
 [ 88.           0.255        0.06523395]
 [ 89.           0.2565       0.06333443]
 [ 90.           0.25375      0.06273705]
 [ 91.           0.25349998   0.06457432]
 [ 92.           0.255        0.06466862]
 [ 93.           0.25525      0.06338991]
 [ 94.           0.25675002   0.06589884]
 [ 95.           0.2595       0.06560179]
 [ 96.           0.25750002   0.0647652 ]
 [ 97.           0.25975      0.06696198]
 [ 98.           0.26200002   0.06852578]
 [ 99.           0.26250002   0.07159457]
 [100.           0.26775      0.07298009]
 [101.           0.268        0.07585245]
 [102.           0.2685       0.07500208]
 [103.           0.278        0.07702273]
 [104.           0.28725      0.0806342 ]
 [105.           0.28625      0.08088861]
 [106.           0.29225      0.08234075]
 [107.           0.293        0.08332261]
 [108.           0.29525      0.08287038]
 [109.           0.28125      0.08402939]
 [110.           0.2985       0.08389632]
 [111.           0.296        0.08296932]
 [112.           0.29175      0.08342569]
 [113.           0.26500002   0.10365961]
 [114.           0.27624997   0.09218273]
 [115.           0.29675004   0.08344442]
 [116.           0.2875       0.08510563]
 [117.           0.2775       0.08613671]
 [118.           0.27850002   0.09067198]
 [119.           0.28475      0.08015318]
 [120.           0.2915       0.08885294]
 [121.           0.279        0.07893531]
 [122.           0.28725      0.09318748]
 [123.           0.28500003   0.07931346]
 [124.           0.28050002   0.09304988]
 [125.           0.28175002   0.0878813 ]
 [126.           0.2845       0.08461586]
 [127.           0.29225      0.08777814]
 [128.           0.2795       0.08156956]
 [129.           0.28675      0.09022368]
 [130.           0.28050002   0.08432916]
 [131.           0.28649998   0.08303048]
 [132.           0.28225002   0.08555608]
 [133.           0.278        0.08286189]
 [134.           0.29225      0.08373787]
 [135.           0.28425002   0.07895114]
 [136.           0.28625      0.08960416]
 [137.           0.28300002   0.08491541]
 [138.           0.29075      0.08645175]
 [139.           0.28375003   0.08659803]
 [140.           0.285        0.08289207]
 [141.           0.29050002   0.08612582]
 [142.           0.27925      0.07992966]
 [143.           0.28975      0.0843236 ]
 [144.           0.279        0.07693544]
 [145.           0.287        0.08552504]
 [146.           0.28325      0.08029535]
 [147.           0.2885       0.08635592]
 [148.           0.28775      0.08071652]
 [149.           0.28375003   0.0839131 ]
 [150.           0.28525      0.08196989]
 [151.           0.28350002   0.07746673]
 [152.           0.28425      0.08476345]
 [153.           0.28175002   0.07785003]
 [154.           0.28825003   0.08623008]
 [155.           0.282        0.07956228]
 [156.           0.29075      0.08696084]
 [157.           0.28225002   0.079958  ]
 [158.           0.2895       0.08851466]
 [159.           0.2845       0.08149291]
 [160.           0.28925002   0.08317246]
 [161.           0.285        0.08395032]
 [162.           0.29         0.08446523]
 [163.           0.28975      0.08461032]
 [164.           0.28825      0.08599873]
 [165.           0.29050002   0.08654659]
 [166.           0.28550002   0.08347716]
 [167.           0.29325      0.08889337]
 [168.           0.2845       0.08284304]
 [169.           0.29675      0.09273029]
 [170.           0.287        0.08354733]
 [171.           0.2935       0.09156367]
 [172.           0.29200003   0.08331322]
 [173.           0.29125      0.09025571]
 [174.           0.29375002   0.08595511]
 [175.           0.293        0.08988535]
 [176.           0.29250002   0.08817153]
 [177.           0.2915       0.08807135]
 [178.           0.294        0.08829728]
 [179.           0.289        0.08570207]
 [180.           0.296        0.09121317]
 [181.           0.28525      0.08388702]
 [182.           0.30275      0.09100739]
 [183.           0.28875      0.08382925]
 [184.           0.291        0.09168305]
 [185.           0.294        0.08556978]
 [186.           0.29675      0.08822734]
 [187.           0.29175      0.08828487]
 [188.           0.29325      0.08496138]
 [189.           0.29700002   0.08661427]
 [190.           0.289        0.08457337]
 [191.           0.29325      0.0892092 ]
 [192.           0.28575      0.08051883]
 [193.           0.29425      0.08501654]
 [194.           0.28875      0.08581866]
 [195.           0.29675      0.08233696]
 [196.           0.29299998   0.08588054]
 [197.           0.29575      0.07950335]
 [198.           0.2955       0.08374347]
 [199.           0.289        0.07915274]
 [200.           0.298        0.078405  ]
 [201.           0.29275      0.07896499]
 [202.           0.29749998   0.07768627]
 [203.           0.29650003   0.07824442]
 [204.           0.299        0.08090021]
 [205.           0.29825002   0.07904015]
 [206.           0.296        0.07929572]
 [207.           0.2965       0.07910831]
 [208.           0.29325      0.07928686]
 [209.           0.29775      0.07858812]
 [210.           0.29250002   0.08061773]
 [211.           0.29775      0.0825918 ]
 [212.           0.2935       0.0805324 ]
 [213.           0.29424998   0.08464356]
 [214.           0.29325      0.07835515]
 [215.           0.29575      0.08569843]
 [216.           0.29375002   0.07722733]
 [217.           0.29424998   0.08768106]
 [218.           0.29275      0.07705721]
 [219.           0.29575      0.08708204]
 [220.           0.2945       0.08153125]
 [221.           0.297        0.0854702 ]
 [222.           0.29299998   0.08288075]
 [223.           0.29525      0.08121346]
 [224.           0.295        0.08425687]
 [225.           0.2925       0.0758957 ]
 [226.           0.3005       0.08560265]
 [227.           0.29325      0.07594509]
 [228.           0.303        0.08683947]
 [229.           0.2965       0.07932035]
 [230.           0.29875      0.08059834]
 [231.           0.29825002   0.08320062]
 [232.           0.29475      0.07850357]
 [233.           0.29850003   0.08549672]
 [234.           0.294        0.08018728]
 [235.           0.29775      0.08496047]
 [236.           0.296        0.08625635]
 [237.           0.29675      0.08030994]
 [238.           0.29875      0.08710178]
 [239.           0.294        0.07824939]
 [240.           0.29900002   0.09006681]
 [241.           0.29425      0.07733147]
 [242.           0.298        0.08791686]
 [243.           0.29425      0.07858415]
 [244.           0.298        0.08506707]
 [245.           0.2955       0.08332729]
 [246.           0.29500002   0.08024376]
 [247.           0.29875      0.08609134]
 [248.           0.29200003   0.07605816]
 [249.           0.29775      0.08557434]
 [250.           0.2945       0.07850957]
 [251.           0.29625002   0.08287321]
 [252.           0.29700002   0.08586235]
 [253.           0.29250002   0.07586481]
 [254.           0.29825002   0.08655562]
 [255.           0.29075      0.07092359]
 [256.           0.3025       0.09005206]
 [257.           0.29424998   0.0791488 ]
 [258.           0.29700002   0.08377612]
 [259.           0.29675      0.08302201]
 [260.           0.29525003   0.07850856]
 [261.           0.30175      0.08757407]
 [262.           0.29575      0.07756349]
 [263.           0.29825002   0.08350524]
 [264.           0.298        0.08093497]
 [265.           0.2955       0.07461149]
 [266.           0.29625002   0.08523404]
 [267.           0.2955       0.07613004]
 [268.           0.29625002   0.08735704]
 [269.           0.29725      0.07954165]
 [270.           0.29275      0.08167869]
 [271.           0.29775      0.08291279]
 [272.           0.29175      0.0774526 ]
 [273.           0.29725      0.08442544]
 [274.           0.293        0.0781455 ]
 [275.           0.29700002   0.08288074]
 [276.           0.28925      0.07577001]
 [277.           0.3          0.08118266]
 [278.           0.29375002   0.08308034]
 [279.           0.2955       0.07836513]
 [280.           0.29525      0.08206513]
 [281.           0.2895       0.07708862]
 [282.           0.29825002   0.08167008]
 [283.           0.28925      0.07782996]
 [284.           0.298        0.07879265]
 [285.           0.29175      0.08141617]
 [286.           0.29325002   0.07722027]
 [287.           0.29500002   0.08226766]
 [288.           0.29200003   0.07783496]
 [289.           0.29825002   0.08249336]
 [290.           0.294        0.08013368]
 [291.           0.29575      0.0797976 ]
 [292.           0.29275      0.08218404]
 [293.           0.29425      0.07827535]
 [294.           0.2925       0.08145646]
 [295.           0.29250002   0.07769632]
 [296.           0.2925       0.08023404]
 [297.           0.29325      0.08056732]
 [298.           0.2895       0.07631452]
 [299.           0.29950002   0.08734182]
 [300.           0.29375002   0.07227876]
 [301.           0.29850003   0.08719321]
 [302.           0.2915       0.07185273]
 [303.           0.29775      0.08525421]
 [304.           0.29375002   0.07947582]
 [305.           0.29225      0.0804062 ]
 [306.           0.29725      0.08073588]
 [307.           0.29175      0.0735888 ]
 [308.           0.29875      0.08216789]
 [309.           0.2895       0.07817049]
 [310.           0.29425      0.07596566]
 [311.           0.29675      0.08066908]
 [312.           0.29749998   0.07908659]
 [313.           0.29475      0.082743  ]
 [314.           0.28649998   0.08228856]
 [315.           0.29825002   0.08105554]
 [316.           0.29025      0.08070684]
 [317.           0.29725      0.08520839]
 [318.           0.28825003   0.08270146]
 [319.           0.2925       0.08205848]
 [320.           0.29025003   0.08083258]
 [321.           0.29475      0.07952692]
 [322.           0.296        0.07754232]
 [323.           0.28525      0.07989446]
 [324.           0.2985       0.07821944]
 [325.           0.287        0.07944928]
 [326.           0.29125      0.08021942]
 [327.           0.29225      0.08136722]
 [328.           0.28875002   0.07539479]
 [329.           0.292        0.08140657]
 [330.           0.28474998   0.07311378]
 [331.           0.295        0.08494024]
 [332.           0.28575      0.07535127]
 [333.           0.29525      0.08257288]
 [334.           0.29000002   0.0793184 ]
 [335.           0.28875002   0.0799707 ]
 [336.           0.2935       0.0787867 ]
 [337.           0.28525      0.07166218]
 [338.           0.28925      0.08076103]
 [339.           0.28725      0.0691319 ]
 [340.           0.291        0.07956131]
 [341.           0.28725      0.07788413]
 [342.           0.28774998   0.07740619]
 [343.           0.2885       0.08164997]
 [344.           0.29025003   0.07445321]
 [345.           0.2875       0.08103336]
 [346.           0.29000002   0.0726561 ]
 [347.           0.28925      0.0780955 ]
 [348.           0.28425      0.07551179]
 [349.           0.28925      0.07835516]
 [350.           0.29500002   0.07869542]
 [351.           0.2905       0.07638615]
 [352.           0.27925      0.0794935 ]
 [353.           0.2935       0.07375742]
 [354.           0.28775      0.07621106]
 [355.           0.28850004   0.07995312]
 [356.           0.28975      0.07594406]
 [357.           0.28975      0.07589775]
 [358.           0.2845       0.07803044]
 [359.           0.284        0.07509577]
 [360.           0.29474998   0.07641068]
 [361.           0.28575      0.07726072]
 [362.           0.287        0.07459055]
 [363.           0.28925002   0.07975354]
 [364.           0.289        0.07211861]
 [365.           0.28625003   0.08004393]
 [366.           0.283        0.07097865]
 [367.           0.28550002   0.07747277]
 [368.           0.2865       0.07373092]
 [369.           0.286        0.07582566]
 [370.           0.29025      0.08026031]
 [371.           0.28325      0.07312554]
 [372.           0.28525      0.0808229 ]
 [373.           0.28425      0.07140663]
 [374.           0.29099998   0.07823941]
 [375.           0.28825003   0.07603247]
 [376.           0.282        0.07338682]
 [377.           0.28700003   0.08433379]
 [378.           0.29175      0.07308279]
 [379.           0.29424998   0.07955245]
 [380.           0.28575      0.07812551]
 [381.           0.28350002   0.07610334]
 [382.           0.29099998   0.07826937]
 [383.           0.28725      0.07514257]
 [384.           0.29125      0.07675041]
 [385.           0.28375003   0.07702982]
 [386.           0.28375003   0.07654145]
 [387.           0.284        0.07870733]
 [388.           0.284        0.07378919]
 [389.           0.283        0.07695676]
 [390.           0.28800002   0.07504479]
 [391.           0.28350002   0.07530355]
 [392.           0.28375      0.07624487]
 [393.           0.28474998   0.07453711]
 [394.           0.284        0.07593891]
 [395.           0.287        0.07645772]
 [396.           0.281        0.07486133]
 [397.           0.28975      0.07803945]
 [398.           0.27975002   0.07411668]
 [399.           0.2895       0.07773452]
 [400.           0.28675002   0.07402281]]
Dataset       :Photo
Model         :Cheby
Conden ratio  :0.5
GC            :2
LearnA        :1
Max Test Accuracy:
0.3925
Best Result: Epoch   Acc  Std.
               228 0.3030  0.0868
