Set seed
Model GCN
--------------------------------------------------
The 1th iteration:
--------------------------------------------------
--------------------------------------------------
The 2th iteration:
--------------------------------------------------
--------------------------------------------------
The 3th iteration:
--------------------------------------------------
--------------------------------------------------
The 4th iteration:
--------------------------------------------------
--------------------------------------------------
The 5th iteration:
--------------------------------------------------
[[  1.           0.6492       0.11121691]
 [  2.           0.83239996   0.03601111]
 [  3.           0.8724       0.01260159]
 [  4.           0.88640004   0.0099398 ]
 [  5.           0.89519995   0.00626102]
 [  6.           0.89799994   0.00678234]
 [  7.           0.9016       0.00684105]
 [  8.           0.9004       0.00572712]
 [  9.           0.9028       0.00438179]
 [ 10.           0.9028       0.00438179]
 [ 11.           0.9028       0.00414728]
 [ 12.           0.9035999    0.00456068]
 [ 13.           0.9028       0.00334665]
 [ 14.           0.9028       0.00334665]
 [ 15.           0.9016       0.00296651]
 [ 16.           0.90200007   0.00282845]
 [ 17.           0.90200007   0.00282845]
 [ 18.           0.90200007   0.00282845]
 [ 19.           0.90200007   0.00282845]
 [ 20.           0.90200007   0.00282845]
 [ 21.           0.9016       0.0021909 ]
 [ 22.           0.9016       0.00260768]
 [ 23.           0.90200007   0.002     ]
 [ 24.           0.90160006   0.00357773]
 [ 25.           0.90160006   0.00357773]
 [ 26.           0.90160006   0.00357773]
 [ 27.           0.9024       0.00384707]
 [ 28.           0.9024       0.00384707]
 [ 29.           0.9024       0.00477493]
 [ 30.           0.9032       0.00363318]
 [ 31.           0.9040001    0.004     ]
 [ 32.           0.90440005   0.0038471 ]
 [ 33.           0.90480006   0.00389874]
 [ 34.           0.90599996   0.00447215]
 [ 35.           0.90599996   0.00447215]
 [ 36.           0.9060001    0.00547722]
 [ 37.           0.90760005   0.00638749]
 [ 38.           0.90760005   0.00517686]
 [ 39.           0.908        0.00469041]
 [ 40.           0.9084       0.00433589]
 [ 41.           0.9092       0.00460433]
 [ 42.           0.9092       0.00303314]
 [ 43.           0.9096001    0.00089444]
 [ 44.           0.9096001    0.00089444]
 [ 45.           0.91         0.00200001]
 [ 46.           0.9092       0.00303314]
 [ 47.           0.90959996   0.00260767]
 [ 48.           0.91         0.00244948]
 [ 49.           0.9108       0.00303314]
 [ 50.           0.9108       0.00303314]
 [ 51.           0.91040003   0.00328632]
 [ 52.           0.91160005   0.00260766]
 [ 53.           0.91160005   0.00260766]
 [ 54.           0.91160005   0.00260766]
 [ 55.           0.91160005   0.00260766]
 [ 56.           0.91239995   0.0016733 ]
 [ 57.           0.9128       0.00228035]
 [ 58.           0.912        0.00199997]
 [ 59.           0.912        0.00199997]
 [ 60.           0.91239995   0.00219086]
 [ 61.           0.91239995   0.00219086]
 [ 62.           0.9132       0.00109543]
 [ 63.           0.9128       0.00178883]
 [ 64.           0.91240007   0.0016733 ]
 [ 65.           0.91240007   0.0016733 ]
 [ 66.           0.912        0.0014142 ]
 [ 67.           0.912        0.0014142 ]
 [ 68.           0.91160005   0.00219088]
 [ 69.           0.91160005   0.00219088]
 [ 70.           0.91160005   0.00219088]
 [ 71.           0.91160005   0.00219088]
 [ 72.           0.9112       0.00228034]
 [ 73.           0.9108       0.00178886]
 [ 74.           0.91160005   0.0016733 ]
 [ 75.           0.9112       0.00109543]
 [ 76.           0.9112       0.00109543]
 [ 77.           0.9112       0.00109543]
 [ 78.           0.91040003   0.00167332]
 [ 79.           0.91040003   0.00167332]
 [ 80.           0.91040003   0.00167332]
 [ 81.           0.91040003   0.00167332]
 [ 82.           0.91040003   0.00167332]
 [ 83.           0.91040003   0.00167332]
 [ 84.           0.91120005   0.00178883]
 [ 85.           0.91120005   0.00268326]
 [ 86.           0.91120005   0.00268326]
 [ 87.           0.91160005   0.00219087]
 [ 88.           0.91160005   0.00219087]
 [ 89.           0.91160005   0.00219087]
 [ 90.           0.91160005   0.00219087]
 [ 91.           0.91160005   0.00219087]
 [ 92.           0.91160005   0.00219087]
 [ 93.           0.91160005   0.00219087]
 [ 94.           0.912        0.00199998]
 [ 95.           0.912        0.00199998]
 [ 96.           0.912        0.00199998]
 [ 97.           0.912        0.00199998]
 [ 98.           0.912        0.00199998]
 [ 99.           0.91159993   0.00260768]
 [100.           0.91160005   0.0016733 ]
 [101.           0.91160005   0.0016733 ]
 [102.           0.912        0.0014142 ]
 [103.           0.912        0.0014142 ]
 [104.           0.912        0.0014142 ]
 [105.           0.912        0.0014142 ]
 [106.           0.912        0.0014142 ]
 [107.           0.912        0.0014142 ]
 [108.           0.912        0.0014142 ]
 [109.           0.91160005   0.00089442]
 [110.           0.9112       0.00109543]
 [111.           0.9112       0.00109543]
 [112.           0.91160005   0.00089442]
 [113.           0.91160005   0.00089442]
 [114.           0.912        0.0014142 ]
 [115.           0.912        0.0014142 ]
 [116.           0.912        0.0014142 ]
 [117.           0.912        0.0014142 ]
 [118.           0.912        0.0014142 ]
 [119.           0.912        0.0014142 ]
 [120.           0.912        0.0014142 ]
 [121.           0.912        0.0014142 ]
 [122.           0.912        0.0014142 ]
 [123.           0.912        0.0014142 ]
 [124.           0.912        0.0014142 ]
 [125.           0.91120005   0.00109542]
 [126.           0.91120005   0.00109542]
 [127.           0.91120005   0.00109542]
 [128.           0.9112       0.00178883]
 [129.           0.9112       0.00178883]
 [130.           0.9112       0.00178883]
 [131.           0.9112       0.00178883]
 [132.           0.9108       0.00109543]
 [133.           0.9108       0.00109543]
 [134.           0.9112       0.00178883]
 [135.           0.9108       0.00228034]
 [136.           0.9108       0.00228034]
 [137.           0.9108       0.00228034]
 [138.           0.9108       0.00228034]
 [139.           0.9108       0.00228034]
 [140.           0.91120005   0.00268326]
 [141.           0.91120005   0.00268326]
 [142.           0.91120005   0.00268326]
 [143.           0.9108       0.00334663]
 [144.           0.9108       0.00334663]
 [145.           0.9108       0.00334663]
 [146.           0.91120005   0.00268326]
 [147.           0.91120005   0.00268326]
 [148.           0.91120005   0.00268326]
 [149.           0.91160005   0.00219086]
 [150.           0.91160005   0.00219086]
 [151.           0.91160005   0.00219086]
 [152.           0.91160005   0.00219086]
 [153.           0.912        0.00199996]
 [154.           0.912        0.00199996]
 [155.           0.912        0.00199996]
 [156.           0.912        0.00199996]
 [157.           0.912        0.00199996]
 [158.           0.912        0.00199996]
 [159.           0.912        0.00199996]
 [160.           0.912        0.00199996]
 [161.           0.912        0.00199996]
 [162.           0.91160005   0.00260765]
 [163.           0.912        0.00282839]
 [164.           0.91160005   0.00260765]
 [165.           0.91160005   0.00260765]
 [166.           0.91160005   0.00260765]
 [167.           0.9112       0.00228033]
 [168.           0.9112       0.00228033]
 [169.           0.9108       0.00228034]
 [170.           0.9108       0.00228034]
 [171.           0.9108       0.00228034]
 [172.           0.91040003   0.00219088]
 [173.           0.91040003   0.00219088]
 [174.           0.91040003   0.00219088]
 [175.           0.91040003   0.00219088]
 [176.           0.91         0.00282842]
 [177.           0.91040003   0.00296647]
 [178.           0.91040003   0.00296647]
 [179.           0.9108       0.00303314]
 [180.           0.9108       0.00303314]
 [181.           0.9108       0.00303314]
 [182.           0.9108       0.00303314]
 [183.           0.9108       0.00303314]
 [184.           0.9108       0.00303314]
 [185.           0.9112       0.00228033]
 [186.           0.9112       0.00228033]
 [187.           0.9112       0.00228033]
 [188.           0.9112       0.00228033]
 [189.           0.9112       0.00228033]
 [190.           0.9112       0.00228033]
 [191.           0.9112       0.00228033]
 [192.           0.9112       0.00228033]
 [193.           0.9108       0.00178884]
 [194.           0.9108       0.00178884]
 [195.           0.9108       0.00178884]
 [196.           0.9108       0.00178884]
 [197.           0.9108       0.00178884]
 [198.           0.9108       0.00178884]
 [199.           0.9108       0.00178884]
 [200.           0.9108       0.00178884]
 [201.           0.9108       0.00178884]
 [202.           0.91040003   0.00167331]
 [203.           0.91040003   0.00167331]
 [204.           0.91040003   0.00167331]
 [205.           0.9108       0.00109543]
 [206.           0.9112       0.00109543]
 [207.           0.9112       0.00109543]
 [208.           0.9108       0.00178886]
 [209.           0.9108       0.00178886]
 [210.           0.9108       0.00178886]
 [211.           0.9108       0.00178886]
 [212.           0.9108       0.00178886]
 [213.           0.9108       0.00178886]
 [214.           0.9108       0.00228035]
 [215.           0.9108       0.00228035]
 [216.           0.9108       0.00228035]
 [217.           0.91040003   0.00219088]
 [218.           0.91040003   0.00219088]
 [219.           0.9108       0.00178883]
 [220.           0.9108       0.00178883]
 [221.           0.91120005   0.00178883]
 [222.           0.91160005   0.00167329]
 [223.           0.9112       0.00228036]
 [224.           0.9112       0.00228036]
 [225.           0.9108       0.00178887]
 [226.           0.9112       0.00228036]
 [227.           0.9112       0.00228036]
 [228.           0.9112       0.00228036]
 [229.           0.9108       0.00178887]
 [230.           0.9108       0.00178887]
 [231.           0.9108       0.00178887]
 [232.           0.9108       0.00178887]
 [233.           0.9108       0.00178887]
 [234.           0.9108       0.00178887]
 [235.           0.9108       0.00178887]
 [236.           0.9108       0.00178887]
 [237.           0.9108       0.00178887]
 [238.           0.9108       0.00178887]
 [239.           0.9108       0.00178887]
 [240.           0.91120005   0.00109542]
 [241.           0.9108       0.00109543]
 [242.           0.9108       0.00109543]
 [243.           0.90959996   0.00219089]
 [244.           0.91         0.00200001]
 [245.           0.91         0.00200001]
 [246.           0.91         0.00200001]
 [247.           0.9092       0.00178886]
 [248.           0.9092       0.00178886]
 [249.           0.9096001    0.00167333]
 [250.           0.91         0.00141421]
 [251.           0.9108       0.00178886]
 [252.           0.9112       0.00178887]
 [253.           0.91120005   0.00109542]
 [254.           0.91120005   0.00109542]
 [255.           0.9108       0.00109543]
 [256.           0.9108       0.00109543]
 [257.           0.9108       0.00109543]
 [258.           0.91160005   0.00167329]
 [259.           0.91160005   0.00167329]
 [260.           0.91160005   0.00167329]
 [261.           0.9112       0.00178883]
 [262.           0.91160005   0.00260769]
 [263.           0.91160005   0.00260769]
 [264.           0.9112       0.00178883]
 [265.           0.91120005   0.00303316]
 [266.           0.91120005   0.00303316]
 [267.           0.91160005   0.00296648]
 [268.           0.9112       0.00178883]
 [269.           0.9112       0.00178883]
 [270.           0.9112       0.00178883]
 [271.           0.9108       0.00228034]
 [272.           0.91120005   0.00268326]
 [273.           0.91160005   0.00219086]
 [274.           0.912        0.00199996]
 [275.           0.912        0.00199996]
 [276.           0.912        0.00199996]
 [277.           0.912        0.00199996]
 [278.           0.912        0.00199996]
 [279.           0.912        0.00199996]
 [280.           0.912        0.00199996]
 [281.           0.912        0.00199996]
 [282.           0.912        0.0014142 ]
 [283.           0.91239995   0.00167331]
 [284.           0.91239995   0.00167331]
 [285.           0.91239995   0.00167331]
 [286.           0.91239995   0.00167331]
 [287.           0.91239995   0.00167331]
 [288.           0.91239995   0.00167331]
 [289.           0.91239995   0.00167331]
 [290.           0.912        0.00199996]
 [291.           0.912        0.00199996]
 [292.           0.912        0.00199996]
 [293.           0.912        0.00199996]
 [294.           0.912        0.00199996]
 [295.           0.912        0.00199996]
 [296.           0.91240007   0.0021909 ]
 [297.           0.91240007   0.0021909 ]
 [298.           0.91240007   0.0021909 ]
 [299.           0.91240007   0.0021909 ]
 [300.           0.91240007   0.0021909 ]
 [301.           0.91240007   0.0021909 ]
 [302.           0.9120001    0.00244949]
 [303.           0.91240007   0.00260764]
 [304.           0.91240007   0.00260764]
 [305.           0.91240007   0.00260764]
 [306.           0.91240007   0.00260764]
 [307.           0.91240007   0.00260764]
 [308.           0.912        0.00199996]
 [309.           0.912        0.00199996]
 [310.           0.91160005   0.00219086]
 [311.           0.91160005   0.00219086]
 [312.           0.91160005   0.00219086]
 [313.           0.91160005   0.00219086]
 [314.           0.91160005   0.00219086]
 [315.           0.91160005   0.00219086]
 [316.           0.91160005   0.00219086]
 [317.           0.91240007   0.00260764]
 [318.           0.91240007   0.00260764]
 [319.           0.91240007   0.00260764]
 [320.           0.91240007   0.00260764]
 [321.           0.912        0.0028284 ]
 [322.           0.912        0.0028284 ]
 [323.           0.912        0.0028284 ]
 [324.           0.912        0.0028284 ]
 [325.           0.91240007   0.00260764]
 [326.           0.91240007   0.00260764]
 [327.           0.91240007   0.00260764]
 [328.           0.91240007   0.00260764]
 [329.           0.91240007   0.00260764]
 [330.           0.91240007   0.00260764]
 [331.           0.91240007   0.00260764]
 [332.           0.912        0.00199996]
 [333.           0.91160005   0.00219086]
 [334.           0.912        0.00199996]
 [335.           0.912        0.0028284 ]
 [336.           0.912        0.0028284 ]
 [337.           0.912        0.0028284 ]
 [338.           0.912        0.0028284 ]
 [339.           0.91240007   0.00260764]
 [340.           0.912        0.0028284 ]
 [341.           0.912        0.0028284 ]
 [342.           0.912        0.0028284 ]
 [343.           0.912        0.0028284 ]
 [344.           0.912        0.0028284 ]
 [345.           0.912        0.0028284 ]
 [346.           0.912        0.0028284 ]
 [347.           0.91160005   0.00219086]
 [348.           0.91239995   0.00167331]
 [349.           0.9128       0.00228034]
 [350.           0.9128       0.00228034]
 [351.           0.91239995   0.00167331]
 [352.           0.91239995   0.00167331]
 [353.           0.91239995   0.00167331]
 [354.           0.91239995   0.00167331]
 [355.           0.91239995   0.00167331]
 [356.           0.91239995   0.00167331]
 [357.           0.9128       0.00178883]
 [358.           0.9128       0.00178883]
 [359.           0.9128       0.00178883]
 [360.           0.9128       0.00178883]
 [361.           0.9132       0.00228033]
 [362.           0.9132       0.00228033]
 [363.           0.9128       0.00228034]
 [364.           0.91240007   0.00260764]
 [365.           0.91240007   0.00260764]
 [366.           0.9128       0.00303313]
 [367.           0.9128       0.00303313]
 [368.           0.91240007   0.00260764]
 [369.           0.91240007   0.00260764]
 [370.           0.91240007   0.00260764]
 [371.           0.91240007   0.00260764]
 [372.           0.91240007   0.00260764]
 [373.           0.9128       0.00334663]
 [374.           0.9128       0.00334663]
 [375.           0.91240007   0.00260764]
 [376.           0.91240007   0.00260764]
 [377.           0.9128       0.00228034]
 [378.           0.9128       0.00228034]
 [379.           0.9128       0.00228034]
 [380.           0.9132       0.00268329]
 [381.           0.9132       0.00268329]
 [382.           0.91359997   0.00219089]
 [383.           0.91359997   0.00219089]
 [384.           0.9128       0.00228034]
 [385.           0.9128       0.00228034]
 [386.           0.91240007   0.00260764]
 [387.           0.912        0.00199996]
 [388.           0.912        0.00199996]
 [389.           0.912        0.00199996]
 [390.           0.912        0.00199996]
 [391.           0.912        0.00199996]
 [392.           0.91240007   0.00260764]
 [393.           0.91240007   0.00260764]
 [394.           0.91240007   0.00260764]
 [395.           0.91240007   0.00260764]
 [396.           0.9128       0.00228034]
 [397.           0.91239995   0.00167331]
 [398.           0.91239995   0.00167331]
 [399.           0.91239995   0.00167331]
 [400.           0.912        0.00199996]]
Dataset       :Physics
Model         :GCN
Conden ratio  :1.0
GC            :1
LearnA        :1
Max Test Accuracy:
0.918
Best Result: Epoch   Acc  Std.
               382 0.9136  0.0022
