Set seed
Model GCN
--------------------------------------------------
The 1th iteration:
--------------------------------------------------
--------------------------------------------------
The 2th iteration:
--------------------------------------------------
--------------------------------------------------
The 3th iteration:
--------------------------------------------------
--------------------------------------------------
The 4th iteration:
--------------------------------------------------
--------------------------------------------------
The 5th iteration:
--------------------------------------------------
[[  1.           0.6248       0.14142558]
 [  2.           0.8176001    0.06455078]
 [  3.           0.8668       0.04218057]
 [  4.           0.884        0.01989974]
 [  5.           0.88879997   0.01316055]
 [  6.           0.89239997   0.00898888]
 [  7.           0.89519995   0.00701426]
 [  8.           0.89799994   0.00989949]
 [  9.           0.8984       0.00963327]
 [ 10.           0.8992001    0.00889943]
 [ 11.           0.8988001    0.00807466]
 [ 12.           0.8996       0.00792464]
 [ 13.           0.89919996   0.00807464]
 [ 14.           0.89919996   0.00769414]
 [ 15.           0.8992001    0.00729382]
 [ 16.           0.89680004   0.00729384]
 [ 17.           0.8964       0.00669328]
 [ 18.           0.896        0.00632455]
 [ 19.           0.89519995   0.00609916]
 [ 20.           0.8948       0.00593293]
 [ 21.           0.8948       0.00593293]
 [ 22.           0.89400005   0.00599998]
 [ 23.           0.89440006   0.00684106]
 [ 24.           0.89400005   0.00734849]
 [ 25.           0.8936001    0.0085323 ]
 [ 26.           0.89400005   0.00787403]
 [ 27.           0.89519995   0.00831865]
 [ 28.           0.89519995   0.00831865]
 [ 29.           0.89559996   0.00779743]
 [ 30.           0.89559996   0.00779743]
 [ 31.           0.8956       0.00829457]
 [ 32.           0.896        0.00787401]
 [ 33.           0.8964       0.00654216]
 [ 34.           0.8964       0.00606628]
 [ 35.           0.89720005   0.00641871]
 [ 36.           0.89799994   0.00547722]
 [ 37.           0.8984       0.00554978]
 [ 38.           0.90000004   0.00583094]
 [ 39.           0.8996       0.00589914]
 [ 40.           0.89919996   0.00558571]
 [ 41.           0.90000004   0.0046904 ]
 [ 42.           0.9004       0.0038471 ]
 [ 43.           0.90000004   0.004     ]
 [ 44.           0.90079993   0.00268329]
 [ 45.           0.9004       0.00260766]
 [ 46.           0.9004       0.00296645]
 [ 47.           0.90079993   0.00109546]
 [ 48.           0.90079993   0.00178884]
 [ 49.           0.90000004   0.00374166]
 [ 50.           0.90000004   0.00424267]
 [ 51.           0.9004       0.00433593]
 [ 52.           0.9004       0.00433593]
 [ 53.           0.9012       0.00389871]
 [ 54.           0.90080005   0.00481665]
 [ 55.           0.90080005   0.00481665]
 [ 56.           0.9012       0.00460434]
 [ 57.           0.90080005   0.00414727]
 [ 58.           0.90080005   0.00414727]
 [ 59.           0.9012       0.0041473 ]
 [ 60.           0.9012       0.0041473 ]
 [ 61.           0.90160006   0.00384709]
 [ 62.           0.90160006   0.00384709]
 [ 63.           0.9016       0.00384706]
 [ 64.           0.9016       0.00384706]
 [ 65.           0.9012       0.00363319]
 [ 66.           0.90160006   0.0035777 ]
 [ 67.           0.9012       0.00303313]
 [ 68.           0.9012       0.00303313]
 [ 69.           0.9012       0.00303313]
 [ 70.           0.9024       0.00384705]
 [ 71.           0.9024       0.00384705]
 [ 72.           0.9028       0.00414727]
 [ 73.           0.9028       0.00414727]
 [ 74.           0.9028       0.00303316]
 [ 75.           0.9028       0.00303316]
 [ 76.           0.9028       0.00303316]
 [ 77.           0.9024       0.00384705]
 [ 78.           0.9024       0.00384705]
 [ 79.           0.9024       0.00384705]
 [ 80.           0.90200007   0.00374162]
 [ 81.           0.9024       0.00409876]
 [ 82.           0.90200007   0.00424263]
 [ 83.           0.9016       0.00384706]
 [ 84.           0.9016       0.00384706]
 [ 85.           0.90200007   0.00374162]
 [ 86.           0.90200007   0.00374162]
 [ 87.           0.90160006   0.0035777 ]
 [ 88.           0.90200007   0.00282845]
 [ 89.           0.9024       0.00296648]
 [ 90.           0.9032       0.00228034]
 [ 91.           0.9032       0.00228034]
 [ 92.           0.9028       0.00228033]
 [ 93.           0.9028       0.00228033]
 [ 94.           0.9028       0.00228033]
 [ 95.           0.9024       0.0016733 ]
 [ 96.           0.9024       0.0016733 ]
 [ 97.           0.9028       0.00109542]
 [ 98.           0.9028       0.00109542]
 [ 99.           0.9028       0.00109542]
 [100.           0.9028       0.00109542]
 [101.           0.9024       0.00089442]
 [102.           0.90200007   0.00141421]
 [103.           0.90200007   0.00141421]
 [104.           0.90200007   0.00141421]
 [105.           0.9016       0.0021909 ]
 [106.           0.9016       0.0021909 ]
 [107.           0.9012       0.00303313]
 [108.           0.9016       0.0021909 ]
 [109.           0.90079993   0.00178887]
 [110.           0.90079993   0.00178887]
 [111.           0.90079993   0.00178887]
 [112.           0.90079993   0.00178887]
 [113.           0.90079993   0.00178887]
 [114.           0.90119994   0.00228036]
 [115.           0.90119994   0.00228036]
 [116.           0.90119994   0.00228036]
 [117.           0.90119994   0.00303317]
 [118.           0.90160006   0.00296651]
 [119.           0.90160006   0.00296651]
 [120.           0.90160006   0.00296651]
 [121.           0.90160006   0.00296651]
 [122.           0.90160006   0.00296651]
 [123.           0.90200007   0.00282845]
 [124.           0.90200007   0.00141421]
 [125.           0.90200007   0.00141421]
 [126.           0.90160006   0.00089443]
 [127.           0.90160006   0.00089443]
 [128.           0.9024       0.0021909 ]
 [129.           0.9024       0.0021909 ]
 [130.           0.90200007   0.00244952]
 [131.           0.90200007   0.00244952]
 [132.           0.90200007   0.00244952]
 [133.           0.9024       0.0021909 ]
 [134.           0.90200007   0.00141421]
 [135.           0.9016       0.00167334]
 [136.           0.9016       0.00167334]
 [137.           0.9012       0.00109546]
 [138.           0.9012       0.00109546]
 [139.           0.9012       0.00109546]
 [140.           0.9012       0.00109546]
 [141.           0.9012       0.00109546]
 [142.           0.9012       0.00109546]
 [143.           0.9016       0.00089444]
 [144.           0.90200007   0.        ]
 [145.           0.90200007   0.        ]
 [146.           0.9024       0.00089442]
 [147.           0.9024       0.00089442]
 [148.           0.9016       0.00167333]
 [149.           0.9016       0.00167333]
 [150.           0.9016       0.00167333]
 [151.           0.9016       0.00167333]
 [152.           0.90200007   0.00141421]
 [153.           0.90200007   0.00141421]
 [154.           0.90200007   0.00141421]
 [155.           0.9012       0.00228035]
 [156.           0.9012       0.00228035]
 [157.           0.9012       0.00228035]
 [158.           0.9016       0.00167331]
 [159.           0.9016       0.00167331]
 [160.           0.9016       0.00167331]
 [161.           0.90199995   0.00141422]
 [162.           0.9016       0.00167331]
 [163.           0.9012       0.00109546]
 [164.           0.9012       0.00109546]
 [165.           0.90160006   0.00089443]
 [166.           0.90160006   0.00089443]
 [167.           0.90160006   0.00089443]
 [168.           0.9016       0.00167333]
 [169.           0.9012       0.00178885]
 [170.           0.90080005   0.00109547]
 [171.           0.9012       0.00109547]
 [172.           0.90080005   0.00109547]
 [173.           0.9016       0.00167333]
 [174.           0.90119994   0.00228036]
 [175.           0.9004       0.00296648]
 [176.           0.90079993   0.00303315]
 [177.           0.90000004   0.00244948]
 [178.           0.90000004   0.00244948]
 [179.           0.90000004   0.00244948]
 [180.           0.90079993   0.00109546]
 [181.           0.9004       0.00167333]
 [182.           0.90079993   0.00228036]
 [183.           0.90119994   0.00178887]
 [184.           0.90119994   0.00178887]
 [185.           0.9012       0.00268327]
 [186.           0.90119994   0.00178887]
 [187.           0.90119994   0.00178887]
 [188.           0.90119994   0.00178887]
 [189.           0.9004       0.00167333]
 [190.           0.90000004   0.00141422]
 [191.           0.90000004   0.00141422]
 [192.           0.90000004   0.        ]
 [193.           0.90000004   0.        ]
 [194.           0.90000004   0.        ]
 [195.           0.90000004   0.        ]
 [196.           0.89959997   0.00089442]
 [197.           0.90000004   0.        ]
 [198.           0.90000004   0.        ]
 [199.           0.9004       0.00089445]
 [200.           0.9004       0.00167334]
 [201.           0.9004       0.00167334]
 [202.           0.9004       0.00167334]
 [203.           0.90000004   0.00141423]
 [204.           0.90000004   0.00141423]
 [205.           0.8996       0.00167332]
 [206.           0.8996       0.00167332]
 [207.           0.8996       0.00167332]
 [208.           0.8996       0.00167332]
 [209.           0.8996       0.00167332]
 [210.           0.90000004   0.00200001]
 [211.           0.8996       0.00167334]
 [212.           0.90000004   0.00141423]
 [213.           0.9004       0.00167333]
 [214.           0.9004       0.00167333]
 [215.           0.90000004   0.00141423]
 [216.           0.90000004   0.00141423]
 [217.           0.90000004   0.00141423]
 [218.           0.90000004   0.00141423]
 [219.           0.9004       0.00167333]
 [220.           0.90000004   0.        ]
 [221.           0.9004       0.00089445]
 [222.           0.90000004   0.        ]
 [223.           0.90000004   0.00141422]
 [224.           0.90000004   0.00141422]
 [225.           0.90000004   0.00141422]
 [226.           0.90000004   0.00141422]
 [227.           0.89959997   0.00089442]
 [228.           0.90000004   0.        ]
 [229.           0.89959997   0.00089442]
 [230.           0.90000004   0.        ]
 [231.           0.90000004   0.        ]
 [232.           0.89959997   0.00089442]
 [233.           0.89959997   0.00089442]
 [234.           0.8988       0.00109542]
 [235.           0.89919996   0.00109543]
 [236.           0.89919996   0.00109543]
 [237.           0.9004       0.00167334]
 [238.           0.90079993   0.00178887]
 [239.           0.90079993   0.00178887]
 [240.           0.9012       0.00109546]
 [241.           0.9004       0.00260767]
 [242.           0.8996       0.00433589]
 [243.           0.8996       0.00328634]
 [244.           0.8996       0.00328634]
 [245.           0.90000004   0.00346411]
 [246.           0.90000004   0.00346411]
 [247.           0.90000004   0.00346411]
 [248.           0.89919996   0.00303315]
 [249.           0.89959997   0.0035777 ]
 [250.           0.8996       0.00456069]
 [251.           0.9004       0.00384708]
 [252.           0.90079993   0.00303314]
 [253.           0.90200007   0.00141422]
 [254.           0.90200007   0.00141422]
 [255.           0.90200007   0.00141422]
 [256.           0.9012       0.00109546]
 [257.           0.90079993   0.00228035]
 [258.           0.90080005   0.00178886]
 [259.           0.90080005   0.00178886]
 [260.           0.9004       0.0021909 ]
 [261.           0.90000004   0.002     ]
 [262.           0.90000004   0.002     ]
 [263.           0.90000004   0.002     ]
 [264.           0.8992001    0.00178888]
 [265.           0.8992001    0.00178888]
 [266.           0.8996       0.00167334]
 [267.           0.8996       0.00167334]
 [268.           0.8996       0.00167334]
 [269.           0.8996       0.00167334]
 [270.           0.8996       0.00260768]
 [271.           0.90000004   0.00282842]
 [272.           0.8992001    0.00228035]
 [273.           0.8996       0.00167332]
 [274.           0.8996       0.00167332]
 [275.           0.8996       0.00167332]
 [276.           0.8996       0.00167332]
 [277.           0.8996       0.00167332]
 [278.           0.8996       0.00167332]
 [279.           0.90000004   0.00141423]
 [280.           0.90080005   0.00178886]
 [281.           0.90080005   0.00178886]
 [282.           0.90080005   0.00178886]
 [283.           0.9012       0.00228034]
 [284.           0.90079993   0.00228034]
 [285.           0.9004       0.00219088]
 [286.           0.90079993   0.00178884]
 [287.           0.9004       0.00219088]
 [288.           0.90000004   0.00141423]
 [289.           0.8992001    0.00228036]
 [290.           0.8992001    0.00228036]
 [291.           0.8988       0.00303318]
 [292.           0.89839995   0.00260768]
 [293.           0.8988       0.00178883]
 [294.           0.89839995   0.00260768]
 [295.           0.8988       0.00303315]
 [296.           0.8988       0.00414729]
 [297.           0.8988       0.00414729]
 [298.           0.8992001    0.00414728]
 [299.           0.89919996   0.00303315]
 [300.           0.8996       0.00219087]
 [301.           0.8996       0.00219087]
 [302.           0.89919996   0.00303315]
 [303.           0.8996       0.00219087]
 [304.           0.8996       0.00433589]
 [305.           0.8996       0.00433589]
 [306.           0.90000004   0.00346411]
 [307.           0.8996       0.00328635]
 [308.           0.90000004   0.00244948]
 [309.           0.90000004   0.00244948]
 [310.           0.90000004   0.00244948]
 [311.           0.90000004   0.00244948]
 [312.           0.90000004   0.00141422]
 [313.           0.89919996   0.00109543]
 [314.           0.89919996   0.00109543]
 [315.           0.89919996   0.00109543]
 [316.           0.89919996   0.00109543]
 [317.           0.89919996   0.00109543]
 [318.           0.89919996   0.00109543]
 [319.           0.8984       0.00167329]
 [320.           0.8984       0.00167329]
 [321.           0.8984       0.00167329]
 [322.           0.89800006   0.00199998]
 [323.           0.89800006   0.00199998]
 [324.           0.8988       0.00228036]
 [325.           0.8988       0.00228036]
 [326.           0.8988       0.00228036]
 [327.           0.8992001    0.00178888]
 [328.           0.8992001    0.00178888]
 [329.           0.8996       0.00167334]
 [330.           0.8996       0.00167334]
 [331.           0.8996       0.00167334]
 [332.           0.8992001    0.00228036]
 [333.           0.8988       0.00303318]
 [334.           0.8988       0.00303318]
 [335.           0.8988       0.00303318]
 [336.           0.8988       0.00303318]
 [337.           0.8984       0.00384707]
 [338.           0.89839995   0.00517687]
 [339.           0.8992001    0.00540368]
 [340.           0.89919996   0.00460433]
 [341.           0.8988       0.00414729]
 [342.           0.8988       0.00414729]
 [343.           0.8988       0.00414729]
 [344.           0.8988       0.00414729]
 [345.           0.8984       0.00497997]
 [346.           0.89799994   0.00469043]
 [347.           0.89799994   0.00469043]
 [348.           0.8984       0.00384707]
 [349.           0.8984       0.00384707]
 [350.           0.89799994   0.00374168]
 [351.           0.89799994   0.00374168]
 [352.           0.8984       0.00296649]
 [353.           0.8976       0.00260767]
 [354.           0.8976       0.00260767]
 [355.           0.8976       0.00260767]
 [356.           0.89800006   0.00199998]
 [357.           0.89800006   0.00199998]
 [358.           0.8988       0.00178883]
 [359.           0.8988       0.00178883]
 [360.           0.8988       0.00178883]
 [361.           0.8988       0.00178883]
 [362.           0.8988       0.00178883]
 [363.           0.8996       0.00167334]
 [364.           0.8996       0.00167334]
 [365.           0.8992001    0.00178888]
 [366.           0.8992001    0.00178888]
 [367.           0.8996       0.00167332]
 [368.           0.8996       0.00167332]
 [369.           0.89919996   0.00109543]
 [370.           0.8988       0.00109542]
 [371.           0.8984       0.00089442]
 [372.           0.8984       0.00089442]
 [373.           0.8984       0.00089442]
 [374.           0.8996       0.00089442]
 [375.           0.8996       0.00089442]
 [376.           0.89919996   0.00109543]
 [377.           0.90000004   0.        ]
 [378.           0.9004       0.00089445]
 [379.           0.89919996   0.00109543]
 [380.           0.8992001    0.00228034]
 [381.           0.8988       0.00178883]
 [382.           0.8988       0.00178883]
 [383.           0.89919996   0.00178883]
 [384.           0.8996       0.00260767]
 [385.           0.90000004   0.00244948]
 [386.           0.9004       0.00167333]
 [387.           0.9004       0.00167333]
 [388.           0.9004       0.00167333]
 [389.           0.9004       0.00167333]
 [390.           0.9004       0.00167333]
 [391.           0.9004       0.00167333]
 [392.           0.90000004   0.002     ]
 [393.           0.90000004   0.00244948]
 [394.           0.9004       0.00260768]
 [395.           0.9004       0.00260768]
 [396.           0.90000004   0.00244948]
 [397.           0.9004       0.00167332]
 [398.           0.9004       0.00167332]
 [399.           0.90000004   0.00141423]
 [400.           0.8984       0.00296649]]
Dataset       :Physics
Model         :GCN
Conden ratio  :0.5
GC            :2
LearnA        :0
Max Test Accuracy:
0.91
Best Result: Epoch   Acc  Std.
               90 0.9032  0.0023
