Set seed
Model GAT
--------------------------------------------------
The 1th iteration:
--------------------------------------------------
--------------------------------------------------
The 2th iteration:
--------------------------------------------------
--------------------------------------------------
The 3th iteration:
--------------------------------------------------
--------------------------------------------------
The 4th iteration:
--------------------------------------------------
--------------------------------------------------
The 5th iteration:
--------------------------------------------------
[[  1.           0.517        0.00966954]
 [  2.           0.52159995   0.00912686]
 [  3.           0.52459997   0.00427785]
 [  4.           0.5212       0.00752995]
 [  5.           0.515        0.01498335]
 [  6.           0.50579995   0.02094515]
 [  7.           0.49499997   0.02646695]
 [  8.           0.4766       0.03476062]
 [  9.           0.4554       0.02858846]
 [ 10.           0.4324       0.03247   ]
 [ 11.           0.41         0.03381567]
 [ 12.           0.3838       0.04059186]
 [ 13.           0.3594       0.04260048]
 [ 14.           0.3388       0.03995872]
 [ 15.           0.31780002   0.03201095]
 [ 16.           0.30159998   0.02673575]
 [ 17.           0.2984       0.03050081]
 [ 18.           0.30780002   0.04339585]
 [ 19.           0.327        0.05346962]
 [ 20.           0.3558       0.06701268]
 [ 21.           0.3892       0.07590586]
 [ 22.           0.42659998   0.08186756]
 [ 23.           0.46420002   0.0837926 ]
 [ 24.           0.49840003   0.0848958 ]
 [ 25.           0.532        0.07742739]
 [ 26.           0.5662       0.07572117]
 [ 27.           0.5962       0.06991926]
 [ 28.           0.621        0.05826233]
 [ 29.           0.63920003   0.04869496]
 [ 30.           0.6528       0.04078849]
 [ 31.           0.667        0.03349628]
 [ 32.           0.6756       0.02482537]
 [ 33.           0.6812       0.018767  ]
 [ 34.           0.6844       0.01411736]
 [ 35.           0.687        0.01218606]
 [ 36.           0.68979996   0.0112116 ]
 [ 37.           0.6916       0.01054988]
 [ 38.           0.69339997   0.01092247]
 [ 39.           0.6938       0.01112203]
 [ 40.           0.6924       0.01117138]
 [ 41.           0.6916       0.0095551 ]
 [ 42.           0.6914       0.00884871]
 [ 43.           0.6908       0.00852644]
 [ 44.           0.691        0.0089163 ]
 [ 45.           0.691        0.00731439]
 [ 46.           0.6896       0.00792466]
 [ 47.           0.6896       0.00654219]
 [ 48.           0.68840003   0.00541295]
 [ 49.           0.6878       0.00563025]
 [ 50.           0.6874       0.00618869]
 [ 51.           0.6876       0.00859074]
 [ 52.           0.6882       0.00825831]
 [ 53.           0.688        0.00902773]
 [ 54.           0.688        0.00731435]
 [ 55.           0.6882       0.00719028]
 [ 56.           0.6894       0.00887694]
 [ 57.           0.69020003   0.01040191]
 [ 58.           0.69119996   0.00828855]
 [ 59.           0.6914       0.00792464]
 [ 60.           0.6928       0.00725948]
 [ 61.           0.69540006   0.00856156]
 [ 62.           0.698        0.0101735 ]
 [ 63.           0.7020001    0.01496665]
 [ 64.           0.70600003   0.01866814]
 [ 65.           0.70940006   0.02217657]
 [ 66.           0.712        0.02306513]
 [ 67.           0.7158       0.02601345]
 [ 68.           0.7188       0.03004496]
 [ 69.           0.723        0.03345893]
 [ 70.           0.7252       0.03431034]
 [ 71.           0.7264       0.03338113]
 [ 72.           0.72900003   0.03318134]
 [ 73.           0.72999996   0.03336913]
 [ 74.           0.7311999    0.03317681]
 [ 75.           0.7324       0.03332866]
 [ 76.           0.7316       0.03013802]
 [ 77.           0.72999996   0.03008321]
 [ 78.           0.7286       0.02755539]
 [ 79.           0.72840005   0.02601538]
 [ 80.           0.72920007   0.02360509]
 [ 81.           0.73         0.01989974]
 [ 82.           0.7304       0.01693516]
 [ 83.           0.7288       0.01531991]
 [ 84.           0.7306       0.0105024 ]
 [ 85.           0.7328       0.00941807]
 [ 86.           0.7346       0.01180256]
 [ 87.           0.7338       0.01314151]
 [ 88.           0.7336001    0.01599373]
 [ 89.           0.7322       0.01728295]
 [ 90.           0.73239994   0.01809142]
 [ 91.           0.7318       0.01716682]
 [ 92.           0.7316       0.01747284]
 [ 93.           0.7304       0.0174442 ]
 [ 94.           0.72940004   0.01527417]
 [ 95.           0.72900003   0.01557242]
 [ 96.           0.7284       0.01404635]
 [ 97.           0.72660005   0.01270039]
 [ 98.           0.7266       0.01260159]
 [ 99.           0.72480005   0.01241773]
 [100.           0.7252       0.0139714 ]
 [101.           0.72480005   0.01512284]
 [102.           0.7238       0.01470373]
 [103.           0.723        0.01464583]
 [104.           0.723        0.01478176]
 [105.           0.72260004   0.01472414]
 [106.           0.723        0.01462874]
 [107.           0.7238       0.0143248 ]
 [108.           0.725        0.014089  ]
 [109.           0.72540003   0.01411738]
 [110.           0.7256       0.01355728]
 [111.           0.726        0.01238951]
 [112.           0.72679996   0.01261743]
 [113.           0.72760004   0.01209547]
 [114.           0.7274       0.01184484]
 [115.           0.7278       0.01116691]
 [116.           0.7278       0.01147605]
 [117.           0.7278       0.01188277]
 [118.           0.7274       0.01184484]
 [119.           0.7266       0.01050237]
 [120.           0.727        0.01055935]
 [121.           0.7274       0.01052615]
 [122.           0.72760004   0.01013903]
 [123.           0.72760004   0.00976218]
 [124.           0.7268       0.00895546]
 [125.           0.7268001    0.00957601]
 [126.           0.72760004   0.00901664]
 [127.           0.72760004   0.0095289 ]
 [128.           0.7278       0.00967988]
 [129.           0.7278       0.01023229]
 [130.           0.7274       0.0115888 ]
 [131.           0.72720003   0.01145426]
 [132.           0.72760004   0.01180255]
 [133.           0.72760004   0.01178136]
 [134.           0.7268       0.01192478]
 [135.           0.727        0.01264912]
 [136.           0.72679996   0.01247799]
 [137.           0.7268       0.01267675]
 [138.           0.7264       0.01197079]
 [139.           0.72559994   0.0120125 ]
 [140.           0.72559994   0.01184484]
 [141.           0.726        0.01151087]
 [142.           0.7266       0.01045466]
 [143.           0.7268       0.01130045]
 [144.           0.727        0.01133579]
 [145.           0.7274       0.01167477]
 [146.           0.72760004   0.01130486]
 [147.           0.72800004   0.01157583]
 [148.           0.7282       0.01147605]
 [149.           0.7278       0.0110544 ]
 [150.           0.72800004   0.01055936]
 [151.           0.7282       0.01061605]
 [152.           0.7278       0.01070979]
 [153.           0.7278       0.01032955]
 [154.           0.7282       0.01073313]
 [155.           0.7288       0.0112783 ]
 [156.           0.72900003   0.01124722]
 [157.           0.7288       0.01105441]
 [158.           0.7292       0.01123387]
 [159.           0.72999996   0.01088577]
 [160.           0.7302       0.01094075]
 [161.           0.73060006   0.01126055]
 [162.           0.7302       0.01109955]
 [163.           0.73         0.01113552]
 [164.           0.72999996   0.01083974]
 [165.           0.72999996   0.01083974]
 [166.           0.7302       0.01042594]
 [167.           0.73020005   0.01087198]
 [168.           0.73080003   0.01130045]
 [169.           0.7308       0.01151956]
 [170.           0.73099995   0.01146734]
 [171.           0.731        0.01161895]
 [172.           0.731        0.01189537]
 [173.           0.73120004   0.01198749]
 [174.           0.73120004   0.01207062]
 [175.           0.73120004   0.01158448]
 [176.           0.7318       0.01221475]
 [177.           0.7322001    0.01333042]
 [178.           0.73260003   0.01316435]
 [179.           0.73260003   0.01316435]
 [180.           0.73340005   0.01325895]
 [181.           0.7332       0.01310343]
 [182.           0.73340005   0.01325895]
 [183.           0.7332       0.01302689]
 [184.           0.73340005   0.0129151 ]
 [185.           0.73340005   0.0129151 ]
 [186.           0.73359996   0.01340895]
 [187.           0.7326       0.01384917]
 [188.           0.7324       0.01350184]
 [189.           0.73200005   0.01324763]
 [190.           0.7318       0.01300769]
 [191.           0.73120004   0.01342386]
 [192.           0.73120004   0.01342386]
 [193.           0.731        0.01354622]
 [194.           0.7306       0.01381302]
 [195.           0.7306       0.01381302]
 [196.           0.72980005   0.01409609]
 [197.           0.7298       0.0139535 ]
 [198.           0.7298       0.01349815]
 [199.           0.7298       0.01349815]
 [200.           0.73         0.01317195]
 [201.           0.73         0.01305757]
 [202.           0.7302       0.01287246]
 [203.           0.73         0.01320985]
 [204.           0.7298       0.0129499 ]
 [205.           0.7298       0.01271612]
 [206.           0.73         0.01298076]
 [207.           0.7304       0.01342759]
 [208.           0.7304       0.01310725]
 [209.           0.731        0.01254991]
 [210.           0.7324       0.01178133]
 [211.           0.7324       0.01167474]
 [212.           0.7328       0.01147605]
 [213.           0.7332       0.01171324]
 [214.           0.733        0.01140174]
 [215.           0.7336001    0.01132694]
 [216.           0.7336       0.01201251]
 [217.           0.7336001    0.01293447]
 [218.           0.73340005   0.01289574]
 [219.           0.7332       0.01327405]
 [220.           0.7332       0.01327405]
 [221.           0.73380005   0.01314156]
 [222.           0.73380005   0.0130077 ]
 [223.           0.73340005   0.01318334]
 [224.           0.7342       0.01375501]
 [225.           0.734        0.01387445]
 [226.           0.7338       0.01362717]
 [227.           0.7342       0.01347962]
 [228.           0.7342       0.01406058]
 [229.           0.734        0.01419507]
 [230.           0.734        0.014     ]
 [231.           0.73380005   0.01377316]
 [232.           0.7336001    0.01411736]
 [233.           0.7334       0.01390323]
 [234.           0.7336001    0.01411736]
 [235.           0.73380005   0.0139714 ]
 [236.           0.7344       0.01429337]
 [237.           0.7346       0.01417041]
 [238.           0.7344       0.01429337]
 [239.           0.7346       0.01420564]
 [240.           0.7348       0.0149566 ]
 [241.           0.73480004   0.01538507]
 [242.           0.7346       0.01543698]
 [243.           0.73480004   0.01573849]
 [244.           0.7350001    0.01604681]
 [245.           0.7348       0.01636153]
 [246.           0.73499995   0.01603121]
 [247.           0.7352       0.01589654]
 [248.           0.7352       0.01589654]
 [249.           0.7350001    0.01593738]
 [250.           0.7354       0.01572578]
 [251.           0.7356       0.01575754]
 [252.           0.7354       0.01589968]
 [253.           0.7350001    0.01574802]
 [254.           0.7350001    0.01574802]
 [255.           0.7354       0.01564609]
 [256.           0.736        0.01585875]
 [257.           0.7366       0.01613383]
 [258.           0.7364       0.01628805]
 [259.           0.7366       0.0165318 ]
 [260.           0.7364       0.01647119]
 [261.           0.737        0.01652272]
 [262.           0.737        0.01652272]
 [263.           0.73719996   0.01713768]
 [264.           0.73719996   0.01759829]
 [265.           0.73719996   0.01759829]
 [266.           0.7374       0.01747284]
 [267.           0.7376       0.01750143]
 [268.           0.7376       0.01750143]
 [269.           0.73719996   0.01684339]
 [270.           0.7368       0.01648334]
 [271.           0.73640007   0.01657711]
 [272.           0.73660004   0.01645602]
 [273.           0.7368       0.01634626]
 [274.           0.7372       0.01636156]
 [275.           0.7368       0.01645297]
 [276.           0.73660004   0.01656202]
 [277.           0.737        0.01689675]
 [278.           0.737        0.01646209]
 [279.           0.73700005   0.01624809]
 [280.           0.7364       0.01591541]
 [281.           0.7364       0.01550161]
 [282.           0.73620003   0.01548225]
 [283.           0.73620003   0.01548225]
 [284.           0.7364       0.01512614]
 [285.           0.736        0.01557242]
 [286.           0.7358       0.01592796]
 [287.           0.7358       0.01592796]
 [288.           0.7356       0.01582088]
 [289.           0.73579997   0.01573849]
 [290.           0.73579997   0.0158335 ]
 [291.           0.73579997   0.0158335 ]
 [292.           0.73579997   0.01651363]
 [293.           0.736        0.01615551]
 [294.           0.73579997   0.0158335 ]
 [295.           0.7368       0.01530361]
 [296.           0.737        0.01606239]
 [297.           0.7376       0.01634933]
 [298.           0.73800004   0.01655294]
 [299.           0.73780006   0.01661928]
 [300.           0.7382       0.01688786]
 [301.           0.73840004   0.0172279 ]
 [302.           0.7386       0.01687604]
 [303.           0.7386       0.01687604]
 [304.           0.73859996   0.01660723]
 [305.           0.739        0.01746425]
 [306.           0.739        0.01786059]
 [307.           0.7388       0.01779608]
 [308.           0.739        0.01759262]
 [309.           0.739        0.01759262]
 [310.           0.739        0.01759262]
 [311.           0.739        0.01759262]
 [312.           0.739        0.01759262]
 [313.           0.739        0.01804162]
 [314.           0.739        0.01804162]
 [315.           0.7388       0.01837662]
 [316.           0.73999995   0.01835756]
 [317.           0.73999995   0.01835756]
 [318.           0.7402       0.01845806]
 [319.           0.73999995   0.01835756]
 [320.           0.73999995   0.01835756]
 [321.           0.73920006   0.01880691]
 [322.           0.73920006   0.01880691]
 [323.           0.739        0.01847972]
 [324.           0.7386       0.01804993]
 [325.           0.73880005   0.01756985]
 [326.           0.7384       0.01754422]
 [327.           0.739        0.01788855]
 [328.           0.7396       0.01740116]
 [329.           0.7396       0.01727139]
 [330.           0.7394       0.01684636]
 [331.           0.7388       0.01675409]
 [332.           0.739        0.0174356 ]
 [333.           0.7394       0.01754424]
 [334.           0.74         0.01794435]
 [335.           0.74020004   0.01754139]
 [336.           0.741        0.01820714]
 [337.           0.74139994   0.01870294]
 [338.           0.74160004   0.01832485]
 [339.           0.7416       0.01902104]
 [340.           0.7414       0.01898156]
 [341.           0.7408001    0.01864672]
 [342.           0.74060005   0.01862258]
 [343.           0.7404       0.01856879]
 [344.           0.741        0.01899999]
 [345.           0.741        0.01920936]
 [346.           0.74079996   0.01829479]
 [347.           0.7414       0.01875632]
 [348.           0.7418       0.01917552]
 [349.           0.74200004   0.01958318]
 [350.           0.7422       0.01976611]
 [351.           0.7432       0.02105231]
 [352.           0.74300003   0.02158704]
 [353.           0.7438       0.02316678]
 [354.           0.74380004   0.02350957]
 [355.           0.7440001    0.02248334]
 [356.           0.7442       0.02210654]
 [357.           0.7438       0.02138224]
 [358.           0.7428       0.02206125]
 [359.           0.7426       0.02175545]
 [360.           0.7428       0.02176465]
 [361.           0.7432       0.02174165]
 [362.           0.74279994   0.02156848]
 [363.           0.7428       0.02191346]
 [364.           0.7428       0.02237634]
 [365.           0.7436001    0.02291943]
 [366.           0.7432       0.0236791 ]
 [367.           0.7432       0.02419091]
 [368.           0.7436       0.02395413]
 [369.           0.7436       0.02333025]
 [370.           0.7446       0.02386003]
 [371.           0.7446       0.02371289]
 [372.           0.74480003   0.02376343]
 [373.           0.7456       0.02431667]
 [374.           0.7462       0.02531206]
 [375.           0.7462       0.02538108]
 [376.           0.7464       0.02561833]
 [377.           0.7464       0.02542241]
 [378.           0.7476       0.02578373]
 [379.           0.7476       0.02476489]
 [380.           0.7474       0.02512567]
 [381.           0.7478       0.02489378]
 [382.           0.74780005   0.025014  ]
 [383.           0.748        0.02518927]
 [384.           0.7482       0.02509382]
 [385.           0.74780005   0.025014  ]
 [386.           0.7476       0.02493592]
 [387.           0.74780005   0.02501398]
 [388.           0.7472       0.02423224]
 [389.           0.74780005   0.02407696]
 [390.           0.7482       0.02407694]
 [391.           0.7484       0.02433718]
 [392.           0.7486       0.02371287]
 [393.           0.7486       0.02371287]
 [394.           0.74840003   0.02398541]
 [395.           0.7486       0.02380756]
 [396.           0.7488       0.02411846]
 [397.           0.7494       0.0245316 ]
 [398.           0.74960005   0.02470424]
 [399.           0.75         0.02467792]
 [400.           0.74939996   0.02452143]]
Dataset       :Pubmed
Model         :GAT
Conden ratio  :1.0
GC            :5
LearnA        :1
Max Test Accuracy:
0.774
Best Result: Epoch   Acc  Std.
               399 0.7500  0.0247
