Set seed
Model Cheby
--------------------------------------------------
The 1th iteration:
--------------------------------------------------
--------------------------------------------------
The 2th iteration:
--------------------------------------------------
--------------------------------------------------
The 3th iteration:
--------------------------------------------------
--------------------------------------------------
The 4th iteration:
--------------------------------------------------
--------------------------------------------------
The 5th iteration:
--------------------------------------------------
[[  1.           0.3738       0.05419134]
 [  2.           0.3812       0.05696227]
 [  3.           0.40019998   0.05156259]
 [  4.           0.42279997   0.04892034]
 [  5.           0.43640003   0.0382531 ]
 [  6.           0.43179998   0.03195621]
 [  7.           0.4382       0.03518095]
 [  8.           0.44099998   0.03577709]
 [  9.           0.4474       0.03632217]
 [ 10.           0.44860002   0.04003498]
 [ 11.           0.4498       0.03311647]
 [ 12.           0.4526       0.02040344]
 [ 13.           0.45720002   0.01893938]
 [ 14.           0.46199998   0.02169101]
 [ 15.           0.46540004   0.03234658]
 [ 16.           0.4718       0.04448819]
 [ 17.           0.4828       0.05099705]
 [ 18.           0.48499998   0.05065569]
 [ 19.           0.4882       0.04198452]
 [ 20.           0.48500004   0.03161487]
 [ 21.           0.48580003   0.02920104]
 [ 22.           0.48459998   0.0257352 ]
 [ 23.           0.48640004   0.0271072 ]
 [ 24.           0.4858       0.03021094]
 [ 25.           0.49060002   0.03627396]
 [ 26.           0.4952       0.03943602]
 [ 27.           0.49919996   0.04036953]
 [ 28.           0.50299996   0.04086564]
 [ 29.           0.50640005   0.04570885]
 [ 30.           0.5098       0.05027627]
 [ 31.           0.508        0.05236889]
 [ 32.           0.5104       0.05771309]
 [ 33.           0.5152       0.05722062]
 [ 34.           0.51879996   0.05808356]
 [ 35.           0.5192       0.05762117]
 [ 36.           0.5216       0.06213535]
 [ 37.           0.52580005   0.06672856]
 [ 38.           0.529        0.07178789]
 [ 39.           0.5318       0.07494798]
 [ 40.           0.53540003   0.07794745]
 [ 41.           0.53980005   0.07617547]
 [ 42.           0.54160005   0.07577799]
 [ 43.           0.5418       0.07585315]
 [ 44.           0.541        0.07441438]
 [ 45.           0.54420006   0.07483783]
 [ 46.           0.5454       0.07526816]
 [ 47.           0.5474       0.07650685]
 [ 48.           0.5478       0.07719586]
 [ 49.           0.5464       0.07595591]
 [ 50.           0.5456       0.07571198]
 [ 51.           0.54940003   0.07809163]
 [ 52.           0.55380005   0.07979789]
 [ 53.           0.55480003   0.08197377]
 [ 54.           0.55520004   0.08083748]
 [ 55.           0.555        0.08074655]
 [ 56.           0.554        0.08084862]
 [ 57.           0.55520004   0.08103207]
 [ 58.           0.555        0.08095674]
 [ 59.           0.5554       0.08083811]
 [ 60.           0.5556       0.08120529]
 [ 61.           0.555        0.08058845]
 [ 62.           0.5556       0.08043196]
 [ 63.           0.555        0.07952046]
 [ 64.           0.5556       0.07927356]
 [ 65.           0.55439997   0.08110055]
 [ 66.           0.5572       0.08065172]
 [ 67.           0.5542       0.08243604]
 [ 68.           0.55520004   0.08179669]
 [ 69.           0.55740005   0.08058412]
 [ 70.           0.55340004   0.08219063]
 [ 71.           0.555        0.08210054]
 [ 72.           0.557        0.08158429]
 [ 73.           0.55459994   0.08243059]
 [ 74.           0.5574       0.08159841]
 [ 75.           0.5592       0.08094566]
 [ 76.           0.5572       0.08124468]
 [ 77.           0.55560005   0.08119297]
 [ 78.           0.5568       0.07991058]
 [ 79.           0.55660003   0.08076695]
 [ 80.           0.5572       0.07954681]
 [ 81.           0.55840003   0.07818121]
 [ 82.           0.5574       0.07879909]
 [ 83.           0.5578       0.07781196]
 [ 84.           0.5586       0.07681663]
 [ 85.           0.5594       0.0783728 ]
 [ 86.           0.5592       0.07687782]
 [ 87.           0.5622       0.07758028]
 [ 88.           0.55960006   0.0759559 ]
 [ 89.           0.565        0.07908538]
 [ 90.           0.56560004   0.07910626]
 [ 91.           0.56140006   0.07527815]
 [ 92.           0.565        0.0766942 ]
 [ 93.           0.5688       0.07856015]
 [ 94.           0.565        0.07779141]
 [ 95.           0.56520003   0.07697859]
 [ 96.           0.56820005   0.07801411]
 [ 97.           0.5676       0.07766467]
 [ 98.           0.5656       0.07612687]
 [ 99.           0.56520003   0.07741574]
 [100.           0.56700003   0.07734662]
 [101.           0.5668       0.07708891]
 [102.           0.5658       0.0789411 ]
 [103.           0.5672       0.07991058]
 [104.           0.568        0.07980602]
 [105.           0.56880003   0.07991058]
 [106.           0.56640005   0.07922308]
 [107.           0.5678       0.07994185]
 [108.           0.56700003   0.07888281]
 [109.           0.56560004   0.07867844]
 [110.           0.5644       0.07840154]
 [111.           0.56479996   0.07886508]
 [112.           0.5664       0.08035111]
 [113.           0.5638       0.07980727]
 [114.           0.566        0.08136646]
 [115.           0.565        0.08070007]
 [116.           0.56619996   0.08247545]
 [117.           0.56619996   0.082953  ]
 [118.           0.5646       0.08208106]
 [119.           0.5644       0.08251849]
 [120.           0.5636       0.08296565]
 [121.           0.5644       0.08458604]
 [122.           0.5644       0.08520152]
 [123.           0.565        0.08674099]
 [124.           0.56520003   0.08793008]
 [125.           0.5662       0.08985376]
 [126.           0.5664       0.09137451]
 [127.           0.5656       0.09244891]
 [128.           0.56479996   0.09176983]
 [129.           0.564        0.09253378]
 [130.           0.5644       0.09305536]
 [131.           0.56380004   0.0932427 ]
 [132.           0.56400007   0.09455951]
 [133.           0.56380004   0.09431437]
 [134.           0.56320006   0.09532419]
 [135.           0.562        0.09503156]
 [136.           0.56140006   0.09525385]
 [137.           0.5616       0.09602761]
 [138.           0.56140006   0.0965417 ]
 [139.           0.5606       0.09814937]
 [140.           0.5606       0.09852818]
 [141.           0.5598       0.09851499]
 [142.           0.55880004   0.09817433]
 [143.           0.559        0.09886609]
 [144.           0.5568       0.09904141]
 [145.           0.556        0.09910855]
 [146.           0.5556       0.09895352]
 [147.           0.55560005   0.09901918]
 [148.           0.5542       0.09706287]
 [149.           0.5526       0.09707111]
 [150.           0.55120003   0.09602448]
 [151.           0.55100006   0.09586448]
 [152.           0.55120003   0.09696493]
 [153.           0.54980004   0.09611814]
 [154.           0.5486       0.09671247]
 [155.           0.5478       0.09587336]
 [156.           0.5476       0.09550551]
 [157.           0.54660004   0.09543479]
 [158.           0.54580003   0.09464512]
 [159.           0.544        0.09472857]
 [160.           0.544        0.09504209]
 [161.           0.544        0.0931504 ]
 [162.           0.5422       0.09393986]
 [163.           0.5418       0.0936627 ]
 [164.           0.5412       0.092332  ]
 [165.           0.5396       0.09106756]
 [166.           0.5398       0.09187873]
 [167.           0.54         0.09287626]
 [168.           0.53800005   0.09018869]
 [169.           0.5372       0.08902358]
 [170.           0.53760004   0.08960357]
 [171.           0.536        0.08782653]
 [172.           0.535        0.08686482]
 [173.           0.5348       0.08663255]
 [174.           0.53400004   0.08552779]
 [175.           0.5334       0.08471598]
 [176.           0.5324       0.08407615]
 [177.           0.5316       0.08347035]
 [178.           0.53080004   0.08193412]
 [179.           0.53040004   0.08180343]
 [180.           0.52879995   0.08039714]
 [181.           0.5278       0.07983546]
 [182.           0.5264       0.07911258]
 [183.           0.526        0.07785244]
 [184.           0.5252       0.0775545 ]
 [185.           0.5248       0.07737054]
 [186.           0.5234       0.07657871]
 [187.           0.5224       0.07530139]
 [188.           0.52220005   0.07473084]
 [189.           0.522        0.07481309]
 [190.           0.5214       0.07437271]
 [191.           0.52080005   0.07443252]
 [192.           0.52019995   0.07363898]
 [193.           0.52         0.07338256]
 [194.           0.52         0.07338256]
 [195.           0.5184       0.07132881]
 [196.           0.5176       0.07140238]
 [197.           0.51640004   0.06994856]
 [198.           0.51540005   0.0686644 ]
 [199.           0.5144       0.06814177]
 [200.           0.51420003   0.06785794]
 [201.           0.5136       0.06721086]
 [202.           0.51360005   0.0661914 ]
 [203.           0.5128       0.06515134]
 [204.           0.51220006   0.06579285]
 [205.           0.512        0.0656506 ]
 [206.           0.511        0.06369065]
 [207.           0.5104       0.06296269]
 [208.           0.5094       0.06243237]
 [209.           0.5086       0.06236425]
 [210.           0.50780004   0.06065229]
 [211.           0.506        0.05909736]
 [212.           0.506        0.05909736]
 [213.           0.5058       0.05932707]
 [214.           0.5052       0.05848675]
 [215.           0.5046       0.05800258]
 [216.           0.50380003   0.05700614]
 [217.           0.50240004   0.05600269]
 [218.           0.5008       0.05526028]
 [219.           0.5004       0.05501182]
 [220.           0.5004       0.05501182]
 [221.           0.49980003   0.05466442]
 [222.           0.49919996   0.05408049]
 [223.           0.4986       0.05297923]
 [224.           0.49840003   0.05261464]
 [225.           0.49820003   0.05250428]
 [226.           0.49800006   0.05265927]
 [227.           0.49740002   0.05207974]
 [228.           0.4966       0.05166527]
 [229.           0.4966       0.05192591]
 [230.           0.4954       0.05105192]
 [231.           0.49499997   0.05098529]
 [232.           0.49519998   0.05071193]
 [233.           0.4944       0.05072276]
 [234.           0.493        0.04893875]
 [235.           0.49359998   0.05009291]
 [236.           0.49260002   0.04881394]
 [237.           0.4922       0.04870524]
 [238.           0.492        0.04865697]
 [239.           0.49180004   0.04861276]
 [240.           0.491        0.04815599]
 [241.           0.49060002   0.04809157]
 [242.           0.49060002   0.04809157]
 [243.           0.49060002   0.04809157]
 [244.           0.49040005   0.04806557]
 [245.           0.4902       0.04821514]
 [246.           0.48999998   0.04819231]
 [247.           0.4894       0.04737405]
 [248.           0.4894       0.04709883]
 [249.           0.48920003   0.04669797]
 [250.           0.4896       0.04684335]
 [251.           0.48919997   0.04698617]
 [252.           0.48919997   0.04698617]
 [253.           0.48879996   0.04730434]
 [254.           0.48879996   0.04730434]
 [255.           0.4886       0.04690203]
 [256.           0.48879996   0.04730434]
 [257.           0.48839998   0.04689137]
 [258.           0.48839998   0.04728954]
 [259.           0.48839998   0.04728954]
 [260.           0.48839998   0.04728954]
 [261.           0.48839998   0.04728954]
 [262.           0.48839998   0.04704573]
 [263.           0.488        0.04729164]
 [264.           0.4886       0.04657575]
 [265.           0.488        0.04664227]
 [266.           0.4882       0.04617576]
 [267.           0.48780003   0.04664977]
 [268.           0.4882       0.04595869]
 [269.           0.48780003   0.04620823]
 [270.           0.48780003   0.04556535]
 [271.           0.488        0.04597826]
 [272.           0.48739997   0.04517521]
 [273.           0.4872       0.0451741 ]
 [274.           0.48740003   0.04494774]
 [275.           0.4872       0.04497443]
 [276.           0.4872       0.04497443]
 [277.           0.48740003   0.04539053]
 [278.           0.48740003   0.04539053]
 [279.           0.48740003   0.04539053]
 [280.           0.48740003   0.04539053]
 [281.           0.48740003   0.04539053]
 [282.           0.48740003   0.04539053]
 [283.           0.4872       0.04542248]
 [284.           0.4872       0.04542248]
 [285.           0.4872       0.04542248]
 [286.           0.48740003   0.04539053]
 [287.           0.487        0.04500555]
 [288.           0.487        0.04500555]
 [289.           0.48680001   0.04504108]
 [290.           0.48659998   0.04508103]
 [291.           0.48659998   0.04508103]
 [292.           0.48639998   0.04466318]
 [293.           0.4862       0.04424591]
 [294.           0.4862       0.04424591]
 [295.           0.48600003   0.04440721]
 [296.           0.48600003   0.04440721]
 [297.           0.48600003   0.04458139]
 [298.           0.48600003   0.04458139]
 [299.           0.4858       0.04462287]
 [300.           0.4858       0.04462287]
 [301.           0.4856       0.04479174]
 [302.           0.48540002   0.04483636]
 [303.           0.48500004   0.04400569]
 [304.           0.48520002   0.04442072]
 [305.           0.48459998   0.04359816]
 [306.           0.48480007   0.04401364]
 [307.           0.4844       0.04364973]
 [308.           0.4842       0.04370582]
 [309.           0.48400003   0.04376641]
 [310.           0.48400003   0.04376641]
 [311.           0.4842       0.04418372]
 [312.           0.48400003   0.04376641]
 [313.           0.48400003   0.04376641]
 [314.           0.48400003   0.0442493 ]
 [315.           0.48400003   0.0442493 ]
 [316.           0.48400003   0.0442493 ]
 [317.           0.48400003   0.0442493 ]
 [318.           0.48400003   0.0442493 ]
 [319.           0.48380002   0.04383148]
 [320.           0.48380002   0.04383148]
 [321.           0.48360005   0.04390101]
 [322.           0.48360005   0.04390101]
 [323.           0.48380002   0.04370011]
 [324.           0.48380002   0.04370011]
 [325.           0.48380002   0.04370011]
 [326.           0.48380002   0.04370011]
 [327.           0.48380002   0.04370011]
 [328.           0.48380002   0.04370011]
 [329.           0.48380002   0.04370011]
 [330.           0.48400003   0.04362911]
 [331.           0.48380002   0.04321111]
 [332.           0.4842       0.0434304 ]
 [333.           0.48400003   0.04301162]
 [334.           0.48400003   0.04301162]
 [335.           0.48400003   0.04301162]
 [336.           0.48400003   0.04301162]
 [337.           0.48400003   0.04301162]
 [338.           0.4842       0.04291504]
 [339.           0.48459998   0.04314278]
 [340.           0.4848       0.04278668]
 [341.           0.4848       0.04338432]
 [342.           0.4848       0.04338432]
 [343.           0.4848       0.04338432]
 [344.           0.4848       0.04338432]
 [345.           0.48499998   0.0438007 ]
 [346.           0.4848       0.04338432]
 [347.           0.48520002   0.04421765]
 [348.           0.48540002   0.04403181]
 [349.           0.48540002   0.04403181]
 [350.           0.48540002   0.04403181]
 [351.           0.48540002   0.04403181]
 [352.           0.48540002   0.04403181]
 [353.           0.48540002   0.04403181]
 [354.           0.4858       0.04388281]
 [355.           0.4858       0.04388281]
 [356.           0.4858       0.04388281]
 [357.           0.48599997   0.04430012]
 [358.           0.48599997   0.04430012]
 [359.           0.48639998   0.04415089]
 [360.           0.4866       0.04456793]
 [361.           0.4866       0.04447808]
 [362.           0.4866       0.04447808]
 [363.           0.48680001   0.04430236]
 [364.           0.48680001   0.04430236]
 [365.           0.487        0.04433959]
 [366.           0.4872       0.04416673]
 [367.           0.4872       0.04416673]
 [368.           0.4872       0.04416673]
 [369.           0.4872       0.04416673]
 [370.           0.4872       0.04416673]
 [371.           0.4872       0.04416673]
 [372.           0.4872       0.04416673]
 [373.           0.48739997   0.04399773]
 [374.           0.4876       0.04403748]
 [375.           0.48780003   0.04445447]
 [376.           0.48780003   0.04445447]
 [377.           0.4882       0.04529018]
 [378.           0.4882       0.04529018]
 [379.           0.4882       0.04529018]
 [380.           0.4882       0.04529018]
 [381.           0.4882       0.04529018]
 [382.           0.4882       0.04470683]
 [383.           0.4882       0.04470683]
 [384.           0.4882       0.04470683]
 [385.           0.48860002   0.04458476]
 [386.           0.489        0.04481072]
 [387.           0.48880002   0.04500222]
 [388.           0.48920003   0.04522941]
 [389.           0.48920003   0.04522941]
 [390.           0.48920003   0.04522941]
 [391.           0.48920003   0.04522941]
 [392.           0.48920003   0.04522941]
 [393.           0.4894       0.04506995]
 [394.           0.4894       0.0456815 ]
 [395.           0.48979998   0.04552691]
 [396.           0.4896       0.04571979]
 [397.           0.48979998   0.04576242]
 [398.           0.48979998   0.04576242]
 [399.           0.49         0.04580938]
 [400.           0.4902       0.04565303]]
Dataset       :Pubmed
Model         :Cheby
Conden ratio  :0.25
GC            :5
LearnA        :0
Max Test Accuracy:
0.671
Best Result: Epoch   Acc  Std.
               105 0.5688  0.0799
