Set seed
Model SGC
--------------------------------------------------
The 1th iteration:
--------------------------------------------------
--------------------------------------------------
The 2th iteration:
--------------------------------------------------
--------------------------------------------------
The 3th iteration:
--------------------------------------------------
--------------------------------------------------
The 4th iteration:
--------------------------------------------------
--------------------------------------------------
The 5th iteration:
--------------------------------------------------
[[  1.           0.3252       0.12012785]
 [  2.           0.3438       0.10241436]
 [  3.           0.3804       0.08738592]
 [  4.           0.40100002   0.07122851]
 [  5.           0.4158       0.06514369]
 [  6.           0.4224       0.05904065]
 [  7.           0.429        0.06022873]
 [  8.           0.43199998   0.06576853]
 [  9.           0.43899998   0.07022109]
 [ 10.           0.4478       0.07972891]
 [ 11.           0.4564       0.08284504]
 [ 12.           0.4618       0.08913302]
 [ 13.           0.4656       0.09161768]
 [ 14.           0.4656       0.09445   ]
 [ 15.           0.46580002   0.09346496]
 [ 16.           0.46679997   0.09287463]
 [ 17.           0.467        0.09216832]
 [ 18.           0.46879998   0.09433823]
 [ 19.           0.47060004   0.09503052]
 [ 20.           0.4732       0.0968824 ]
 [ 21.           0.47779998   0.09807754]
 [ 22.           0.48319998   0.09751768]
 [ 23.           0.49         0.0952759 ]
 [ 24.           0.49560004   0.0928698 ]
 [ 25.           0.50200003   0.09170878]
 [ 26.           0.50820005   0.09080033]
 [ 27.           0.51360005   0.09087519]
 [ 28.           0.5158       0.08989273]
 [ 29.           0.5184       0.09087795]
 [ 30.           0.52140003   0.09049474]
 [ 31.           0.5246       0.09119376]
 [ 32.           0.52860004   0.09012935]
 [ 33.           0.53520006   0.0903532 ]
 [ 34.           0.54440004   0.09284018]
 [ 35.           0.55120003   0.09457906]
 [ 36.           0.55600005   0.09517878]
 [ 37.           0.56020004   0.09640384]
 [ 38.           0.56240004   0.09735399]
 [ 39.           0.56680006   0.09993099]
 [ 40.           0.57100004   0.10263041]
 [ 41.           0.57260007   0.10305   ]
 [ 42.           0.5748       0.10404663]
 [ 43.           0.5764       0.10487992]
 [ 44.           0.58000004   0.1073918 ]
 [ 45.           0.58160007   0.10837805]
 [ 46.           0.58100003   0.10859789]
 [ 47.           0.58260006   0.10971919]
 [ 48.           0.58260006   0.10985126]
 [ 49.           0.5844       0.11133642]
 [ 50.           0.58580005   0.11243977]
 [ 51.           0.586        0.11272753]
 [ 52.           0.5846       0.11162571]
 [ 53.           0.58440006   0.11175108]
 [ 54.           0.58400005   0.11132834]
 [ 55.           0.5836       0.11134318]
 [ 56.           0.58339995   0.11205041]
 [ 57.           0.58260006   0.11159212]
 [ 58.           0.58320004   0.11291235]
 [ 59.           0.5824       0.11263792]
 [ 60.           0.58120006   0.11096711]
 [ 61.           0.58000004   0.10997727]
 [ 62.           0.5788       0.1089298 ]
 [ 63.           0.5778       0.10868625]
 [ 64.           0.5756       0.10693596]
 [ 65.           0.5734       0.10565654]
 [ 66.           0.57199997   0.10461358]
 [ 67.           0.5714       0.10407594]
 [ 68.           0.5704       0.10346643]
 [ 69.           0.56960005   0.1024002 ]
 [ 70.           0.569        0.1020098 ]
 [ 71.           0.56680006   0.09990598]
 [ 72.           0.566        0.0995063 ]
 [ 73.           0.5658       0.09919778]
 [ 74.           0.5646       0.09843171]
 [ 75.           0.56240004   0.09658313]
 [ 76.           0.562        0.09621072]
 [ 77.           0.56140006   0.09569903]
 [ 78.           0.55979997   0.09430375]
 [ 79.           0.55880004   0.09348637]
 [ 80.           0.55719995   0.09233471]
 [ 81.           0.556        0.09137012]
 [ 82.           0.555        0.09061733]
 [ 83.           0.55439997   0.09016262]
 [ 84.           0.55380005   0.08968391]
 [ 85.           0.55380005   0.08953044]
 [ 86.           0.55240005   0.08838157]
 [ 87.           0.55100006   0.08708329]
 [ 88.           0.5492       0.08551726]
 [ 89.           0.54800004   0.08461089]
 [ 90.           0.5474       0.08347036]
 [ 91.           0.54700005   0.08315949]
 [ 92.           0.5468       0.08303433]
 [ 93.           0.54580003   0.08249668]
 [ 94.           0.5448       0.08106602]
 [ 95.           0.54420006   0.08072609]
 [ 96.           0.5438       0.08037848]
 [ 97.           0.54300004   0.0791928 ]
 [ 98.           0.5422       0.07896013]
 [ 99.           0.5414       0.07851306]
 [100.           0.5404       0.07812361]
 [101.           0.54         0.07801921]
 [102.           0.53940004   0.07755512]
 [103.           0.5392       0.07590587]
 [104.           0.5384       0.07528811]
 [105.           0.5374       0.07387695]
 [106.           0.5368       0.07280932]
 [107.           0.5358       0.07224055]
 [108.           0.535        0.07158911]
 [109.           0.53459996   0.07071278]
 [110.           0.5338       0.0696326 ]
 [111.           0.5328       0.06802719]
 [112.           0.53120005   0.06614908]
 [113.           0.5304       0.06559575]
 [114.           0.5298       0.06512451]
 [115.           0.5288       0.06423551]
 [116.           0.5286       0.06299444]
 [117.           0.52820003   0.06113675]
 [118.           0.5278       0.06084982]
 [119.           0.5272       0.06037963]
 [120.           0.526        0.05912698]
 [121.           0.52580005   0.0579543 ]
 [122.           0.52500004   0.0575326 ]
 [123.           0.5244       0.05706838]
 [124.           0.5246       0.05594908]
 [125.           0.524        0.05513618]
 [126.           0.5234       0.0540768 ]
 [127.           0.5232       0.05378848]
 [128.           0.523        0.05360971]
 [129.           0.5224       0.05323345]
 [130.           0.5212       0.05277973]
 [131.           0.52080005   0.05145582]
 [132.           0.5206       0.05065867]
 [133.           0.5202       0.04995199]
 [134.           0.5204       0.04954594]
 [135.           0.5204       0.04906934]
 [136.           0.5204       0.04844894]
 [137.           0.5204       0.04763716]
 [138.           0.5204       0.04717308]
 [139.           0.52080005   0.04533981]
 [140.           0.52080005   0.04368867]
 [141.           0.5216       0.04157885]
 [142.           0.5214       0.03979069]
 [143.           0.5214       0.03953225]
 [144.           0.5222       0.03751932]
 [145.           0.52220005   0.03729208]
 [146.           0.5226       0.0356553 ]
 [147.           0.5232       0.03372982]
 [148.           0.5234       0.03278415]
 [149.           0.5244       0.0294245 ]
 [150.           0.526        0.02658007]
 [151.           0.52540004   0.02641594]
 [152.           0.5262       0.02545979]
 [153.           0.5268       0.02395203]
 [154.           0.527        0.02371708]
 [155.           0.527        0.023696  ]
 [156.           0.52860004   0.02304995]
 [157.           0.5288       0.0237002 ]
 [158.           0.531        0.02456623]
 [159.           0.5334       0.02704256]
 [160.           0.53520006   0.0298781 ]
 [161.           0.5348       0.03061371]
 [162.           0.536        0.0328405 ]
 [163.           0.5368       0.03501   ]
 [164.           0.5372       0.03566089]
 [165.           0.5378       0.03732559]
 [166.           0.5382       0.03891273]
 [167.           0.53859997   0.04108892]
 [168.           0.54039997   0.04445559]
 [169.           0.54160005   0.04732125]
 [170.           0.54120004   0.04825661]
 [171.           0.5416       0.04978254]
 [172.           0.5426       0.05176196]
 [173.           0.543        0.05255948]
 [174.           0.5432       0.05412671]
 [175.           0.5436       0.05670362]
 [176.           0.54380006   0.05770356]
 [177.           0.5446       0.05932368]
 [178.           0.54399997   0.0587069 ]
 [179.           0.5442       0.06008495]
 [180.           0.54420006   0.06052851]
 [181.           0.54440004   0.06093684]
 [182.           0.5454       0.06298649]
 [183.           0.54580003   0.06380987]
 [184.           0.54560006   0.06400235]
 [185.           0.5462       0.0664545 ]
 [186.           0.54700005   0.06872045]
 [187.           0.5478       0.07038254]
 [188.           0.5486       0.07205069]
 [189.           0.5488       0.07246862]
 [190.           0.54980004   0.07517114]
 [191.           0.55         0.0768082 ]
 [192.           0.5508       0.07849013]
 [193.           0.55100006   0.07938513]
 [194.           0.55039996   0.08042573]
 [195.           0.5506       0.08145123]
 [196.           0.5502       0.08060832]
 [197.           0.5502       0.08168966]
 [198.           0.5502       0.08229945]
 [199.           0.54980004   0.08314867]
 [200.           0.54960006   0.08368871]
 [201.           0.5496       0.08429293]
 [202.           0.54980004   0.08532409]
 [203.           0.55         0.08574672]
 [204.           0.5496       0.08611504]
 [205.           0.54940003   0.08691546]
 [206.           0.54960006   0.08733729]
 [207.           0.54960006   0.08733729]
 [208.           0.5492       0.0871074 ]
 [209.           0.5488       0.0862653 ]
 [210.           0.54899997   0.08668622]
 [211.           0.5486       0.08584464]
 [212.           0.5482       0.08500411]
 [213.           0.54800004   0.08458428]
 [214.           0.54800004   0.08519975]
 [215.           0.5474       0.08441743]
 [216.           0.5472       0.08440498]
 [217.           0.5468001    0.08418255]
 [218.           0.5468001    0.08418255]
 [219.           0.546        0.08298193]
 [220.           0.54560006   0.08214501]
 [221.           0.5448       0.08109379]
 [222.           0.5446       0.08067715]
 [223.           0.5446       0.08067715]
 [224.           0.5446       0.08114986]
 [225.           0.5438       0.07995749]
 [226.           0.5438       0.07995749]
 [227.           0.5434       0.07974522]
 [228.           0.54300004   0.07891452]
 [229.           0.5432       0.0793297 ]
 [230.           0.54300004   0.07891452]
 [231.           0.54260004   0.07808521]
 [232.           0.54260004   0.07808521]
 [233.           0.54240006   0.07707983]
 [234.           0.542        0.07672355]
 [235.           0.542        0.07731431]
 [236.           0.5418       0.07690061]
 [237.           0.5418       0.07737377]
 [238.           0.5414       0.07654606]
 [239.           0.54160005   0.07695974]
 [240.           0.54120004   0.07613278]
 [241.           0.5414       0.07654606]
 [242.           0.54120004   0.07613278]
 [243.           0.5406       0.07589665]
 [244.           0.54039997   0.07548379]
 [245.           0.54039997   0.07548379]
 [246.           0.54039997   0.07548379]
 [247.           0.5398       0.07424757]
 [248.           0.5396       0.07383632]
 [249.           0.5392       0.07301506]
 [250.           0.5392       0.07301506]
 [251.           0.539        0.0726051 ]
 [252.           0.5384       0.07137787]
 [253.           0.5382       0.07159398]
 [254.           0.5384       0.07200209]
 [255.           0.53800005   0.07181226]
 [256.           0.5376       0.07099859]
 [257.           0.53739995   0.07059251]
 [258.           0.5372       0.07064489]
 [259.           0.5372       0.07064489]
 [260.           0.537        0.07023888]
 [261.           0.537        0.07023888]
 [262.           0.53660005   0.07005567]
 [263.           0.53620005   0.06982979]
 [264.           0.53520006   0.0698119 ]
 [265.           0.535        0.06940823]
 [266.           0.53459996   0.06906376]
 [267.           0.5342       0.0687219 ]
 [268.           0.53400004   0.0683191 ]
 [269.           0.53380007   0.06791686]
 [270.           0.53360003   0.06751519]
 [271.           0.53360003   0.06751519]
 [272.           0.53319997   0.06671356]
 [273.           0.5328       0.06591434]
 [274.           0.5324       0.06557668]
 [275.           0.532        0.06540641]
 [276.           0.53120005   0.06382164]
 [277.           0.5314       0.06421683]
 [278.           0.531        0.06342712]
 [279.           0.5306       0.06264024]
 [280.           0.5302       0.06185627]
 [281.           0.53000003   0.06146543]
 [282.           0.5296       0.06099426]
 [283.           0.5292       0.0602138 ]
 [284.           0.5292       0.0602138 ]
 [285.           0.529        0.06045248]
 [286.           0.5288       0.0606317 ]
 [287.           0.52860004   0.06099427]
 [288.           0.5276       0.05961796]
 [289.           0.52720004   0.05947017]
 [290.           0.52680004   0.05930179]
 [291.           0.52680004   0.05930179]
 [292.           0.5264       0.0597227 ]
 [293.           0.5264       0.0597227 ]
 [294.           0.526        0.05938433]
 [295.           0.526        0.05938433]
 [296.           0.526        0.05938433]
 [297.           0.526        0.05938433]
 [298.           0.526        0.05938433]
 [299.           0.52580005   0.05930176]
 [300.           0.52500004   0.05838237]
 [301.           0.52500004   0.05838237]
 [302.           0.5248       0.05799743]
 [303.           0.5242       0.0584055 ]
 [304.           0.52400005   0.05845084]
 [305.           0.5238       0.05806633]
 [306.           0.52320004   0.05691837]
 [307.           0.52320004   0.05691837]
 [308.           0.523        0.05696492]
 [309.           0.5226       0.05620321]
 [310.           0.5224       0.05582383]
 [311.           0.52220005   0.05544548]
 [312.           0.52220005   0.05544548]
 [313.           0.52220005   0.05544548]
 [314.           0.52220005   0.05544548]
 [315.           0.52220005   0.05544548]
 [316.           0.522        0.05506816]
 [317.           0.5218       0.05469186]
 [318.           0.5216       0.05431667]
 [319.           0.5214       0.05394256]
 [320.           0.5212       0.0535696 ]
 [321.           0.52080005   0.05282708]
 [322.           0.5204       0.05208935]
 [323.           0.5202       0.05172235]
 [324.           0.52         0.0517639 ]
 [325.           0.51960003   0.05103234]
 [326.           0.519        0.04994499]
 [327.           0.519        0.04994499]
 [328.           0.519        0.04994499]
 [329.           0.5188       0.05021156]
 [330.           0.5184       0.04949545]
 [331.           0.51780003   0.04904793]
 [332.           0.5172       0.04843759]
 [333.           0.517        0.04807806]
 [334.           0.5166001    0.04736348]
 [335.           0.516        0.04691482]
 [336.           0.5158       0.04655858]
 [337.           0.5158       0.04655858]
 [338.           0.5154       0.04607384]
 [339.           0.5154       0.04607384]
 [340.           0.5154       0.04607384]
 [341.           0.51500005   0.04599456]
 [342.           0.51500005   0.04599456]
 [343.           0.51500005   0.04599456]
 [344.           0.5148       0.04617033]
 [345.           0.5146       0.04620389]
 [346.           0.5144       0.04624175]
 [347.           0.5138       0.04557632]
 [348.           0.51379997   0.0457952 ]
 [349.           0.5136       0.04544008]
 [350.           0.5136       0.04544008]
 [351.           0.5134       0.04508659]
 [352.           0.513        0.04438468]
 [353.           0.513        0.04438468]
 [354.           0.5126       0.04368982]
 [355.           0.5126       0.04368982]
 [356.           0.5124       0.04334514]
 [357.           0.5124       0.04334514]
 [358.           0.5122       0.04300232]
 [359.           0.5122       0.04300232]
 [360.           0.5122       0.04300232]
 [361.           0.5122       0.04300232]
 [362.           0.512        0.04304067]
 [363.           0.512        0.04304067]
 [364.           0.5118       0.04269895]
 [365.           0.5118       0.04269895]
 [366.           0.5118       0.04269895]
 [367.           0.5118       0.04269895]
 [368.           0.51140004   0.04202143]
 [369.           0.511        0.04186286]
 [370.           0.511        0.04186286]
 [371.           0.5108       0.0415295 ]
 [372.           0.5104       0.04086931]
 [373.           0.5104       0.04086931]
 [374.           0.51         0.04021815]
 [375.           0.50979996   0.03989612]
 [376.           0.5096       0.03992869]
 [377.           0.5094       0.03996623]
 [378.           0.50920004   0.03964467]
 [379.           0.50920004   0.03964467]
 [380.           0.50879997   0.03914334]
 [381.           0.5084       0.03900386]
 [382.           0.508        0.03896795]
 [383.           0.50780004   0.03879048]
 [384.           0.50780004   0.03879048]
 [385.           0.5076       0.03861736]
 [386.           0.5074       0.03890759]
 [387.           0.50699997   0.03841222]
 [388.           0.50640005   0.03779947]
 [389.           0.5062       0.03809462]
 [390.           0.5058       0.03795656]
 [391.           0.5058       0.03795656]
 [392.           0.5054       0.03731353]
 [393.           0.50500005   0.03703377]
 [394.           0.50500005   0.03703377]
 [395.           0.5046       0.03653492]
 [396.           0.5046       0.03653492]
 [397.           0.5046       0.03653492]
 [398.           0.50439996   0.03621878]
 [399.           0.5042       0.03625881]
 [400.           0.504        0.03607631]]
Dataset       :Pubmed
Model         :SGC
Conden ratio  :0.25
GC            :2
LearnA        :0
Max Test Accuracy:
0.697
Best Result: Epoch   Acc  Std.
               51 0.5860  0.1127
