Set seed
Model APPNP
--------------------------------------------------
The 1th iteration:
--------------------------------------------------
--------------------------------------------------
The 2th iteration:
--------------------------------------------------
--------------------------------------------------
The 3th iteration:
--------------------------------------------------
--------------------------------------------------
The 4th iteration:
--------------------------------------------------
--------------------------------------------------
The 5th iteration:
--------------------------------------------------
[[  1.           0.322        0.12990189]
 [  2.           0.32079998   0.12854843]
 [  3.           0.333        0.1422445 ]
 [  4.           0.2926       0.11682593]
 [  5.           0.2766       0.12470885]
 [  6.           0.2734       0.12743743]
 [  7.           0.2732       0.12761934]
 [  8.           0.2732       0.12761934]
 [  9.           0.2732       0.12761934]
 [ 10.           0.2732       0.12761934]
 [ 11.           0.2732       0.12761934]
 [ 12.           0.2732       0.12761934]
 [ 13.           0.2734       0.12743743]
 [ 14.           0.2736       0.12725681]
 [ 15.           0.2738       0.12707752]
 [ 16.           0.27420002   0.12672292]
 [ 17.           0.2746       0.12637363]
 [ 18.           0.2754       0.12613405]
 [ 19.           0.278        0.12576367]
 [ 20.           0.2804       0.12522899]
 [ 21.           0.2856       0.12625886]
 [ 22.           0.28959998   0.12823728]
 [ 23.           0.29340002   0.13082163]
 [ 24.           0.2984       0.13519725]
 [ 25.           0.304        0.13887404]
 [ 26.           0.3098       0.14379568]
 [ 27.           0.31440002   0.14787258]
 [ 28.           0.3192       0.15051812]
 [ 29.           0.3234       0.15359296]
 [ 30.           0.32740003   0.15646023]
 [ 31.           0.33         0.1584724 ]
 [ 32.           0.333        0.16156578]
 [ 33.           0.33720002   0.16446641]
 [ 34.           0.3382       0.16533664]
 [ 35.           0.34240004   0.1674464 ]
 [ 36.           0.3438       0.16716519]
 [ 37.           0.3458       0.16726683]
 [ 38.           0.34800002   0.16606325]
 [ 39.           0.3502       0.1646882 ]
 [ 40.           0.35119998   0.16316465]
 [ 41.           0.35239998   0.16195768]
 [ 42.           0.3518       0.15805916]
 [ 43.           0.3514       0.15478468]
 [ 44.           0.35         0.1508592 ]
 [ 45.           0.3478       0.14724538]
 [ 46.           0.3468       0.14345452]
 [ 47.           0.3436       0.13800834]
 [ 48.           0.3426       0.13491035]
 [ 49.           0.3422       0.1316784 ]
 [ 50.           0.33940002   0.12688105]
 [ 51.           0.3388       0.12106899]
 [ 52.           0.339        0.11468653]
 [ 53.           0.34         0.11097296]
 [ 54.           0.3386       0.10533422]
 [ 55.           0.3392       0.10104801]
 [ 56.           0.34         0.0970438 ]
 [ 57.           0.3404       0.09430959]
 [ 58.           0.3402       0.08940469]
 [ 59.           0.3426       0.08629484]
 [ 60.           0.3448       0.08443163]
 [ 61.           0.34840003   0.08097716]
 [ 62.           0.3502       0.07908665]
 [ 63.           0.35300002   0.07764341]
 [ 64.           0.35520002   0.07724765]
 [ 65.           0.36100003   0.07595064]
 [ 66.           0.3666       0.07347312]
 [ 67.           0.37199998   0.07147028]
 [ 68.           0.37540004   0.07110767]
 [ 69.           0.37780002   0.06971157]
 [ 70.           0.3828       0.06696043]
 [ 71.           0.38680002   0.06300159]
 [ 72.           0.3922       0.05983895]
 [ 73.           0.3962       0.05738204]
 [ 74.           0.40220004   0.05432034]
 [ 75.           0.4092       0.05295942]
 [ 76.           0.41400003   0.05051237]
 [ 77.           0.4212       0.0467782 ]
 [ 78.           0.4292       0.04684764]
 [ 79.           0.4368       0.04759412]
 [ 80.           0.44379997   0.04605105]
 [ 81.           0.4522       0.04309524]
 [ 82.           0.45900002   0.04135819]
 [ 83.           0.46540004   0.03844867]
 [ 84.           0.47339997   0.04110107]
 [ 85.           0.4776       0.03936115]
 [ 86.           0.48459998   0.04062387]
 [ 87.           0.49179998   0.04411009]
 [ 88.           0.4966       0.04417352]
 [ 89.           0.50299996   0.04282522]
 [ 90.           0.5072       0.04093532]
 [ 91.           0.5116       0.04106459]
 [ 92.           0.5186       0.04254761]
 [ 93.           0.5234       0.04337971]
 [ 94.           0.5272       0.04671403]
 [ 95.           0.5306       0.04722603]
 [ 96.           0.5344       0.04653814]
 [ 97.           0.5378       0.0461866 ]
 [ 98.           0.5418       0.04757309]
 [ 99.           0.54800004   0.04704253]
 [100.           0.5506       0.04690735]
 [101.           0.5532       0.04699682]
 [102.           0.5556       0.04705104]
 [103.           0.5576       0.04573622]
 [104.           0.5608       0.0448018 ]
 [105.           0.5628       0.04492993]
 [106.           0.5648       0.04378013]
 [107.           0.568        0.04246765]
 [108.           0.5712       0.04032615]
 [109.           0.5736       0.03855255]
 [110.           0.5754       0.0393802 ]
 [111.           0.5770001    0.0377558 ]
 [112.           0.58120006   0.03813398]
 [113.           0.58500004   0.03664695]
 [114.           0.58620006   0.03352162]
 [115.           0.5892       0.03240682]
 [116.           0.5924       0.03289832]
 [117.           0.59540004   0.03198124]
 [118.           0.5974       0.03252387]
 [119.           0.601        0.03277192]
 [120.           0.6032       0.03072786]
 [121.           0.60580003   0.02982786]
 [122.           0.60859996   0.02972035]
 [123.           0.612        0.02764956]
 [124.           0.614        0.02775789]
 [125.           0.6162       0.0276261 ]
 [126.           0.6192       0.02971025]
 [127.           0.623        0.03033972]
 [128.           0.6258       0.02957532]
 [129.           0.6276       0.02818331]
 [130.           0.6302       0.02960914]
 [131.           0.6332       0.02708692]
 [132.           0.6354       0.02522496]
 [133.           0.6382       0.02430432]
 [134.           0.64000005   0.02260532]
 [135.           0.6408       0.02096903]
 [136.           0.6416       0.02016931]
 [137.           0.64180005   0.02024105]
 [138.           0.64239997   0.01965453]
 [139.           0.64300007   0.01933909]
 [140.           0.645        0.02000002]
 [141.           0.64519995   0.020142  ]
 [142.           0.6462       0.02099285]
 [143.           0.647        0.02178301]
 [144.           0.6478       0.02203864]
 [145.           0.6484       0.02209752]
 [146.           0.64820004   0.0220159 ]
 [147.           0.64940006   0.02173246]
 [148.           0.64940006   0.02173246]
 [149.           0.6502       0.02137057]
 [150.           0.65180004   0.02096903]
 [151.           0.6526       0.02035438]
 [152.           0.6526       0.02013205]
 [153.           0.6534       0.01895519]
 [154.           0.65300006   0.01847973]
 [155.           0.65340006   0.01811906]
 [156.           0.654        0.01732052]
 [157.           0.6556       0.01628803]
 [158.           0.6568       0.01614621]
 [159.           0.6566       0.01625731]
 [160.           0.657        0.01671827]
 [161.           0.6574       0.01633403]
 [162.           0.6584       0.01700883]
 [163.           0.6596       0.0173436 ]
 [164.           0.66         0.01689676]
 [165.           0.6608       0.01764086]
 [166.           0.6614       0.01785501]
 [167.           0.661        0.01790253]
 [168.           0.66160005   0.01740117]
 [169.           0.6614       0.01809145]
 [170.           0.6614       0.01784097]
 [171.           0.661        0.0182346 ]
 [172.           0.66099995   0.01779046]
 [173.           0.66160005   0.01772853]
 [174.           0.6618       0.01721047]
 [175.           0.66239995   0.01758694]
 [176.           0.66239995   0.01782693]
 [177.           0.6628       0.01874034]
 [178.           0.6632       0.0196774 ]
 [179.           0.66379994   0.0202904 ]
 [180.           0.664        0.01977373]
 [181.           0.66400003   0.02040838]
 [182.           0.66440004   0.02028054]
 [183.           0.6642       0.01992984]
 [184.           0.6642       0.02037642]
 [185.           0.6642       0.02071711]
 [186.           0.6642       0.02024105]
 [187.           0.66440004   0.02062278]
 [188.           0.66379994   0.02005493]
 [189.           0.66359997   0.02040342]
 [190.           0.6632       0.02055964]
 [191.           0.6634       0.02075573]
 [192.           0.66359997   0.02074369]
 [193.           0.6636       0.02050124]
 [194.           0.6642       0.0204255 ]
 [195.           0.6632       0.02081345]
 [196.           0.6634       0.02082788]
 [197.           0.6638       0.0217876 ]
 [198.           0.664        0.02204539]
 [199.           0.664        0.02340941]
 [200.           0.66539997   0.02446018]
 [201.           0.665        0.02472853]
 [202.           0.6654       0.02579341]
 [203.           0.6646       0.02650096]
 [204.           0.66440004   0.02624501]
 [205.           0.6648       0.02698516]
 [206.           0.6646       0.02725436]
 [207.           0.66440004   0.02756448]
 [208.           0.6642       0.02753543]
 [209.           0.6642       0.02753543]
 [210.           0.6642       0.02786934]
 [211.           0.6638       0.0276442 ]
 [212.           0.6636       0.0276279 ]
 [213.           0.6638       0.02768937]
 [214.           0.6642       0.02706844]
 [215.           0.6646001    0.02668894]
 [216.           0.665        0.02725801]
 [217.           0.66539997   0.02782622]
 [218.           0.66580003   0.02783341]
 [219.           0.6664       0.027907  ]
 [220.           0.6666       0.0273368 ]
 [221.           0.66679996   0.02740803]
 [222.           0.6668       0.0279589 ]
 [223.           0.667        0.02802678]
 [224.           0.667        0.02857447]
 [225.           0.667        0.02830195]
 [226.           0.6668       0.02887385]
 [227.           0.6678       0.02929505]
 [228.           0.6682       0.02960912]
 [229.           0.668        0.02948727]
 [230.           0.66819996   0.02980265]
 [231.           0.66819996   0.02980265]
 [232.           0.6682       0.02960912]
 [233.           0.6688       0.03025226]
 [234.           0.6688       0.03032655]
 [235.           0.66940004   0.03048442]
 [236.           0.66940004   0.03048442]
 [237.           0.6696       0.03062353]
 [238.           0.6696       0.03062353]
 [239.           0.66940004   0.03048442]
 [240.           0.6696       0.03079449]
 [241.           0.6696       0.03079449]
 [242.           0.67         0.03047129]
 [243.           0.67020005   0.03027706]
 [244.           0.67         0.03041381]
 [245.           0.6704       0.03050899]
 [246.           0.6706       0.03031995]
 [247.           0.67099994   0.03026547]
 [248.           0.671        0.03014131]
 [249.           0.6708       0.03033477]
 [250.           0.67080003   0.0307766 ]
 [251.           0.67020005   0.03072783]
 [252.           0.67020005   0.0308982 ]
 [253.           0.67         0.03085449]
 [254.           0.6696       0.03078634]
 [255.           0.6696       0.03078634]
 [256.           0.6696       0.03058268]
 [257.           0.6698       0.0309063 ]
 [258.           0.6696       0.03008819]
 [259.           0.6696       0.03008819]
 [260.           0.6696       0.03039406]
 [261.           0.6704       0.03116568]
 [262.           0.6704       0.03116568]
 [263.           0.6706       0.03132571]
 [264.           0.67080003   0.03101934]
 [265.           0.67080003   0.03101934]
 [266.           0.67060006   0.03102094]
 [267.           0.67060006   0.03089982]
 [268.           0.67060006   0.03089982]
 [269.           0.67060006   0.03089982]
 [270.           0.67060006   0.03089982]
 [271.           0.67060006   0.03089982]
 [272.           0.67080003   0.03060555]
 [273.           0.671        0.03063494]
 [274.           0.671        0.0305123 ]
 [275.           0.671        0.0305123 ]
 [276.           0.6714       0.03089984]
 [277.           0.6714       0.03089984]
 [278.           0.671        0.03093541]
 [279.           0.671        0.03034798]
 [280.           0.6712       0.03032655]
 [281.           0.6712       0.03082532]
 [282.           0.67060006   0.0311657 ]
 [283.           0.671        0.0308464 ]
 [284.           0.67080003   0.03063821]
 [285.           0.6708       0.03075223]
 [286.           0.6704       0.03107732]
 [287.           0.67039996   0.03076197]
 [288.           0.6706       0.03074571]
 [289.           0.671        0.03073272]
 [290.           0.671        0.03073272]
 [291.           0.671        0.03073272]
 [292.           0.6708       0.03122819]
 [293.           0.6706       0.03093219]
 [294.           0.6706       0.03093219]
 [295.           0.671        0.03120898]
 [296.           0.6706       0.03093219]
 [297.           0.671        0.03090309]
 [298.           0.671        0.03061045]
 [299.           0.6712       0.03061373]
 [300.           0.67080003   0.03122818]
 [301.           0.67060006   0.03122177]
 [302.           0.6704       0.03094024]
 [303.           0.6704       0.03122176]
 [304.           0.67060006   0.03122177]
 [305.           0.67080003   0.03142769]
 [306.           0.67060006   0.03122177]
 [307.           0.6702       0.03101932]
 [308.           0.6704       0.03071317]
 [309.           0.6698       0.0310032 ]
 [310.           0.6704001    0.03040229]
 [311.           0.6706       0.03051721]
 [312.           0.67080003   0.03004495]
 [313.           0.671        0.03033974]
 [314.           0.6712       0.02985297]
 [315.           0.67080003   0.02938877]
 [316.           0.6702       0.02899482]
 [317.           0.6702       0.02911528]
 [318.           0.66920006   0.0285867 ]
 [319.           0.66899997   0.02839893]
 [320.           0.6686       0.02809448]
 [321.           0.6682       0.02829664]
 [322.           0.668        0.02880973]
 [323.           0.6676       0.02910842]
 [324.           0.6682       0.02909814]
 [325.           0.6682       0.02909814]
 [326.           0.6682       0.02891713]
 [327.           0.668        0.02918047]
 [328.           0.6684       0.02933086]
 [329.           0.6684       0.02898793]
 [330.           0.6686       0.02943298]
 [331.           0.66880006   0.02959221]
 [332.           0.66940004   0.02881491]
 [333.           0.6696       0.02936494]
 [334.           0.66940004   0.02927969]
 [335.           0.66940004   0.02927969]
 [336.           0.66940004   0.02927969]
 [337.           0.66940004   0.02927969]
 [338.           0.6696       0.02909123]
 [339.           0.6696       0.02897065]
 [340.           0.6698       0.02892578]
 [341.           0.66940004   0.02897068]
 [342.           0.6698       0.02878715]
 [343.           0.66940004   0.02853595]
 [344.           0.6692       0.02786933]
 [345.           0.66899997   0.0277669 ]
 [346.           0.6688       0.02745362]
 [347.           0.6686       0.0276279 ]
 [348.           0.6684       0.02779926]
 [349.           0.6684       0.02808559]
 [350.           0.6688       0.02813716]
 [351.           0.6692       0.0283408 ]
 [352.           0.669        0.02915477]
 [353.           0.6692       0.02925234]
 [354.           0.66880006   0.02976071]
 [355.           0.6698       0.02948218]
 [356.           0.6696       0.02985463]
 [357.           0.6696       0.02972034]
 [358.           0.6706       0.02944149]
 [359.           0.67         0.03026551]
 [360.           0.67080003   0.02962599]
 [361.           0.67080003   0.02923526]
 [362.           0.67080003   0.02923526]
 [363.           0.671        0.02990818]
 [364.           0.67060006   0.03082695]
 [365.           0.67060006   0.03103709]
 [366.           0.6698       0.0303348 ]
 [367.           0.66940004   0.03063985]
 [368.           0.6690001    0.03043847]
 [369.           0.6692       0.02994492]
 [370.           0.66899997   0.02945335]
 [371.           0.6672       0.02813716]
 [372.           0.66660005   0.0274463 ]
 [373.           0.666        0.02717535]
 [374.           0.666        0.02684212]
 [375.           0.666        0.02704624]
 [376.           0.66539997   0.02807668]
 [377.           0.6654       0.02885827]
 [378.           0.666        0.03047128]
 [379.           0.66580003   0.03049098]
 [380.           0.666        0.03144042]
 [381.           0.66620004   0.03200311]
 [382.           0.6662       0.03246073]
 [383.           0.666        0.03279483]
 [384.           0.6666       0.03224594]
 [385.           0.6672       0.03294237]
 [386.           0.6666       0.03346342]
 [387.           0.6672       0.03371497]
 [388.           0.667        0.03337665]
 [389.           0.66639996   0.03335866]
 [390.           0.66620004   0.03331969]
 [391.           0.666        0.03321899]
 [392.           0.66580003   0.03358125]
 [393.           0.66539997   0.03275361]
 [394.           0.66539997   0.03295908]
 [395.           0.6646       0.0326006 ]
 [396.           0.6642       0.03312401]
 [397.           0.66359997   0.0334858 ]
 [398.           0.6634       0.03401911]
 [399.           0.66359997   0.03390131]
 [400.           0.664        0.03385262]]
Dataset       :Pubmed
Model         :APPNP
Conden ratio  :1.0
GC            :1
LearnA        :0
Max Test Accuracy:
0.71
Best Result: Epoch   Acc  Std.
               276 0.6714  0.0309
