Set seed
Model SGC
--------------------------------------------------
The 1th iteration:
--------------------------------------------------
--------------------------------------------------
The 2th iteration:
--------------------------------------------------
--------------------------------------------------
The 3th iteration:
--------------------------------------------------
--------------------------------------------------
The 4th iteration:
--------------------------------------------------
--------------------------------------------------
The 5th iteration:
--------------------------------------------------
[[  1.           0.32119998   0.13761432]
 [  2.           0.3264       0.14917539]
 [  3.           0.3248       0.1431894 ]
 [  4.           0.33440003   0.13292028]
 [  5.           0.3364       0.12878004]
 [  6.           0.3382       0.11837525]
 [  7.           0.342        0.1123855 ]
 [  8.           0.3458       0.10582627]
 [  9.           0.35040003   0.0984571 ]
 [ 10.           0.354        0.09171967]
 [ 11.           0.3578       0.0840131 ]
 [ 12.           0.3666       0.06928419]
 [ 13.           0.37620002   0.05660123]
 [ 14.           0.38639998   0.04377557]
 [ 15.           0.39540002   0.03539491]
 [ 16.           0.4046       0.02673575]
 [ 17.           0.41359997   0.01886267]
 [ 18.           0.42320004   0.02125324]
 [ 19.           0.433        0.0304713 ]
 [ 20.           0.4442       0.04268138]
 [ 21.           0.4636       0.0714199 ]
 [ 22.           0.47779998   0.09338202]
 [ 23.           0.48920003   0.10889306]
 [ 24.           0.4966       0.11697778]
 [ 25.           0.49960002   0.12082137]
 [ 26.           0.4988       0.11641178]
 [ 27.           0.4954       0.10551681]
 [ 28.           0.49180004   0.09692109]
 [ 29.           0.4894       0.08904101]
 [ 30.           0.48599997   0.08062567]
 [ 31.           0.48120004   0.07130358]
 [ 32.           0.47919998   0.06595984]
 [ 33.           0.47679996   0.06088268]
 [ 34.           0.4746       0.0566242 ]
 [ 35.           0.47340003   0.05459214]
 [ 36.           0.47300002   0.05358639]
 [ 37.           0.4718       0.05130009]
 [ 38.           0.4708       0.04936294]
 [ 39.           0.4708       0.04909888]
 [ 40.           0.4718       0.04964071]
 [ 41.           0.47180006   0.04941357]
 [ 42.           0.4724       0.04800833]
 [ 43.           0.47320005   0.04779853]
 [ 44.           0.47340003   0.04680599]
 [ 45.           0.4738       0.04678889]
 [ 46.           0.4736       0.04603585]
 [ 47.           0.4738       0.04601847]
 [ 48.           0.47460005   0.04586175]
 [ 49.           0.47600004   0.04639504]
 [ 50.           0.4762       0.04652097]
 [ 51.           0.4766       0.04627419]
 [ 52.           0.47700006   0.04573292]
 [ 53.           0.477        0.04443534]
 [ 54.           0.47800002   0.04413049]
 [ 55.           0.47919998   0.04344191]
 [ 56.           0.4798       0.04322268]
 [ 57.           0.4798       0.04289172]
 [ 58.           0.48000002   0.04222559]
 [ 59.           0.4798       0.04190107]
 [ 60.           0.4804       0.04192017]
 [ 61.           0.4804       0.04184257]
 [ 62.           0.48199996   0.04182703]
 [ 63.           0.48499998   0.04279603]
 [ 64.           0.48499998   0.04245586]
 [ 65.           0.48539996   0.04191419]
 [ 66.           0.48659998   0.04149459]
 [ 67.           0.48740003   0.04082033]
 [ 68.           0.488        0.04068169]
 [ 69.           0.4882       0.0394487 ]
 [ 70.           0.489        0.03852922]
 [ 71.           0.48999998   0.03772268]
 [ 72.           0.4908       0.03785102]
 [ 73.           0.491        0.03710121]
 [ 74.           0.49240002   0.03504711]
 [ 75.           0.49259996   0.03455864]
 [ 76.           0.49320003   0.03282072]
 [ 77.           0.49400002   0.031749  ]
 [ 78.           0.4954       0.0299633 ]
 [ 79.           0.49580002   0.02974392]
 [ 80.           0.49580002   0.02939728]
 [ 81.           0.49639997   0.02972879]
 [ 82.           0.49779996   0.0298446 ]
 [ 83.           0.49899998   0.02881839]
 [ 84.           0.49840003   0.02845699]
 [ 85.           0.49960002   0.02804105]
 [ 86.           0.5          0.02834608]
 [ 87.           0.5004       0.02684774]
 [ 88.           0.5012       0.0245703 ]
 [ 89.           0.5012       0.0240562 ]
 [ 90.           0.5018       0.02226432]
 [ 91.           0.5018       0.02044994]
 [ 92.           0.5034       0.0205621 ]
 [ 93.           0.50360006   0.01932097]
 [ 94.           0.5052       0.01728292]
 [ 95.           0.5048       0.01769745]
 [ 96.           0.5054       0.01699411]
 [ 97.           0.5062       0.01657407]
 [ 98.           0.5066       0.01706751]
 [ 99.           0.50699997   0.01784656]
 [100.           0.5072       0.01586507]
 [101.           0.5068       0.01699118]
 [102.           0.5062       0.01776795]
 [103.           0.5054       0.01872965]
 [104.           0.5048       0.02006739]
 [105.           0.50439996   0.02073161]
 [106.           0.5034       0.0215244 ]
 [107.           0.504        0.02354782]
 [108.           0.5042       0.02483345]
 [109.           0.504        0.02623929]
 [110.           0.5042       0.02712378]
 [111.           0.50380003   0.02890847]
 [112.           0.50439996   0.02984628]
 [113.           0.5028       0.02984459]
 [114.           0.5018       0.02956686]
 [115.           0.5014       0.03034468]
 [116.           0.5012       0.0325223 ]
 [117.           0.5          0.03269557]
 [118.           0.5          0.03558791]
 [119.           0.4986       0.03766696]
 [120.           0.49780002   0.03841484]
 [121.           0.49659997   0.03890115]
 [122.           0.49580002   0.04093532]
 [123.           0.4948       0.04277499]
 [124.           0.49260002   0.04469116]
 [125.           0.492        0.04448596]
 [126.           0.48920003   0.04581157]
 [127.           0.48680001   0.04699681]
 [128.           0.4844       0.04881394]
 [129.           0.48400003   0.04932545]
 [130.           0.48260003   0.0515296 ]
 [131.           0.48000002   0.05364234]
 [132.           0.4776       0.05596696]
 [133.           0.47720003   0.05721189]
 [134.           0.47599998   0.05864299]
 [135.           0.47460005   0.05953823]
 [136.           0.47160003   0.06108028]
 [137.           0.46879998   0.06239551]
 [138.           0.46740004   0.06256837]
 [139.           0.4652       0.06307694]
 [140.           0.4632       0.06438322]
 [141.           0.4608       0.06694923]
 [142.           0.45839998   0.06718855]
 [143.           0.45760003   0.06742626]
 [144.           0.455        0.06845802]
 [145.           0.4526       0.06908184]
 [146.           0.45179996   0.06978324]
 [147.           0.4498       0.07022251]
 [148.           0.448        0.07146678]
 [149.           0.4448       0.07005142]
 [150.           0.44460002   0.0705039 ]
 [151.           0.44300005   0.07258444]
 [152.           0.4402       0.07455669]
 [153.           0.4388       0.07503134]
 [154.           0.4368       0.07435859]
 [155.           0.43400002   0.07512322]
 [156.           0.43179998   0.07485119]
 [157.           0.429        0.07537572]
 [158.           0.4262       0.07692008]
 [159.           0.42460003   0.07732917]
 [160.           0.4224       0.07682317]
 [161.           0.42139998   0.07696947]
 [162.           0.4192       0.07588939]
 [163.           0.4178       0.07468734]
 [164.           0.4154       0.07419433]
 [165.           0.41360003   0.07431892]
 [166.           0.41120002   0.07506797]
 [167.           0.4096       0.07532464]
 [168.           0.40760002   0.07430881]
 [169.           0.40579996   0.07422062]
 [170.           0.40220004   0.07249966]
 [171.           0.40100002   0.07347449]
 [172.           0.3984       0.07300548]
 [173.           0.396        0.07171123]
 [174.           0.39540002   0.0720368 ]
 [175.           0.3934       0.07109361]
 [176.           0.3914       0.07073399]
 [177.           0.39000002   0.06958807]
 [178.           0.38840002   0.0682261 ]
 [179.           0.38579997   0.06839371]
 [180.           0.3844       0.06855509]
 [181.           0.3818       0.06849233]
 [182.           0.379        0.06607193]
 [183.           0.37680003   0.06486679]
 [184.           0.37359998   0.06305791]
 [185.           0.37100002   0.05989575]
 [186.           0.3694       0.05967244]
 [187.           0.368        0.05915234]
 [188.           0.36600003   0.05965317]
 [189.           0.36420003   0.05940286]
 [190.           0.36240003   0.05787314]
 [191.           0.3608       0.05777283]
 [192.           0.36040002   0.05749175]
 [193.           0.3586       0.05650487]
 [194.           0.3576       0.05503   ]
 [195.           0.356        0.05358639]
 [196.           0.3546       0.0539472 ]
 [197.           0.35320002   0.05480602]
 [198.           0.352        0.05402314]
 [199.           0.35         0.0539537 ]
 [200.           0.3482       0.05268491]
 [201.           0.3468       0.05226567]
 [202.           0.3448       0.05100197]
 [203.           0.3436       0.05011287]
 [204.           0.3422       0.04933761]
 [205.           0.3412       0.04802812]
 [206.           0.3396       0.04669369]
 [207.           0.33760002   0.04379269]
 [208.           0.3364       0.04256525]
 [209.           0.3352       0.04177558]
 [210.           0.33519998   0.0405549 ]
 [211.           0.3344       0.039985  ]
 [212.           0.33339998   0.03933574]
 [213.           0.33200002   0.03722231]
 [214.           0.33080003   0.03702296]
 [215.           0.3304       0.03656911]
 [216.           0.3296       0.03590683]
 [217.           0.3276       0.03522499]
 [218.           0.32680002   0.03436859]
 [219.           0.32660002   0.03401177]
 [220.           0.3256       0.03311042]
 [221.           0.3246       0.03223041]
 [222.           0.32360002   0.03197343]
 [223.           0.3228       0.03114001]
 [224.           0.32259998   0.03199688]
 [225.           0.322        0.03180409]
 [226.           0.32160002   0.03170647]
 [227.           0.32119998   0.03094673]
 [228.           0.3198       0.02910671]
 [229.           0.3188       0.02887387]
 [230.           0.3182       0.0283496 ]
 [231.           0.31640002   0.0275554 ]
 [232.           0.3154       0.02656689]
 [233.           0.31440002   0.0258515 ]
 [234.           0.3126       0.02538307]
 [235.           0.3118       0.02546958]
 [236.           0.312        0.02617251]
 [237.           0.3116       0.02629259]
 [238.           0.3104       0.02467387]
 [239.           0.3102       0.02437621]
 [240.           0.31000003   0.02372763]
 [241.           0.3096       0.02441926]
 [242.           0.30920002   0.0241909 ]
 [243.           0.30920002   0.0241909 ]
 [244.           0.30879998   0.02432488]
 [245.           0.3084       0.02482539]
 [246.           0.307        0.02369599]
 [247.           0.30640003   0.02373394]
 [248.           0.3062       0.02360508]
 [249.           0.30560002   0.02347978]
 [250.           0.3052       0.02305862]
 [251.           0.3046       0.02240089]
 [252.           0.30420002   0.0212297 ]
 [253.           0.3034       0.02101905]
 [254.           0.303        0.02073645]
 [255.           0.303        0.02073645]
 [256.           0.303        0.02053046]
 [257.           0.3026       0.01995745]
 [258.           0.3022       0.01995495]
 [259.           0.3022       0.01960102]
 [260.           0.3012       0.01843095]
 [261.           0.3014       0.01814663]
 [262.           0.301        0.0174356 ]
 [263.           0.30100003   0.0179722 ]
 [264.           0.3008       0.017427  ]
 [265.           0.3002       0.01672424]
 [266.           0.3          0.01698528]
 [267.           0.2998       0.01687306]
 [268.           0.29959998   0.016772  ]
 [269.           0.299        0.01646208]
 [270.           0.29860002   0.01602498]
 [271.           0.2984       0.01572577]
 [272.           0.298        0.01585876]
 [273.           0.298        0.01549194]
 [274.           0.29780003   0.01518882]
 [275.           0.2974       0.01537206]
 [276.           0.297        0.01536229]
 [277.           0.29720002   0.01507316]
 [278.           0.29659998   0.01453617]
 [279.           0.29659998   0.01453617]
 [280.           0.29659998   0.01453617]
 [281.           0.2962       0.01472073]
 [282.           0.2958       0.01465264]
 [283.           0.296        0.01391042]
 [284.           0.296        0.01391042]
 [285.           0.296        0.01376589]
 [286.           0.2962       0.01391761]
 [287.           0.29580003   0.01355359]
 [288.           0.29560003   0.01386723]
 [289.           0.29500002   0.01372953]
 [290.           0.29520002   0.01375499]
 [291.           0.29500002   0.01399999]
 [292.           0.2948       0.0138275 ]
 [293.           0.2946       0.01448447]
 [294.           0.294        0.014089  ]
 [295.           0.2938       0.01434224]
 [296.           0.29340002   0.01446719]
 [297.           0.293        0.01445683]
 [298.           0.2926       0.01418802]
 [299.           0.29239997   0.01458766]
 [300.           0.2926       0.01487615]
 [301.           0.29200003   0.01584298]
 [302.           0.29180002   0.0155467 ]
 [303.           0.29099998   0.01570032]
 [304.           0.29099998   0.01570032]
 [305.           0.29099998   0.01570032]
 [306.           0.2912       0.0148896 ]
 [307.           0.291        0.01476482]
 [308.           0.2906       0.01489296]
 [309.           0.2906       0.01489296]
 [310.           0.29060003   0.01527416]
 [311.           0.28980002   0.01541753]
 [312.           0.28980002   0.01541753]
 [313.           0.2894       0.01504327]
 [314.           0.289        0.0150333 ]
 [315.           0.2886       0.01460479]
 [316.           0.28840002   0.01450172]
 [317.           0.2886       0.01424079]
 [318.           0.28800002   0.01401785]
 [319.           0.28779998   0.01373682]
 [320.           0.28779998   0.01366382]
 [321.           0.2876       0.01361249]
 [322.           0.28779998   0.01366382]
 [323.           0.2876       0.01393915]
 [324.           0.28800002   0.01426534]
 [325.           0.28779998   0.01373682]
 [326.           0.2882       0.01355359]
 [327.           0.2882       0.01355359]
 [328.           0.2882       0.0134796 ]
 [329.           0.28800002   0.01322875]
 [330.           0.2878       0.01302689]
 [331.           0.2876       0.01242176]
 [332.           0.2874       0.0127004 ]
 [333.           0.2872       0.012498  ]
 [334.           0.287        0.01230854]
 [335.           0.2868       0.01217374]
 [336.           0.28660002   0.01248199]
 [337.           0.28640002   0.01275931]
 [338.           0.2868       0.0132174 ]
 [339.           0.28660002   0.01293445]
 [340.           0.28640002   0.0128569 ]
 [341.           0.28640002   0.0128569 ]
 [342.           0.2864       0.01246194]
 [343.           0.286        0.0125499 ]
 [344.           0.286        0.0125499 ]
 [345.           0.2858       0.01225561]
 [346.           0.286        0.01159741]
 [347.           0.28620002   0.01190378]
 [348.           0.2864       0.01163185]
 [349.           0.2864       0.01163185]
 [350.           0.2856       0.01190798]
 [351.           0.2856       0.01287634]
 [352.           0.2856       0.01236124]
 [353.           0.28599998   0.01228821]
 [354.           0.2858       0.0121326 ]
 [355.           0.2856       0.01178134]
 [356.           0.2858       0.01147606]
 [357.           0.28580004   0.01162755]
 [358.           0.28580004   0.01162755]
 [359.           0.28580004   0.01196662]
 [360.           0.2858       0.01239758]
 [361.           0.2856       0.01225968]
 [362.           0.2854       0.01217784]
 [363.           0.286        0.01222701]
 [364.           0.28620002   0.01231665]
 [365.           0.2858       0.01235718]
 [366.           0.2852       0.01273577]
 [367.           0.2846       0.01277888]
 [368.           0.2844       0.01254193]
 [369.           0.28379998   0.01296919]
 [370.           0.2836       0.01273969]
 [371.           0.2836       0.01225969]
 [372.           0.28340003   0.01217784]
 [373.           0.28340003   0.01217784]
 [374.           0.28340003   0.01217784]
 [375.           0.2838       0.01200832]
 [376.           0.2838       0.01200832]
 [377.           0.284        0.01222701]
 [378.           0.2834       0.01268069]
 [379.           0.2832       0.01261745]
 [380.           0.28340003   0.01285691]
 [381.           0.28340003   0.01285691]
 [382.           0.28340003   0.01304991]
 [383.           0.2836       0.01308817]
 [384.           0.28340003   0.01285691]
 [385.           0.2838       0.01231665]
 [386.           0.2836       0.01207476]
 [387.           0.284        0.01206233]
 [388.           0.2842       0.01211197]
 [389.           0.2842       0.01211197]
 [390.           0.28440002   0.01184482]
 [391.           0.2846       0.01158878]
 [392.           0.2844       0.01154555]
 [393.           0.2844       0.011349  ]
 [394.           0.2844       0.011349  ]
 [395.           0.2844       0.011349  ]
 [396.           0.2844       0.011349  ]
 [397.           0.284        0.01187434]
 [398.           0.28419998   0.01162755]
 [399.           0.2838       0.01164903]
 [400.           0.2842       0.01112204]]
Dataset       :Pubmed
Model         :SGC
Conden ratio  :1.0
GC            :5
LearnA        :0
Max Test Accuracy:
0.707
Best Result: Epoch   Acc  Std.
               100 0.5072  0.0159
