Set seed
Model MLP
--------------------------------------------------
The 1th iteration:
--------------------------------------------------
--------------------------------------------------
The 2th iteration:
--------------------------------------------------
--------------------------------------------------
The 3th iteration:
--------------------------------------------------
--------------------------------------------------
The 4th iteration:
--------------------------------------------------
--------------------------------------------------
The 5th iteration:
--------------------------------------------------
[[  1.           0.2662       0.05740383]
 [  2.           0.34800002   0.07309241]
 [  3.           0.3996       0.07356493]
 [  4.           0.43199998   0.05577185]
 [  5.           0.45080003   0.04848401]
 [  6.           0.4656       0.04923211]
 [  7.           0.4746       0.05457838]
 [  8.           0.47600004   0.0551634 ]
 [  9.           0.4844       0.0564296 ]
 [ 10.           0.48839998   0.05417841]
 [ 11.           0.4908       0.05353221]
 [ 12.           0.49499997   0.04932545]
 [ 13.           0.50500005   0.04175524]
 [ 14.           0.5138       0.03597499]
 [ 15.           0.51739997   0.03474623]
 [ 16.           0.523        0.02953811]
 [ 17.           0.53220004   0.02363683]
 [ 18.           0.53580004   0.02402499]
 [ 19.           0.53800005   0.02516944]
 [ 20.           0.54020005   0.0235733 ]
 [ 21.           0.5418       0.02451937]
 [ 22.           0.5436       0.02413087]
 [ 23.           0.5454001    0.02446017]
 [ 24.           0.54679996   0.02421157]
 [ 25.           0.54719996   0.02318833]
 [ 26.           0.5472       0.02041324]
 [ 27.           0.5468       0.02174164]
 [ 28.           0.5472       0.0223316 ]
 [ 29.           0.548        0.0211542 ]
 [ 30.           0.5492       0.02081348]
 [ 31.           0.55100006   0.01965962]
 [ 32.           0.551        0.01742125]
 [ 33.           0.5512       0.01681368]
 [ 34.           0.5522       0.01693223]
 [ 35.           0.5526       0.01631869]
 [ 36.           0.55120003   0.01825375]
 [ 37.           0.55240005   0.0177567 ]
 [ 38.           0.5526       0.01566205]
 [ 39.           0.55280006   0.01327403]
 [ 40.           0.5522       0.01263724]
 [ 41.           0.5524       0.01073778]
 [ 42.           0.5532       0.012276  ]
 [ 43.           0.55380005   0.01259763]
 [ 44.           0.5536       0.01101363]
 [ 45.           0.55520004   0.01059247]
 [ 46.           0.555        0.01079351]
 [ 47.           0.55700004   0.01029564]
 [ 48.           0.558        0.00977242]
 [ 49.           0.56000006   0.00827648]
 [ 50.           0.562        0.00796868]
 [ 51.           0.5634       0.00776531]
 [ 52.           0.56400007   0.008544  ]
 [ 53.           0.5656       0.01078425]
 [ 54.           0.5658       0.01005982]
 [ 55.           0.56680006   0.00975704]
 [ 56.           0.56700003   0.00984886]
 [ 57.           0.5682       0.01219425]
 [ 58.           0.56899995   0.0124499 ]
 [ 59.           0.56880003   0.01190378]
 [ 60.           0.57         0.01274755]
 [ 61.           0.5702       0.01314154]
 [ 62.           0.57100004   0.01428287]
 [ 63.           0.5712       0.01485598]
 [ 64.           0.57159996   0.01463899]
 [ 65.           0.5722       0.01287246]
 [ 66.           0.5736       0.0144672 ]
 [ 67.           0.5738       0.01420211]
 [ 68.           0.5762       0.01483912]
 [ 69.           0.5778       0.0149733 ]
 [ 70.           0.5782       0.01520527]
 [ 71.           0.5784       0.01463898]
 [ 72.           0.5784       0.01415271]
 [ 73.           0.57860005   0.01514266]
 [ 74.           0.5776       0.01366749]
 [ 75.           0.578        0.01408899]
 [ 76.           0.578        0.01430035]
 [ 77.           0.57820004   0.01377317]
 [ 78.           0.5778       0.01413152]
 [ 79.           0.5784       0.01357571]
 [ 80.           0.5776       0.01337161]
 [ 81.           0.578        0.01363819]
 [ 82.           0.5782       0.01398925]
 [ 83.           0.5778       0.013755  ]
 [ 84.           0.57820004   0.01338656]
 [ 85.           0.579        0.01288409]
 [ 86.           0.57860005   0.01368575]
 [ 87.           0.5784       0.01329662]
 [ 88.           0.5788       0.01364551]
 [ 89.           0.579        0.01309581]
 [ 90.           0.579        0.013     ]
 [ 91.           0.5794       0.0138672 ]
 [ 92.           0.57960004   0.01425835]
 [ 93.           0.58000004   0.01415981]
 [ 94.           0.58059996   0.01383114]
 [ 95.           0.5804       0.01392123]
 [ 96.           0.58000004   0.01360146]
 [ 97.           0.5804       0.01448449]
 [ 98.           0.58100003   0.01426535]
 [ 99.           0.58120006   0.01360882]
 [100.           0.5808       0.01384558]
 [101.           0.5804       0.01393916]
 [102.           0.5802       0.01409611]
 [103.           0.58059996   0.01383114]
 [104.           0.58100003   0.01471394]
 [105.           0.581        0.0148324 ]
 [106.           0.5816       0.01458766]
 [107.           0.5824       0.01527417]
 [108.           0.58260006   0.01517563]
 [109.           0.5824       0.01527417]
 [110.           0.5824       0.01582088]
 [111.           0.582        0.01601562]
 [112.           0.5818       0.01613071]
 [113.           0.58199996   0.016     ]
 [114.           0.583        0.01545962]
 [115.           0.58339995   0.0153395 ]
 [116.           0.5836       0.01540456]
 [117.           0.5836       0.01540456]
 [118.           0.5842       0.01478851]
 [119.           0.58400005   0.01437011]
 [120.           0.5846       0.01431081]
 [121.           0.585        0.01430034]
 [122.           0.5852       0.01404279]
 [123.           0.5856       0.01390324]
 [124.           0.5856       0.01417038]
 [125.           0.58640003   0.0146048 ]
 [126.           0.58680004   0.0145155 ]
 [127.           0.587        0.01457738]
 [128.           0.58680004   0.0143248 ]
 [129.           0.587        0.01469694]
 [130.           0.5872       0.01472075]
 [131.           0.58760005   0.01501001]
 [132.           0.58760005   0.01501001]
 [133.           0.5872       0.01428984]
 [134.           0.5872       0.01451551]
 [135.           0.58760005   0.01485935]
 [136.           0.5876       0.01460478]
 [137.           0.588        0.01504992]
 [138.           0.5888001    0.01580189]
 [139.           0.58900005   0.01573212]
 [140.           0.5892       0.01640732]
 [141.           0.5894       0.01628803]
 [142.           0.5902       0.01697645]
 [143.           0.5904       0.01674216]
 [144.           0.5904       0.01674216]
 [145.           0.5906       0.01663731]
 [146.           0.5908       0.01699117]
 [147.           0.591        0.0165982 ]
 [148.           0.5902       0.01611521]
 [149.           0.59000003   0.01677796]
 [150.           0.5902       0.01752711]
 [151.           0.59040004   0.01831121]
 [152.           0.5902       0.01887326]
 [153.           0.5902       0.01844452]
 [154.           0.59         0.01870829]
 [155.           0.5894       0.0187163 ]
 [156.           0.5904       0.01898156]
 [157.           0.5906       0.0192172 ]
 [158.           0.5906       0.02000749]
 [159.           0.59040004   0.01943707]
 [160.           0.59         0.01893409]
 [161.           0.5902       0.01864672]
 [162.           0.5904       0.01896839]
 [163.           0.5908       0.01930546]
 [164.           0.59180003   0.02005494]
 [165.           0.5924       0.01993238]
 [166.           0.59260005   0.02002   ]
 [167.           0.5934       0.02071955]
 [168.           0.5938       0.02125323]
 [169.           0.594        0.02177153]
 [170.           0.5944       0.02219909]
 [171.           0.59580004   0.0232099 ]
 [172.           0.5966       0.02384952]
 [173.           0.5966       0.02433719]
 [174.           0.59660006   0.02430638]
 [175.           0.5966       0.02482538]
 [176.           0.596        0.02464753]
 [177.           0.596        0.02471841]
 [178.           0.59639996   0.02492587]
 [179.           0.59540004   0.02454182]
 [180.           0.59580004   0.02388936]
 [181.           0.59639996   0.02354359]
 [182.           0.597        0.0232056 ]
 [183.           0.5962       0.02314519]
 [184.           0.5972       0.02299348]
 [185.           0.596        0.0238642 ]
 [186.           0.5974       0.02360722]
 [187.           0.598        0.02579728]
 [188.           0.59919995   0.02710535]
 [189.           0.5996       0.02732762]
 [190.           0.59980005   0.02921813]
 [191.           0.6008       0.02894304]
 [192.           0.6016       0.02937344]
 [193.           0.60179996   0.03203434]
 [194.           0.60260004   0.03277651]
 [195.           0.6032       0.03179148]
 [196.           0.6038       0.03248383]
 [197.           0.6042       0.03424471]
 [198.           0.6034       0.0346742 ]
 [199.           0.6052       0.03303334]
 [200.           0.60620004   0.03205776]
 [201.           0.6056       0.03150873]
 [202.           0.60440004   0.03372389]
 [203.           0.6052       0.03347685]
 [204.           0.6054       0.03303482]
 [205.           0.6056       0.033441  ]
 [206.           0.6062       0.03307871]
 [207.           0.6052       0.03395882]
 [208.           0.60560006   0.03402648]
 [209.           0.6056       0.03243915]
 [210.           0.60580003   0.03246844]
 [211.           0.6048       0.03318433]
 [212.           0.6052       0.03270628]
 [213.           0.6056       0.03197342]
 [214.           0.6054       0.03232336]
 [215.           0.6046       0.03161963]
 [216.           0.605        0.03055323]
 [217.           0.6042       0.02991153]
 [218.           0.60400003   0.02951268]
 [219.           0.60400003   0.02963947]
 [220.           0.6036       0.03106928]
 [221.           0.60400003   0.03032326]
 [222.           0.6046       0.02966985]
 [223.           0.60480005   0.0294313 ]
 [224.           0.6048       0.02980269]
 [225.           0.605        0.03120098]
 [226.           0.6054       0.02973717]
 [227.           0.60560006   0.03037763]
 [228.           0.6052       0.02965133]
 [229.           0.6056       0.02999666]
 [230.           0.6054       0.02974561]
 [231.           0.6052       0.03004496]
 [232.           0.6058       0.0302853 ]
 [233.           0.6052       0.03004496]
 [234.           0.6058       0.0302853 ]
 [235.           0.60499996   0.02948727]
 [236.           0.6054       0.02958544]
 [237.           0.6048       0.03019434]
 [238.           0.606        0.03059411]
 [239.           0.606        0.03018277]
 [240.           0.6064       0.02971194]
 [241.           0.6062       0.02940577]
 [242.           0.6064       0.02971194]
 [243.           0.60599995   0.02970689]
 [244.           0.6066       0.02929675]
 [245.           0.6064       0.03041873]
 [246.           0.6072       0.03019439]
 [247.           0.607        0.02995829]
 [248.           0.6068       0.02980269]
 [249.           0.6064       0.0304844 ]
 [250.           0.6074       0.02981272]
 [251.           0.6074       0.03089983]
 [252.           0.6076       0.03102096]
 [253.           0.6074       0.03028693]
 [254.           0.608        0.02955501]
 [255.           0.60719997   0.03058102]
 [256.           0.608        0.02902584]
 [257.           0.60760003   0.03089984]
 [258.           0.6078       0.0298027 ]
 [259.           0.6082       0.03054013]
 [260.           0.6078       0.02974392]
 [261.           0.6084       0.03086746]
 [262.           0.6086       0.02899657]
 [263.           0.608        0.0304795 ]
 [264.           0.6086       0.02963612]
 [265.           0.6092       0.0296513 ]
 [266.           0.60880005   0.02986135]
 [267.           0.6088       0.03025226]
 [268.           0.6092       0.02885654]
 [269.           0.6088       0.03019436]
 [270.           0.6086       0.02932234]
 [271.           0.6092       0.02954151]
 [272.           0.60840005   0.02955165]
 [273.           0.6086001    0.02998001]
 [274.           0.6096       0.02917705]
 [275.           0.6086001    0.02998001]
 [276.           0.609        0.02964792]
 [277.           0.6092       0.02959224]
 [278.           0.609        0.02964792]
 [279.           0.6086       0.03009652]
 [280.           0.609        0.02866182]
 [281.           0.60880005   0.03026053]
 [282.           0.6086       0.02927968]
 [283.           0.6092       0.02965975]
 [284.           0.6086       0.02927968]
 [285.           0.6086       0.03011311]
 [286.           0.609        0.02866182]
 [287.           0.6084       0.02988811]
 [288.           0.6088       0.0293462 ]
 [289.           0.6088       0.0292865 ]
 [290.           0.6088       0.0293462 ]
 [291.           0.60859996   0.02958546]
 [292.           0.6086001    0.02867579]
 [293.           0.60859996   0.02917704]
 [294.           0.6088       0.02943126]
 [295.           0.609        0.02904306]
 [296.           0.60880005   0.02932917]
 [297.           0.60880005   0.02940578]
 [298.           0.6094       0.02889291]
 [299.           0.6088       0.02894303]
 [300.           0.609        0.02949576]
 [301.           0.609        0.02857446]
 [302.           0.609        0.02949576]
 [303.           0.60880005   0.02932917]
 [304.           0.6094       0.02889291]
 [305.           0.6092       0.02932064]
 [306.           0.609        0.02949576]
 [307.           0.61         0.02910326]
 [308.           0.6092       0.02966816]
 [309.           0.6096       0.02971193]
 [310.           0.6098       0.02826127]
 [311.           0.6096       0.02971193]
 [312.           0.60899997   0.02945334]
 [313.           0.61020005   0.02834959]
 [314.           0.6088       0.02927797]
 [315.           0.6096       0.02978758]
 [316.           0.6096       0.02804996]
 [317.           0.61         0.02957193]
 [318.           0.6104       0.02984626]
 [319.           0.6106       0.02867575]
 [320.           0.6106       0.03006329]
 [321.           0.6104       0.02944145]
 [322.           0.61140007   0.02939896]
 [323.           0.61079997   0.0298446 ]
 [324.           0.61160004   0.03053359]
 [325.           0.61160004   0.02961924]
 [326.           0.61200005   0.03092735]
 [327.           0.612        0.03100806]
 [328.           0.61300004   0.03144042]
 [329.           0.6128       0.03188574]
 [330.           0.6138       0.03324455]
 [331.           0.61420006   0.03250692]
 [332.           0.614        0.03348136]
 [333.           0.6136       0.03367938]
 [334.           0.6148       0.03339461]
 [335.           0.6138       0.03392935]
 [336.           0.61499995   0.03472753]
 [337.           0.6146       0.03387919]
 [338.           0.6152       0.03498859]
 [339.           0.6146       0.03511838]
 [340.           0.6164       0.03544433]
 [341.           0.61480004   0.03575892]
 [342.           0.616        0.03597223]
 [343.           0.6154       0.03548661]
 [344.           0.6154       0.03567633]
 [345.           0.6148       0.03520938]
 [346.           0.6152       0.03610678]
 [347.           0.6152       0.03575892]
 [348.           0.61499995   0.03583294]
 [349.           0.61420006   0.03449203]
 [350.           0.6148       0.03546407]
 [351.           0.6144       0.03458757]
 [352.           0.6144       0.0349471 ]
 [353.           0.6144       0.03443545]
 [354.           0.614        0.03444561]
 [355.           0.6142       0.0343322 ]
 [356.           0.614        0.03394114]
 [357.           0.614        0.03415407]
 [358.           0.6144       0.03429725]
 [359.           0.6138       0.03389987]
 [360.           0.6144       0.03429725]
 [361.           0.6136       0.03418041]
 [362.           0.6138       0.03363333]
 [363.           0.61359996   0.03339611]
 [364.           0.6134       0.03367937]
 [365.           0.6134       0.03316324]
 [366.           0.61300004   0.03271087]
 [367.           0.6126       0.03325358]
 [368.           0.61300004   0.03262668]
 [369.           0.6122       0.03281312]
 [370.           0.61280006   0.03243764]
 [371.           0.6124       0.03256225]
 [372.           0.61300004   0.03264199]
 [373.           0.6124       0.03256225]
 [374.           0.61300004   0.03264199]
 [375.           0.6128       0.0333946 ]
 [376.           0.61340004   0.03298183]
 [377.           0.613        0.03310589]
 [378.           0.6134       0.03347835]
 [379.           0.61300004   0.03312854]
 [380.           0.6134       0.03304996]
 [381.           0.61280006   0.03341707]
 [382.           0.613        0.03310589]
 [383.           0.61300004   0.03312854]
 [384.           0.6128       0.0333946 ]
 [385.           0.6126       0.03328365]
 [386.           0.6132       0.03330465]
 [387.           0.6126       0.03328365]
 [388.           0.6132       0.03379644]
 [389.           0.6132       0.03290443]
 [390.           0.6132       0.03379644]
 [391.           0.6126       0.0337313 ]
 [392.           0.6138       0.03294235]
 [393.           0.61300004   0.03366749]
 [394.           0.6138       0.03343202]
 [395.           0.61359996   0.03330615]
 [396.           0.6138       0.0338482 ]
 [397.           0.6134       0.03351566]
 [398.           0.61420006   0.03328212]
 [399.           0.6132       0.03379644]
 [400.           0.614        0.03356338]]
Dataset       :Citeseer
Model         :MLP
Conden ratio  :0.5
GC            :1
LearnA        :0
Max Test Accuracy:
0.656
Best Result: Epoch   Acc  Std.
               340 0.6164  0.0354
