Set seed
Model Cheby
--------------------------------------------------
The 1th iteration:
--------------------------------------------------
--------------------------------------------------
The 2th iteration:
--------------------------------------------------
--------------------------------------------------
The 3th iteration:
--------------------------------------------------
--------------------------------------------------
The 4th iteration:
--------------------------------------------------
--------------------------------------------------
The 5th iteration:
--------------------------------------------------
[[  1.           0.224        0.0409634 ]
 [  2.           0.27859998   0.05434427]
 [  3.           0.3386       0.06333483]
 [  4.           0.38320002   0.07277156]
 [  5.           0.4176       0.0821237 ]
 [  6.           0.448        0.08251666]
 [  7.           0.4684       0.08012676]
 [  8.           0.48680001   0.07985736]
 [  9.           0.50380003   0.07580368]
 [ 10.           0.516        0.07113719]
 [ 11.           0.5236       0.06921559]
 [ 12.           0.5364       0.06572139]
 [ 13.           0.5428       0.06124296]
 [ 14.           0.54800004   0.06305949]
 [ 15.           0.5518       0.06310073]
 [ 16.           0.5564       0.06009825]
 [ 17.           0.559        0.05663481]
 [ 18.           0.5626       0.05472476]
 [ 19.           0.56700003   0.05380055]
 [ 20.           0.5698       0.05149467]
 [ 21.           0.5716       0.05089013]
 [ 22.           0.5722       0.0517851 ]
 [ 23.           0.57440007   0.05057966]
 [ 24.           0.5758       0.05148981]
 [ 25.           0.578        0.05240708]
 [ 26.           0.578        0.05245476]
 [ 27.           0.57860005   0.05325691]
 [ 28.           0.5794       0.05559498]
 [ 29.           0.58059996   0.05426599]
 [ 30.           0.58100003   0.05524948]
 [ 31.           0.5804       0.05595353]
 [ 32.           0.57960004   0.05597143]
 [ 33.           0.5822       0.05661448]
 [ 34.           0.58280003   0.05622457]
 [ 35.           0.5834       0.05808014]
 [ 36.           0.583        0.0587452 ]
 [ 37.           0.5822       0.06061521]
 [ 38.           0.5826       0.06376754]
 [ 39.           0.58260006   0.06501769]
 [ 40.           0.58199996   0.0648999 ]
 [ 41.           0.5818       0.06532762]
 [ 42.           0.582        0.06582171]
 [ 43.           0.58280003   0.06826928]
 [ 44.           0.5824       0.06904563]
 [ 45.           0.5822       0.06935921]
 [ 46.           0.58199996   0.06742402]
 [ 47.           0.5822       0.06620575]
 [ 48.           0.58300006   0.0662495 ]
 [ 49.           0.5836       0.06575942]
 [ 50.           0.5836       0.06668808]
 [ 51.           0.58339995   0.06575941]
 [ 52.           0.5856       0.0658088 ]
 [ 53.           0.587        0.06421839]
 [ 54.           0.589        0.06318623]
 [ 55.           0.591        0.06274552]
 [ 56.           0.5924       0.06165468]
 [ 57.           0.5938       0.06081694]
 [ 58.           0.5946       0.06067374]
 [ 59.           0.596        0.06051861]
 [ 60.           0.5982       0.05973024]
 [ 61.           0.6004       0.05786882]
 [ 62.           0.6018       0.05751696]
 [ 63.           0.6036       0.05671684]
 [ 64.           0.605        0.05502271]
 [ 65.           0.6062       0.0537931 ]
 [ 66.           0.6078       0.0524185 ]
 [ 67.           0.608        0.05214403]
 [ 68.           0.6088       0.05232305]
 [ 69.           0.6096       0.0504906 ]
 [ 70.           0.61079997   0.04907849]
 [ 71.           0.61160004   0.04939937]
 [ 72.           0.612        0.04958326]
 [ 73.           0.6134       0.0503468 ]
 [ 74.           0.6146       0.04994297]
 [ 75.           0.6166       0.0494247 ]
 [ 76.           0.6168       0.04892033]
 [ 77.           0.6168       0.04850463]
 [ 78.           0.61780006   0.04840659]
 [ 79.           0.6186001    0.04837147]
 [ 80.           0.6196       0.04715188]
 [ 81.           0.6196       0.04691268]
 [ 82.           0.62020004   0.04697021]
 [ 83.           0.6208       0.04576245]
 [ 84.           0.6212       0.04431365]
 [ 85.           0.62140006   0.0439124 ]
 [ 86.           0.62160003   0.04393519]
 [ 87.           0.6222       0.04337858]
 [ 88.           0.6226       0.04355801]
 [ 89.           0.6222       0.04319952]
 [ 90.           0.6224       0.04280535]
 [ 91.           0.623        0.04237926]
 [ 92.           0.62280005   0.042775  ]
 [ 93.           0.623        0.04273759]
 [ 94.           0.62320006   0.0423403 ]
 [ 95.           0.62340003   0.04166893]
 [ 96.           0.623        0.04210107]
 [ 97.           0.62340003   0.04167494]
 [ 98.           0.62420005   0.039802  ]
 [ 99.           0.624        0.03979322]
 [100.           0.6242       0.03920078]
 [101.           0.6244       0.03901668]
 [102.           0.62420005   0.03942334]
 [103.           0.6252       0.03946136]
 [104.           0.6254       0.04021567]
 [105.           0.62560004   0.03980329]
 [106.           0.6254       0.04045119]
 [107.           0.62600005   0.04003124]
 [108.           0.6262       0.0410329 ]
 [109.           0.62659997   0.04121042]
 [110.           0.62659997   0.04121651]
 [111.           0.62720007   0.04084974]
 [112.           0.62740004   0.04130739]
 [113.           0.62799996   0.04132796]
 [114.           0.6284       0.04151865]
 [115.           0.62880003   0.04032616]
 [116.           0.6286       0.03924029]
 [117.           0.629        0.03886514]
 [118.           0.6296       0.0390807 ]
 [119.           0.63000005   0.0386717 ]
 [120.           0.6298       0.03846686]
 [121.           0.6308       0.03808808]
 [122.           0.631        0.03810513]
 [123.           0.6318       0.0379434 ]
 [124.           0.6326       0.03818772]
 [125.           0.6322       0.03857722]
 [126.           0.633        0.03792095]
 [127.           0.63320005   0.03796311]
 [128.           0.6334       0.03812871]
 [129.           0.6334       0.03799735]
 [130.           0.63379997   0.03819948]
 [131.           0.634        0.03776903]
 [132.           0.63420004   0.03781137]
 [133.           0.6344       0.03787876]
 [134.           0.63479996   0.03750599]
 [135.           0.63519996   0.03664286]
 [136.           0.635        0.03707423]
 [137.           0.6348       0.03691476]
 [138.           0.6348       0.03691476]
 [139.           0.63519996   0.03700946]
 [140.           0.63560003   0.03661007]
 [141.           0.6362       0.03678588]
 [142.           0.6358       0.03694863]
 [143.           0.63659996   0.03724648]
 [144.           0.63740003   0.03711199]
 [145.           0.63740003   0.03711199]
 [146.           0.6376       0.03725987]
 [147.           0.6376       0.03725987]
 [148.           0.63740003   0.0370985 ]
 [149.           0.63760006   0.03723302]
 [150.           0.638        0.03693237]
 [151.           0.6384       0.03650069]
 [152.           0.6386       0.03663741]
 [153.           0.6384       0.0370783 ]
 [154.           0.6382       0.03703646]
 [155.           0.6382       0.03703646]
 [156.           0.6384       0.03659646]
 [157.           0.6382       0.03702971]
 [158.           0.6382       0.03651986]
 [159.           0.6384       0.03608048]
 [160.           0.6384       0.03550072]
 [161.           0.6388       0.03509559]
 [162.           0.639        0.03521363]
 [163.           0.639        0.03521363]
 [164.           0.639        0.03521363]
 [165.           0.639        0.03519233]
 [166.           0.6388       0.03506709]
 [167.           0.63900006   0.03510698]
 [168.           0.639        0.03518523]
 [169.           0.6394       0.03535956]
 [170.           0.63920003   0.03522356]
 [171.           0.6394       0.03526754]
 [172.           0.63900006   0.03500715]
 [173.           0.63900006   0.03500715]
 [174.           0.63900006   0.03500715]
 [175.           0.6388001    0.03495998]
 [176.           0.6388001    0.03495998]
 [177.           0.6388001    0.03495998]
 [178.           0.63900006   0.03451811]
 [179.           0.63920003   0.03465111]
 [180.           0.63920003   0.03465111]
 [181.           0.63920003   0.03465111]
 [182.           0.63920003   0.03465111]
 [183.           0.64000005   0.03328668]
 [184.           0.64000005   0.03328668]
 [185.           0.6402001    0.03334219]
 [186.           0.64040005   0.03340361]
 [187.           0.64040005   0.03340361]
 [188.           0.6406       0.03347091]
 [189.           0.6406       0.03347091]
 [190.           0.641        0.03366751]
 [191.           0.641        0.03366751]
 [192.           0.641        0.03363034]
 [193.           0.6408       0.03350672]
 [194.           0.64040005   0.03330618]
 [195.           0.6402       0.03319188]
 [196.           0.6402       0.03319188]
 [197.           0.6402       0.03266802]
 [198.           0.64040005   0.03280699]
 [199.           0.6402       0.03210449]
 [200.           0.6402       0.03210449]
 [201.           0.641        0.03199218]
 [202.           0.6412       0.03154678]
 [203.           0.6412       0.03154678]
 [204.           0.64140004   0.03169069]
 [205.           0.64180005   0.03187792]
 [206.           0.6416       0.031738  ]
 [207.           0.6418       0.03185436]
 [208.           0.6418       0.03185436]
 [209.           0.6416       0.03230014]
 [210.           0.6416       0.03230014]
 [211.           0.64239997   0.03273835]
 [212.           0.64239997   0.03273835]
 [213.           0.6422       0.03266035]
 [214.           0.6422       0.03262974]
 [215.           0.64280003   0.03187001]
 [216.           0.64280003   0.03193273]
 [217.           0.64280003   0.03141974]
 [218.           0.64300007   0.03148808]
 [219.           0.64300007   0.03148808]
 [220.           0.64300007   0.03148808]
 [221.           0.64300007   0.03144043]
 [222.           0.6436       0.03116568]
 [223.           0.6436       0.03119776]
 [224.           0.6436       0.03067247]
 [225.           0.6436       0.03008819]
 [226.           0.6436       0.03008819]
 [227.           0.64379996   0.03016952]
 [228.           0.644        0.02972371]
 [229.           0.64379996   0.03016952]
 [230.           0.64379996   0.03016952]
 [231.           0.64379996   0.03016952]
 [232.           0.6442       0.02985297]
 [233.           0.6442       0.02985297]
 [234.           0.64400005   0.02975735]
 [235.           0.64379996   0.02962599]
 [236.           0.6436       0.02953472]
 [237.           0.6436       0.02953472]
 [238.           0.6434       0.02939896]
 [239.           0.64379996   0.02850789]
 [240.           0.64379996   0.02850789]
 [241.           0.6444       0.02886694]
 [242.           0.6444       0.02886694]
 [243.           0.64440006   0.02828959]
 [244.           0.64460003   0.0278442 ]
 [245.           0.645        0.02811583]
 [246.           0.6452       0.02819928]
 [247.           0.64519995   0.02762607]
 [248.           0.6448       0.02798569]
 [249.           0.6448       0.02798569]
 [250.           0.6452       0.02825242]
 [251.           0.6452       0.02825242]
 [252.           0.64500004   0.02811583]
 [253.           0.64500004   0.02811583]
 [254.           0.64500004   0.02811583]
 [255.           0.64500004   0.02811583]
 [256.           0.6452       0.0276713 ]
 [257.           0.64540005   0.02722683]
 [258.           0.6452       0.02714224]
 [259.           0.64500004   0.02758623]
 [260.           0.64500004   0.02758623]
 [261.           0.64500004   0.02758623]
 [262.           0.64500004   0.02758623]
 [263.           0.6452       0.02708692]
 [264.           0.64580005   0.02746272]
 [265.           0.64580005   0.02746272]
 [266.           0.64580005   0.02746272]
 [267.           0.64580005   0.02746272]
 [268.           0.646        0.02754088]
 [269.           0.646        0.02754088]
 [270.           0.64640003   0.02722684]
 [271.           0.64640003   0.02722684]
 [272.           0.6466       0.02730937]
 [273.           0.6466       0.02730937]
 [274.           0.6468       0.02739893]
 [275.           0.6468       0.02739893]
 [276.           0.6468       0.02739893]
 [277.           0.647        0.02695368]
 [278.           0.647        0.02695368]
 [279.           0.647        0.02695368]
 [280.           0.647        0.02695368]
 [281.           0.6468       0.02739893]
 [282.           0.6468       0.02739893]
 [283.           0.64620006   0.02815493]
 [284.           0.646        0.02806242]
 [285.           0.6464       0.02883226]
 [286.           0.6464       0.02883226]
 [287.           0.6466       0.02891883]
 [288.           0.6466       0.02891883]
 [289.           0.647        0.02857445]
 [290.           0.647        0.02857445]
 [291.           0.647        0.02857445]
 [292.           0.647        0.02857445]
 [293.           0.647        0.02857445]
 [294.           0.647        0.02857445]
 [295.           0.647        0.02857445]
 [296.           0.647        0.02857445]
 [297.           0.64720005   0.02870017]
 [298.           0.64720005   0.02870017]
 [299.           0.64720005   0.02870017]
 [300.           0.64720005   0.02870017]
 [301.           0.64720005   0.02870017]
 [302.           0.64720005   0.02870017]
 [303.           0.64720005   0.02870017]
 [304.           0.64720005   0.02870017]
 [305.           0.64720005   0.02870017]
 [306.           0.64720005   0.02870017]
 [307.           0.6474       0.02883226]
 [308.           0.6474       0.02883226]
 [309.           0.6474       0.02883226]
 [310.           0.6474       0.02883226]
 [311.           0.6474       0.02883226]
 [312.           0.64720005   0.02873497]
 [313.           0.6474       0.02882359]
 [314.           0.6474       0.02882359]
 [315.           0.6474       0.02882359]
 [316.           0.64779997   0.02901205]
 [317.           0.64779997   0.02901205]
 [318.           0.6476       0.02945844]
 [319.           0.6476       0.02945844]
 [320.           0.64779997   0.02958378]
 [321.           0.64779997   0.02958378]
 [322.           0.648        0.0291376 ]
 [323.           0.648        0.0291376 ]
 [324.           0.64820004   0.02923526]
 [325.           0.64820004   0.02923526]
 [326.           0.6484       0.02933941]
 [327.           0.64860004   0.02944996]
 [328.           0.64860004   0.02944996]
 [329.           0.64860004   0.02944996]
 [330.           0.6488       0.02954149]
 [331.           0.6488       0.02954149]
 [332.           0.649        0.02965635]
 [333.           0.649        0.02965635]
 [334.           0.6488       0.02954147]
 [335.           0.6488       0.02954147]
 [336.           0.6488       0.02954147]
 [337.           0.6488       0.02954147]
 [338.           0.6488       0.02954147]
 [339.           0.6488       0.02954147]
 [340.           0.6488       0.02954147]
 [341.           0.6488       0.02954147]
 [342.           0.649        0.02965635]
 [343.           0.649        0.02965635]
 [344.           0.649        0.02965635]
 [345.           0.649        0.02965635]
 [346.           0.6488       0.02954147]
 [347.           0.6488       0.02954147]
 [348.           0.64860004   0.0299883 ]
 [349.           0.64860004   0.0299883 ]
 [350.           0.6484       0.02987137]
 [351.           0.64860004   0.02942446]
 [352.           0.64860004   0.02942446]
 [353.           0.648        0.0296395 ]
 [354.           0.648        0.0296395 ]
 [355.           0.648        0.0296395 ]
 [356.           0.6478       0.02952457]
 [357.           0.6478       0.02952457]
 [358.           0.6478       0.02952457]
 [359.           0.6478       0.02952457]
 [360.           0.6478       0.02952457]
 [361.           0.6478       0.02952457]
 [362.           0.64800006   0.02907749]
 [363.           0.64800006   0.02907749]
 [364.           0.64820004   0.02919246]
 [365.           0.648        0.0296395 ]
 [366.           0.648        0.0296395 ]
 [367.           0.648        0.0296395 ]
 [368.           0.64820004   0.02919246]
 [369.           0.64820004   0.02919246]
 [370.           0.64820004   0.02919246]
 [371.           0.64820004   0.02919246]
 [372.           0.64779997   0.02954149]
 [373.           0.648        0.0296648 ]
 [374.           0.648        0.0296648 ]
 [375.           0.64820004   0.02978589]
 [376.           0.64820004   0.02978589]
 [377.           0.64779997   0.02961755]
 [378.           0.6476       0.03006327]
 [379.           0.6474       0.02995496]
 [380.           0.6474       0.02995496]
 [381.           0.6472       0.02985298]
 [382.           0.6472       0.02985298]
 [383.           0.64739996   0.02998834]
 [384.           0.64739996   0.02998834]
 [385.           0.64739996   0.02998834]
 [386.           0.64739996   0.02998834]
 [387.           0.6472       0.02989482]
 [388.           0.6472       0.02989482]
 [389.           0.6472       0.02989482]
 [390.           0.6474       0.02944992]
 [391.           0.6474       0.02944992]
 [392.           0.64720005   0.02937172]
 [393.           0.64720005   0.02937172]
 [394.           0.64720005   0.02937172]
 [395.           0.64720005   0.02937172]
 [396.           0.64720005   0.02937172]
 [397.           0.64720005   0.02937172]
 [398.           0.64720005   0.02937172]
 [399.           0.64720005   0.02937172]
 [400.           0.6474       0.02951778]]
Dataset       :Citeseer
Model         :Cheby
Conden ratio  :0.25
GC            :1
LearnA        :1
Max Test Accuracy:
0.67
Best Result: Epoch   Acc  Std.
               332 0.6490  0.0297
