Set seed
Model APPNP
--------------------------------------------------
The 1th iteration:
--------------------------------------------------
--------------------------------------------------
The 2th iteration:
--------------------------------------------------
--------------------------------------------------
The 3th iteration:
--------------------------------------------------
--------------------------------------------------
The 4th iteration:
--------------------------------------------------
--------------------------------------------------
The 5th iteration:
--------------------------------------------------
[[  1.           0.3074       0.10887975]
 [  2.           0.41660005   0.09393243]
 [  3.           0.4848       0.07411951]
 [  4.           0.5242       0.07563201]
 [  5.           0.54539996   0.07492863]
 [  6.           0.57         0.07283201]
 [  7.           0.58540004   0.06981619]
 [  8.           0.5902       0.06780265]
 [  9.           0.5968       0.06662732]
 [ 10.           0.6024       0.06350433]
 [ 11.           0.603        0.0579612 ]
 [ 12.           0.6052       0.05374196]
 [ 13.           0.60400003   0.05097547]
 [ 14.           0.60580003   0.04907851]
 [ 15.           0.60580003   0.04703404]
 [ 16.           0.6058       0.04581703]
 [ 17.           0.6056       0.04506994]
 [ 18.           0.6034       0.04498112]
 [ 19.           0.6024       0.04346607]
 [ 20.           0.6          0.04406812]
 [ 21.           0.596        0.04549177]
 [ 22.           0.5938       0.0448297 ]
 [ 23.           0.5888       0.04354538]
 [ 24.           0.5860001    0.04616816]
 [ 25.           0.58120006   0.04504109]
 [ 26.           0.577        0.04565633]
 [ 27.           0.5714       0.04782049]
 [ 28.           0.565        0.0490255 ]
 [ 29.           0.558        0.05242136]
 [ 30.           0.5528       0.0545454 ]
 [ 31.           0.5468001    0.05488352]
 [ 32.           0.53880006   0.05529648]
 [ 33.           0.5306       0.0565712 ]
 [ 34.           0.5252       0.05768621]
 [ 35.           0.519        0.0595063 ]
 [ 36.           0.5156       0.05768275]
 [ 37.           0.5104       0.05899831]
 [ 38.           0.5068       0.05702806]
 [ 39.           0.5018       0.05659239]
 [ 40.           0.49920002   0.05721189]
 [ 41.           0.4968       0.05503818]
 [ 42.           0.4966       0.0540768 ]
 [ 43.           0.4948       0.05231827]
 [ 44.           0.49440002   0.05066853]
 [ 45.           0.49519998   0.04897142]
 [ 46.           0.4954       0.04895202]
 [ 47.           0.49740002   0.04635515]
 [ 48.           0.49899998   0.04460941]
 [ 49.           0.5018       0.04268723]
 [ 50.           0.50380003   0.03970768]
 [ 51.           0.5066       0.03772665]
 [ 52.           0.50920004   0.03515963]
 [ 53.           0.5118       0.03320693]
 [ 54.           0.5176       0.03201249]
 [ 55.           0.5232       0.03114002]
 [ 56.           0.53080004   0.03405438]
 [ 57.           0.5348       0.03345445]
 [ 58.           0.5402       0.03384818]
 [ 59.           0.546        0.03546123]
 [ 60.           0.5508       0.03444851]
 [ 61.           0.5554       0.03458757]
 [ 62.           0.5608       0.0334619 ]
 [ 63.           0.56680006   0.03387772]
 [ 64.           0.57299995   0.03207025]
 [ 65.           0.5766       0.03260829]
 [ 66.           0.5808       0.03239907]
 [ 67.           0.58599997   0.03076524]
 [ 68.           0.592        0.02912901]
 [ 69.           0.5966       0.02861468]
 [ 70.           0.6          0.02676751]
 [ 71.           0.6054       0.02813006]
 [ 72.           0.611        0.02699076]
 [ 73.           0.615        0.02648584]
 [ 74.           0.6182       0.02483345]
 [ 75.           0.621        0.0221698 ]
 [ 76.           0.6244       0.02056211]
 [ 77.           0.6282       0.01996746]
 [ 78.           0.6306       0.01998249]
 [ 79.           0.63140005   0.01993239]
 [ 80.           0.6334       0.01887592]
 [ 81.           0.635        0.01885469]
 [ 82.           0.6364       0.01730029]
 [ 83.           0.6388       0.01769747]
 [ 84.           0.64000005   0.01689675]
 [ 85.           0.64220005   0.01788017]
 [ 86.           0.6444       0.01915204]
 [ 87.           0.6448       0.01886001]
 [ 88.           0.6462       0.01922758]
 [ 89.           0.6482       0.01963924]
 [ 90.           0.6484       0.01956528]
 [ 91.           0.6496       0.0195525 ]
 [ 92.           0.6508       0.01914942]
 [ 93.           0.6514       0.01874299]
 [ 94.           0.65220004   0.01856608]
 [ 95.           0.6532       0.01821263]
 [ 96.           0.6528       0.01797776]
 [ 97.           0.6528       0.01769746]
 [ 98.           0.65340006   0.01683152]
 [ 99.           0.654        0.01793041]
 [100.           0.65459996   0.01703819]
 [101.           0.65500003   0.01557241]
 [102.           0.6556       0.01630338]
 [103.           0.65500003   0.01698528]
 [104.           0.6546       0.01651666]
 [105.           0.6546       0.01686121]
 [106.           0.6552       0.01669431]
 [107.           0.6546       0.01563009]
 [108.           0.6528       0.01483913]
 [109.           0.65300006   0.01421267]
 [110.           0.6528       0.01285301]
 [111.           0.6536       0.01279843]
 [112.           0.65360004   0.01304992]
 [113.           0.65340006   0.01287634]
 [114.           0.6526       0.0129151 ]
 [115.           0.6536       0.01299231]
 [116.           0.654        0.01296148]
 [117.           0.654        0.01218604]
 [118.           0.6536       0.01209546]
 [119.           0.6542       0.01121162]
 [120.           0.6552       0.0107564 ]
 [121.           0.6552       0.01066303]
 [122.           0.6558       0.01047377]
 [123.           0.65599996   0.00924662]
 [124.           0.657        0.0088034 ]
 [125.           0.6572       0.00813634]
 [126.           0.6574001    0.00766813]
 [127.           0.658        0.00710635]
 [128.           0.6578       0.00683373]
 [129.           0.65760005   0.00646529]
 [130.           0.6582       0.00668579]
 [131.           0.65819997   0.00605806]
 [132.           0.6592       0.00526308]
 [133.           0.6584       0.00522495]
 [134.           0.65819997   0.00443847]
 [135.           0.65819997   0.00432435]
 [136.           0.65819997   0.00476445]
 [137.           0.65819997   0.00476445]
 [138.           0.65900004   0.00514782]
 [139.           0.659        0.00570088]
 [140.           0.6584       0.00517687]
 [141.           0.659        0.00620485]
 [142.           0.6592       0.00571838]
 [143.           0.65900004   0.00556776]
 [144.           0.65860003   0.0057706 ]
 [145.           0.6584       0.0056833 ]
 [146.           0.658        0.00648072]
 [147.           0.65720004   0.00775886]
 [148.           0.6568       0.00852644]
 [149.           0.657        0.00908296]
 [150.           0.65720004   0.00936484]
 [151.           0.6566       0.00934343]
 [152.           0.6562       0.00941807]
 [153.           0.65580004   0.00925741]
 [154.           0.655        0.00961772]
 [155.           0.65500003   0.00940747]
 [156.           0.655        0.01017349]
 [157.           0.65519994   0.00975706]
 [158.           0.6552       0.00895543]
 [159.           0.6556       0.00907196]
 [160.           0.65599996   0.00940744]
 [161.           0.6558       0.00928441]
 [162.           0.656        0.0091924 ]
 [163.           0.6568       0.00903882]
 [164.           0.65720004   0.00819754]
 [165.           0.657        0.00815475]
 [166.           0.6568       0.00810555]
 [167.           0.6566       0.0085323 ]
 [168.           0.6566       0.0085323 ]
 [169.           0.6568       0.00810555]
 [170.           0.6566       0.00808083]
 [171.           0.657        0.0088034 ]
 [172.           0.6562       0.00831866]
 [173.           0.6566       0.00861973]
 [174.           0.6566       0.00884871]
 [175.           0.6566       0.00867756]
 [176.           0.6566       0.00920871]
 [177.           0.65620005   0.00912142]
 [178.           0.6564       0.00870632]
 [179.           0.6558       0.00846758]
 [180.           0.6552       0.00861395]
 [181.           0.6558       0.00828854]
 [182.           0.6556       0.00832464]
 [183.           0.6552       0.00791834]
 [184.           0.6552       0.00791834]
 [185.           0.65480006   0.00779102]
 [186.           0.6546       0.0077653 ]
 [187.           0.65440005   0.0077653 ]
 [188.           0.65440005   0.0077653 ]
 [189.           0.6546       0.00776531]
 [190.           0.65320003   0.00725947]
 [191.           0.653        0.00764851]
 [192.           0.653        0.00764851]
 [193.           0.653        0.00731435]
 [194.           0.65300006   0.00768114]
 [195.           0.65300006   0.00768114]
 [196.           0.6528       0.00746323]
 [197.           0.653        0.00764851]
 [198.           0.65320003   0.00785493]
 [199.           0.6528       0.00810557]
 [200.           0.6528       0.00810557]
 [201.           0.6524       0.00898889]
 [202.           0.6528       0.00875787]
 [203.           0.65340006   0.00801873]
 [204.           0.6538       0.008228  ]
 [205.           0.6542       0.00822801]
 [206.           0.65459996   0.00782944]
 [207.           0.65459996   0.00782944]
 [208.           0.65459996   0.00782944]
 [209.           0.6546       0.0084735 ]
 [210.           0.65480006   0.00858487]
 [211.           0.65500003   0.00880341]
 [212.           0.6546       0.00861975]
 [213.           0.65480006   0.0088713 ]
 [214.           0.6542       0.0086718 ]
 [215.           0.6542       0.00779103]
 [216.           0.6542       0.00779103]
 [217.           0.6544       0.00811173]
 [218.           0.6542       0.00746324]
 [219.           0.6538       0.00794984]
 [220.           0.654        0.00815475]
 [221.           0.6544       0.00873499]
 [222.           0.6538       0.00892749]
 [223.           0.654        0.00913783]
 [224.           0.6534       0.00968504]
 [225.           0.6534       0.0103344 ]
 [226.           0.654        0.00989952]
 [227.           0.6544       0.00955512]
 [228.           0.6554       0.01064425]
 [229.           0.6554       0.01064425]
 [230.           0.6554       0.0115239 ]
 [231.           0.6562       0.01116693]
 [232.           0.657        0.01067709]
 [233.           0.6574       0.01035858]
 [234.           0.6574       0.01035858]
 [235.           0.6576       0.0102616 ]
 [236.           0.658        0.0098995 ]
 [237.           0.6584       0.00993983]
 [238.           0.658        0.01002498]
 [239.           0.658        0.01002498]
 [240.           0.6578       0.00998497]
 [241.           0.6584       0.0100648 ]
 [242.           0.6582       0.01005982]
 [243.           0.65800005   0.01017349]
 [244.           0.65800005   0.01017349]
 [245.           0.6582       0.01042592]
 [246.           0.65880007   0.01025671]
 [247.           0.65860003   0.00999001]
 [248.           0.65880007   0.01003494]
 [249.           0.6592       0.01035375]
 [250.           0.6594       0.01062075]
 [251.           0.65900004   0.0110227 ]
 [252.           0.65880007   0.01075638]
 [253.           0.65900004   0.01081665]
 [254.           0.65900004   0.01065365]
 [255.           0.6588       0.0104738 ]
 [256.           0.65840006   0.01092245]
 [257.           0.65860003   0.01057355]
 [258.           0.6582       0.01066303]
 [259.           0.65840006   0.01073778]
 [260.           0.65860003   0.01078423]
 [261.           0.6588       0.01042593]
 [262.           0.65900004   0.01022254]
 [263.           0.65880007   0.01059245]
 [264.           0.65880007   0.01059245]
 [265.           0.6588       0.01005982]
 [266.           0.659        0.01067707]
 [267.           0.6592       0.01089495]
 [268.           0.659        0.01024695]
 [269.           0.6594       0.00976216]
 [270.           0.6592       0.00936483]
 [271.           0.6592       0.00878635]
 [272.           0.65959996   0.00896102]
 [273.           0.65959996   0.00896102]
 [274.           0.6598       0.00861395]
 [275.           0.6598       0.00861394]
 [276.           0.6602       0.00906644]
 [277.           0.66         0.00883177]
 [278.           0.66         0.00883177]
 [279.           0.65959996   0.00879204]
 [280.           0.65959996   0.00879204]
 [281.           0.6594       0.00912687]
 [282.           0.6592       0.00947098]
 [283.           0.65959996   0.00920868]
 [284.           0.65959996   0.00920868]
 [285.           0.65959996   0.00976215]
 [286.           0.6598       0.00998499]
 [287.           0.66020006   0.00990959]
 [288.           0.66040003   0.0095551 ]
 [289.           0.66020006   0.00936483]
 [290.           0.66         0.00994988]
 [291.           0.66020006   0.00983361]
 [292.           0.66         0.0097468 ]
 [293.           0.6596       0.00942339]
 [294.           0.6596       0.00873497]
 [295.           0.6592       0.00875784]
 [296.           0.6592       0.00858485]
 [297.           0.65900004   0.00868907]
 [298.           0.6594       0.00782944]
 [299.           0.65959996   0.00789304]
 [300.           0.6594       0.00773305]
 [301.           0.65959996   0.00782943]
 [302.           0.6598       0.00756307]
 [303.           0.6596       0.00773305]
 [304.           0.6592       0.00825833]
 [305.           0.6588       0.00834865]
 [306.           0.65880007   0.00825834]
 [307.           0.65819997   0.00822801]
 [308.           0.6582       0.00828854]
 [309.           0.65720004   0.00849705]
 [310.           0.65720004   0.00849705]
 [311.           0.65760005   0.00835463]
 [312.           0.65760005   0.00835463]
 [313.           0.657        0.00886001]
 [314.           0.65720004   0.00870057]
 [315.           0.6574001    0.00879203]
 [316.           0.65720004   0.00849704]
 [317.           0.6578       0.00810555]
 [318.           0.65819997   0.00759606]
 [319.           0.65860003   0.00782944]
 [320.           0.6584       0.00746994]
 [321.           0.65880007   0.00715543]
 [322.           0.6588       0.00694262]
 [323.           0.6588       0.00694262]
 [324.           0.6588       0.00694262]
 [325.           0.65880007   0.00697855]
 [326.           0.6584       0.0066933 ]
 [327.           0.65860003   0.00733486]
 [328.           0.65819997   0.00749665]
 [329.           0.658        0.00764851]
 [330.           0.6578       0.00746323]
 [331.           0.6578       0.00746323]
 [332.           0.658        0.00710633]
 [333.           0.658        0.0074833 ]
 [334.           0.65819997   0.0071554 ]
 [335.           0.6584       0.00736885]
 [336.           0.6588       0.00697854]
 [337.           0.6594       0.00698571]
 [338.           0.6592       0.00785495]
 [339.           0.6592       0.00834866]
 [340.           0.6592       0.00889944]
 [341.           0.65860003   0.0094763 ]
 [342.           0.65860003   0.0094763 ]
 [343.           0.65860003   0.0094763 ]
 [344.           0.6588       0.00936484]
 [345.           0.65880007   0.00909397]
 [346.           0.65900004   0.00902775]
 [347.           0.6592       0.00861395]
 [348.           0.65900004   0.00902775]
 [349.           0.6588       0.00889946]
 [350.           0.6584       0.00811173]
 [351.           0.6584       0.00817314]
 [352.           0.65880007   0.00785492]
 [353.           0.6592       0.00816699]
 [354.           0.65900004   0.00744984]
 [355.           0.65880007   0.00736207]
 [356.           0.65880007   0.00736207]
 [357.           0.6592       0.00732801]
 [358.           0.6588       0.00867181]
 [359.           0.65959996   0.00841426]
 [360.           0.65980005   0.00846757]
 [361.           0.6596       0.00798749]
 [362.           0.6592       0.00791832]
 [363.           0.65900004   0.00768114]
 [364.           0.65900004   0.00768114]
 [365.           0.6594       0.00736886]
 [366.           0.65880007   0.00690651]
 [367.           0.65880007   0.00690651]
 [368.           0.65880007   0.00690651]
 [369.           0.65880007   0.00697854]
 [370.           0.6594       0.00746995]
 [371.           0.65959996   0.00756969]
 [372.           0.6598       0.00746326]
 [373.           0.6598       0.00804364]
 [374.           0.6606       0.00798748]
 [375.           0.661        0.0078422 ]
 [376.           0.66080004   0.00769416]
 [377.           0.66040003   0.00817313]
 [378.           0.66040003   0.00808084]
 [379.           0.6606       0.00817312]
 [380.           0.66020006   0.00846757]
 [381.           0.6606       0.00873497]
 [382.           0.66080004   0.00884306]
 [383.           0.66080004   0.00884306]
 [384.           0.66040003   0.00847349]
 [385.           0.6606       0.00838451]
 [386.           0.6606       0.00844392]
 [387.           0.66099995   0.00848528]
 [388.           0.6608       0.00831866]
 [389.           0.6608       0.00831866]
 [390.           0.6606       0.00820365]
 [391.           0.6606       0.00760263]
 [392.           0.6606       0.00760263]
 [393.           0.6608       0.00791833]
 [394.           0.66040003   0.00763544]
 [395.           0.66040003   0.00763544]
 [396.           0.6608       0.00810556]
 [397.           0.6614       0.00893308]
 [398.           0.6614       0.00934344]
 [399.           0.66099995   0.00951314]
 [400.           0.6612       0.00914877]]
Dataset       :Citeseer
Model         :APPNP
Conden ratio  :1.0
GC            :5
LearnA        :1
Max Test Accuracy:
0.675
Best Result: Epoch   Acc  Std.
               397 0.6614  0.0089
