Set seed
Model Cheby
--------------------------------------------------
The 1th iteration:
--------------------------------------------------
--------------------------------------------------
The 2th iteration:
--------------------------------------------------
--------------------------------------------------
The 3th iteration:
--------------------------------------------------
--------------------------------------------------
The 4th iteration:
--------------------------------------------------
--------------------------------------------------
The 5th iteration:
--------------------------------------------------
[[  1.           0.17980002   0.04095363]
 [  2.           0.1902       0.03457889]
 [  3.           0.20680001   0.02866532]
 [  4.           0.21900001   0.02488976]
 [  5.           0.2306       0.02619733]
 [  6.           0.24440001   0.04017213]
 [  7.           0.25980002   0.05944072]
 [  8.           0.2718       0.07803974]
 [  9.           0.2736       0.08376634]
 [ 10.           0.28200004   0.08269824]
 [ 11.           0.2944       0.07492864]
 [ 12.           0.3076       0.06788446]
 [ 13.           0.3252       0.0542651 ]
 [ 14.           0.33560002   0.03941193]
 [ 15.           0.3458       0.03187789]
 [ 16.           0.34539998   0.03183238]
 [ 17.           0.3416       0.03187946]
 [ 18.           0.3364       0.03291352]
 [ 19.           0.3278       0.02911528]
 [ 20.           0.31399998   0.02656125]
 [ 21.           0.30280003   0.02051097]
 [ 22.           0.2918       0.02163794]
 [ 23.           0.28280002   0.02370022]
 [ 24.           0.2782       0.02899483]
 [ 25.           0.278        0.03311345]
 [ 26.           0.28280002   0.03820603]
 [ 27.           0.28840002   0.04869087]
 [ 28.           0.2954       0.05948782]
 [ 29.           0.2984       0.06606285]
 [ 30.           0.3022       0.07198402]
 [ 31.           0.30600002   0.07304793]
 [ 32.           0.31280002   0.07412624]
 [ 33.           0.3184       0.07121305]
 [ 34.           0.3244       0.06669933]
 [ 35.           0.3322       0.06809331]
 [ 36.           0.3386       0.06492534]
 [ 37.           0.3488       0.06800515]
 [ 38.           0.3586       0.06968359]
 [ 39.           0.36480004   0.07345882]
 [ 40.           0.3716       0.07641859]
 [ 41.           0.37720004   0.07677368]
 [ 42.           0.3828       0.07275782]
 [ 43.           0.39060003   0.06724805]
 [ 44.           0.39760002   0.06054172]
 [ 45.           0.40120003   0.05125134]
 [ 46.           0.4058       0.04496888]
 [ 47.           0.406        0.04109745]
 [ 48.           0.404        0.03967367]
 [ 49.           0.39900002   0.03567212]
 [ 50.           0.3966       0.03711199]
 [ 51.           0.3914       0.03999749]
 [ 52.           0.38720003   0.03724514]
 [ 53.           0.38340002   0.03597638]
 [ 54.           0.38140002   0.03407052]
 [ 55.           0.3802       0.02986135]
 [ 56.           0.3808       0.02998667]
 [ 57.           0.3806       0.02897068]
 [ 58.           0.3808       0.03118815]
 [ 59.           0.38180003   0.03375204]
 [ 60.           0.38140002   0.03654175]
 [ 61.           0.3822       0.04036334]
 [ 62.           0.3828       0.04338432]
 [ 63.           0.38480002   0.04375158]
 [ 64.           0.3856       0.04470794]
 [ 65.           0.3874       0.04907443]
 [ 66.           0.38799998   0.04988987]
 [ 67.           0.388        0.05141499]
 [ 68.           0.3882       0.05345746]
 [ 69.           0.38860002   0.05552297]
 [ 70.           0.3886       0.05657121]
 [ 71.           0.388        0.05780139]
 [ 72.           0.3858       0.05681286]
 [ 73.           0.384        0.05527206]
 [ 74.           0.38120002   0.05497909]
 [ 75.           0.381        0.05470374]
 [ 76.           0.37960002   0.05553648]
 [ 77.           0.38         0.058228  ]
 [ 78.           0.3806       0.05915065]
 [ 79.           0.38060004   0.06254838]
 [ 80.           0.3806       0.06398672]
 [ 81.           0.3802       0.0651245 ]
 [ 82.           0.37960002   0.06622537]
 [ 83.           0.3788       0.06873281]
 [ 84.           0.37960002   0.06741142]
 [ 85.           0.38060004   0.06844193]
 [ 86.           0.38120002   0.06876554]
 [ 87.           0.3808       0.06793159]
 [ 88.           0.37960002   0.06639504]
 [ 89.           0.38000003   0.06624199]
 [ 90.           0.38079998   0.06641687]
 [ 91.           0.381        0.06616646]
 [ 92.           0.3802       0.06610372]
 [ 93.           0.3822       0.0659333 ]
 [ 94.           0.38320002   0.06406013]
 [ 95.           0.3836       0.06438401]
 [ 96.           0.3824       0.06420124]
 [ 97.           0.3816       0.06442282]
 [ 98.           0.37980002   0.06541942]
 [ 99.           0.37939999   0.06659055]
 [100.           0.3794       0.06686405]
 [101.           0.38         0.06659204]
 [102.           0.3794       0.06735206]
 [103.           0.37820002   0.06751075]
 [104.           0.377        0.06710067]
 [105.           0.3774       0.06786235]
 [106.           0.3774       0.06831764]
 [107.           0.3788       0.06793894]
 [108.           0.3806       0.06762617]
 [109.           0.3814       0.06771116]
 [110.           0.3832       0.06750333]
 [111.           0.3844       0.06784394]
 [112.           0.385        0.06749443]
 [113.           0.38680002   0.06658603]
 [114.           0.388        0.06681692]
 [115.           0.3894       0.06504843]
 [116.           0.3926       0.06475569]
 [117.           0.3938       0.06388036]
 [118.           0.39540002   0.06241235]
 [119.           0.3962       0.06194917]
 [120.           0.39560002   0.0608301 ]
 [121.           0.3972       0.05950378]
 [122.           0.3998       0.05633116]
 [123.           0.398        0.05509538]
 [124.           0.3986       0.05519783]
 [125.           0.398        0.05543014]
 [126.           0.398        0.05587038]
 [127.           0.397        0.0560134 ]
 [128.           0.39540002   0.05593121]
 [129.           0.3946       0.056261  ]
 [130.           0.3928       0.05704998]
 [131.           0.3922       0.05817387]
 [132.           0.3904       0.05984396]
 [133.           0.3902       0.06010157]
 [134.           0.39000002   0.06034898]
 [135.           0.39000002   0.06120866]
 [136.           0.39060003   0.06163846]
 [137.           0.3904       0.06185709]
 [138.           0.39060003   0.06184497]
 [139.           0.39120004   0.06225913]
 [140.           0.3902       0.06384512]
 [141.           0.39040002   0.0649369 ]
 [142.           0.391        0.06644545]
 [143.           0.3914       0.06687525]
 [144.           0.39120004   0.06767347]
 [145.           0.3912       0.06745146]
 [146.           0.3906       0.06825174]
 [147.           0.391        0.06896013]
 [148.           0.3912       0.06905577]
 [149.           0.3912       0.06957513]
 [150.           0.3912       0.06957513]
 [151.           0.39159998   0.06983051]
 [152.           0.39159998   0.06969433]
 [153.           0.3922       0.06939163]
 [154.           0.3924       0.06944637]
 [155.           0.39299998   0.06910137]
 [156.           0.39400002   0.06876408]
 [157.           0.39440003   0.06888615]
 [158.           0.39540002   0.06971226]
 [159.           0.3956       0.06944637]
 [160.           0.396        0.06958089]
 [161.           0.3966       0.06928421]
 [162.           0.3966       0.06943919]
 [163.           0.39760002   0.06931305]
 [164.           0.39740002   0.06942118]
 [165.           0.3982       0.0692257 ]
 [166.           0.39920002   0.06909558]
 [167.           0.4          0.06986058]
 [168.           0.40080005   0.06947806]
 [169.           0.40299997   0.06967782]
 [170.           0.4046       0.06901667]
 [171.           0.4054       0.07001641]
 [172.           0.4052       0.07024029]
 [173.           0.4054       0.07064914]
 [174.           0.40600005   0.07061516]
 [175.           0.4068       0.07037897]
 [176.           0.40740004   0.06981619]
 [177.           0.40839997   0.07015909]
 [178.           0.4092       0.06990495]
 [179.           0.41000006   0.06917732]
 [180.           0.4106       0.06921922]
 [181.           0.41000006   0.06934336]
 [182.           0.41079998   0.06803086]
 [183.           0.412        0.06726811]
 [184.           0.412        0.06652068]
 [185.           0.41300002   0.06565059]
 [186.           0.41400003   0.06483825]
 [187.           0.41420004   0.06468152]
 [188.           0.41420004   0.06468152]
 [189.           0.4148       0.06480509]
 [190.           0.4152       0.06452674]
 [191.           0.4158       0.06466606]
 [192.           0.41619998   0.06439488]
 [193.           0.4166       0.06413501]
 [194.           0.41680002   0.06346416]
 [195.           0.4166       0.06343342]
 [196.           0.41599998   0.06452905]
 [197.           0.41640002   0.06443057]
 [198.           0.4166       0.06425572]
 [199.           0.41700003   0.06412098]
 [200.           0.4178       0.06355076]
 [201.           0.41799998   0.06342317]
 [202.           0.4196       0.06244836]
 [203.           0.42020002   0.06214257]
 [204.           0.421        0.0609754 ]
 [205.           0.42139998   0.06090402]
 [206.           0.42320004   0.06006413]
 [207.           0.42460003   0.05976035]
 [208.           0.42560002   0.05945838]
 [209.           0.4254       0.0594794 ]
 [210.           0.42600003   0.05942642]
 [211.           0.4264       0.05941632]
 [212.           0.42659998   0.05942053]
 [213.           0.4268       0.05921739]
 [214.           0.4272       0.05924271]
 [215.           0.4272       0.05930176]
 [216.           0.4272       0.0593439 ]
 [217.           0.42720005   0.05939444]
 [218.           0.4276       0.05899829]
 [219.           0.4276       0.05899829]
 [220.           0.4278       0.0588022 ]
 [221.           0.42799997   0.05860459]
 [222.           0.4284       0.05864553]
 [223.           0.42859998   0.05844911]
 [224.           0.4292       0.05869157]
 [225.           0.42939997   0.05850044]
 [226.           0.43000004   0.05851069]
 [227.           0.4302       0.0585423 ]
 [228.           0.43039998   0.05850044]
 [229.           0.43080002   0.05849531]
 [230.           0.43100005   0.05828809]
 [231.           0.43140003   0.05828638]
 [232.           0.4316       0.05832497]
 [233.           0.4316       0.05832497]
 [234.           0.43179998   0.05836696]
 [235.           0.43179998   0.05820826]
 [236.           0.4316       0.05856024]
 [237.           0.43180004   0.05847393]
 [238.           0.43260002   0.0590703 ]
 [239.           0.433        0.05894489]
 [240.           0.43320003   0.05841833]
 [241.           0.4334       0.05820912]
 [242.           0.43420002   0.05855938]
 [243.           0.4348       0.05878946]
 [244.           0.4348       0.05849957]
 [245.           0.4348       0.0587852 ]
 [246.           0.43500003   0.0588685 ]
 [247.           0.43520004   0.05895507]
 [248.           0.43520004   0.05867453]
 [249.           0.43520004   0.05867453]
 [250.           0.4356       0.05858158]
 [251.           0.43599996   0.05848077]
 [252.           0.43599996   0.05848077]
 [253.           0.43660003   0.05848334]
 [254.           0.4376       0.05751782]
 [255.           0.43800002   0.05790941]
 [256.           0.43800002   0.05790941]
 [257.           0.43859997   0.05804567]
 [258.           0.4388       0.05786363]
 [259.           0.4392       0.05816098]
 [260.           0.4396       0.05838921]
 [261.           0.4398       0.05850812]
 [262.           0.43999997   0.05832667]
 [263.           0.43999997   0.05832667]
 [264.           0.44039997   0.05795083]
 [265.           0.4402       0.05784202]
 [266.           0.4406       0.05724332]
 [267.           0.44099998   0.05762377]
 [268.           0.44180003   0.05717253]
 [269.           0.44280005   0.05697544]
 [270.           0.44379997   0.05657031]
 [271.           0.44439998   0.05618986]
 [272.           0.44460002   0.05556796]
 [273.           0.44579998   0.05493813]
 [274.           0.4474       0.05409527]
 [275.           0.4478       0.05396942]
 [276.           0.4502       0.05391382]
 [277.           0.45040002   0.0538962 ]
 [278.           0.4512       0.05416827]
 [279.           0.45240003   0.05396572]
 [280.           0.45360002   0.05413225]
 [281.           0.454        0.05423099]
 [282.           0.45380002   0.05419133]
 [283.           0.454        0.05425404]
 [284.           0.454        0.05425404]
 [285.           0.4542       0.05394164]
 [286.           0.45380002   0.05384422]
 [287.           0.454        0.05390733]
 [288.           0.45360002   0.0538962 ]
 [289.           0.4528       0.05391846]
 [290.           0.4522       0.05393237]
 [291.           0.45200005   0.05372152]
 [292.           0.4522       0.05432035]
 [293.           0.45180002   0.05426509]
 [294.           0.45220003   0.05485616]
 [295.           0.45220003   0.05485616]
 [296.           0.45299998   0.05474943]
 [297.           0.4534       0.05481149]
 [298.           0.45380002   0.05487897]
 [299.           0.45380002   0.05487897]
 [300.           0.45380002   0.05478777]
 [301.           0.45379996   0.05492905]
 [302.           0.45379996   0.05492905]
 [303.           0.4536       0.0549709 ]
 [304.           0.4534       0.05524761]
 [305.           0.4532       0.05529647]
 [306.           0.45340005   0.05517518]
 [307.           0.45340005   0.05517518]
 [308.           0.4534       0.05492994]
 [309.           0.45380002   0.05482426]
 [310.           0.45380002   0.05482426]
 [311.           0.4542       0.05505178]
 [312.           0.45439997   0.05476586]
 [313.           0.45439997   0.05476586]
 [314.           0.4542       0.05498363]
 [315.           0.454        0.05504088]
 [316.           0.454        0.05504088]
 [317.           0.45380002   0.05510172]
 [318.           0.45380002   0.05510172]
 [319.           0.45440003   0.05462875]
 [320.           0.45440003   0.05462875]
 [321.           0.45440003   0.05462875]
 [322.           0.45439997   0.05444538]
 [323.           0.4542       0.05432955]
 [324.           0.454        0.05421715]
 [325.           0.4542       0.05409898]
 [326.           0.4542       0.05409898]
 [327.           0.4542       0.05409898]
 [328.           0.4542       0.05409898]
 [329.           0.454        0.05399074]
 [330.           0.454        0.05377266]
 [331.           0.4536       0.05357518]
 [332.           0.4534       0.05363581]
 [333.           0.4534       0.05315827]
 [334.           0.45360002   0.0530547 ]
 [335.           0.45380002   0.05295471]
 [336.           0.45380002   0.05295471]
 [337.           0.454        0.05305187]
 [338.           0.45380002   0.05268493]
 [339.           0.45380002   0.05268493]
 [340.           0.4536       0.05231921]
 [341.           0.4542       0.05204036]
 [342.           0.45440003   0.05173296]
 [343.           0.4546       0.05183434]
 [344.           0.45439997   0.05147135]
 [345.           0.45439997   0.05147135]
 [346.           0.45439997   0.05147135]
 [347.           0.45439997   0.05147135]
 [348.           0.4542       0.05136827]
 [349.           0.4542       0.05091856]
 [350.           0.4542       0.05091856]
 [351.           0.4542       0.05091856]
 [352.           0.454        0.0508183 ]
 [353.           0.45380002   0.05072179]
 [354.           0.45380002   0.05072179]
 [355.           0.45380002   0.05072179]
 [356.           0.4542       0.05056382]
 [357.           0.45439997   0.05049059]
 [358.           0.45439997   0.05049059]
 [359.           0.45459995   0.05085567]
 [360.           0.45459995   0.05085567]
 [361.           0.45459995   0.05085567]
 [362.           0.45479998   0.05078582]
 [363.           0.45440003   0.05033189]
 [364.           0.4546       0.05042122]
 [365.           0.45479998   0.05035574]
 [366.           0.45479998   0.05035574]
 [367.           0.45479998   0.05035574]
 [368.           0.45479998   0.05035574]
 [369.           0.455        0.05044799]
 [370.           0.455        0.05044799]
 [371.           0.455        0.05044799]
 [372.           0.455        0.05044799]
 [373.           0.4546       0.05016274]
 [374.           0.45479998   0.0501019 ]
 [375.           0.45479998   0.0501019 ]
 [376.           0.45479998   0.0501019 ]
 [377.           0.45520002   0.05038552]
 [378.           0.45520002   0.05038552]
 [379.           0.45520002   0.05038552]
 [380.           0.45520002   0.05038552]
 [381.           0.45520002   0.05038552]
 [382.           0.45520002   0.05038552]
 [383.           0.45520002   0.05038552]
 [384.           0.45520002   0.05038552]
 [385.           0.45520002   0.05038552]
 [386.           0.4556       0.05027226]
 [387.           0.4556       0.05027226]
 [388.           0.45579997   0.05063299]
 [389.           0.45579997   0.05063299]
 [390.           0.45579997   0.05063299]
 [391.           0.45579997   0.05063299]
 [392.           0.456        0.05031401]
 [393.           0.4556       0.05003299]
 [394.           0.4556       0.05003299]
 [395.           0.4556       0.05003299]
 [396.           0.4556       0.05003299]
 [397.           0.4556       0.05003299]
 [398.           0.4556       0.05003299]
 [399.           0.456        0.05048762]
 [400.           0.45620003   0.05084977]]
Dataset       :Citeseer
Model         :Cheby
Conden ratio  :0.25
GC            :4
LearnA        :0
Max Test Accuracy:
0.533
Best Result: Epoch   Acc  Std.
               400 0.4562  0.0508
