Set seed
Model Cheby
--------------------------------------------------
The 1th iteration:
--------------------------------------------------
--------------------------------------------------
The 2th iteration:
--------------------------------------------------
--------------------------------------------------
The 3th iteration:
--------------------------------------------------
--------------------------------------------------
The 4th iteration:
--------------------------------------------------
--------------------------------------------------
The 5th iteration:
--------------------------------------------------
[[  1.           0.199        0.03150397]
 [  2.           0.21560001   0.04176481]
 [  3.           0.229        0.02631539]
 [  4.           0.251        0.01659819]
 [  5.           0.2808       0.02730751]
 [  6.           0.3152       0.03918164]
 [  7.           0.34320003   0.03688767]
 [  8.           0.36859998   0.02963612]
 [  9.           0.39200002   0.02320562]
 [ 10.           0.4134       0.02101905]
 [ 11.           0.4382       0.02488373]
 [ 12.           0.46040002   0.02722683]
 [ 13.           0.47720003   0.0254008 ]
 [ 14.           0.48780003   0.0215337 ]
 [ 15.           0.4972       0.01895257]
 [ 16.           0.5062       0.0214872 ]
 [ 17.           0.51060003   0.01627268]
 [ 18.           0.515        0.01332291]
 [ 19.           0.5186       0.01457052]
 [ 20.           0.5212       0.01207063]
 [ 21.           0.5216       0.00934346]
 [ 22.           0.52279997   0.00772656]
 [ 23.           0.5234       0.00702141]
 [ 24.           0.5262       0.00216794]
 [ 25.           0.5276       0.00230216]
 [ 26.           0.529        0.00494975]
 [ 27.           0.53000003   0.00578792]
 [ 28.           0.5318       0.00501998]
 [ 29.           0.5334       0.00378153]
 [ 30.           0.53360003   0.00270186]
 [ 31.           0.53459996   0.00439318]
 [ 32.           0.535        0.00374165]
 [ 33.           0.5368       0.00356373]
 [ 34.           0.5372       0.0027749 ]
 [ 35.           0.53859997   0.00270186]
 [ 36.           0.53800005   0.00158114]
 [ 37.           0.5392       0.00268327]
 [ 38.           0.5402       0.00258844]
 [ 39.           0.54080003   0.00426613]
 [ 40.           0.5436       0.00673052]
 [ 41.           0.5456       0.00873496]
 [ 42.           0.5446       0.00763543]
 [ 43.           0.54560006   0.00947627]
 [ 44.           0.5448       0.0092844 ]
 [ 45.           0.545        0.00632456]
 [ 46.           0.545        0.00948685]
 [ 47.           0.54620004   0.00645756]
 [ 48.           0.54660004   0.00541296]
 [ 49.           0.54760003   0.00736886]
 [ 50.           0.5478       0.00831863]
 [ 51.           0.5478       0.00852641]
 [ 52.           0.54760003   0.00850293]
 [ 53.           0.54980004   0.01035373]
 [ 54.           0.5502       0.01107701]
 [ 55.           0.5506       0.01073779]
 [ 56.           0.55240005   0.01092245]
 [ 57.           0.5522       0.0102323 ]
 [ 58.           0.553        0.00851468]
 [ 59.           0.55340004   0.00779743]
 [ 60.           0.5536       0.00770064]
 [ 61.           0.5546       0.00646529]
 [ 62.           0.55459994   0.00658029]
 [ 63.           0.5554       0.00654217]
 [ 64.           0.5556       0.0064653 ]
 [ 65.           0.5564       0.00723185]
 [ 66.           0.55660003   0.00835464]
 [ 67.           0.55660003   0.00766813]
 [ 68.           0.5568       0.00649613]
 [ 69.           0.55660003   0.0068044 ]
 [ 70.           0.5576       0.00541296]
 [ 71.           0.5572       0.00589067]
 [ 72.           0.55740005   0.00512836]
 [ 73.           0.55880004   0.00580518]
 [ 74.           0.5598       0.00516718]
 [ 75.           0.5598       0.00476444]
 [ 76.           0.56020004   0.00481664]
 [ 77.           0.56020004   0.00544976]
 [ 78.           0.5604       0.00581374]
 [ 79.           0.5604       0.00531977]
 [ 80.           0.5604       0.00512835]
 [ 81.           0.5598       0.00465833]
 [ 82.           0.5592       0.00402494]
 [ 83.           0.55840003   0.00456071]
 [ 84.           0.5592       0.00511858]
 [ 85.           0.5594       0.00531974]
 [ 86.           0.5594       0.0050299 ]
 [ 87.           0.56000006   0.005     ]
 [ 88.           0.56000006   0.005     ]
 [ 89.           0.56020004   0.00486825]
 [ 90.           0.56020004   0.0050695 ]
 [ 91.           0.5604       0.00536657]
 [ 92.           0.5608       0.00544975]
 [ 93.           0.56100005   0.00547719]
 [ 94.           0.561        0.00519615]
 [ 95.           0.5608       0.00521537]
 [ 96.           0.5608       0.00563028]
 [ 97.           0.5604       0.00610738]
 [ 98.           0.5606       0.00654216]
 [ 99.           0.5604       0.00673051]
 [100.           0.5598001    0.00676019]
 [101.           0.5598001    0.00676019]
 [102.           0.56         0.00670824]
 [103.           0.5606       0.00698569]
 [104.           0.5606       0.00698569]
 [105.           0.56100005   0.00663322]
 [106.           0.56200004   0.00651921]
 [107.           0.563        0.00667083]
 [108.           0.5634       0.00705688]
 [109.           0.56420004   0.00759604]
 [110.           0.5648       0.0079812 ]
 [111.           0.56540006   0.00856151]
 [112.           0.56560004   0.00838452]
 [113.           0.56520003   0.00788668]
 [114.           0.565        0.00812403]
 [115.           0.56520003   0.00788668]
 [116.           0.56520003   0.00772659]
 [117.           0.565        0.007     ]
 [118.           0.56520003   0.00704981]
 [119.           0.56520003   0.00704981]
 [120.           0.56560004   0.00736884]
 [121.           0.56540006   0.00733482]
 [122.           0.5658       0.00739592]
 [123.           0.5658       0.00739592]
 [124.           0.56640005   0.0080187 ]
 [125.           0.56619996   0.00828856]
 [126.           0.56700003   0.00880338]
 [127.           0.56680006   0.00858485]
 [128.           0.5666       0.0083845 ]
 [129.           0.5666       0.0083845 ]
 [130.           0.56680006   0.00813635]
 [131.           0.5666       0.00795612]
 [132.           0.56680006   0.00732804]
 [133.           0.5666       0.00719722]
 [134.           0.5666       0.00779746]
 [135.           0.5666       0.00779746]
 [136.           0.5668       0.00816701]
 [137.           0.56700003   0.00827647]
 [138.           0.5672       0.00825832]
 [139.           0.5672       0.00791834]
 [140.           0.5672       0.00785495]
 [141.           0.56700003   0.0080932 ]
 [142.           0.56700003   0.0080932 ]
 [143.           0.56700003   0.00751668]
 [144.           0.5674       0.00763545]
 [145.           0.5672       0.00729385]
 [146.           0.5674       0.00763544]
 [147.           0.5674       0.00740271]
 [148.           0.56820005   0.00804364]
 [149.           0.56820005   0.00782306]
 [150.           0.56820005   0.00804364]
 [151.           0.5684       0.007893  ]
 [152.           0.56880003   0.00852644]
 [153.           0.56920004   0.00858485]
 [154.           0.5692       0.00870055]
 [155.           0.5692       0.00901107]
 [156.           0.5686       0.00782941]
 [157.           0.5692       0.00887131]
 [158.           0.56900007   0.00833666]
 [159.           0.56960005   0.00890504]
 [160.           0.56960005   0.00850293]
 [161.           0.5702       0.00895544]
 [162.           0.57         0.00863133]
 [163.           0.5704       0.00856157]
 [164.           0.57060003   0.00907195]
 [165.           0.5712       0.00917606]
 [166.           0.57040006   0.0092358 ]
 [167.           0.57100004   0.00877497]
 [168.           0.57060003   0.00926282]
 [169.           0.5714       0.00876356]
 [170.           0.5712       0.00920327]
 [171.           0.5712       0.00840835]
 [172.           0.5716       0.00934343]
 [173.           0.5712       0.00843802]
 [174.           0.5718       0.00825834]
 [175.           0.5712       0.00843802]
 [176.           0.5716       0.00795612]
 [177.           0.5712       0.00804364]
 [178.           0.57180005   0.00872924]
 [179.           0.5716       0.00826434]
 [180.           0.5716       0.00882045]
 [181.           0.5714       0.0081731 ]
 [182.           0.5714       0.00786129]
 [183.           0.5714       0.00766812]
 [184.           0.5714       0.00873501]
 [185.           0.5716       0.00779743]
 [186.           0.57159996   0.0089331 ]
 [187.           0.572        0.00860231]
 [188.           0.5722       0.00875786]
 [189.           0.57240003   0.00826438]
 [190.           0.5718       0.00831863]
 [191.           0.57240003   0.00838451]
 [192.           0.572        0.00897215]
 [193.           0.57240003   0.0084439 ]
 [194.           0.5728       0.00872927]
 [195.           0.5726       0.00832465]
 [196.           0.57240003   0.00850294]
 [197.           0.57280004   0.00903881]
 [198.           0.57320005   0.00861396]
 [199.           0.5726       0.00907192]
 [200.           0.5738       0.00858485]
 [201.           0.5726       0.00882042]
 [202.           0.5752       0.00925744]
 [203.           0.5746       0.01089954]
 [204.           0.57439995   0.0110363 ]
 [205.           0.5746       0.01059715]
 [206.           0.5744       0.01188697]
 [207.           0.575        0.01055938]
 [208.           0.5748       0.0113886 ]
 [209.           0.5744       0.01158882]
 [210.           0.5748       0.01107701]
 [211.           0.575        0.01208307]
 [212.           0.57580006   0.01184061]
 [213.           0.5758       0.01184062]
 [214.           0.5762       0.01231667]
 [215.           0.5764       0.01266097]
 [216.           0.5764       0.01201249]
 [217.           0.5762       0.01287246]
 [218.           0.5764       0.01244187]
 [219.           0.57619995   0.01196663]
 [220.           0.5764       0.0119708 ]
 [221.           0.5768       0.012276  ]
 [222.           0.5772       0.01225562]
 [223.           0.5764       0.01119375]
 [224.           0.5766       0.01192895]
 [225.           0.5766       0.01219835]
 [226.           0.577        0.01220656]
 [227.           0.57600003   0.01226786]
 [228.           0.5766       0.01234098]
 [229.           0.5756       0.01209547]
 [230.           0.57600003   0.01218608]
 [231.           0.5752       0.01143241]
 [232.           0.57559997   0.01171749]
 [233.           0.5754       0.01167476]
 [234.           0.5752       0.01123389]
 [235.           0.5752       0.01204988]
 [236.           0.5752       0.01186168]
 [237.           0.575        0.01234908]
 [238.           0.575        0.01218602]
 [239.           0.5746       0.0120333 ]
 [240.           0.575        0.01170469]
 [241.           0.57460004   0.01154557]
 [242.           0.575        0.01170469]
 [243.           0.57460004   0.01154557]
 [244.           0.5754       0.01171754]
 [245.           0.575        0.0126886 ]
 [246.           0.57559997   0.01228008]
 [247.           0.5752       0.01235719]
 [248.           0.57579994   0.012276  ]
 [249.           0.575        0.01326651]
 [250.           0.5764       0.0130882 ]
 [251.           0.5752       0.01338656]
 [252.           0.5756       0.01270038]
 [253.           0.5752       0.01338656]
 [254.           0.5758       0.01344248]
 [255.           0.5762       0.01416687]
 [256.           0.575        0.01174734]
 [257.           0.5758       0.01375504]
 [258.           0.576        0.01417744]
 [259.           0.5756       0.01325898]
 [260.           0.5762       0.01336789]
 [261.           0.57559997   0.01279845]
 [262.           0.575        0.01140174]
 [263.           0.5758       0.01275536]
 [264.           0.5768       0.0141315 ]
 [265.           0.5752       0.01132256]
 [266.           0.574        0.0098742 ]
 [267.           0.5746       0.01016368]
 [268.           0.575        0.01051189]
 [269.           0.5744       0.00960732]
 [270.           0.5738       0.00944458]
 [271.           0.57339996   0.00893306]
 [272.           0.5736       0.00918152]
 [273.           0.57460004   0.01052614]
 [274.           0.5746       0.01021276]
 [275.           0.573        0.01012425]
 [276.           0.5742       0.00928441]
 [277.           0.5726       0.00937018]
 [278.           0.5744       0.00993982]
 [279.           0.5738       0.01056883]
 [280.           0.57339996   0.0091815 ]
 [281.           0.574        0.01077032]
 [282.           0.57440007   0.00942337]
 [283.           0.5736       0.01054989]
 [284.           0.574        0.00935416]
 [285.           0.5744       0.0105972 ]
 [286.           0.574        0.00961771]
 [287.           0.5732       0.01025674]
 [288.           0.57479995   0.00983363]
 [289.           0.5736       0.01126054]
 [290.           0.57320005   0.01013411]
 [291.           0.5732       0.01091786]
 [292.           0.575        0.0104403 ]
 [293.           0.5734       0.01001498]
 [294.           0.5732       0.00983361]
 [295.           0.5738       0.01066302]
 [296.           0.5764       0.0106207 ]
 [297.           0.5752       0.01084897]
 [298.           0.5734       0.01089954]
 [299.           0.5732       0.01082591]
 [300.           0.57600003   0.01083973]
 [301.           0.57460004   0.01112653]
 [302.           0.5744       0.01092246]
 [303.           0.57479995   0.01118926]
 [304.           0.57559997   0.01043071]
 [305.           0.5742       0.01042593]
 [306.           0.5752       0.01030533]
 [307.           0.575        0.01070046]
 [308.           0.5758       0.01032955]
 [309.           0.57420003   0.01008465]
 [310.           0.5752       0.01015875]
 [311.           0.575        0.01070046]
 [312.           0.5758       0.00988434]
 [313.           0.5752       0.01098637]
 [314.           0.5752       0.01015875]
 [315.           0.5766       0.01145861]
 [316.           0.5764       0.01110404]
 [317.           0.5754       0.01114898]
 [318.           0.57600003   0.01111305]
 [319.           0.5766       0.01128272]
 [320.           0.57540005   0.01064424]
 [321.           0.5754       0.01114898]
 [322.           0.57600003   0.01051188]
 [323.           0.5754       0.01050238]
 [324.           0.5752       0.01032957]
 [325.           0.57600003   0.01086277]
 [326.           0.5764       0.01035857]
 [327.           0.57540005   0.01052616]
 [328.           0.5762       0.01061604]
 [329.           0.576        0.01031988]
 [330.           0.5764       0.01126056]
 [331.           0.5762       0.01061604]
 [332.           0.576        0.01097724]
 [333.           0.5764       0.01110404]
 [334.           0.577        0.01189537]
 [335.           0.57619995   0.01094073]
 [336.           0.5776       0.01141492]
 [337.           0.5778       0.01207063]
 [338.           0.5768       0.01116692]
 [339.           0.577        0.0112916 ]
 [340.           0.5778       0.01160604]
 [341.           0.5766       0.0117175 ]
 [342.           0.5774       0.01163186]
 [343.           0.5772       0.01169186]
 [344.           0.57699996   0.0113798 ]
 [345.           0.577        0.01168331]
 [346.           0.57699996   0.0113798 ]
 [347.           0.57720006   0.01105441]
 [348.           0.5778       0.01160604]
 [349.           0.5764       0.01092244]
 [350.           0.5776       0.01171751]
 [351.           0.5772       0.01114451]
 [352.           0.5766       0.01132695]
 [353.           0.5766       0.01132697]
 [354.           0.5774       0.01112654]
 [355.           0.5772       0.01130045]
 [356.           0.57699996   0.01113553]
 [357.           0.5766       0.01132697]
 [358.           0.5774       0.0117175 ]
 [359.           0.5778       0.0113446 ]
 [360.           0.5766       0.0117175 ]
 [361.           0.57699996   0.0113798 ]
 [362.           0.5774       0.01190797]
 [363.           0.57739997   0.0117175 ]
 [364.           0.57720006   0.01251797]
 [365.           0.5774       0.01167475]
 [366.           0.5778       0.01267675]
 [367.           0.577        0.01206232]
 [368.           0.5782       0.01177707]
 [369.           0.5774       0.01234098]
 [370.           0.5774       0.01184482]
 [371.           0.5772       0.01215317]
 [372.           0.578        0.01176858]
 [373.           0.57739997   0.01197079]
 [374.           0.5776       0.01180253]
 [375.           0.578        0.01174731]
 [376.           0.57759994   0.01221882]
 [377.           0.578        0.01202079]
 [378.           0.5776       0.01197078]
 [379.           0.5774       0.01156717]
 [380.           0.57820004   0.01171321]
 [381.           0.5772       0.01200834]
 [382.           0.57820004   0.01171321]
 [383.           0.578        0.01218604]
 [384.           0.578        0.01206233]
 [385.           0.5776       0.01266096]
 [386.           0.57820004   0.01215319]
 [387.           0.578        0.01272795]
 [388.           0.57820004   0.01275541]
 [389.           0.57820004   0.01287246]
 [390.           0.5792       0.01269646]
 [391.           0.5784001    0.01281796]
 [392.           0.57820004   0.01308435]
 [393.           0.57860005   0.01252199]
 [394.           0.579        0.01288411]
 [395.           0.5778       0.01179828]
 [396.           0.57860005   0.01297306]
 [397.           0.5784       0.01270041]
 [398.           0.5794       0.01339029]
 [399.           0.5784001    0.0127004 ]
 [400.           0.5784001    0.01303073]]
Dataset       :Citeseer
Model         :Cheby
Conden ratio  :0.5
GC            :1
LearnA        :0
Max Test Accuracy:
0.597
Best Result: Epoch   Acc  Std.
               398 0.5794  0.0134
