Set seed
Model GCN
--------------------------------------------------
The 1th iteration:
--------------------------------------------------
--------------------------------------------------
The 2th iteration:
--------------------------------------------------
--------------------------------------------------
The 3th iteration:
--------------------------------------------------
--------------------------------------------------
The 4th iteration:
--------------------------------------------------
--------------------------------------------------
The 5th iteration:
--------------------------------------------------
[[  1.           0.1902       0.06607345]
 [  2.           0.20060001   0.0619298 ]
 [  3.           0.20680001   0.05523314]
 [  4.           0.21500002   0.03577709]
 [  5.           0.22220002   0.0196774 ]
 [  6.           0.22860001   0.00536657]
 [  7.           0.22980002   0.00268329]
 [  8.           0.23080002   0.00044721]
 [  9.           0.23080002   0.00044721]
 [ 10.           0.23080002   0.00044721]
 [ 11.           0.23099999   0.        ]
 [ 12.           0.2316       0.00371484]
 [ 13.           0.23020001   0.00554076]
 [ 14.           0.22860001   0.00642651]
 [ 15.           0.22780001   0.00729383]
 [ 16.           0.2278       0.00759605]
 [ 17.           0.2292       0.00641872]
 [ 18.           0.2296       0.00563914]
 [ 19.           0.23020001   0.0051186 ]
 [ 20.           0.2294       0.00378154]
 [ 21.           0.22979999   0.00342053]
 [ 22.           0.22940002   0.00357771]
 [ 23.           0.2296       0.00313049]
 [ 24.           0.22980002   0.00268329]
 [ 25.           0.2306       0.00089443]
 [ 26.           0.2306       0.00054772]
 [ 27.           0.23020001   0.00130384]
 [ 28.           0.23020001   0.00258844]
 [ 29.           0.2306       0.00288097]
 [ 30.           0.2304       0.0031305 ]
 [ 31.           0.23119998   0.00376829]
 [ 32.           0.23119998   0.00396232]
 [ 33.           0.23119998   0.00376829]
 [ 34.           0.2314       0.00391152]
 [ 35.           0.2316       0.00415933]
 [ 36.           0.2318       0.00376829]
 [ 37.           0.2314       0.00391152]
 [ 38.           0.23120001   0.00311448]
 [ 39.           0.23140001   0.00364691]
 [ 40.           0.23120001   0.00370135]
 [ 41.           0.23140001   0.00371484]
 [ 42.           0.23119998   0.00383406]
 [ 43.           0.2314       0.00378153]
 [ 44.           0.23119998   0.00356371]
 [ 45.           0.23119998   0.00389872]
 [ 46.           0.23140001   0.0043359 ]
 [ 47.           0.23099999   0.00452769]
 [ 48.           0.2326       0.00563915]
 [ 49.           0.23480001   0.00791834]
 [ 50.           0.2352       0.00970567]
 [ 51.           0.2368       0.01075639]
 [ 52.           0.23839998   0.00907194]
 [ 53.           0.23920003   0.00858486]
 [ 54.           0.23900001   0.00771362]
 [ 55.           0.23920003   0.00779102]
 [ 56.           0.23959999   0.00820366]
 [ 57.           0.23860002   0.01001499]
 [ 58.           0.23740001   0.01021273]
 [ 59.           0.2376       0.00795612]
 [ 60.           0.2354       0.00879204]
 [ 61.           0.2356       0.00991464]
 [ 62.           0.2346       0.01105893]
 [ 63.           0.23400001   0.01111305]
 [ 64.           0.2362       0.01112205]
 [ 65.           0.2378       0.01190378]
 [ 66.           0.24000001   0.01240967]
 [ 67.           0.24580002   0.01595932]
 [ 68.           0.24920002   0.01643776]
 [ 69.           0.25320002   0.01903155]
 [ 70.           0.25579998   0.02327445]
 [ 71.           0.2566       0.02478508]
 [ 72.           0.2588       0.02540079]
 [ 73.           0.263        0.02531798]
 [ 74.           0.2652       0.0228517 ]
 [ 75.           0.26680002   0.02048658]
 [ 76.           0.2646       0.0184201 ]
 [ 77.           0.2678       0.01796385]
 [ 78.           0.26920003   0.01699117]
 [ 79.           0.2694       0.01705286]
 [ 80.           0.2686       0.01712601]
 [ 81.           0.26760003   0.01684637]
 [ 82.           0.2662       0.01801942]
 [ 83.           0.2674       0.02281009]
 [ 84.           0.2676       0.02411016]
 [ 85.           0.2688       0.02287356]
 [ 86.           0.27         0.01774824]
 [ 87.           0.2706       0.01689082]
 [ 88.           0.27240002   0.01594678]
 [ 89.           0.2724       0.01715518]
 [ 90.           0.2718       0.01871363]
 [ 91.           0.27040002   0.01694993]
 [ 92.           0.26760003   0.01962906]
 [ 93.           0.2668       0.02099286]
 [ 94.           0.26680002   0.02248777]
 [ 95.           0.26880002   0.02265392]
 [ 96.           0.26880002   0.02274203]
 [ 97.           0.27019998   0.02060825]
 [ 98.           0.2754       0.01697941]
 [ 99.           0.2782       0.01556277]
 [100.           0.27980003   0.01461848]
 [101.           0.2798       0.0152217 ]
 [102.           0.2806       0.01683152]
 [103.           0.2804       0.01727136]
 [104.           0.2818       0.0191102 ]
 [105.           0.2816       0.02214272]
 [106.           0.2816       0.02458251]
 [107.           0.28200004   0.02488976]
 [108.           0.28200004   0.02536731]
 [109.           0.2814       0.02546174]
 [110.           0.2816       0.023755  ]
 [111.           0.282        0.02504995]
 [112.           0.28059998   0.02366009]
 [113.           0.2802       0.02111161]
 [114.           0.28199998   0.0203347 ]
 [115.           0.28440002   0.0144672 ]
 [116.           0.28660002   0.01150218]
 [117.           0.2866       0.01110405]
 [118.           0.2858       0.01077961]
 [119.           0.2868       0.00983362]
 [120.           0.28599998   0.00863135]
 [121.           0.2846       0.00826437]
 [122.           0.28280002   0.00965402]
 [123.           0.2814       0.01205405]
 [124.           0.281        0.01483241]
 [125.           0.2808       0.0141845 ]
 [126.           0.28000003   0.01573213]
 [127.           0.28         0.01614002]
 [128.           0.2782       0.01620802]
 [129.           0.27760002   0.01494322]
 [130.           0.2768       0.01505657]
 [131.           0.275        0.01601562]
 [132.           0.2738       0.01870027]
 [133.           0.2748       0.01994242]
 [134.           0.2768       0.02163794]
 [135.           0.2764       0.02423427]
 [136.           0.27420002   0.02570408]
 [137.           0.275        0.02564176]
 [138.           0.27560002   0.02371286]
 [139.           0.27740002   0.02083987]
 [140.           0.279        0.01701469]
 [141.           0.2774       0.01283745]
 [142.           0.2764       0.01154556]
 [143.           0.2738       0.01279453]
 [144.           0.2738       0.01294991]
 [145.           0.273        0.0149332 ]
 [146.           0.27280003   0.01528725]
 [147.           0.2746       0.01755846]
 [148.           0.2766       0.01721336]
 [149.           0.27620003   0.01649848]
 [150.           0.2764       0.01530686]
 [151.           0.27420002   0.01561089]
 [152.           0.27280003   0.0139714 ]
 [153.           0.27060002   0.0129151 ]
 [154.           0.271        0.01332291]
 [155.           0.27040002   0.01368576]
 [156.           0.2708       0.01393557]
 [157.           0.27199998   0.0148324 ]
 [158.           0.2726       0.01507648]
 [159.           0.2744       0.01653178]
 [160.           0.274        0.01694108]
 [161.           0.2732       0.01599063]
 [162.           0.27280003   0.01480541]
 [163.           0.27260002   0.01275932]
 [164.           0.273        0.01224745]
 [165.           0.2746       0.01171751]
 [166.           0.2734       0.01073778]
 [167.           0.27280003   0.01200834]
 [168.           0.2714       0.01205404]
 [169.           0.27139997   0.01548548]
 [170.           0.27200004   0.01589025]
 [171.           0.27220002   0.01704993]
 [172.           0.27080002   0.01837662]
 [173.           0.2696       0.0184743 ]
 [174.           0.2686       0.01919115]
 [175.           0.26680002   0.01960102]
 [176.           0.2672       0.0196647 ]
 [177.           0.26620004   0.01939587]
 [178.           0.2664       0.01975601]
 [179.           0.26680002   0.01979142]
 [180.           0.2698       0.01742699]
 [181.           0.2684       0.0171114 ]
 [182.           0.2686       0.01686119]
 [183.           0.268        0.01618641]
 [184.           0.2682       0.01373681]
 [185.           0.2714       0.01304991]
 [186.           0.2724       0.01139298]
 [187.           0.27080002   0.01355361]
 [188.           0.2714       0.01199166]
 [189.           0.272        0.01389245]
 [190.           0.27040002   0.01540454]
 [191.           0.27         0.01914419]
 [192.           0.2702       0.01845806]
 [193.           0.27040002   0.01988215]
 [194.           0.271        0.01942937]
 [195.           0.271        0.01958317]
 [196.           0.27         0.01826199]
 [197.           0.2714       0.01810525]
 [198.           0.2702       0.01702057]
 [199.           0.2696       0.01605615]
 [200.           0.26700002   0.01481554]
 [201.           0.26340002   0.01572578]
 [202.           0.2636       0.01524139]
 [203.           0.2646       0.01596246]
 [204.           0.2682       0.01670928]
 [205.           0.27040002   0.01863599]
 [206.           0.2744       0.018743  ]
 [207.           0.27560002   0.01835211]
 [208.           0.2724       0.01932097]
 [209.           0.2692       0.01937008]
 [210.           0.2662       0.02209524]
 [211.           0.2636       0.02231144]
 [212.           0.2608       0.02141729]
 [213.           0.26         0.01968502]
 [214.           0.26139998   0.01728583]
 [215.           0.2644       0.01681666]
 [216.           0.26680002   0.02111161]
 [217.           0.26900002   0.02072438]
 [218.           0.2698       0.02072921]
 [219.           0.27         0.02237185]
 [220.           0.26560003   0.02251222]
 [221.           0.2632       0.02436597]
 [222.           0.2622       0.02440697]
 [223.           0.2634       0.02559882]
 [224.           0.26180002   0.02792312]
 [225.           0.25980002   0.02743538]
 [226.           0.26180002   0.0274536 ]
 [227.           0.26420003   0.02743538]
 [228.           0.26680002   0.02460081]
 [229.           0.27019998   0.02424253]
 [230.           0.26900002   0.02405203]
 [231.           0.26700002   0.02169101]
 [232.           0.2682       0.02117073]
 [233.           0.26999998   0.01850675]
 [234.           0.2696       0.01919115]
 [235.           0.26999998   0.01963416]
 [236.           0.2692       0.02046216]
 [237.           0.26700002   0.02151744]
 [238.           0.2674       0.02173247]
 [239.           0.2684       0.02458252]
 [240.           0.2696       0.02551077]
 [241.           0.2694       0.02506591]
 [242.           0.26900002   0.02488976]
 [243.           0.27220002   0.01690265]
 [244.           0.2738       0.0149566 ]
 [245.           0.2726       0.0171406 ]
 [246.           0.2718       0.02184491]
 [247.           0.2692       0.02630018]
 [248.           0.26900002   0.0284605 ]
 [249.           0.2696       0.03134167]
 [250.           0.2694       0.03327612]
 [251.           0.2674       0.03347836]
 [252.           0.26799998   0.02932576]
 [253.           0.2692       0.02634767]
 [254.           0.27060002   0.02264509]
 [255.           0.27260002   0.01668233]
 [256.           0.27280003   0.01626961]
 [257.           0.27280003   0.0162696 ]
 [258.           0.27400002   0.01579557]
 [259.           0.27400002   0.017     ]
 [260.           0.2712       0.01925358]
 [261.           0.2682       0.02384743]
 [262.           0.26900002   0.02253886]
 [263.           0.2696       0.02364952]
 [264.           0.26999998   0.02283638]
 [265.           0.27060002   0.02281009]
 [266.           0.2712       0.02070507]
 [267.           0.273        0.01783256]
 [268.           0.2764       0.01925617]
 [269.           0.27740002   0.02008233]
 [270.           0.278        0.02301087]
 [271.           0.278        0.02349468]
 [272.           0.27740002   0.02493591]
 [273.           0.2766       0.02408941]
 [274.           0.277        0.02462722]
 [275.           0.2744       0.02460284]
 [276.           0.2724       0.02378655]
 [277.           0.272        0.02356904]
 [278.           0.2726       0.02330879]
 [279.           0.27220002   0.02203861]
 [280.           0.27220002   0.02301521]
 [281.           0.27359998   0.0241723 ]
 [282.           0.2728       0.02574296]
 [283.           0.2734       0.02389142]
 [284.           0.27560002   0.02552058]
 [285.           0.27620003   0.02826128]
 [286.           0.2754       0.02644428]
 [287.           0.27340004   0.02400625]
 [288.           0.274        0.02256103]
 [289.           0.2726       0.02342648]
 [290.           0.2724       0.02317973]
 [291.           0.2746       0.02492589]
 [292.           0.27740002   0.02737334]
 [293.           0.278        0.02673948]
 [294.           0.2776       0.02609214]
 [295.           0.27659997   0.0236072 ]
 [296.           0.2766       0.02237856]
 [297.           0.273        0.02070023]
 [298.           0.2692       0.02218559]
 [299.           0.2668       0.02415989]
 [300.           0.26760003   0.02337306]
 [301.           0.26939997   0.02306079]
 [302.           0.2716       0.02404787]
 [303.           0.272        0.02546567]
 [304.           0.27140003   0.0236072 ]
 [305.           0.2716       0.02402707]
 [306.           0.2714       0.02255659]
 [307.           0.27280003   0.02344568]
 [308.           0.27200004   0.01969772]
 [309.           0.273        0.01841195]
 [310.           0.273        0.01906567]
 [311.           0.27040002   0.02273324]
 [312.           0.274        0.02289104]
 [313.           0.2746       0.02450102]
 [314.           0.2728       0.02732581]
 [315.           0.272        0.027377  ]
 [316.           0.2692       0.02598462]
 [317.           0.2686       0.02771822]
 [318.           0.268        0.02477902]
 [319.           0.2708       0.02546958]
 [320.           0.271        0.02456624]
 [321.           0.27280003   0.02384743]
 [322.           0.27400002   0.01981162]
 [323.           0.2744       0.01700883]
 [324.           0.27620003   0.01528725]
 [325.           0.2774       0.0177426 ]
 [326.           0.2766       0.01860915]
 [327.           0.275        0.02355844]
 [328.           0.27420002   0.02831431]
 [329.           0.2744       0.02922841]
 [330.           0.2738       0.02852543]
 [331.           0.2758       0.02534166]
 [332.           0.27740002   0.0202682 ]
 [333.           0.2806       0.02037891]
 [334.           0.2808       0.01736951]
 [335.           0.2798       0.01883349]
 [336.           0.279        0.02205674]
 [337.           0.27719998   0.0223316 ]
 [338.           0.276        0.02687936]
 [339.           0.2736       0.02589015]
 [340.           0.2702       0.02769838]
 [341.           0.2692       0.0252824 ]
 [342.           0.269        0.02357965]
 [343.           0.26900002   0.0212603 ]
 [344.           0.27139997   0.02189292]
 [345.           0.2736       0.01985699]
 [346.           0.277        0.02072439]
 [347.           0.2772       0.0237213 ]
 [348.           0.2768       0.02221935]
 [349.           0.2748       0.02144063]
 [350.           0.27220002   0.02403539]
 [351.           0.2694       0.02216529]
 [352.           0.2684       0.02178991]
 [353.           0.2664       0.02208619]
 [354.           0.27040002   0.02533377]
 [355.           0.27159998   0.02680112]
 [356.           0.2724       0.02479516]
 [357.           0.2738       0.02442745]
 [358.           0.2746       0.02511573]
 [359.           0.27400002   0.02694439]
 [360.           0.2732       0.02686448]
 [361.           0.27260002   0.02779928]
 [362.           0.2718       0.02797677]
 [363.           0.2718       0.02676191]
 [364.           0.273        0.02570019]
 [365.           0.27340004   0.02562811]
 [366.           0.2732       0.02676191]
 [367.           0.275        0.02785678]
 [368.           0.2768       0.02842006]
 [369.           0.27859998   0.02961925]
 [370.           0.27799997   0.0304877 ]
 [371.           0.275        0.02947881]
 [372.           0.278        0.02750454]
 [373.           0.2768       0.02378445]
 [374.           0.278        0.02356905]
 [375.           0.2774       0.02311493]
 [376.           0.27480003   0.02399375]
 [377.           0.2748       0.02478306]
 [378.           0.2738       0.0239207 ]
 [379.           0.27420002   0.0243557 ]
 [380.           0.277        0.02524876]
 [381.           0.279        0.02695365]
 [382.           0.2778       0.02914104]
 [383.           0.277        0.02893959]
 [384.           0.2766       0.02927969]
 [385.           0.2754       0.02944995]
 [386.           0.277        0.03274141]
 [387.           0.277        0.03063495]
 [388.           0.27560002   0.0285447 ]
 [389.           0.2716       0.02810338]
 [390.           0.272        0.02715695]
 [391.           0.2736       0.02716247]
 [392.           0.27780002   0.02735325]
 [393.           0.2764       0.02702406]
 [394.           0.2778       0.02626215]
 [395.           0.28140002   0.02730019]
 [396.           0.2794       0.02851842]
 [397.           0.277        0.02839895]
 [398.           0.2744       0.02703331]
 [399.           0.27340004   0.02701481]
 [400.           0.2696       0.02554995]]
Dataset       :Citeseer
Model         :GCN
Conden ratio  :0.5
GC            :1
LearnA        :0
Max Test Accuracy:
0.315
Best Result: Epoch   Acc  Std.
               119 0.2868  0.0098
