Set seed
Model Cheby
--------------------------------------------------
The 1th iteration:
--------------------------------------------------
--------------------------------------------------
The 2th iteration:
--------------------------------------------------
--------------------------------------------------
The 3th iteration:
--------------------------------------------------
--------------------------------------------------
The 4th iteration:
--------------------------------------------------
--------------------------------------------------
The 5th iteration:
--------------------------------------------------
[[  1.           0.1982       0.03852532]
 [  2.           0.2162       0.03795655]
 [  3.           0.23140001   0.01959081]
 [  4.           0.24960001   0.0169204 ]
 [  5.           0.29140002   0.02874544]
 [  6.           0.3294       0.04042649]
 [  7.           0.36100003   0.03813135]
 [  8.           0.3876       0.03404851]
 [  9.           0.411        0.02861818]
 [ 10.           0.4382       0.02643292]
 [ 11.           0.4652       0.03084963]
 [ 12.           0.4894       0.02805887]
 [ 13.           0.504        0.02755903]
 [ 14.           0.5136       0.0239854 ]
 [ 15.           0.52160007   0.0218243 ]
 [ 16.           0.5284       0.01993238]
 [ 17.           0.5318       0.01713768]
 [ 18.           0.53540003   0.01217786]
 [ 19.           0.5376       0.01273971]
 [ 20.           0.5368       0.01448102]
 [ 21.           0.5362       0.01379128]
 [ 22.           0.53720003   0.01294993]
 [ 23.           0.537        0.01022252]
 [ 24.           0.5378       0.00609917]
 [ 25.           0.5382       0.00576193]
 [ 26.           0.5374       0.00512836]
 [ 27.           0.539        0.00748332]
 [ 28.           0.54         0.00659545]
 [ 29.           0.54080003   0.00676019]
 [ 30.           0.5424       0.00497998]
 [ 31.           0.5432       0.00414729]
 [ 32.           0.5422       0.00349285]
 [ 33.           0.5426       0.00304961]
 [ 34.           0.54399997   0.00187083]
 [ 35.           0.5448       0.00268329]
 [ 36.           0.545        0.00474345]
 [ 37.           0.5478       0.00554077]
 [ 38.           0.5474       0.0063482 ]
 [ 39.           0.5478       0.00697851]
 [ 40.           0.5514       0.01028591]
 [ 41.           0.55340004   0.01254193]
 [ 42.           0.5538       0.01420211]
 [ 43.           0.5536       0.01651666]
 [ 44.           0.55240005   0.01304993]
 [ 45.           0.55179995   0.01070982]
 [ 46.           0.5538       0.01156288]
 [ 47.           0.555        0.0109316 ]
 [ 48.           0.55520004   0.00834864]
 [ 49.           0.55619997   0.00884307]
 [ 50.           0.55700004   0.00821582]
 [ 51.           0.558        0.00771363]
 [ 52.           0.5578       0.0094446 ]
 [ 53.           0.5582       0.01035375]
 [ 54.           0.55880004   0.01047378]
 [ 55.           0.5606       0.01013902]
 [ 56.           0.5612       0.00967986]
 [ 57.           0.5622       0.00947102]
 [ 58.           0.56240004   0.00890506]
 [ 59.           0.5622       0.00804363]
 [ 60.           0.5622       0.00759606]
 [ 61.           0.563        0.00707107]
 [ 62.           0.5644       0.00756967]
 [ 63.           0.56479996   0.00834868]
 [ 64.           0.56619996   0.00867179]
 [ 65.           0.5664       0.00944987]
 [ 66.           0.56700003   0.00908295]
 [ 67.           0.5674       0.00861973]
 [ 68.           0.5668       0.00719025]
 [ 69.           0.56700003   0.00685562]
 [ 70.           0.568        0.00632455]
 [ 71.           0.5678       0.00540371]
 [ 72.           0.568        0.00353555]
 [ 73.           0.569        0.00406202]
 [ 74.           0.5694       0.00421899]
 [ 75.           0.56960005   0.00350713]
 [ 76.           0.57060003   0.00270182]
 [ 77.           0.5708       0.00327107]
 [ 78.           0.57100004   0.00367424]
 [ 79.           0.5708       0.00414728]
 [ 80.           0.5712       0.00438177]
 [ 81.           0.57100004   0.00447213]
 [ 82.           0.5708       0.00460434]
 [ 83.           0.5714       0.00371484]
 [ 84.           0.572        0.00393702]
 [ 85.           0.5726       0.00350713]
 [ 86.           0.5726       0.00384707]
 [ 87.           0.57240003   0.00384708]
 [ 88.           0.57280004   0.00376828]
 [ 89.           0.5728       0.00426615]
 [ 90.           0.5728       0.00443848]
 [ 91.           0.5726       0.004827  ]
 [ 92.           0.57280004   0.00476446]
 [ 93.           0.572        0.0041833 ]
 [ 94.           0.5712       0.00383407]
 [ 95.           0.5708       0.00471168]
 [ 96.           0.57100004   0.00595819]
 [ 97.           0.5712       0.00637967]
 [ 98.           0.5718       0.00601666]
 [ 99.           0.57159996   0.00559463]
 [100.           0.57159996   0.00585661]
 [101.           0.5718       0.00580515]
 [102.           0.5716       0.00541293]
 [103.           0.572        0.00583095]
 [104.           0.57240003   0.00594137]
 [105.           0.573        0.00524404]
 [106.           0.5748       0.00516722]
 [107.           0.5752       0.00563026]
 [108.           0.5766       0.00610736]
 [109.           0.57820004   0.00810557]
 [110.           0.5784001    0.00838451]
 [111.           0.5792       0.00909394]
 [112.           0.57919997   0.00813633]
 [113.           0.5794       0.00844394]
 [114.           0.5788       0.00807464]
 [115.           0.579        0.00784219]
 [116.           0.5788       0.00756308]
 [117.           0.5788       0.00712039]
 [118.           0.5788       0.00676016]
 [119.           0.5784       0.00622895]
 [120.           0.579        0.00700001]
 [121.           0.5788       0.00725949]
 [122.           0.579        0.00700001]
 [123.           0.5788       0.00672309]
 [124.           0.5788       0.00672309]
 [125.           0.5788       0.00676018]
 [126.           0.57980007   0.00725945]
 [127.           0.57960004   0.00702138]
 [128.           0.5794       0.00680438]
 [129.           0.57919997   0.00661058]
 [130.           0.5788       0.00630077]
 [131.           0.5784       0.0063482 ]
 [132.           0.5784       0.0063482 ]
 [133.           0.5784001    0.00622896]
 [134.           0.5784001    0.00622896]
 [135.           0.57860005   0.00630871]
 [136.           0.5788       0.0063008 ]
 [137.           0.5788       0.00605806]
 [138.           0.57860005   0.00572712]
 [139.           0.5788       0.00491935]
 [140.           0.5788       0.00491935]
 [141.           0.5788       0.00491935]
 [142.           0.579        0.00524404]
 [143.           0.579        0.00524404]
 [144.           0.579        0.00524404]
 [145.           0.5794       0.00531977]
 [146.           0.58000004   0.0057009 ]
 [147.           0.58000004   0.00543142]
 [148.           0.5802       0.00622092]
 [149.           0.57980007   0.00563029]
 [150.           0.5794       0.00531978]
 [151.           0.57919997   0.00521539]
 [152.           0.5798       0.00554076]
 [153.           0.5798       0.00576196]
 [154.           0.5802       0.00593297]
 [155.           0.57980007   0.00576196]
 [156.           0.57980007   0.00576196]
 [157.           0.58000004   0.00608276]
 [158.           0.5804       0.00581378]
 [159.           0.581        0.00696419]
 [160.           0.5808       0.00687023]
 [161.           0.5812       0.00725946]
 [162.           0.5812       0.00676018]
 [163.           0.5816       0.00684107]
 [164.           0.58140004   0.00709228]
 [165.           0.5822       0.00672311]
 [166.           0.58199996   0.00724572]
 [167.           0.5824       0.00673056]
 [168.           0.58140004   0.00665586]
 [169.           0.583        0.00608276]
 [170.           0.5822       0.00732804]
 [171.           0.58320004   0.00614002]
 [172.           0.5824       0.00698569]
 [173.           0.58280003   0.00739595]
 [174.           0.583        0.0061644 ]
 [175.           0.5822       0.00697852]
 [176.           0.5832       0.00544978]
 [177.           0.58280003   0.00645756]
 [178.           0.5824       0.00602495]
 [179.           0.58260006   0.00598333]
 [180.           0.583        0.00620483]
 [181.           0.58400005   0.00612371]
 [182.           0.5824       0.00684105]
 [183.           0.5842       0.00704981]
 [184.           0.58280003   0.00676018]
 [185.           0.5844       0.00736883]
 [186.           0.5832       0.00637966]
 [187.           0.5844       0.00680441]
 [188.           0.5838       0.0064187 ]
 [189.           0.5838       0.00637963]
 [190.           0.5838       0.00630077]
 [191.           0.58400005   0.00648073]
 [192.           0.584        0.00612372]
 [193.           0.58400005   0.00663324]
 [194.           0.58400005   0.00663325]
 [195.           0.58440006   0.00694982]
 [196.           0.5838       0.00645756]
 [197.           0.5846       0.00673055]
 [198.           0.585        0.00636393]
 [199.           0.585        0.00731436]
 [200.           0.5846       0.00709226]
 [201.           0.5856       0.0071274 ]
 [202.           0.58640003   0.00884871]
 [203.           0.5866       0.00950262]
 [204.           0.58680004   0.00895547]
 [205.           0.58680004   0.00954987]
 [206.           0.5866       0.0091269 ]
 [207.           0.587        0.00930054]
 [208.           0.587        0.00930054]
 [209.           0.58680004   0.00952367]
 [210.           0.5872       0.00967989]
 [211.           0.587        0.00874642]
 [212.           0.5878       0.00970567]
 [213.           0.5874       0.0095551 ]
 [214.           0.58860004   0.01045467]
 [215.           0.5874       0.01013903]
 [216.           0.588        0.01022251]
 [217.           0.5878       0.00947101]
 [218.           0.58860004   0.01052616]
 [219.           0.588        0.00999999]
 [220.           0.589        0.01067707]
 [221.           0.588        0.00959166]
 [222.           0.5878       0.00965401]
 [223.           0.5884       0.00991464]
 [224.           0.5888       0.01121157]
 [225.           0.5894       0.01073778]
 [226.           0.58879995   0.01118931]
 [227.           0.5888       0.01073312]
 [228.           0.5894       0.01176006]
 [229.           0.5894       0.01064427]
 [230.           0.5889999    0.01183218]
 [231.           0.5894       0.01021274]
 [232.           0.58860004   0.01073777]
 [233.           0.589        0.0104881 ]
 [234.           0.5894       0.0105972 ]
 [235.           0.5888       0.01089493]
 [236.           0.58900005   0.0112027 ]
 [237.           0.58840007   0.01078423]
 [238.           0.5894       0.01119374]
 [239.           0.58860004   0.01073777]
 [240.           0.5892       0.01096358]
 [241.           0.5886       0.01114898]
 [242.           0.5892       0.01147607]
 [243.           0.5884       0.01094531]
 [244.           0.5896       0.01148043]
 [245.           0.58900005   0.0115974 ]
 [246.           0.59040004   0.01143678]
 [247.           0.5892       0.01061603]
 [248.           0.5906       0.01123831]
 [249.           0.5898       0.01231665]
 [250.           0.5906       0.01258174]
 [251.           0.59         0.0116619 ]
 [252.           0.59059995   0.01258174]
 [253.           0.591        0.01292284]
 [254.           0.59         0.01161897]
 [255.           0.59059995   0.01205403]
 [256.           0.5928       0.01391762]
 [257.           0.5906       0.01320225]
 [258.           0.5918       0.01219424]
 [259.           0.5904       0.01254193]
 [260.           0.5924       0.01293445]
 [261.           0.5926       0.01494324]
 [262.           0.5916       0.01188698]
 [263.           0.5908       0.01223523]
 [264.           0.5922       0.01149783]
 [265.           0.5924       0.01316434]
 [266.           0.59260005   0.01242174]
 [267.           0.59180003   0.01154123]
 [268.           0.5924       0.01184483]
 [269.           0.5922       0.01235719]
 [270.           0.592        0.0113137 ]
 [271.           0.5928       0.01316055]
 [272.           0.59400004   0.01398212]
 [273.           0.5922       0.01200831]
 [274.           0.592        0.01216551]
 [275.           0.5924       0.01230041]
 [276.           0.5938       0.01414921]
 [277.           0.59300005   0.01313395]
 [278.           0.59300005   0.01270828]
 [279.           0.5912       0.01096359]
 [280.           0.59279996   0.01291125]
 [281.           0.5924       0.01173884]
 [282.           0.5938       0.01364552]
 [283.           0.59300005   0.01337908]
 [284.           0.592        0.01124723]
 [285.           0.5936       0.01163187]
 [286.           0.5948       0.01308435]
 [287.           0.59300005   0.01187436]
 [288.           0.5932       0.01196662]
 [289.           0.59300005   0.01174733]
 [290.           0.5924       0.01154555]
 [291.           0.59360003   0.0124016 ]
 [292.           0.59499997   0.01286471]
 [293.           0.5924       0.01134901]
 [294.           0.5924       0.01154555]
 [295.           0.5942       0.01325518]
 [296.           0.5952       0.01362719]
 [297.           0.59260005   0.01197081]
 [298.           0.5924       0.01003993]
 [299.           0.5938       0.01279453]
 [300.           0.5934       0.01114901]
 [301.           0.59440005   0.01262141]
 [302.           0.5948       0.01308435]
 [303.           0.5922       0.01084894]
 [304.           0.593        0.0117047 ]
 [305.           0.5946       0.01273973]
 [306.           0.5942001    0.01173456]
 [307.           0.593        0.01122496]
 [308.           0.5934       0.01123834]
 [309.           0.5936       0.01230041]
 [310.           0.5938       0.0116919 ]
 [311.           0.5942       0.01269646]
 [312.           0.5948       0.01300772]
 [313.           0.5942       0.01285302]
 [314.           0.5934       0.01171753]
 [315.           0.5946       0.01329662]
 [316.           0.5946       0.01184484]
 [317.           0.59480006   0.01267675]
 [318.           0.5948       0.01253795]
 [319.           0.5948       0.01316055]
 [320.           0.59440005   0.01304992]
 [321.           0.59499997   0.01307669]
 [322.           0.5946       0.01240163]
 [323.           0.5944       0.01256185]
 [324.           0.59499997   0.01374774]
 [325.           0.5932       0.01158448]
 [326.           0.5942       0.01223522]
 [327.           0.5948       0.01308435]
 [328.           0.594        0.01176862]
 [329.           0.5946       0.01240163]
 [330.           0.59560007   0.0136125 ]
 [331.           0.594        0.01274755]
 [332.           0.595        0.01252996]
 [333.           0.596        0.01513273]
 [334.           0.5952       0.01298843]
 [335.           0.5942       0.01298846]
 [336.           0.59540004   0.01386724]
 [337.           0.5958       0.014025  ]
 [338.           0.5952       0.0132552 ]
 [339.           0.5952       0.0139893 ]
 [340.           0.5952       0.01355358]
 [341.           0.5956       0.01379493]
 [342.           0.596        0.01467991]
 [343.           0.5956       0.01417042]
 [344.           0.59560007   0.01415272]
 [345.           0.59639996   0.01472412]
 [346.           0.59580004   0.01398927]
 [347.           0.596        0.01382029]
 [348.           0.5966       0.01499333]
 [349.           0.5964       0.01393916]
 [350.           0.59639996   0.01436316]
 [351.           0.59720004   0.0158019 ]
 [352.           0.5962       0.01413154]
 [353.           0.5964       0.01441529]
 [354.           0.59720004   0.0154013 ]
 [355.           0.5962       0.01407836]
 [356.           0.5962       0.01413154]
 [357.           0.5968       0.01577023]
 [358.           0.59639996   0.01436316]
 [359.           0.596        0.01469693]
 [360.           0.598        0.01649242]
 [361.           0.596        0.01524795]
 [362.           0.5968       0.01441181]
 [363.           0.59720004   0.01684338]
 [364.           0.59720004   0.01492314]
 [365.           0.59660006   0.01509305]
 [366.           0.5974       0.01566208]
 [367.           0.59720004   0.01492312]
 [368.           0.59700006   0.01514927]
 [369.           0.5976       0.0158997 ]
 [370.           0.5972       0.01589654]
 [371.           0.59700006   0.01508311]
 [372.           0.5976       0.01641038]
 [373.           0.5974       0.01519211]
 [374.           0.5974       0.01566208]
 [375.           0.59760004   0.01596245]
 [376.           0.5978       0.01575437]
 [377.           0.59700006   0.0156205 ]
 [378.           0.5982       0.01628497]
 [379.           0.59720004   0.01541751]
 [380.           0.598        0.01601563]
 [381.           0.59720004   0.01634626]
 [382.           0.5972       0.01589654]
 [383.           0.59720004   0.01583349]
 [384.           0.59779996   0.01669433]
 [385.           0.5974       0.01618023]
 [386.           0.598        0.0160468 ]
 [387.           0.5982       0.016769  ]
 [388.           0.59779996   0.01623884]
 [389.           0.59779996   0.01586504]
 [390.           0.59840006   0.016562  ]
 [391.           0.5978       0.01625421]
 [392.           0.59779996   0.0158019 ]
 [393.           0.598        0.01649241]
 [394.           0.598        0.0160468 ]
 [395.           0.5974       0.01577338]
 [396.           0.598        0.01644689]
 [397.           0.5982       0.01597497]
 [398.           0.59720004   0.01541752]
 [399.           0.59840006   0.0162265 ]
 [400.           0.598        0.01644687]]
Dataset       :Citeseer
Model         :Cheby
Conden ratio  :0.5
GC            :2
LearnA        :0
Max Test Accuracy:
0.617
Best Result: Epoch   Acc  Std.
               390 0.5984  0.0166
