Set seed
Model GAT
--------------------------------------------------
The 1th iteration:
--------------------------------------------------
--------------------------------------------------
The 2th iteration:
--------------------------------------------------
--------------------------------------------------
The 3th iteration:
--------------------------------------------------
--------------------------------------------------
The 4th iteration:
--------------------------------------------------
--------------------------------------------------
The 5th iteration:
--------------------------------------------------
[[  1.           0.58100003   0.01834392]
 [  2.           0.6214       0.00939681]
 [  3.           0.63140005   0.01054988]
 [  4.           0.63140005   0.01096814]
 [  5.           0.6246       0.01242176]
 [  6.           0.62000006   0.0128647 ]
 [  7.           0.6146       0.01324008]
 [  8.           0.61140007   0.01201249]
 [  9.           0.6098       0.01013411]
 [ 10.           0.60880005   0.00816701]
 [ 11.           0.61160004   0.00466904]
 [ 12.           0.614        0.00620484]
 [ 13.           0.61700004   0.00616439]
 [ 14.           0.6224       0.00313052]
 [ 15.           0.6276       0.00270184]
 [ 16.           0.6348       0.00389872]
 [ 17.           0.63860005   0.00403732]
 [ 18.           0.6456       0.00572712]
 [ 19.           0.6484       0.00502991]
 [ 20.           0.653        0.00282842]
 [ 21.           0.6572       0.00319375]
 [ 22.           0.6632       0.00558572]
 [ 23.           0.6704       0.00820365]
 [ 24.           0.67520005   0.00593293]
 [ 25.           0.67700005   0.0054314 ]
 [ 26.           0.6822       0.00531034]
 [ 27.           0.6842       0.0054037 ]
 [ 28.           0.6844       0.00089442]
 [ 29.           0.6854       0.00167332]
 [ 30.           0.6866       0.00151658]
 [ 31.           0.6868       0.00443845]
 [ 32.           0.6872       0.0050695 ]
 [ 33.           0.68380004   0.00389871]
 [ 34.           0.6824       0.00594138]
 [ 35.           0.6804       0.00687748]
 [ 36.           0.6796       0.00947628]
 [ 37.           0.67880005   0.00965401]
 [ 38.           0.6776       0.01021273]
 [ 39.           0.67660004   0.01178137]
 [ 40.           0.6764       0.01161035]
 [ 41.           0.67639995   0.01043071]
 [ 42.           0.67679995   0.01190377]
 [ 43.           0.677        0.01181101]
 [ 44.           0.6776       0.01158878]
 [ 45.           0.67719996   0.01061602]
 [ 46.           0.6786       0.01171751]
 [ 47.           0.6786       0.01101363]
 [ 48.           0.67920005   0.01054515]
 [ 49.           0.6796       0.01035858]
 [ 50.           0.6804       0.00947628]
 [ 51.           0.6814       0.0091269 ]
 [ 52.           0.682        0.00812404]
 [ 53.           0.6814       0.00844394]
 [ 54.           0.681        0.00902775]
 [ 55.           0.68100005   0.00871779]
 [ 56.           0.67960006   0.00808084]
 [ 57.           0.67820007   0.00704982]
 [ 58.           0.67740005   0.00702141]
 [ 59.           0.6764       0.00691376]
 [ 60.           0.6756       0.00719723]
 [ 61.           0.6746       0.00577061]
 [ 62.           0.6742       0.0066106 ]
 [ 63.           0.6734       0.00709225]
 [ 64.           0.6728       0.00725949]
 [ 65.           0.6722       0.00712039]
 [ 66.           0.6718001    0.00791834]
 [ 67.           0.6728       0.00875784]
 [ 68.           0.67340004   0.00931664]
 [ 69.           0.6742       0.00931128]
 [ 70.           0.67480004   0.00881476]
 [ 71.           0.67600006   0.00790569]
 [ 72.           0.6766       0.0070214 ]
 [ 73.           0.6764       0.00702139]
 [ 74.           0.6758       0.00708518]
 [ 75.           0.6764       0.00782941]
 [ 76.           0.67620003   0.00816703]
 [ 77.           0.67600006   0.00842617]
 [ 78.           0.67480004   0.008228  ]
 [ 79.           0.6732       0.00782303]
 [ 80.           0.6726       0.00733486]
 [ 81.           0.67200005   0.00640312]
 [ 82.           0.671        0.00570086]
 [ 83.           0.671        0.00533853]
 [ 84.           0.671        0.00612368]
 [ 85.           0.6718       0.00506952]
 [ 86.           0.6714       0.00487852]
 [ 87.           0.6718001    0.00496989]
 [ 88.           0.6718001    0.00496989]
 [ 89.           0.67160004   0.00507935]
 [ 90.           0.67080003   0.00576195]
 [ 91.           0.6702       0.00567451]
 [ 92.           0.6704       0.00541295]
 [ 93.           0.6714       0.00577059]
 [ 94.           0.6718       0.00694263]
 [ 95.           0.672        0.00717634]
 [ 96.           0.6714       0.00750334]
 [ 97.           0.671        0.0082462 ]
 [ 98.           0.6714       0.00844391]
 [ 99.           0.67120004   0.00846757]
 [100.           0.67200005   0.00790569]
 [101.           0.6718001    0.00732803]
 [102.           0.6716       0.00726636]
 [103.           0.6722       0.00676018]
 [104.           0.6714       0.0064265 ]
 [105.           0.67200005   0.00595819]
 [106.           0.6722       0.00641874]
 [107.           0.6722       0.00719026]
 [108.           0.6728       0.00746325]
 [109.           0.6728       0.00694262]
 [110.           0.67300004   0.00724568]
 [111.           0.6728       0.00752995]
 [112.           0.6728       0.00736206]
 [113.           0.6728       0.00729383]
 [114.           0.6722       0.00804362]
 [115.           0.6728       0.00759605]
 [116.           0.6724       0.00773304]
 [117.           0.6728       0.00759605]
 [118.           0.67260003   0.00820364]
 [119.           0.67240006   0.00795612]
 [120.           0.6728       0.00794984]
 [121.           0.6724       0.00750333]
 [122.           0.6726       0.00770065]
 [123.           0.6728       0.00732803]
 [124.           0.6724       0.00770065]
 [125.           0.6722       0.00746325]
 [126.           0.6722       0.00756308]
 [127.           0.6736       0.00789304]
 [128.           0.6736       0.00773305]
 [129.           0.6736       0.00746994]
 [130.           0.6736       0.00760263]
 [131.           0.6736       0.00760263]
 [132.           0.6738       0.00746325]
 [133.           0.6742       0.00759606]
 [134.           0.6738       0.00791834]
 [135.           0.6736       0.00898887]
 [136.           0.67399997   0.00845577]
 [137.           0.6742       0.00775888]
 [138.           0.6742       0.00807464]
 [139.           0.6742       0.00834865]
 [140.           0.6738       0.00837854]
 [141.           0.6742       0.00855569]
 [142.           0.6746       0.0083845 ]
 [143.           0.67460006   0.00847347]
 [144.           0.67440003   0.00826437]
 [145.           0.6754       0.00779743]
 [146.           0.6752       0.00769414]
 [147.           0.6756       0.00763544]
 [148.           0.67539996   0.00740269]
 [149.           0.6756       0.00665582]
 [150.           0.67539996   0.00694981]
 [151.           0.67600006   0.00710634]
 [152.           0.6756       0.00669329]
 [153.           0.67600006   0.00689202]
 [154.           0.6758       0.00719026]
 [155.           0.67620003   0.00762891]
 [156.           0.6758       0.00831865]
 [157.           0.676        0.0079687 ]
 [158.           0.676        0.00806226]
 [159.           0.6756       0.00820366]
 [160.           0.67620003   0.00816701]
 [161.           0.6764       0.0074364 ]
 [162.           0.6764       0.00756968]
 [163.           0.677        0.00877497]
 [164.           0.6764       0.00907193]
 [165.           0.6764       0.0085323 ]
 [166.           0.6758       0.00941806]
 [167.           0.67600006   0.00984885]
 [168.           0.6758       0.00988432]
 [169.           0.67600006   0.01053566]
 [170.           0.67579997   0.01073314]
 [171.           0.6758       0.0112561 ]
 [172.           0.67560005   0.0114804 ]
 [173.           0.6758       0.0112561 ]
 [174.           0.6754       0.0117601 ]
 [175.           0.6756       0.0115672 ]
 [176.           0.67620003   0.01143242]
 [177.           0.6764       0.0108074 ]
 [178.           0.6764       0.01092246]
 [179.           0.67620003   0.01190378]
 [180.           0.676        0.01161896]
 [181.           0.6756       0.01163186]
 [182.           0.6752       0.01112206]
 [183.           0.67560005   0.01028591]
 [184.           0.6752       0.01059247]
 [185.           0.6754       0.00981327]
 [186.           0.67480004   0.01066303]
 [187.           0.67480004   0.01136663]
 [188.           0.675        0.01120269]
 [189.           0.67440003   0.01137103]
 [190.           0.67480004   0.01098636]
 [191.           0.67520005   0.01118928]
 [192.           0.6752       0.01134461]
 [193.           0.6758       0.01125611]
 [194.           0.67600006   0.01027133]
 [195.           0.6756       0.0097622 ]
 [196.           0.67480004   0.01040191]
 [197.           0.67440003   0.01023718]
 [198.           0.67440003   0.01023718]
 [199.           0.67460006   0.00968503]
 [200.           0.6738       0.00892749]
 [201.           0.6738       0.00892749]
 [202.           0.67260003   0.00971083]
 [203.           0.672        0.00940746]
 [204.           0.67219996   0.0097314 ]
 [205.           0.6718       0.00909398]
 [206.           0.6724       0.00890504]
 [207.           0.6728       0.00858487]
 [208.           0.6728       0.00889944]
 [209.           0.6724       0.00873499]
 [210.           0.6714       0.00890505]
 [211.           0.6716       0.0073007 ]
 [212.           0.6712       0.00661062]
 [213.           0.6712       0.00704982]
 [214.           0.6716       0.0073007 ]
 [215.           0.6714       0.00694983]
 [216.           0.6714       0.00691376]
 [217.           0.6718001    0.00653451]
 [218.           0.6712       0.00676019]
 [219.           0.6706       0.00622896]
 [220.           0.6706       0.00572713]
 [221.           0.67020005   0.00614002]
 [222.           0.6704       0.00541293]
 [223.           0.67060006   0.00512835]
 [224.           0.6704       0.00497996]
 [225.           0.67020005   0.00449444]
 [226.           0.6704001    0.00439318]
 [227.           0.67060006   0.00378154]
 [228.           0.67020005   0.00376829]
 [229.           0.67         0.00380789]
 [230.           0.67         0.00399999]
 [231.           0.67         0.00393702]
 [232.           0.67         0.00393702]
 [233.           0.6698       0.00432437]
 [234.           0.6692       0.00432436]
 [235.           0.66899997   0.00430117]
 [236.           0.6692       0.00356371]
 [237.           0.67         0.00324038]
 [238.           0.67020005   0.00334664]
 [239.           0.67020005   0.00311449]
 [240.           0.67         0.00387299]
 [241.           0.67020005   0.00432435]
 [242.           0.6696       0.00477492]
 [243.           0.66940004   0.00487853]
 [244.           0.66880006   0.00454972]
 [245.           0.6684       0.00350713]
 [246.           0.668        0.0041231 ]
 [247.           0.6674       0.00487852]
 [248.           0.6678       0.00408657]
 [249.           0.668        0.00430117]
 [250.           0.6678       0.00460434]
 [251.           0.6684       0.00421901]
 [252.           0.66880006   0.00334663]
 [253.           0.66880006   0.00396234]
 [254.           0.6692       0.00383405]
 [255.           0.669        0.00353552]
 [256.           0.66819996   0.00402494]
 [257.           0.66819996   0.00402494]
 [258.           0.6682       0.00356372]
 [259.           0.6672       0.00396232]
 [260.           0.6674       0.00364693]
 [261.           0.6682       0.00349284]
 [262.           0.6684       0.00350714]
 [263.           0.668        0.00339116]
 [264.           0.6678       0.00370135]
 [265.           0.66800004   0.00367423]
 [266.           0.6682       0.00349284]
 [267.           0.6678       0.00342052]
 [268.           0.6672       0.00454972]
 [269.           0.66660005   0.00531978]
 [270.           0.6664       0.00585662]
 [271.           0.6664       0.00568331]
 [272.           0.667        0.0051478 ]
 [273.           0.667        0.00524405]
 [274.           0.6674       0.00482703]
 [275.           0.6674       0.00456073]
 [276.           0.6672       0.00496993]
 [277.           0.66580003   0.00549544]
 [278.           0.6652       0.00637965]
 [279.           0.665        0.00608276]
 [280.           0.66520005   0.00622092]
 [281.           0.66639996   0.00594138]
 [282.           0.6666       0.00522493]
 [283.           0.66679996   0.00506951]
 [284.           0.6664       0.00497995]
 [285.           0.66539997   0.00531978]
 [286.           0.66539997   0.00466904]
 [287.           0.665        0.00499998]
 [288.           0.665        0.0045277 ]
 [289.           0.6650001    0.00479582]
 [290.           0.665        0.00499998]
 [291.           0.66520005   0.00443846]
 [292.           0.66520005   0.00414728]
 [293.           0.6642       0.00426614]
 [294.           0.66400003   0.00399998]
 [295.           0.6636       0.00427783]
 [296.           0.6632       0.00363317]
 [297.           0.6636       0.00378154]
 [298.           0.6636001    0.00409877]
 [299.           0.6636001    0.00409877]
 [300.           0.6636       0.0036469 ]
 [301.           0.66359997   0.00350712]
 [302.           0.6638       0.00342053]
 [303.           0.6642       0.00396234]
 [304.           0.66440004   0.00384708]
 [305.           0.66400003   0.0041833 ]
 [306.           0.6642       0.0031145 ]
 [307.           0.66359997   0.00288097]
 [308.           0.6642       0.00294958]
 [309.           0.6632       0.00370135]
 [310.           0.6628       0.00460433]
 [311.           0.66239995   0.00357772]
 [312.           0.6626       0.00320937]
 [313.           0.6622       0.00303316]
 [314.           0.6622       0.00286358]
 [315.           0.662        0.00331662]
 [316.           0.66239995   0.00350713]
 [317.           0.6622       0.00370135]
 [318.           0.6614       0.00270185]
 [319.           0.66080004   0.00349285]
 [320.           0.66020006   0.00432435]
 [321.           0.66040003   0.00439318]
 [322.           0.6606       0.00320936]
 [323.           0.6608       0.00363318]
 [324.           0.6608       0.00370135]
 [325.           0.6612       0.00408655]
 [326.           0.6608       0.00460436]
 [327.           0.6606       0.00450556]
 [328.           0.661        0.00452768]
 [329.           0.6606       0.00427786]
 [330.           0.6608       0.00526307]
 [331.           0.66099995   0.00494975]
 [332.           0.6608       0.00554074]
 [333.           0.66040003   0.00541294]
 [334.           0.66160005   0.00433589]
 [335.           0.6612       0.00449446]
 [336.           0.66099995   0.00430117]
 [337.           0.6612       0.00408657]
 [338.           0.6612       0.00432435]
 [339.           0.66120005   0.00432435]
 [340.           0.66040003   0.00421901]
 [341.           0.6602       0.00526308]
 [342.           0.66040003   0.00559464]
 [343.           0.6612       0.00526307]
 [344.           0.66080004   0.00491934]
 [345.           0.661        0.00452769]
 [346.           0.66120005   0.00476444]
 [347.           0.6612       0.00414729]
 [348.           0.66099995   0.00494976]
 [349.           0.6608       0.00672308]
 [350.           0.6608       0.00672308]
 [351.           0.66020006   0.00641871]
 [352.           0.6606       0.00646529]
 [353.           0.661        0.006245  ]
 [354.           0.662        0.00484766]
 [355.           0.66240007   0.00581377]
 [356.           0.6618       0.00535723]
 [357.           0.6618       0.00535723]
 [358.           0.66160005   0.00477492]
 [359.           0.66160005   0.00415933]
 [360.           0.6618       0.00443846]
 [361.           0.6612       0.0056745 ]
 [362.           0.66099995   0.00632454]
 [363.           0.66120005   0.00661061]
 [364.           0.6608       0.00622094]
 [365.           0.6608       0.00563027]
 [366.           0.661        0.00543139]
 [367.           0.6614       0.00522495]
 [368.           0.6616       0.00522495]
 [369.           0.6614       0.00507938]
 [370.           0.66099995   0.00509903]
 [371.           0.66120005   0.0055857 ]
 [372.           0.66099995   0.0056125 ]
 [373.           0.6608       0.00521535]
 [374.           0.66040003   0.00572713]
 [375.           0.66         0.00561249]
 [376.           0.66040003   0.00531978]
 [377.           0.66040003   0.00568331]
 [378.           0.6614       0.00545895]
 [379.           0.6614       0.00545895]
 [380.           0.6612       0.0057184 ]
 [381.           0.6612       0.0057184 ]
 [382.           0.6606       0.00577062]
 [383.           0.66040003   0.00568331]
 [384.           0.6606       0.00550455]
 [385.           0.66099995   0.00578793]
 [386.           0.66040003   0.00598332]
 [387.           0.6606       0.00577062]
 [388.           0.66099995   0.00556777]
 [389.           0.661        0.00570088]
 [390.           0.6612       0.00589067]
 [391.           0.6612       0.00601665]
 [392.           0.6608       0.00657268]
 [393.           0.6606       0.00680441]
 [394.           0.66020006   0.00683374]
 [395.           0.66         0.00710633]
 [396.           0.66020006   0.00683374]
 [397.           0.66040003   0.00658028]
 [398.           0.6606       0.00680442]
 [399.           0.6608       0.00739594]
 [400.           0.6606       0.00733485]]
Dataset       :Citeseer
Model         :GAT
Conden ratio  :1.0
GC            :2
LearnA        :1
Max Test Accuracy:
0.699
Best Result: Epoch   Acc  Std.
               32 0.6872  0.0051
