Set seed
Model GCN
--------------------------------------------------
The 1th iteration:
--------------------------------------------------
--------------------------------------------------
The 2th iteration:
--------------------------------------------------
--------------------------------------------------
The 3th iteration:
--------------------------------------------------
--------------------------------------------------
The 4th iteration:
--------------------------------------------------
--------------------------------------------------
The 5th iteration:
--------------------------------------------------
[[  1.           0.32360002   0.07323115]
 [  2.           0.42179996   0.05647742]
 [  3.           0.49980003   0.05043511]
 [  4.           0.53940004   0.0505994 ]
 [  5.           0.56280005   0.04710308]
 [  6.           0.58059996   0.04621472]
 [  7.           0.5906       0.04609012]
 [  8.           0.59860003   0.05015277]
 [  9.           0.6048       0.04689029]
 [ 10.           0.6084       0.04610099]
 [ 11.           0.6124       0.04644676]
 [ 12.           0.6126       0.04335088]
 [ 13.           0.61500007   0.04221375]
 [ 14.           0.615        0.04139445]
 [ 15.           0.614        0.04041658]
 [ 16.           0.6148       0.04047469]
 [ 17.           0.6156       0.04160889]
 [ 18.           0.6162       0.04072715]
 [ 19.           0.61600006   0.04037945]
 [ 20.           0.6148       0.03992118]
 [ 21.           0.6122       0.04052407]
 [ 22.           0.61219996   0.04083747]
 [ 23.           0.611        0.04050926]
 [ 24.           0.6092       0.04099634]
 [ 25.           0.60840005   0.04211056]
 [ 26.           0.60719997   0.04375727]
 [ 27.           0.6056       0.04403749]
 [ 28.           0.6024       0.04368408]
 [ 29.           0.6002       0.04452751]
 [ 30.           0.59840006   0.04632816]
 [ 31.           0.5968       0.04682627]
 [ 32.           0.5932       0.04798646]
 [ 33.           0.5912       0.04991192]
 [ 34.           0.5902       0.05080059]
 [ 35.           0.5876       0.05245283]
 [ 36.           0.58540004   0.0527854 ]
 [ 37.           0.58379996   0.05331697]
 [ 38.           0.582        0.05592407]
 [ 39.           0.58000004   0.05794394]
 [ 40.           0.579        0.05745435]
 [ 41.           0.578        0.05724071]
 [ 42.           0.5778       0.05713756]
 [ 43.           0.5774       0.05669919]
 [ 44.           0.57720006   0.05616672]
 [ 45.           0.5770001    0.05570908]
 [ 46.           0.57680005   0.0544169 ]
 [ 47.           0.5782       0.05315261]
 [ 48.           0.578        0.05282518]
 [ 49.           0.57720006   0.05114392]
 [ 50.           0.5778       0.05091855]
 [ 51.           0.5774       0.04972724]
 [ 52.           0.57820004   0.05011187]
 [ 53.           0.5772       0.04806454]
 [ 54.           0.5778       0.04628391]
 [ 55.           0.57720006   0.04419503]
 [ 56.           0.578        0.04376071]
 [ 57.           0.57860005   0.04264153]
 [ 58.           0.57960004   0.04223507]
 [ 59.           0.5818       0.04206188]
 [ 60.           0.5818       0.04211535]
 [ 61.           0.583        0.04148492]
 [ 62.           0.58400005   0.04121286]
 [ 63.           0.5846       0.04125893]
 [ 64.           0.58540004   0.04104022]
 [ 65.           0.5852       0.04061036]
 [ 66.           0.5864       0.04130739]
 [ 67.           0.58739996   0.04190826]
 [ 68.           0.589        0.04031749]
 [ 69.           0.5898       0.04049322]
 [ 70.           0.59160006   0.04118615]
 [ 71.           0.592        0.04162331]
 [ 72.           0.5924       0.04194401]
 [ 73.           0.5934       0.04238278]
 [ 74.           0.5936       0.04202738]
 [ 75.           0.59499997   0.04194044]
 [ 76.           0.59580004   0.04347069]
 [ 77.           0.5962       0.04317059]
 [ 78.           0.5966       0.04374129]
 [ 79.           0.59840006   0.04314858]
 [ 80.           0.6          0.04335896]
 [ 81.           0.60080004   0.04236389]
 [ 82.           0.60179996   0.04293832]
 [ 83.           0.60220003   0.04244643]
 [ 84.           0.6018       0.0417037 ]
 [ 85.           0.6042       0.04235209]
 [ 86.           0.60440004   0.0422883 ]
 [ 87.           0.6054       0.04136787]
 [ 88.           0.6064       0.04069768]
 [ 89.           0.609        0.0395727 ]
 [ 90.           0.6102       0.03920077]
 [ 91.           0.611        0.03878144]
 [ 92.           0.6124       0.0381353 ]
 [ 93.           0.6136       0.03857848]
 [ 94.           0.6148       0.03873241]
 [ 95.           0.6154       0.0377465 ]
 [ 96.           0.61759996   0.0371591 ]
 [ 97.           0.61800003   0.03759656]
 [ 98.           0.62039995   0.03596944]
 [ 99.           0.621        0.03595133]
 [100.           0.6232       0.03427391]
 [101.           0.624        0.03392637]
 [102.           0.6252       0.03407641]
 [103.           0.6264       0.03269251]
 [104.           0.62799996   0.03175687]
 [105.           0.6282       0.03201874]
 [106.           0.62880003   0.03153888]
 [107.           0.62939996   0.03159587]
 [108.           0.6302       0.03130814]
 [109.           0.6322       0.02975229]
 [110.           0.63280004   0.02897758]
 [111.           0.6338       0.02689234]
 [112.           0.63580006   0.02598459]
 [113.           0.6366       0.02509584]
 [114.           0.6376       0.02457236]
 [115.           0.6386       0.02376554]
 [116.           0.6394       0.02184723]
 [117.           0.641        0.02003746]
 [118.           0.6416       0.01935975]
 [119.           0.64180005   0.01965198]
 [120.           0.64320004   0.01883349]
 [121.           0.644        0.01774825]
 [122.           0.64440006   0.01727137]
 [123.           0.6448       0.0166343 ]
 [124.           0.6452       0.01651361]
 [125.           0.6462       0.01554671]
 [126.           0.6468       0.01586507]
 [127.           0.6476       0.0161493 ]
 [128.           0.64779997   0.01637681]
 [129.           0.64779997   0.01637681]
 [130.           0.64799994   0.0161864 ]
 [131.           0.64799994   0.0161864 ]
 [132.           0.6482       0.01622343]
 [133.           0.6482       0.01622343]
 [134.           0.649        0.0159687 ]
 [135.           0.6494       0.01570986]
 [136.           0.6498       0.01561089]
 [137.           0.6498       0.01499   ]
 [138.           0.65040004   0.01566207]
 [139.           0.6504       0.01537206]
 [140.           0.652        0.01544347]
 [141.           0.6528       0.01515589]
 [142.           0.65360004   0.01499336]
 [143.           0.654        0.0153623 ]
 [144.           0.6542       0.01531993]
 [145.           0.6532       0.01468672]
 [146.           0.6532       0.01460135]
 [147.           0.65340006   0.0147241 ]
 [148.           0.6534       0.01487615]
 [149.           0.6544       0.01457052]
 [150.           0.6542       0.01432482]
 [151.           0.6548       0.01404281]
 [152.           0.6554       0.01438055]
 [153.           0.6556       0.01455335]
 [154.           0.6554       0.01438055]
 [155.           0.6554       0.01379491]
 [156.           0.6552       0.01364549]
 [157.           0.6554       0.01368573]
 [158.           0.6552       0.01395351]
 [159.           0.6554       0.01415274]
 [160.           0.65580004   0.01377314]
 [161.           0.6560001    0.01369305]
 [162.           0.6556       0.01352033]
 [163.           0.6566       0.01366747]
 [164.           0.6572       0.0130269 ]
 [165.           0.6568       0.0129306 ]
 [166.           0.65720004   0.01342387]
 [167.           0.6584       0.01401071]
 [168.           0.65880007   0.01368211]
 [169.           0.65860003   0.0134462 ]
 [170.           0.6588       0.01355361]
 [171.           0.65860003   0.01359413]
 [172.           0.6588       0.0132174 ]
 [173.           0.65860003   0.01324008]
 [174.           0.65880007   0.01331164]
 [175.           0.65860003   0.01372226]
 [176.           0.6584       0.01413507]
 [177.           0.65860003   0.01409966]
 [178.           0.65860003   0.01409966]
 [179.           0.6588       0.01421971]
 [180.           0.6584       0.0136675 ]
 [181.           0.6584       0.01364917]
 [182.           0.65819997   0.01355359]
 [183.           0.6584       0.01386722]
 [184.           0.65880007   0.01414919]
 [185.           0.6592       0.01388165]
 [186.           0.66         0.01319091]
 [187.           0.66040003   0.01295377]
 [188.           0.6614       0.01312631]
 [189.           0.6622       0.01169188]
 [190.           0.6622       0.01154123]
 [191.           0.6622       0.01154123]
 [192.           0.66239995   0.01156719]
 [193.           0.663        0.01120268]
 [194.           0.6632       0.0113446 ]
 [195.           0.6632       0.0113446 ]
 [196.           0.6632       0.01116693]
 [197.           0.6632       0.01118928]
 [198.           0.6636       0.01078425]
 [199.           0.66380006   0.01098636]
 [200.           0.66359997   0.01096813]
 [201.           0.6632       0.01075639]
 [202.           0.6632       0.01177709]
 [203.           0.6634       0.01092246]
 [204.           0.6634       0.01167475]
 [205.           0.6634       0.01167475]
 [206.           0.664        0.01044029]
 [207.           0.66379994   0.01130045]
 [208.           0.66359997   0.01092246]
 [209.           0.6634       0.01092246]
 [210.           0.6634       0.01052615]
 [211.           0.6632       0.01032957]
 [212.           0.6626       0.01071448]
 [213.           0.66300005   0.01113553]
 [214.           0.6628       0.0105214 ]
 [215.           0.66300005   0.01055935]
 [216.           0.66359997   0.01016365]
 [217.           0.66379994   0.01070979]
 [218.           0.66359997   0.01054987]
 [219.           0.664        0.01070046]
 [220.           0.664        0.01070046]
 [221.           0.6638       0.01112205]
 [222.           0.664        0.01070046]
 [223.           0.6642       0.01013411]
 [224.           0.66440004   0.00963328]
 [225.           0.66440004   0.00963328]
 [226.           0.66440004   0.0102372 ]
 [227.           0.6642       0.01025672]
 [228.           0.664        0.00961768]
 [229.           0.664        0.00924662]
 [230.           0.664        0.00924662]
 [231.           0.664        0.00911043]
 [232.           0.664        0.00911043]
 [233.           0.6642       0.00936484]
 [234.           0.6642       0.00936484]
 [235.           0.6646001    0.00779742]
 [236.           0.66480005   0.00739595]
 [237.           0.6646       0.00753659]
 [238.           0.6646       0.00694981]
 [239.           0.6642       0.00563028]
 [240.           0.66380006   0.00554077]
 [241.           0.66440004   0.00541294]
 [242.           0.6654       0.00439319]
 [243.           0.6654       0.00439319]
 [244.           0.66580003   0.00443848]
 [245.           0.66620004   0.00396233]
 [246.           0.66660005   0.00439317]
 [247.           0.6664001    0.00378153]
 [248.           0.6662       0.00389871]
 [249.           0.6666       0.00328634]
 [250.           0.6672       0.00402492]
 [251.           0.6682       0.00449444]
 [252.           0.6682       0.00449444]
 [253.           0.6684       0.00433591]
 [254.           0.6682       0.00443845]
 [255.           0.6684       0.00427784]
 [256.           0.6688       0.00438177]
 [257.           0.6692       0.00408656]
 [258.           0.6698       0.00408658]
 [259.           0.67         0.00360554]
 [260.           0.6698       0.00349285]
 [261.           0.67         0.00316228]
 [262.           0.67020005   0.00286357]
 [263.           0.67020005   0.00286357]
 [264.           0.67020005   0.00327109]
 [265.           0.66940004   0.0035777 ]
 [266.           0.66880006   0.00420714]
 [267.           0.66880006   0.00432435]
 [268.           0.6686       0.00450555]
 [269.           0.66880006   0.00432435]
 [270.           0.669        0.0041833 ]
 [271.           0.6692       0.00460434]
 [272.           0.669        0.0041833 ]
 [273.           0.669        0.00406202]
 [274.           0.67         0.00367424]
 [275.           0.6696       0.00336156]
 [276.           0.669        0.00223607]
 [277.           0.66880006   0.00268327]
 [278.           0.669        0.00291546]
 [279.           0.66920006   0.00258842]
 [280.           0.6686       0.00343511]
 [281.           0.669        0.00300001]
 [282.           0.6692       0.00303316]
 [283.           0.669        0.00324038]
 [284.           0.6692       0.00334665]
 [285.           0.6698       0.00342054]
 [286.           0.67         0.00367424]
 [287.           0.67         0.00474341]
 [288.           0.6698       0.00506951]
 [289.           0.66959995   0.00606629]
 [290.           0.66959995   0.00606629]
 [291.           0.6694       0.0060663 ]
 [292.           0.6698       0.00521535]
 [293.           0.6696       0.00450554]
 [294.           0.66940004   0.00439317]
 [295.           0.66940004   0.00439317]
 [296.           0.669        0.00524404]
 [297.           0.66819996   0.00486825]
 [298.           0.66819996   0.00486825]
 [299.           0.6682       0.00506951]
 [300.           0.6684       0.00531977]
 [301.           0.6686       0.00545893]
 [302.           0.668        0.00514782]
 [303.           0.66780007   0.00526308]
 [304.           0.66779995   0.00614004]
 [305.           0.6676       0.00598332]
 [306.           0.66760004   0.00572712]
 [307.           0.66779995   0.00622094]
 [308.           0.66800004   0.00640313]
 [309.           0.6686       0.00691375]
 [310.           0.6684       0.00665582]
 [311.           0.6688       0.00690652]
 [312.           0.669        0.0069282 ]
 [313.           0.6692       0.00661061]
 [314.           0.6692       0.00661061]
 [315.           0.6688       0.00634036]
 [316.           0.6684       0.00673054]
 [317.           0.6686       0.00610738]
 [318.           0.6684       0.00618872]
 [319.           0.66819996   0.00593298]
 [320.           0.6688       0.00630078]
 [321.           0.6694       0.00577063]
 [322.           0.6694       0.00577063]
 [323.           0.6696       0.00563916]
 [324.           0.67         0.00547723]
 [325.           0.66960007   0.00581377]
 [326.           0.66940004   0.00610736]
 [327.           0.67         0.00608277]
 [328.           0.6702       0.00637965]
 [329.           0.67         0.00651919]
 [330.           0.66940004   0.0061887 ]
 [331.           0.6692       0.00668581]
 [332.           0.66980004   0.00634034]
 [333.           0.6704       0.00606631]
 [334.           0.67         0.00565687]
 [335.           0.67020005   0.00540371]
 [336.           0.6704       0.00517688]
 [337.           0.6704       0.00517688]
 [338.           0.67         0.00533853]
 [339.           0.6698       0.00521536]
 [340.           0.67         0.00533853]
 [341.           0.6696       0.00554977]
 [342.           0.6696       0.00559463]
 [343.           0.6696       0.00450556]
 [344.           0.6696       0.00427786]
 [345.           0.6692       0.00432437]
 [346.           0.6686       0.00427786]
 [347.           0.669        0.00435891]
 [348.           0.6694       0.00466905]
 [349.           0.6698       0.00501997]
 [350.           0.6702       0.00554076]
 [351.           0.67         0.00565686]
 [352.           0.67         0.00565686]
 [353.           0.6702       0.00554076]
 [354.           0.67         0.00570088]
 [355.           0.67         0.00504976]
 [356.           0.6698       0.00549546]
 [357.           0.67039996   0.00559465]
 [358.           0.671        0.00632456]
 [359.           0.671        0.00678233]
 [360.           0.6714       0.00709227]
 [361.           0.6716       0.00634822]
 [362.           0.6714       0.00630871]
 [363.           0.6718001    0.00641872]
 [364.           0.6718       0.00634035]
 [365.           0.6718       0.00769414]
 [366.           0.6716       0.00760263]
 [367.           0.6718001    0.00785493]
 [368.           0.67200005   0.00851469]
 [369.           0.67200005   0.00894428]
 [370.           0.67200005   0.00930053]
 [371.           0.672        0.00938082]
 [372.           0.6718       0.00923037]
 [373.           0.672        0.00935414]
 [374.           0.67219996   0.00909395]
 [375.           0.6728       0.00875784]
 [376.           0.6734       0.00829456]
 [377.           0.6728       0.00810555]
 [378.           0.6724       0.00873498]
 [379.           0.6722       0.00858486]
 [380.           0.6724       0.00978775]
 [381.           0.6722       0.01018331]
 [382.           0.6722       0.01018331]
 [383.           0.6724       0.0098387 ]
 [384.           0.6722       0.00949736]
 [385.           0.6714       0.00912688]
 [386.           0.6712       0.00892747]
 [387.           0.6712       0.00892746]
 [388.           0.67120004   0.00898331]
 [389.           0.67100006   0.00886001]
 [390.           0.6706       0.00853228]
 [391.           0.67020005   0.00785492]
 [392.           0.6698       0.00837853]
 [393.           0.6704       0.00856154]
 [394.           0.6704       0.00861973]
 [395.           0.6706       0.00867755]
 [396.           0.67020005   0.00858486]
 [397.           0.6706       0.00808084]
 [398.           0.67060006   0.00702139]
 [399.           0.6706       0.00654217]
 [400.           0.6702       0.00704983]]
Dataset       :Citeseer
Model         :GCN
Conden ratio  :0.25
GC            :4
LearnA        :1
Max Test Accuracy:
0.682
Best Result: Epoch   Acc  Std.
               376 0.6734  0.0083
