Set seed
Model GCN
--------------------------------------------------
The 1th iteration:
--------------------------------------------------
--------------------------------------------------
The 2th iteration:
--------------------------------------------------
--------------------------------------------------
The 3th iteration:
--------------------------------------------------
--------------------------------------------------
The 4th iteration:
--------------------------------------------------
--------------------------------------------------
The 5th iteration:
--------------------------------------------------
[[  1.           0.201        0.07591773]
 [  2.           0.202        0.06600379]
 [  3.           0.20180002   0.06867823]
 [  4.           0.2          0.06932172]
 [  5.           0.20019999   0.06891444]
 [  6.           0.20220001   0.06664608]
 [  7.           0.2026       0.06406481]
 [  8.           0.20780002   0.05243758]
 [  9.           0.21420002   0.03756594]
 [ 10.           0.2198       0.02504396]
 [ 11.           0.22540002   0.01252198]
 [ 12.           0.22880001   0.00491935]
 [ 13.           0.229        0.00447214]
 [ 14.           0.22940002   0.00357771]
 [ 15.           0.23000002   0.00223607]
 [ 16.           0.2304       0.00134164]
 [ 17.           0.23080002   0.00044721]
 [ 18.           0.23120001   0.00109543]
 [ 19.           0.23140001   0.00167331]
 [ 20.           0.23179999   0.00164316]
 [ 21.           0.2316       0.00207365]
 [ 22.           0.23239999   0.00439317]
 [ 23.           0.22860001   0.00554977]
 [ 24.           0.22719999   0.00511859]
 [ 25.           0.224        0.00734847]
 [ 26.           0.221        0.01012423]
 [ 27.           0.22000001   0.01240967]
 [ 28.           0.2204       0.01507647]
 [ 29.           0.2198       0.01553062]
 [ 30.           0.2198       0.01391761]
 [ 31.           0.22119999   0.0113446 ]
 [ 32.           0.22160001   0.01078426]
 [ 33.           0.22360002   0.00826438]
 [ 34.           0.22379999   0.00810556]
 [ 35.           0.2246       0.00743639]
 [ 36.           0.2246       0.00770065]
 [ 37.           0.2232       0.00645755]
 [ 38.           0.2218       0.0054037 ]
 [ 39.           0.2192       0.00725947]
 [ 40.           0.21759999   0.00782944]
 [ 41.           0.216        0.00758288]
 [ 42.           0.2146       0.00814248]
 [ 43.           0.21300001   0.0082462 ]
 [ 44.           0.2136       0.00798749]
 [ 45.           0.21300001   0.00796868]
 [ 46.           0.2126       0.00841427]
 [ 47.           0.20820001   0.01243784]
 [ 48.           0.20840001   0.01219837]
 [ 49.           0.20820001   0.01413153]
 [ 50.           0.206        0.01568439]
 [ 51.           0.20380001   0.01867351]
 [ 52.           0.2046       0.0183112 ]
 [ 53.           0.2052       0.0168137 ]
 [ 54.           0.2062       0.01631564]
 [ 55.           0.20799999   0.01298076]
 [ 56.           0.20940001   0.01018823]
 [ 57.           0.2096       0.00792465]
 [ 58.           0.2102       0.00544977]
 [ 59.           0.2086       0.00559465]
 [ 60.           0.20640002   0.00497996]
 [ 61.           0.205        0.00604152]
 [ 62.           0.20380001   0.0076616 ]
 [ 63.           0.2024       0.00763545]
 [ 64.           0.20079999   0.00988433]
 [ 65.           0.198        0.01172604]
 [ 66.           0.1984       0.01320227]
 [ 67.           0.19700001   0.0150333 ]
 [ 68.           0.1966       0.01348333]
 [ 69.           0.1998       0.0092844 ]
 [ 70.           0.2          0.00845578]
 [ 71.           0.20019999   0.008228  ]
 [ 72.           0.201        0.0080932 ]
 [ 73.           0.1998       0.00775886]
 [ 74.           0.1992       0.00816701]
 [ 75.           0.19780001   0.00852643]
 [ 76.           0.19600001   0.0083666 ]
 [ 77.           0.1946       0.00896103]
 [ 78.           0.1944       0.01213672]
 [ 79.           0.1968       0.01472074]
 [ 80.           0.1982       0.0121326 ]
 [ 81.           0.199        0.01178983]
 [ 82.           0.1992       0.01138859]
 [ 83.           0.1974       0.01316435]
 [ 84.           0.1956       0.01484251]
 [ 85.           0.19219999   0.01384558]
 [ 86.           0.1908       0.01370037]
 [ 87.           0.1894       0.01234099]
 [ 88.           0.1876       0.0117601 ]
 [ 89.           0.1888       0.00909395]
 [ 90.           0.18980001   0.00923039]
 [ 91.           0.19240001   0.01083051]
 [ 92.           0.19520001   0.01181947]
 [ 93.           0.1968       0.01130045]
 [ 94.           0.1988       0.008228  ]
 [ 95.           0.19579999   0.00967987]
 [ 96.           0.193        0.01228821]
 [ 97.           0.1908       0.01444645]
 [ 98.           0.1906       0.01413507]
 [ 99.           0.18980001   0.01463558]
 [100.           0.1918       0.01132254]
 [101.           0.193        0.01022253]
 [102.           0.1918       0.00983361]
 [103.           0.19080001   0.0117983 ]
 [104.           0.19039999   0.01368576]
 [105.           0.1894       0.01650152]
 [106.           0.189        0.01652271]
 [107.           0.1888       0.01520526]
 [108.           0.1876       0.01340895]
 [109.           0.1868       0.01373681]
 [110.           0.18879999   0.01255786]
 [111.           0.1912       0.01070981]
 [112.           0.1902       0.00881476]
 [113.           0.1876       0.01148042]
 [114.           0.18740001   0.01201249]
 [115.           0.18599999   0.01363818]
 [116.           0.18599999   0.01122498]
 [117.           0.1842       0.01049762]
 [118.           0.1854       0.01013904]
 [119.           0.1868       0.00925743]
 [120.           0.1894       0.01064424]
 [121.           0.19200002   0.00604152]
 [122.           0.194        0.00655744]
 [123.           0.1954       0.00730068]
 [124.           0.19399999   0.00897218]
 [125.           0.19219999   0.00849706]
 [126.           0.18980001   0.00909395]
 [127.           0.1836       0.01244186]
 [128.           0.1836       0.0127593 ]
 [129.           0.1854       0.01350184]
 [130.           0.1858       0.01357203]
 [131.           0.1876       0.01383113]
 [132.           0.1888       0.01317953]
 [133.           0.19000001   0.0106066 ]
 [134.           0.19         0.00784219]
 [135.           0.1904       0.00723187]
 [136.           0.193        0.007874  ]
 [137.           0.1892       0.01040192]
 [138.           0.18800001   0.01124722]
 [139.           0.18599999   0.01443952]
 [140.           0.1858       0.01614621]
 [141.           0.1864       0.01883614]
 [142.           0.1858       0.01871362]
 [143.           0.1858       0.01667933]
 [144.           0.18660001   0.01390324]
 [145.           0.1874       0.00960729]
 [146.           0.1874       0.00760263]
 [147.           0.1876       0.00801872]
 [148.           0.18480001   0.00389872]
 [149.           0.1864       0.00472228]
 [150.           0.1848       0.00683374]
 [151.           0.182        0.01036822]
 [152.           0.1828       0.01325519]
 [153.           0.1836       0.01293445]
 [154.           0.18599999   0.01210372]
 [155.           0.1858       0.01151955]
 [156.           0.1852       0.01181948]
 [157.           0.1856       0.01209545]
 [158.           0.1882       0.01138859]
 [159.           0.1906       0.01089954]
 [160.           0.19199999   0.01048809]
 [161.           0.19139999   0.00817313]
 [162.           0.1908       0.00732803]
 [163.           0.1896       0.00482701]
 [164.           0.1856       0.00808084]
 [165.           0.1842       0.01075639]
 [166.           0.18200001   0.01334166]
 [167.           0.18120001   0.01325519]
 [168.           0.182        0.01164045]
 [169.           0.184        0.00565685]
 [170.           0.18640001   0.00658027]
 [171.           0.1868       0.01005982]
 [172.           0.1886       0.0133154 ]
 [173.           0.1894       0.01359412]
 [174.           0.1884       0.01283744]
 [175.           0.18879999   0.01188276]
 [176.           0.1886       0.01137101]
 [177.           0.18779999   0.01098635]
 [178.           0.1868       0.00846758]
 [179.           0.18699999   0.00587367]
 [180.           0.18499999   0.00815475]
 [181.           0.18340002   0.01114899]
 [182.           0.1834       0.01134901]
 [183.           0.1832       0.01028104]
 [184.           0.186        0.00494974]
 [185.           0.18800001   0.00524405]
 [186.           0.1876       0.00856154]
 [187.           0.18859999   0.01167476]
 [188.           0.1908       0.01518882]
 [189.           0.19000001   0.01691153]
 [190.           0.18840002   0.01477498]
 [191.           0.18699999   0.01185327]
 [192.           0.186        0.0078422 ]
 [193.           0.1876       0.00450555]
 [194.           0.1842       0.00807465]
 [195.           0.1854       0.01016366]
 [196.           0.1864       0.01069112]
 [197.           0.18779999   0.00870057]
 [198.           0.1884       0.00610737]
 [199.           0.1876       0.00585662]
 [200.           0.1828       0.00756307]
 [201.           0.1816       0.01101363]
 [202.           0.18040001   0.01154556]
 [203.           0.1832       0.01154123]
 [204.           0.1844       0.01234099]
 [205.           0.187        0.01280625]
 [206.           0.1882       0.01384558]
 [207.           0.1878       0.01454992]
 [208.           0.1886       0.01363084]
 [209.           0.18840002   0.0126412 ]
 [210.           0.18860002   0.0095551 ]
 [211.           0.1894       0.00723188]
 [212.           0.1884       0.00658027]
 [213.           0.18640001   0.00626897]
 [214.           0.18660001   0.00661816]
 [215.           0.187        0.008544  ]
 [216.           0.18739998   0.00861974]
 [217.           0.1858       0.00914877]
 [218.           0.1884       0.01013903]
 [219.           0.1908       0.0101341 ]
 [220.           0.19         0.01137981]
 [221.           0.18980001   0.01158447]
 [222.           0.1904       0.01105893]
 [223.           0.19020002   0.00988433]
 [224.           0.1872       0.01032957]
 [225.           0.1872       0.01003494]
 [226.           0.1868       0.00985901]
 [227.           0.18599999   0.00919239]
 [228.           0.18480001   0.00892748]
 [229.           0.186        0.00751665]
 [230.           0.1866       0.0061887 ]
 [231.           0.18620001   0.00589067]
 [232.           0.1858       0.0067231 ]
 [233.           0.1864       0.00709226]
 [234.           0.1856       0.00680441]
 [235.           0.184        0.00578792]
 [236.           0.1826       0.00665583]
 [237.           0.1828       0.00668581]
 [238.           0.1844       0.00723187]
 [239.           0.18540001   0.00847348]
 [240.           0.1858       0.011077  ]
 [241.           0.1868       0.01231666]
 [242.           0.18840002   0.0132778 ]
 [243.           0.1886       0.01355728]
 [244.           0.1888       0.01291124]
 [245.           0.19         0.00806225]
 [246.           0.19039999   0.00230218]
 [247.           0.1886       0.00230217]
 [248.           0.1856       0.00594138]
 [249.           0.1842       0.00804363]
 [250.           0.18380001   0.00779102]
 [251.           0.18340002   0.00630872]
 [252.           0.18240002   0.00563914]
 [253.           0.1836       0.00545894]
 [254.           0.182        0.00916515]
 [255.           0.1824       0.01169615]
 [256.           0.1826       0.01114899]
 [257.           0.183        0.0110227 ]
 [258.           0.18280001   0.01098636]
 [259.           0.1846       0.00971083]
 [260.           0.1868       0.00895545]
 [261.           0.18740001   0.0086487 ]
 [262.           0.1876       0.00915424]
 [263.           0.1858       0.0085557 ]
 [264.           0.1842       0.00756307]
 [265.           0.184        0.005     ]
 [266.           0.18380001   0.00563028]
 [267.           0.18700002   0.00604152]
 [268.           0.1876       0.00630873]
 [269.           0.18900001   0.00632455]
 [270.           0.18840002   0.00730069]
 [271.           0.1878       0.00729383]
 [272.           0.1878       0.00858487]
 [273.           0.1864       0.00947628]
 [274.           0.1856       0.00976217]
 [275.           0.1842       0.00952365]
 [276.           0.18120001   0.00952365]
 [277.           0.1806       0.01013903]
 [278.           0.1812       0.00967988]
 [279.           0.1844       0.00971082]
 [280.           0.18540001   0.00856154]
 [281.           0.1876       0.00838451]
 [282.           0.1912       0.00414729]
 [283.           0.191        0.00474341]
 [284.           0.1922       0.00840833]
 [285.           0.1926       0.01308816]
 [286.           0.1894       0.01429335]
 [287.           0.18540001   0.01474109]
 [288.           0.18280001   0.0123774 ]
 [289.           0.18100001   0.01197915]
 [290.           0.1806       0.01186591]
 [291.           0.1804       0.01128273]
 [292.           0.1808       0.00952365]
 [293.           0.1806       0.00882043]
 [294.           0.1828       0.00785493]
 [295.           0.18620001   0.00858486]
 [296.           0.1876       0.00669328]
 [297.           0.1876       0.00654217]
 [298.           0.1876       0.00756968]
 [299.           0.1876       0.00750333]
 [300.           0.1868       0.00867179]
 [301.           0.1874       0.00947629]
 [302.           0.1886       0.01016366]
 [303.           0.1888       0.0101341 ]
 [304.           0.1894       0.00996494]
 [305.           0.18980001   0.00993479]
 [306.           0.1892       0.00732803]
 [307.           0.1882       0.00719027]
 [308.           0.1886       0.00740271]
 [309.           0.1888       0.00759605]
 [310.           0.1888       0.00759605]
 [311.           0.189        0.00734847]
 [312.           0.1892       0.00676017]
 [313.           0.18660001   0.00719722]
 [314.           0.185        0.00796868]
 [315.           0.1842       0.00925743]
 [316.           0.1836       0.00912688]
 [317.           0.18180001   0.00605805]
 [318.           0.1806       0.0045607 ]
 [319.           0.18020001   0.00535724]
 [320.           0.1806       0.00820366]
 [321.           0.1806       0.00893308]
 [322.           0.1836       0.00978775]
 [323.           0.1844       0.00907194]
 [324.           0.1846       0.00838451]
 [325.           0.1868       0.00690652]
 [326.           0.1914       0.00270185]
 [327.           0.1926       0.00328633]
 [328.           0.1928       0.00363318]
 [329.           0.19240001   0.00403733]
 [330.           0.19060001   0.00472228]
 [331.           0.1888       0.00697853]
 [332.           0.187        0.00796869]
 [333.           0.1858       0.00746324]
 [334.           0.1852       0.00630079]
 [335.           0.1834       0.00517687]
 [336.           0.18100001   0.00469041]
 [337.           0.18180001   0.00580517]
 [338.           0.18480001   0.00605805]
 [339.           0.18640001   0.00531977]
 [340.           0.18800001   0.00474341]
 [341.           0.1914       0.00403732]
 [342.           0.19319999   0.00609918]
 [343.           0.1952       0.00759605]
 [344.           0.19579999   0.00729384]
 [345.           0.1966       0.01087658]
 [346.           0.1972       0.01200833]
 [347.           0.199        0.0137659 ]
 [348.           0.19759999   0.01240161]
 [349.           0.1984       0.0168612 ]
 [350.           0.1972       0.01901842]
 [351.           0.1946       0.02120849]
 [352.           0.19240001   0.02230023]
 [353.           0.1882       0.02434543]
 [354.           0.1882       0.02640454]
 [355.           0.1848       0.02493392]
 [356.           0.1876       0.02429609]
 [357.           0.18800001   0.02337734]
 [358.           0.18800001   0.02134244]
 [359.           0.18980001   0.01853915]
 [360.           0.1902       0.01623884]
 [361.           0.191        0.01240967]
 [362.           0.19240001   0.01123833]
 [363.           0.1938       0.01013411]
 [364.           0.1932       0.01035374]
 [365.           0.19219999   0.01149782]
 [366.           0.192        0.01097725]
 [367.           0.1914       0.01110405]
 [368.           0.1912       0.01049762]
 [369.           0.1906       0.00991463]
 [370.           0.18980001   0.01063954]
 [371.           0.19000001   0.00860232]
 [372.           0.1886       0.01099091]
 [373.           0.18800001   0.01286468]
 [374.           0.18800001   0.01408901]
 [375.           0.1888       0.01475466]
 [376.           0.1896       0.01436315]
 [377.           0.1912       0.01442914]
 [378.           0.1916       0.0133529 ]
 [379.           0.1928       0.01116692]
 [380.           0.193        0.01183216]
 [381.           0.19340001   0.01256184]
 [382.           0.1924       0.01357571]
 [383.           0.193        0.01537856]
 [384.           0.193        0.01581139]
 [385.           0.1924       0.01546932]
 [386.           0.1924       0.01779888]
 [387.           0.18980001   0.01704992]
 [388.           0.1894       0.01856879]
 [389.           0.1908       0.01684339]
 [390.           0.1922       0.01622344]
 [391.           0.1948       0.01554671]
 [392.           0.1942       0.01728294]
 [393.           0.1954       0.01784096]
 [394.           0.1964       0.0195141 ]
 [395.           0.1966       0.02144294]
 [396.           0.19539998   0.02263404]
 [397.           0.19559999   0.02246775]
 [398.           0.19559999   0.02370232]
 [399.           0.1948       0.02417023]
 [400.           0.1954       0.02307163]]
Dataset       :Citeseer
Model         :GCN
Conden ratio  :0.25
GC            :5
LearnA        :0
Max Test Accuracy:
0.279
Best Result: Epoch   Acc  Std.
               22 0.2324  0.0044
