Set seed
Model Cheby
--------------------------------------------------
The 1th iteration:
--------------------------------------------------
--------------------------------------------------
The 2th iteration:
--------------------------------------------------
--------------------------------------------------
The 3th iteration:
--------------------------------------------------
--------------------------------------------------
The 4th iteration:
--------------------------------------------------
--------------------------------------------------
The 5th iteration:
--------------------------------------------------
[[  1.           0.175        0.03607631]
 [  2.           0.1948       0.0472144 ]
 [  3.           0.2388       0.05179962]
 [  4.           0.26560003   0.05884556]
 [  5.           0.2868       0.05217949]
 [  6.           0.3072       0.06936643]
 [  7.           0.354        0.05681989]
 [  8.           0.3838       0.05023644]
 [  9.           0.4004       0.06023538]
 [ 10.           0.41560003   0.06268413]
 [ 11.           0.42939997   0.04265325]
 [ 12.           0.43420002   0.0414753 ]
 [ 13.           0.4534       0.04811756]
 [ 14.           0.46820003   0.04244055]
 [ 15.           0.4762       0.03886773]
 [ 16.           0.4856       0.03956388]
 [ 17.           0.49499997   0.0360347 ]
 [ 18.           0.506        0.02987473]
 [ 19.           0.5122       0.02731667]
 [ 20.           0.512        0.0272305 ]
 [ 21.           0.5138       0.03261441]
 [ 22.           0.51820004   0.0342593 ]
 [ 23.           0.5212       0.02920957]
 [ 24.           0.5252       0.02294995]
 [ 25.           0.5288       0.016769  ]
 [ 26.           0.53520006   0.02072918]
 [ 27.           0.5386001    0.02322284]
 [ 28.           0.54039997   0.02455199]
 [ 29.           0.5402       0.02312357]
 [ 30.           0.5432       0.02004247]
 [ 31.           0.5476       0.01553383]
 [ 32.           0.54960006   0.01357573]
 [ 33.           0.5508       0.01331167]
 [ 34.           0.55240005   0.01062073]
 [ 35.           0.5546       0.00991464]
 [ 36.           0.557        0.01041633]
 [ 37.           0.55759996   0.01105893]
 [ 38.           0.56         0.01044029]
 [ 39.           0.5612       0.0090388 ]
 [ 40.           0.5632       0.01314154]
 [ 41.           0.565        0.0146799 ]
 [ 42.           0.5654       0.01417038]
 [ 43.           0.5676       0.01485936]
 [ 44.           0.56759995   0.01564607]
 [ 45.           0.5688       0.01472074]
 [ 46.           0.5698       0.01478851]
 [ 47.           0.5694       0.01504329]
 [ 48.           0.57039994   0.0169204 ]
 [ 49.           0.5716       0.01596244]
 [ 50.           0.57140005   0.01596245]
 [ 51.           0.5728       0.01565887]
 [ 52.           0.57460004   0.01450174]
 [ 53.           0.5752       0.01465262]
 [ 54.           0.5748       0.01508974]
 [ 55.           0.57540005   0.01551773]
 [ 56.           0.5768       0.01495661]
 [ 57.           0.577        0.01445683]
 [ 58.           0.5784       0.01467312]
 [ 59.           0.5784       0.01467312]
 [ 60.           0.5788       0.01323631]
 [ 61.           0.58000004   0.01290349]
 [ 62.           0.57919997   0.01209132]
 [ 63.           0.58000004   0.01178984]
 [ 64.           0.58120006   0.01138857]
 [ 65.           0.5822       0.01219427]
 [ 66.           0.5832       0.01156287]
 [ 67.           0.58460003   0.01180253]
 [ 68.           0.58540004   0.01217783]
 [ 69.           0.5846       0.01299229]
 [ 70.           0.5852       0.01219426]
 [ 71.           0.585        0.01131372]
 [ 72.           0.5858       0.01257779]
 [ 73.           0.58540004   0.0115888 ]
 [ 74.           0.5862       0.01091787]
 [ 75.           0.5878       0.01132255]
 [ 76.           0.5894       0.01021273]
 [ 77.           0.58980006   0.00957601]
 [ 78.           0.59000003   0.00951314]
 [ 79.           0.5908       0.009654  ]
 [ 80.           0.59159994   0.01016367]
 [ 81.           0.592        0.01044032]
 [ 82.           0.5918       0.01114451]
 [ 83.           0.5922       0.01186171]
 [ 84.           0.5914       0.01205407]
 [ 85.           0.59180003   0.012276  ]
 [ 86.           0.5914       0.01266096]
 [ 87.           0.5914       0.01238143]
 [ 88.           0.5914001    0.01283743]
 [ 89.           0.59160006   0.01293443]
 [ 90.           0.592        0.01309578]
 [ 91.           0.59300005   0.01423026]
 [ 92.           0.5934       0.01577338]
 [ 93.           0.5936       0.01594679]
 [ 94.           0.5934       0.01520856]
 [ 95.           0.5942       0.01595935]
 [ 96.           0.593        0.01547578]
 [ 97.           0.5946       0.01683152]
 [ 98.           0.59160006   0.01564609]
 [ 99.           0.5948       0.01856612]
 [100.           0.5932       0.01634623]
 [101.           0.59419996   0.01603746]
 [102.           0.59639996   0.01856879]
 [103.           0.59440005   0.01597811]
 [104.           0.59440005   0.01604057]
 [105.           0.598        0.01930028]
 [106.           0.59540004   0.016562  ]
 [107.           0.5944       0.01431083]
 [108.           0.59860003   0.01974336]
 [109.           0.59920007   0.01553062]
 [110.           0.59560007   0.01622651]
 [111.           0.5994       0.01610281]
 [112.           0.6006       0.02018166]
 [113.           0.60120004   0.0171085 ]
 [114.           0.59840006   0.01530685]
 [115.           0.6016       0.01810523]
 [116.           0.6034       0.01706748]
 [117.           0.6004       0.01532318]
 [118.           0.60260004   0.01674215]
 [119.           0.6056       0.0177426 ]
 [120.           0.60359997   0.01716977]
 [121.           0.60300004   0.01524794]
 [122.           0.6068       0.01734071]
 [123.           0.60480005   0.017427  ]
 [124.           0.6052       0.016769  ]
 [125.           0.6052       0.01745565]
 [126.           0.6068       0.01681366]
 [127.           0.60700005   0.01744993]
 [128.           0.60580003   0.01721046]
 [129.           0.60760003   0.01786896]
 [130.           0.6082       0.01845806]
 [131.           0.60620004   0.01577023]
 [132.           0.6066       0.01715517]
 [133.           0.6086001    0.01850134]
 [134.           0.6078       0.01713767]
 [135.           0.609        0.01847971]
 [136.           0.6092       0.01789413]
 [137.           0.6084       0.01735798]
 [138.           0.6094       0.01786896]
 [139.           0.6088       0.01793599]
 [140.           0.61160004   0.01908664]
 [141.           0.6092       0.01840379]
 [142.           0.6106       0.01883613]
 [143.           0.61         0.01826199]
 [144.           0.61140007   0.01942419]
 [145.           0.60980004   0.01859301]
 [146.           0.61160004   0.0195269 ]
 [147.           0.6116       0.01916507]
 [148.           0.611        0.01860107]
 [149.           0.6128       0.01979141]
 [150.           0.6112       0.017936  ]
 [151.           0.61300004   0.01978636]
 [152.           0.61219996   0.01893939]
 [153.           0.6118       0.01981665]
 [154.           0.61300004   0.01873498]
 [155.           0.6126       0.01813285]
 [156.           0.61359996   0.02026821]
 [157.           0.6132       0.0181714 ]
 [158.           0.614        0.0205061 ]
 [159.           0.6146       0.01993238]
 [160.           0.6136       0.01978129]
 [161.           0.6146       0.02074366]
 [162.           0.61480004   0.0206809 ]
 [163.           0.6138       0.0203027 ]
 [164.           0.6152       0.0214872 ]
 [165.           0.6148       0.0212179 ]
 [166.           0.6144       0.019857  ]
 [167.           0.6152       0.0220159 ]
 [168.           0.6136       0.01999501]
 [169.           0.61700004   0.02232711]
 [170.           0.61620003   0.02107605]
 [171.           0.61560005   0.02047682]
 [172.           0.6154       0.02250112]
 [173.           0.61700004   0.02088061]
 [174.           0.6166       0.02294123]
 [175.           0.615        0.02080865]
 [176.           0.6176       0.02298475]
 [177.           0.61560005   0.02088779]
 [178.           0.6172       0.02174166]
 [179.           0.61660004   0.02196132]
 [180.           0.6158       0.02134712]
 [181.           0.61700004   0.02353721]
 [182.           0.6162       0.02179909]
 [183.           0.6182       0.02337091]
 [184.           0.6168       0.02131196]
 [185.           0.6172       0.02265391]
 [186.           0.6182       0.02270903]
 [187.           0.618        0.0219431 ]
 [188.           0.6186       0.02341579]
 [189.           0.61759996   0.02242321]
 [190.           0.618        0.02237186]
 [191.           0.61840004   0.02304996]
 [192.           0.6192       0.02265391]
 [193.           0.62         0.02474873]
 [194.           0.6182       0.02317757]
 [195.           0.62060004   0.02528439]
 [196.           0.61840004   0.02424459]
 [197.           0.6194       0.02472448]
 [198.           0.619        0.02541653]
 [199.           0.61980003   0.02381597]
 [200.           0.61980003   0.02505394]
 [201.           0.6196       0.02433723]
 [202.           0.6202       0.02501399]
 [203.           0.6196       0.02524479]
 [204.           0.6194       0.02416195]
 [205.           0.6196       0.02559882]
 [206.           0.6196       0.02324436]
 [207.           0.6208       0.02566516]
 [208.           0.61980003   0.02405619]
 [209.           0.621        0.0255343 ]
 [210.           0.6188       0.02491384]
 [211.           0.62020004   0.02515352]
 [212.           0.6194       0.02470425]
 [213.           0.621        0.02546567]
 [214.           0.6194       0.0259673 ]
 [215.           0.6212       0.02601346]
 [216.           0.62         0.02658948]
 [217.           0.6212       0.02543031]
 [218.           0.62000006   0.02580697]
 [219.           0.62160003   0.02579341]
 [220.           0.6214       0.02710719]
 [221.           0.62160003   0.02651036]
 [222.           0.6238       0.02848156]
 [223.           0.6214       0.0277002 ]
 [224.           0.6238       0.02870016]
 [225.           0.6216       0.02861469]
 [226.           0.624        0.0279016 ]
 [227.           0.6224       0.03017947]
 [228.           0.62340003   0.02775427]
 [229.           0.6254       0.03047623]
 [230.           0.62360007   0.02800535]
 [231.           0.6258       0.03026882]
 [232.           0.6238       0.02773445]
 [233.           0.62740004   0.03106124]
 [234.           0.6252       0.02967658]
 [235.           0.6276       0.0312218 ]
 [236.           0.6262       0.03026056]
 [237.           0.6268       0.02985299]
 [238.           0.6276       0.03055815]
 [239.           0.62600005   0.02940238]
 [240.           0.6278       0.03099517]
 [241.           0.62740004   0.02961925]
 [242.           0.628        0.02999167]
 [243.           0.62880003   0.03027705]
 [244.           0.62860006   0.02959392]
 [245.           0.62860006   0.03066432]
 [246.           0.6278       0.0290895 ]
 [247.           0.62880003   0.03075224]
 [248.           0.62880003   0.03020264]
 [249.           0.6284       0.02941598]
 [250.           0.6282       0.03153094]
 [251.           0.62939996   0.03026219]
 [252.           0.62880003   0.03082532]
 [253.           0.63         0.03171751]
 [254.           0.6294       0.02980436]
 [255.           0.6296       0.03205152]
 [256.           0.62860006   0.02963612]
 [257.           0.62839997   0.03271543]
 [258.           0.63         0.03128898]
 [259.           0.6298       0.03065452]
 [260.           0.6304       0.03212943]
 [261.           0.63000005   0.03136079]
 [262.           0.6312       0.0321123 ]
 [263.           0.6294       0.03203592]
 [264.           0.6308       0.03104352]
 [265.           0.63000005   0.03085451]
 [266.           0.631        0.03134485]
 [267.           0.6306       0.03178523]
 [268.           0.63060004   0.03090794]
 [269.           0.6324       0.0320203 ]
 [270.           0.6312       0.03202656]
 [271.           0.6326       0.03176161]
 [272.           0.6326       0.03159589]
 [273.           0.6324       0.03270015]
 [274.           0.633        0.03282529]
 [275.           0.633        0.03303029]
 [276.           0.6334       0.0321994 ]
 [277.           0.633        0.03363778]
 [278.           0.63280004   0.03184651]
 [279.           0.63320005   0.03312401]
 [280.           0.634        0.03387477]
 [281.           0.63339996   0.03295149]
 [282.           0.63379997   0.03406171]
 [283.           0.63379997   0.03194842]
 [284.           0.633        0.03382307]
 [285.           0.63420004   0.0327521 ]
 [286.           0.6332       0.03401764]
 [287.           0.63460004   0.03330616]
 [288.           0.63500005   0.03335414]
 [289.           0.63580006   0.03445578]
 [290.           0.63499993   0.03347388]
 [291.           0.6348       0.03419356]
 [292.           0.6364       0.03387182]
 [293.           0.63420004   0.03417162]
 [294.           0.637        0.03438751]
 [295.           0.6344       0.03513261]
 [296.           0.637        0.03560196]
 [297.           0.63600004   0.03570014]
 [298.           0.6372       0.03519517]
 [299.           0.637        0.03541185]
 [300.           0.6362       0.03549928]
 [301.           0.6378       0.03552043]
 [302.           0.63640004   0.03510413]
 [303.           0.6368       0.03524485]
 [304.           0.6358       0.03518094]
 [305.           0.6372       0.0362036 ]
 [306.           0.6352       0.03589847]
 [307.           0.63720006   0.03661558]
 [308.           0.6364       0.03643215]
 [309.           0.63600004   0.03681033]
 [310.           0.6354       0.03544433]
 [311.           0.6346       0.03612894]
 [312.           0.6368       0.03531572]
 [313.           0.634        0.03555981]
 [314.           0.6372       0.03566091]
 [315.           0.63500005   0.03539776]
 [316.           0.6368       0.03524485]
 [317.           0.63479996   0.03547817]
 [318.           0.6362       0.03523776]
 [319.           0.63600004   0.03548943]
 [320.           0.6364       0.03599723]
 [321.           0.63640004   0.03531713]
 [322.           0.6362       0.03456443]
 [323.           0.63720006   0.03510981]
 [324.           0.6364       0.03479653]
 [325.           0.63780004   0.0353157 ]
 [326.           0.6372       0.03392934]
 [327.           0.6376       0.03465978]
 [328.           0.63740003   0.03380533]
 [329.           0.6384       0.03535252]
 [330.           0.6376       0.03375352]
 [331.           0.6372       0.03509557]
 [332.           0.63780004   0.03304089]
 [333.           0.63720006   0.03498142]
 [334.           0.63740003   0.03369423]
 [335.           0.63740003   0.03508275]
 [336.           0.6382       0.03420088]
 [337.           0.6376       0.03401912]
 [338.           0.63900006   0.03394849]
 [339.           0.6362       0.03387772]
 [340.           0.6382       0.03419359]
 [341.           0.6376       0.03288312]
 [342.           0.63900006   0.03425639]
 [343.           0.6372       0.03288922]
 [344.           0.638        0.03236509]
 [345.           0.637        0.03258832]
 [346.           0.6374       0.03321597]
 [347.           0.6382       0.0329803 ]
 [348.           0.63780004   0.03340211]
 [349.           0.6382       0.03372982]
 [350.           0.63740003   0.03477499]
 [351.           0.6364       0.0330651 ]
 [352.           0.637        0.0340661 ]
 [353.           0.638        0.03276429]
 [354.           0.6378       0.0331391 ]
 [355.           0.6374       0.03338113]
 [356.           0.6366       0.03254689]
 [357.           0.6384       0.03477499]
 [358.           0.6376       0.03192647]
 [359.           0.6376       0.03450072]
 [360.           0.63759995   0.03218384]
 [361.           0.638        0.03357081]
 [362.           0.6382       0.0326144 ]
 [363.           0.638        0.03232647]
 [364.           0.6368       0.03444125]
 [365.           0.6376       0.03234656]
 [366.           0.6382       0.03348431]
 [367.           0.638        0.03297726]
 [368.           0.6376       0.03269251]
 [369.           0.6384       0.03251616]
 [370.           0.63720006   0.03253767]
 [371.           0.6384       0.03242375]
 [372.           0.638        0.03186692]
 [373.           0.63740003   0.03247768]
 [374.           0.6386       0.03209829]
 [375.           0.637        0.03268026]
 [376.           0.638        0.03155155]
 [377.           0.6372       0.03246073]
 [378.           0.637        0.03219473]
 [379.           0.63760006   0.03321595]
 [380.           0.6382       0.03119615]
 [381.           0.63780004   0.03190141]
 [382.           0.63900006   0.03242686]
 [383.           0.63780004   0.03116407]
 [384.           0.6384       0.03314062]
 [385.           0.63860005   0.03148489]
 [386.           0.6376       0.03344098]
 [387.           0.6378       0.03215121]
 [388.           0.63740003   0.03356784]
 [389.           0.6394       0.03206711]
 [390.           0.6376       0.03333616]
 [391.           0.63920003   0.03229859]
 [392.           0.6382       0.03174429]
 [393.           0.6388001    0.03212008]
 [394.           0.6386       0.03247   ]
 [395.           0.639        0.03348882]
 [396.           0.6386       0.03182451]
 [397.           0.6376       0.03245459]
 [398.           0.6372       0.03347687]
 [399.           0.6394       0.03266955]
 [400.           0.63780004   0.03382603]]
Dataset       :Citeseer
Model         :Cheby
Conden ratio  :1.0
GC            :4
LearnA        :0
Max Test Accuracy:
0.67
Best Result: Epoch   Acc  Std.
               389 0.6394  0.0321
