Set seed
Model SGC
--------------------------------------------------
The 1th iteration:
--------------------------------------------------
--------------------------------------------------
The 2th iteration:
--------------------------------------------------
--------------------------------------------------
The 3th iteration:
--------------------------------------------------
--------------------------------------------------
The 4th iteration:
--------------------------------------------------
--------------------------------------------------
The 5th iteration:
--------------------------------------------------
[[  1.           0.26279998   0.03708369]
 [  2.           0.34600002   0.03771605]
 [  3.           0.4144       0.03454417]
 [  4.           0.4618       0.02825243]
 [  5.           0.49400002   0.03286334]
 [  6.           0.5188       0.02379495]
 [  7.           0.5406       0.02377604]
 [  8.           0.55300003   0.02477901]
 [  9.           0.56240004   0.02368123]
 [ 10.           0.5694       0.02098332]
 [ 11.           0.57559997   0.02183576]
 [ 12.           0.583        0.02029779]
 [ 13.           0.58739996   0.01878297]
 [ 14.           0.5906       0.01757273]
 [ 15.           0.5928       0.01619259]
 [ 16.           0.5952       0.01293059]
 [ 17.           0.599        0.01391041]
 [ 18.           0.60120004   0.01255786]
 [ 19.           0.6042       0.01156288]
 [ 20.           0.60620004   0.01147608]
 [ 21.           0.6068       0.01070978]
 [ 22.           0.608        0.01109053]
 [ 23.           0.609        0.01088578]
 [ 24.           0.61         0.00966957]
 [ 25.           0.61020005   0.01010942]
 [ 26.           0.61120003   0.00901111]
 [ 27.           0.61140007   0.00937014]
 [ 28.           0.6124       0.00844395]
 [ 29.           0.61300004   0.00866024]
 [ 30.           0.6134       0.00853227]
 [ 31.           0.6134       0.00820367]
 [ 32.           0.6132       0.00831866]
 [ 33.           0.6134       0.00838451]
 [ 34.           0.6134       0.00838451]
 [ 35.           0.6132       0.00834864]
 [ 36.           0.614        0.00851469]
 [ 37.           0.61340004   0.00750335]
 [ 38.           0.6132       0.00687027]
 [ 39.           0.61280006   0.00722494]
 [ 40.           0.6126       0.00763543]
 [ 41.           0.6124       0.00753656]
 [ 42.           0.6126       0.00763543]
 [ 43.           0.61280006   0.00785492]
 [ 44.           0.6118       0.00759605]
 [ 45.           0.6118       0.00756307]
 [ 46.           0.61160004   0.00661817]
 [ 47.           0.61120003   0.00506951]
 [ 48.           0.61219996   0.00526306]
 [ 49.           0.61300004   0.00538515]
 [ 50.           0.6118       0.00535722]
 [ 51.           0.61120003   0.0051672 ]
 [ 52.           0.611        0.00494976]
 [ 53.           0.612        0.00547722]
 [ 54.           0.61219996   0.00549545]
 [ 55.           0.6122       0.00408657]
 [ 56.           0.613        0.00406203]
 [ 57.           0.613        0.00406203]
 [ 58.           0.6122       0.00414728]
 [ 59.           0.6124       0.00328633]
 [ 60.           0.61219996   0.00327111]
 [ 61.           0.611        0.00273862]
 [ 62.           0.6104       0.00450555]
 [ 63.           0.61020005   0.00486828]
 [ 64.           0.6102       0.00414733]
 [ 65.           0.61039996   0.00279286]
 [ 66.           0.61140007   0.002881  ]
 [ 67.           0.611        0.00254951]
 [ 68.           0.6104       0.00230218]
 [ 69.           0.6106       0.00219089]
 [ 70.           0.6106       0.00230215]
 [ 71.           0.61079997   0.00216796]
 [ 72.           0.61079997   0.00216796]
 [ 73.           0.611        0.00234521]
 [ 74.           0.611        0.00234521]
 [ 75.           0.6112       0.00238745]
 [ 76.           0.61160004   0.00328634]
 [ 77.           0.6126       0.00279288]
 [ 78.           0.6124       0.00288097]
 [ 79.           0.6124       0.00260767]
 [ 80.           0.61160004   0.00207363]
 [ 81.           0.6108       0.00130381]
 [ 82.           0.611        0.00122474]
 [ 83.           0.611        0.00158112]
 [ 84.           0.61079997   0.00192354]
 [ 85.           0.6104       0.00230218]
 [ 86.           0.6104       0.00343512]
 [ 87.           0.61         0.00273861]
 [ 88.           0.61         0.00187084]
 [ 89.           0.61         0.00187084]
 [ 90.           0.6106       0.00230215]
 [ 91.           0.6104       0.00384707]
 [ 92.           0.6104       0.00304959]
 [ 93.           0.6086001    0.00207364]
 [ 94.           0.60840005   0.00251   ]
 [ 95.           0.6078       0.00334665]
 [ 96.           0.6072001    0.0032711 ]
 [ 97.           0.6072001    0.0032711 ]
 [ 98.           0.6068       0.0037683 ]
 [ 99.           0.6066       0.00357771]
 [100.           0.606        0.00424267]
 [101.           0.6054       0.00415934]
 [102.           0.60480005   0.00389874]
 [103.           0.6042       0.00420715]
 [104.           0.60319996   0.00327109]
 [105.           0.60260004   0.00288098]
 [106.           0.60199994   0.0041231 ]
 [107.           0.6012       0.00486827]
 [108.           0.6008       0.00460436]
 [109.           0.59980005   0.00526307]
 [110.           0.5994       0.00559466]
 [111.           0.59840006   0.00545893]
 [112.           0.5982       0.00535725]
 [113.           0.5974       0.00477495]
 [114.           0.5976       0.0043359 ]
 [115.           0.5972       0.00408658]
 [116.           0.597        0.00393702]
 [117.           0.5962       0.0035637 ]
 [118.           0.59580004   0.00389872]
 [119.           0.59540004   0.00427784]
 [120.           0.59440005   0.00403732]
 [121.           0.5934       0.00450555]
 [122.           0.59260005   0.00527257]
 [123.           0.59260005   0.00522493]
 [124.           0.5928001    0.00535723]
 [125.           0.5928001    0.00535723]
 [126.           0.592        0.00494975]
 [127.           0.5918       0.00476446]
 [128.           0.591        0.00447212]
 [129.           0.5906       0.00409878]
 [130.           0.59020007   0.00408658]
 [131.           0.5889999    0.00393701]
 [132.           0.58879995   0.00396231]
 [133.           0.5886       0.0040373 ]
 [134.           0.58820003   0.0039623 ]
 [135.           0.5878       0.00438178]
 [136.           0.5872       0.00363319]
 [137.           0.5872       0.00363319]
 [138.           0.5874       0.00328633]
 [139.           0.58680004   0.00238746]
 [140.           0.58680004   0.00238746]
 [141.           0.5866       0.00250998]
 [142.           0.58620006   0.00268326]
 [143.           0.586        0.00254948]
 [144.           0.586        0.00254948]
 [145.           0.5858       0.00268327]
 [146.           0.5852       0.00238746]
 [147.           0.5844       0.00336155]
 [148.           0.5844       0.00336155]
 [149.           0.58400005   0.00339119]
 [150.           0.5838       0.00311451]
 [151.           0.5834       0.00350714]
 [152.           0.58280003   0.00294958]
 [153.           0.5822       0.00327107]
 [154.           0.58180004   0.00303313]
 [155.           0.5816       0.00343513]
 [156.           0.58140004   0.00296646]
 [157.           0.5808       0.00349286]
 [158.           0.5808       0.00349286]
 [159.           0.58059996   0.00320937]
 [160.           0.5802       0.00334665]
 [161.           0.58000004   0.00316228]
 [162.           0.5794       0.00320936]
 [163.           0.57860005   0.00397491]
 [164.           0.57860005   0.00397491]
 [165.           0.5784       0.00384707]
 [166.           0.5784       0.00384707]
 [167.           0.57820004   0.00426614]
 [168.           0.578        0.00406201]
 [169.           0.5778       0.00389871]
 [170.           0.5774       0.00378154]
 [171.           0.57699996   0.00353555]
 [172.           0.5766       0.00328634]
 [173.           0.576        0.00316229]
 [174.           0.576        0.00316229]
 [175.           0.57540005   0.00328632]
 [176.           0.57540005   0.00328632]
 [177.           0.57540005   0.00328632]
 [178.           0.575        0.00324037]
 [179.           0.5748       0.00356373]
 [180.           0.5748       0.00356373]
 [181.           0.57420003   0.00349284]
 [182.           0.5736       0.00336156]
 [183.           0.5736       0.00336156]
 [184.           0.5736       0.00336156]
 [185.           0.5732       0.00311448]
 [186.           0.5732       0.00311448]
 [187.           0.5726       0.00304959]
 [188.           0.5726       0.00304959]
 [189.           0.57240003   0.00279286]
 [190.           0.5726       0.00304959]
 [191.           0.57240003   0.00288097]
 [192.           0.57240003   0.00288097]
 [193.           0.57199997   0.00273861]
 [194.           0.57199997   0.00273861]
 [195.           0.57199997   0.00273861]
 [196.           0.57159996   0.00288096]
 [197.           0.57159996   0.00288096]
 [198.           0.57159996   0.00288096]
 [199.           0.57199997   0.00254949]
 [200.           0.57199997   0.00254949]
 [201.           0.57199997   0.00254949]
 [202.           0.57159996   0.00270184]
 [203.           0.57159996   0.00270184]
 [204.           0.57159996   0.00270184]
 [205.           0.57159996   0.00270184]
 [206.           0.57159996   0.00270184]
 [207.           0.57199997   0.0027386 ]
 [208.           0.57199997   0.0027386 ]
 [209.           0.57199997   0.0027386 ]
 [210.           0.5722       0.00248997]
 [211.           0.5722       0.00248997]
 [212.           0.5722       0.00248997]
 [213.           0.57240003   0.00230217]
 [214.           0.57240003   0.00230217]
 [215.           0.5722       0.00228035]
 [216.           0.5722       0.00228035]
 [217.           0.5722       0.00228035]
 [218.           0.57240003   0.00194936]
 [219.           0.5722       0.00192354]
 [220.           0.572        0.00158115]
 [221.           0.57180005   0.00130386]
 [222.           0.57180005   0.00130386]
 [223.           0.57180005   0.00130386]
 [224.           0.57180005   0.00130386]
 [225.           0.5716       0.00151659]
 [226.           0.5716       0.00151659]
 [227.           0.5716       0.00151659]
 [228.           0.5718       0.00216796]
 [229.           0.57159996   0.00207365]
 [230.           0.57180005   0.00164318]
 [231.           0.57180005   0.00164318]
 [232.           0.57159996   0.00194937]
 [233.           0.57159996   0.00194937]
 [234.           0.57159996   0.00194937]
 [235.           0.5716       0.00219089]
 [236.           0.572        0.002     ]
 [237.           0.5722       0.00216795]
 [238.           0.57240003   0.00240831]
 [239.           0.57240003   0.00240831]
 [240.           0.5722       0.00228035]
 [241.           0.5726       0.00207364]
 [242.           0.5728       0.00216794]
 [243.           0.573        0.00244948]
 [244.           0.573        0.00244948]
 [245.           0.57320005   0.00277489]
 [246.           0.573        0.00244948]
 [247.           0.573        0.00244948]
 [248.           0.574        0.0023452 ]
 [249.           0.5742       0.00248998]
 [250.           0.57460004   0.00270186]
 [251.           0.575        0.00234523]
 [252.           0.5752       0.00249001]
 [253.           0.5754       0.00270189]
 [254.           0.5756       0.00270187]
 [255.           0.57600003   0.00187085]
 [256.           0.57600003   0.00234521]
 [257.           0.57580006   0.00216795]
 [258.           0.57580006   0.00216795]
 [259.           0.57580006   0.00216795]
 [260.           0.5762       0.00192353]
 [261.           0.5762       0.00192353]
 [262.           0.5762       0.00192353]
 [263.           0.5764       0.00230218]
 [264.           0.5766       0.00260767]
 [265.           0.5768       0.00258843]
 [266.           0.5768       0.00258843]
 [267.           0.5772       0.00258843]
 [268.           0.5772       0.00258843]
 [269.           0.577        0.00254949]
 [270.           0.57720006   0.00258843]
 [271.           0.57720006   0.00258843]
 [272.           0.5776       0.0030496 ]
 [273.           0.5778       0.00319374]
 [274.           0.578        0.0030822 ]
 [275.           0.578        0.00316229]
 [276.           0.5782       0.00349285]
 [277.           0.579        0.00291547]
 [278.           0.5788       0.00277489]
 [279.           0.5788       0.00277489]
 [280.           0.5794       0.0031305 ]
 [281.           0.5802       0.00311447]
 [282.           0.5804       0.00296648]
 [283.           0.5804       0.00296648]
 [284.           0.58059996   0.00270186]
 [285.           0.58059996   0.00270186]
 [286.           0.58059996   0.00270186]
 [287.           0.58100003   0.00244949]
 [288.           0.58140004   0.00288098]
 [289.           0.5816       0.00296649]
 [290.           0.5818       0.00311449]
 [291.           0.5818       0.00311449]
 [292.           0.5818       0.00311449]
 [293.           0.5822       0.0032711 ]
 [294.           0.5822       0.0032711 ]
 [295.           0.5824       0.00313051]
 [296.           0.58280003   0.00303317]
 [297.           0.58280003   0.00258845]
 [298.           0.583        0.00291549]
 [299.           0.58360004   0.00288099]
 [300.           0.58400005   0.00324039]
 [301.           0.5838       0.00349287]
 [302.           0.5842       0.00342054]
 [303.           0.5842       0.00342054]
 [304.           0.5846       0.00288099]
 [305.           0.5852       0.00258843]
 [306.           0.5852       0.00258843]
 [307.           0.5852       0.00258843]
 [308.           0.5856       0.00230217]
 [309.           0.5858       0.00238746]
 [310.           0.58620006   0.00268327]
 [311.           0.587        0.002     ]
 [312.           0.587        0.002     ]
 [313.           0.5872       0.00192355]
 [314.           0.58720005   0.00164316]
 [315.           0.5874       0.00134162]
 [316.           0.58779997   0.00130383]
 [317.           0.58779997   0.00130383]
 [318.           0.58779997   0.00130383]
 [319.           0.588        0.00158113]
 [320.           0.588        0.00158113]
 [321.           0.58779997   0.00130383]
 [322.           0.58820003   0.00164315]
 [323.           0.58820003   0.00164315]
 [324.           0.58879995   0.00164314]
 [325.           0.5886       0.00167329]
 [326.           0.58879995   0.00164314]
 [327.           0.5886       0.00151656]
 [328.           0.5884       0.00151654]
 [329.           0.5884       0.00151654]
 [330.           0.5884       0.00151654]
 [331.           0.5884       0.00151654]
 [332.           0.5884       0.00151654]
 [333.           0.58860004   0.00181659]
 [334.           0.589        0.00187082]
 [335.           0.58919996   0.00216793]
 [336.           0.58919996   0.00216793]
 [337.           0.5896       0.00194939]
 [338.           0.58980006   0.00192355]
 [339.           0.58980006   0.00192355]
 [340.           0.59000003   0.00200003]
 [341.           0.59000003   0.00200003]
 [342.           0.59020007   0.00216795]
 [343.           0.59040004   0.00230217]
 [344.           0.5906       0.00207365]
 [345.           0.5906       0.0015166 ]
 [346.           0.5906       0.0015166 ]
 [347.           0.5908       0.00164318]
 [348.           0.591        0.00141423]
 [349.           0.5912       0.00164317]
 [350.           0.5914       0.00151657]
 [351.           0.5914       0.00151657]
 [352.           0.5916       0.00167332]
 [353.           0.59180003   0.00192355]
 [354.           0.59180003   0.00238747]
 [355.           0.5922       0.00216795]
 [356.           0.5922       0.00216795]
 [357.           0.592        0.00200002]
 [358.           0.5922       0.00192355]
 [359.           0.59279996   0.00178887]
 [360.           0.59279996   0.00178887]
 [361.           0.59279996   0.00178887]
 [362.           0.59279996   0.00178887]
 [363.           0.59279996   0.00178887]
 [364.           0.59319997   0.00109546]
 [365.           0.59319997   0.00083667]
 [366.           0.59319997   0.00083667]
 [367.           0.593        0.00070713]
 [368.           0.5932       0.00083666]
 [369.           0.5936       0.00089444]
 [370.           0.5938       0.00130384]
 [371.           0.5936       0.00151659]
 [372.           0.5936       0.00151659]
 [373.           0.5938       0.00164319]
 [374.           0.5936       0.00181659]
 [375.           0.5934       0.00207363]
 [376.           0.5938       0.00178886]
 [377.           0.594        0.00158116]
 [378.           0.594        0.00158116]
 [379.           0.594        0.00158116]
 [380.           0.594        0.00158116]
 [381.           0.594        0.00158116]
 [382.           0.59400004   0.00158115]
 [383.           0.59400004   0.00158115]
 [384.           0.5942001    0.00148325]
 [385.           0.59440005   0.00167334]
 [386.           0.5948       0.00228035]
 [387.           0.5948       0.00228035]
 [388.           0.5952       0.00178885]
 [389.           0.59499997   0.00173204]
 [390.           0.59499997   0.00173204]
 [391.           0.59499997   0.00173204]
 [392.           0.59499997   0.00173204]
 [393.           0.5952       0.00164317]
 [394.           0.5952       0.00164317]
 [395.           0.5952       0.00109545]
 [396.           0.59540004   0.00114017]
 [397.           0.59540004   0.00114017]
 [398.           0.59560007   0.00134164]
 [399.           0.59580004   0.00109543]
 [400.           0.59580004   0.00109543]]
Dataset       :Citeseer
Model         :SGC
Conden ratio  :0.25
GC            :4
LearnA        :1
Max Test Accuracy:
0.626
Best Result: Epoch   Acc  Std.
               36 0.6140  0.0085
