Set seed
Model APPNP
--------------------------------------------------
The 1th iteration:
--------------------------------------------------
--------------------------------------------------
The 2th iteration:
--------------------------------------------------
--------------------------------------------------
The 3th iteration:
--------------------------------------------------
--------------------------------------------------
The 4th iteration:
--------------------------------------------------
--------------------------------------------------
The 5th iteration:
--------------------------------------------------
[[  1.           0.3262       0.08898427]
 [  2.           0.42800003   0.1030437 ]
 [  3.           0.4882       0.08924237]
 [  4.           0.51420003   0.08474787]
 [  5.           0.5326       0.0826668 ]
 [  6.           0.5412       0.07395066]
 [  7.           0.55120003   0.07148217]
 [  8.           0.5602       0.06295792]
 [  9.           0.564        0.0564225 ]
 [ 10.           0.57060003   0.0504906 ]
 [ 11.           0.5748       0.0441554 ]
 [ 12.           0.57820004   0.0432978 ]
 [ 13.           0.5804       0.04224098]
 [ 14.           0.58140004   0.04040173]
 [ 15.           0.5838       0.03900257]
 [ 16.           0.5844       0.03784575]
 [ 17.           0.58360004   0.03823348]
 [ 18.           0.58339995   0.0349113 ]
 [ 19.           0.5842       0.03250692]
 [ 20.           0.5842       0.03236048]
 [ 21.           0.5834       0.03228466]
 [ 22.           0.583        0.0332265 ]
 [ 23.           0.5804       0.03348583]
 [ 24.           0.57919997   0.03418626]
 [ 25.           0.5772       0.03258374]
 [ 26.           0.5748       0.0329044 ]
 [ 27.           0.5722       0.03275973]
 [ 28.           0.5684       0.03376833]
 [ 29.           0.56479996   0.03501714]
 [ 30.           0.5578       0.03520939]
 [ 31.           0.5546       0.03595553]
 [ 32.           0.5492       0.03974545]
 [ 33.           0.5422       0.04227528]
 [ 34.           0.5342       0.04392836]
 [ 35.           0.5296       0.0453685 ]
 [ 36.           0.5252       0.04667656]
 [ 37.           0.52         0.04720699]
 [ 38.           0.5192       0.046192  ]
 [ 39.           0.51400006   0.04651882]
 [ 40.           0.5096       0.04513092]
 [ 41.           0.5082       0.04487428]
 [ 42.           0.5056       0.04466318]
 [ 43.           0.5026       0.0426884 ]
 [ 44.           0.49840003   0.03803026]
 [ 45.           0.4968       0.03743927]
 [ 46.           0.4948       0.03353654]
 [ 47.           0.49400002   0.0298245 ]
 [ 48.           0.4934       0.02802321]
 [ 49.           0.4952       0.02624309]
 [ 50.           0.49519998   0.02546959]
 [ 51.           0.4962       0.02460083]
 [ 52.           0.4972       0.0220159 ]
 [ 53.           0.49779996   0.02118254]
 [ 54.           0.49980003   0.01961377]
 [ 55.           0.5008       0.01843094]
 [ 56.           0.50380003   0.01772568]
 [ 57.           0.50640005   0.0161183 ]
 [ 58.           0.50780004   0.01446376]
 [ 59.           0.5104       0.01333415]
 [ 60.           0.5116       0.01431084]
 [ 61.           0.51500005   0.01442222]
 [ 62.           0.5172       0.01580191]
 [ 63.           0.52040005   0.01607171]
 [ 64.           0.5238001    0.01620802]
 [ 65.           0.5264       0.0170235 ]
 [ 66.           0.5314       0.01973068]
 [ 67.           0.5346       0.02172098]
 [ 68.           0.53900003   0.02212466]
 [ 69.           0.5416       0.0235754 ]
 [ 70.           0.5432       0.02419091]
 [ 71.           0.5466       0.02481531]
 [ 72.           0.5488       0.02604228]
 [ 73.           0.5508       0.02699444]
 [ 74.           0.5518       0.02699445]
 [ 75.           0.5538       0.02803926]
 [ 76.           0.556        0.0276134 ]
 [ 77.           0.5596       0.02797857]
 [ 78.           0.5626001    0.02948388]
 [ 79.           0.56479996   0.02874368]
 [ 80.           0.5664       0.02984629]
 [ 81.           0.5694       0.03001334]
 [ 82.           0.5726       0.02966141]
 [ 83.           0.5766       0.03111752]
 [ 84.           0.57960004   0.03243919]
 [ 85.           0.58199996   0.03339911]
 [ 86.           0.58360004   0.03184024]
 [ 87.           0.5852       0.03109178]
 [ 88.           0.5866       0.03143723]
 [ 89.           0.59000003   0.03163067]
 [ 90.           0.5916       0.03187946]
 [ 91.           0.5942001    0.03177578]
 [ 92.           0.59560007   0.03294389]
 [ 93.           0.597        0.03332416]
 [ 94.           0.5974       0.03364969]
 [ 95.           0.5982       0.03444852]
 [ 96.           0.6004       0.03458758]
 [ 97.           0.60179996   0.03520938]
 [ 98.           0.60260004   0.03497571]
 [ 99.           0.6044       0.03450798]
 [100.           0.6058       0.03651987]
 [101.           0.6066       0.03718602]
 [102.           0.60760003   0.03801711]
 [103.           0.60760003   0.03752735]
 [104.           0.6078       0.03780477]
 [105.           0.60880005   0.03811432]
 [106.           0.60980004   0.03809464]
 [107.           0.6104       0.03802368]
 [108.           0.611        0.03788798]
 [109.           0.61120003   0.03705672]
 [110.           0.6118       0.03673827]
 [111.           0.61160004   0.0360666 ]
 [112.           0.6118       0.03617597]
 [113.           0.6118       0.03625191]
 [114.           0.6124       0.03497571]
 [115.           0.61300004   0.03502857]
 [116.           0.6122       0.03378906]
 [117.           0.6122       0.03313157]
 [118.           0.6126       0.03240062]
 [119.           0.61359996   0.03072948]
 [120.           0.6148       0.02937176]
 [121.           0.61560005   0.02853594]
 [122.           0.616        0.02566125]
 [123.           0.6166       0.02441924]
 [124.           0.61759996   0.02322285]
 [125.           0.61800003   0.02263846]
 [126.           0.61920005   0.02144062]
 [127.           0.6194       0.02155923]
 [128.           0.62         0.02141261]
 [129.           0.6204       0.02098331]
 [130.           0.62079996   0.02024104]
 [131.           0.6202       0.01953715]
 [132.           0.62160003   0.01855532]
 [133.           0.6224       0.01820165]
 [134.           0.62299997   0.01730606]
 [135.           0.6238       0.01669432]
 [136.           0.6254       0.01530688]
 [137.           0.6258       0.0152217 ]
 [138.           0.6262       0.01513935]
 [139.           0.6268       0.01454991]
 [140.           0.6278       0.01362719]
 [141.           0.62880003   0.01277497]
 [142.           0.629        0.01286468]
 [143.           0.62939996   0.01254193]
 [144.           0.6298       0.01247798]
 [145.           0.6298       0.01200833]
 [146.           0.6308       0.01162757]
 [147.           0.6316       0.01165333]
 [148.           0.6318       0.0117771 ]
 [149.           0.6324       0.01114898]
 [150.           0.63280004   0.01054514]
 [151.           0.63379997   0.01040191]
 [152.           0.63379997   0.01061601]
 [153.           0.634        0.01055937]
 [154.           0.6338       0.01073314]
 [155.           0.63420004   0.01032958]
 [156.           0.6346       0.01069112]
 [157.           0.635        0.01106797]
 [158.           0.6354       0.01087659]
 [159.           0.63560003   0.01066772]
 [160.           0.6354       0.01087659]
 [161.           0.63560003   0.01023721]
 [162.           0.6368       0.01084897]
 [163.           0.637        0.01065364]
 [164.           0.6368       0.01063955]
 [165.           0.637        0.01088577]
 [166.           0.6376       0.01026156]
 [167.           0.6376       0.01023718]
 [168.           0.6376       0.01026156]
 [169.           0.6378       0.01030532]
 [170.           0.638        0.01007471]
 [171.           0.6384       0.0097108 ]
 [172.           0.6392       0.00892748]
 [173.           0.6396       0.00867756]
 [174.           0.64040005   0.0081117 ]
 [175.           0.641        0.00938082]
 [176.           0.6412       0.00928438]
 [177.           0.64140004   0.00907193]
 [178.           0.64180005   0.00898331]
 [179.           0.64140004   0.00971081]
 [180.           0.64140004   0.01003992]
 [181.           0.6414       0.010015  ]
 [182.           0.6422       0.00983362]
 [183.           0.6426       0.00963329]
 [184.           0.64300007   0.00948683]
 [185.           0.6434       0.00976216]
 [186.           0.6434       0.00976216]
 [187.           0.643        0.01012423]
 [188.           0.6428       0.00978264]
 [189.           0.6436       0.010015  ]
 [190.           0.6436       0.010015  ]
 [191.           0.6436       0.0103102 ]
 [192.           0.64440006   0.01128273]
 [193.           0.64460003   0.01178134]
 [194.           0.64440006   0.01192895]
 [195.           0.6448       0.0119457 ]
 [196.           0.64460003   0.01192894]
 [197.           0.6444       0.01173881]
 [198.           0.64460003   0.01158878]
 [199.           0.645        0.01206233]
 [200.           0.6452       0.01207061]
 [201.           0.6452       0.01207061]
 [202.           0.64519995   0.01192475]
 [203.           0.6448       0.01188275]
 [204.           0.64460003   0.01203327]
 [205.           0.64460003   0.01188696]
 [206.           0.64460003   0.01150217]
 [207.           0.645        0.01172605]
 [208.           0.645        0.01106797]
 [209.           0.645        0.01106797]
 [210.           0.6456       0.01167477]
 [211.           0.64580005   0.01162755]
 [212.           0.6456       0.01221884]
 [213.           0.64540005   0.01252198]
 [214.           0.646        0.0125499 ]
 [215.           0.6464       0.01329662]
 [216.           0.6458       0.01333041]
 [217.           0.6458       0.01333041]
 [218.           0.6458       0.01333041]
 [219.           0.6458       0.01333041]
 [220.           0.64580005   0.01346105]
 [221.           0.6456       0.01353883]
 [222.           0.6456       0.01353883]
 [223.           0.64540005   0.0132212 ]
 [224.           0.6456       0.01342759]
 [225.           0.6462       0.01366382]
 [226.           0.646        0.01341641]
 [227.           0.64620006   0.01283355]
 [228.           0.64580005   0.01325519]
 [229.           0.6462       0.01289185]
 [230.           0.646        0.01298075]
 [231.           0.64620006   0.01283355]
 [232.           0.6466       0.01275931]
 [233.           0.647        0.01282575]
 [234.           0.6468       0.0132174 ]
 [235.           0.646        0.01254989]
 [236.           0.64580005   0.01241772]
 [237.           0.646        0.0121037 ]
 [238.           0.6456       0.01254192]
 [239.           0.6452       0.01181948]
 [240.           0.645        0.01214495]
 [241.           0.6448       0.01247797]
 [242.           0.645        0.01258968]
 [243.           0.645        0.01258968]
 [244.           0.6448       0.01267675]
 [245.           0.64460003   0.01348334]
 [246.           0.645        0.01354622]
 [247.           0.64519995   0.01370036]
 [248.           0.64519995   0.01370036]
 [249.           0.64519995   0.01370036]
 [250.           0.6456       0.01379493]
 [251.           0.64580005   0.013755  ]
 [252.           0.6454       0.01366748]
 [253.           0.6454       0.01366748]
 [254.           0.6456       0.01364918]
 [255.           0.64580005   0.01306523]
 [256.           0.64580005   0.01306523]
 [257.           0.6456       0.01275933]
 [258.           0.6456       0.01225968]
 [259.           0.6458       0.01257775]
 [260.           0.6456       0.01260158]
 [261.           0.646        0.01270826]
 [262.           0.646        0.01270826]
 [263.           0.6458       0.01273577]
 [264.           0.646        0.01317195]
 [265.           0.6456       0.01357571]
 [266.           0.645        0.01317195]
 [267.           0.64460003   0.0133903 ]
 [268.           0.644        0.0136565 ]
 [269.           0.64440006   0.01314535]
 [270.           0.64440006   0.01314535]
 [271.           0.6442       0.01281406]
 [272.           0.644        0.01286469]
 [273.           0.6438       0.01321742]
 [274.           0.6438       0.01321742]
 [275.           0.64360005   0.01289574]
 [276.           0.64400005   0.01300001]
 [277.           0.644        0.01350927]
 [278.           0.6442       0.01346106]
 [279.           0.644        0.01317194]
 [280.           0.6446       0.01293444]
 [281.           0.64460003   0.0127397 ]
 [282.           0.6454       0.0126016 ]
 [283.           0.6456       0.01221886]
 [284.           0.64580005   0.012518  ]
 [285.           0.646        0.01249001]
 [286.           0.64580005   0.012518  ]
 [287.           0.64580005   0.012518  ]
 [288.           0.646        0.01214496]
 [289.           0.6462       0.01245792]
 [290.           0.6464       0.01277888]
 [291.           0.6466       0.01242175]
 [292.           0.6462       0.01237739]
 [293.           0.6462       0.01237739]
 [294.           0.6462       0.01237739]
 [295.           0.64640003   0.01236122]
 [296.           0.64640003   0.01236122]
 [297.           0.6462       0.01237739]
 [298.           0.6464       0.01248198]
 [299.           0.6462       0.01215318]
 [300.           0.6462       0.01215318]
 [301.           0.6462       0.01215318]
 [302.           0.64580005   0.01225561]
 [303.           0.6456       0.01213672]
 [304.           0.6456       0.01169615]
 [305.           0.646        0.01202081]
 [306.           0.64580005   0.01143242]
 [307.           0.64580005   0.01143242]
 [308.           0.6462       0.0117771 ]
 [309.           0.6462       0.01211197]
 [310.           0.64640003   0.01219836]
 [311.           0.6462       0.01219426]
 [312.           0.646        0.01234908]
 [313.           0.6462       0.01235717]
 [314.           0.6462       0.01235717]
 [315.           0.6462       0.01235717]
 [316.           0.6462       0.01235717]
 [317.           0.6462       0.01235717]
 [318.           0.6464       0.01228005]
 [319.           0.6462       0.01227598]
 [320.           0.64659995   0.01158878]
 [321.           0.64659995   0.01158878]
 [322.           0.64659995   0.01123833]
 [323.           0.6464       0.01192895]
 [324.           0.6464       0.01192895]
 [325.           0.6464       0.01192895]
 [326.           0.64659995   0.01192895]
 [327.           0.6464       0.01186591]
 [328.           0.6464       0.01186591]
 [329.           0.6464       0.01158878]
 [330.           0.6464       0.01158878]
 [331.           0.6462       0.01158447]
 [332.           0.6462       0.01158447]
 [333.           0.6464       0.0126214 ]
 [334.           0.6462       0.01263723]
 [335.           0.6462       0.01263723]
 [336.           0.646        0.01266884]
 [337.           0.646        0.0122882 ]
 [338.           0.6464       0.0123004 ]
 [339.           0.6462       0.01263723]
 [340.           0.6462       0.01255785]
 [341.           0.646        0.01256979]
 [342.           0.6464       0.0126016 ]
 [343.           0.64660007   0.01258174]
 [344.           0.6468       0.01334915]
 [345.           0.6468       0.01334915]
 [346.           0.6468       0.01334915]
 [347.           0.647        0.01303841]
 [348.           0.6468       0.01300769]
 [349.           0.647        0.01294218]
 [350.           0.64720005   0.01227599]
 [351.           0.647        0.01258969]
 [352.           0.647        0.01328533]
 [353.           0.6468       0.01291124]
 [354.           0.64680004   0.01285302]
 [355.           0.64680004   0.01285302]
 [356.           0.647        0.01322875]
 [357.           0.64680004   0.01285302]
 [358.           0.647        0.0128841 ]
 [359.           0.64680004   0.01321741]
 [360.           0.64680004   0.01321741]
 [361.           0.6466       0.01324009]
 [362.           0.64680004   0.01329286]
 [363.           0.64680004   0.01329286]
 [364.           0.6474       0.01320227]
 [365.           0.64720005   0.01325519]
 [366.           0.64720005   0.0129692 ]
 [367.           0.6476       0.01299231]
 [368.           0.6474       0.0133529 ]
 [369.           0.6474       0.01333417]
 [370.           0.64720005   0.01325519]
 [371.           0.64760005   0.01287634]
 [372.           0.647        0.01290349]
 [373.           0.6468       0.01291124]
 [374.           0.6466       0.01297305]
 [375.           0.64680004   0.01304608]
 [376.           0.64660007   0.01312631]
 [377.           0.6468       0.01253794]
 [378.           0.64720005   0.01255788]
 [379.           0.64720005   0.01255788]
 [380.           0.647        0.01288411]
 [381.           0.647        0.01288411]
 [382.           0.6468       0.01243784]
 [383.           0.6466       0.01277888]
 [384.           0.6464       0.01277888]
 [385.           0.6462       0.01243784]
 [386.           0.6462       0.01269644]
 [387.           0.6462       0.01200832]
 [388.           0.6464       0.01209545]
 [389.           0.6464       0.01203329]
 [390.           0.6462       0.01237739]
 [391.           0.64640003   0.01236122]
 [392.           0.647        0.01313393]
 [393.           0.64640003   0.01281795]
 [394.           0.6468       0.01275538]
 [395.           0.6466       0.01244186]
 [396.           0.6466       0.01244186]
 [397.           0.6466       0.01281795]
 [398.           0.64640003   0.01289572]
 [399.           0.6464       0.01318333]
 [400.           0.6462       0.01308435]]
Dataset       :Citeseer
Model         :APPNP
Conden ratio  :0.25
GC            :3
LearnA        :0
Max Test Accuracy:
0.667
Best Result: Epoch   Acc  Std.
               371 0.6476  0.0129
