Set seed
Model Cheby
--------------------------------------------------
The 1th iteration:
--------------------------------------------------
--------------------------------------------------
The 2th iteration:
--------------------------------------------------
--------------------------------------------------
The 3th iteration:
--------------------------------------------------
--------------------------------------------------
The 4th iteration:
--------------------------------------------------
--------------------------------------------------
The 5th iteration:
--------------------------------------------------
[[  1.           0.24340001   0.04735292]
 [  2.           0.326        0.06291263]
 [  3.           0.39299998   0.07174607]
 [  4.           0.44659996   0.08421876]
 [  5.           0.4822       0.09158983]
 [  6.           0.5048       0.09360663]
 [  7.           0.5224       0.09220249]
 [  8.           0.53739995   0.09177853]
 [  9.           0.5486       0.09112793]
 [ 10.           0.55520004   0.08928157]
 [ 11.           0.562        0.08892975]
 [ 12.           0.5698       0.08640429]
 [ 13.           0.5752       0.08414096]
 [ 14.           0.5824       0.07780618]
 [ 15.           0.58760005   0.07489528]
 [ 16.           0.5938       0.07465386]
 [ 17.           0.59720004   0.07220595]
 [ 18.           0.6006       0.0714164 ]
 [ 19.           0.6014       0.07037969]
 [ 20.           0.6054       0.0666206 ]
 [ 21.           0.6068       0.06465061]
 [ 22.           0.609        0.06415996]
 [ 23.           0.6144       0.06224388]
 [ 24.           0.6172       0.06147928]
 [ 25.           0.6192       0.05988489]
 [ 26.           0.6212       0.05864042]
 [ 27.           0.623        0.055848  ]
 [ 28.           0.624        0.0550409 ]
 [ 29.           0.6244       0.05542835]
 [ 30.           0.6254       0.05613645]
 [ 31.           0.62659997   0.05592225]
 [ 32.           0.6264       0.05287061]
 [ 33.           0.62659997   0.0519307 ]
 [ 34.           0.62700003   0.05158973]
 [ 35.           0.6264       0.05072276]
 [ 36.           0.625        0.04768649]
 [ 37.           0.6226       0.04728425]
 [ 38.           0.62280005   0.04522942]
 [ 39.           0.6232       0.04571323]
 [ 40.           0.62320006   0.04380868]
 [ 41.           0.62200004   0.04294181]
 [ 42.           0.62060004   0.04273522]
 [ 43.           0.62039995   0.04299185]
 [ 44.           0.6214       0.04329318]
 [ 45.           0.6214       0.04253585]
 [ 46.           0.6202       0.04096582]
 [ 47.           0.619        0.04099389]
 [ 48.           0.6176       0.04100366]
 [ 49.           0.6174       0.0407161 ]
 [ 50.           0.6176       0.03965854]
 [ 51.           0.6182       0.03973285]
 [ 52.           0.6196       0.03818772]
 [ 53.           0.621        0.03798025]
 [ 54.           0.621        0.03771606]
 [ 55.           0.621        0.03833405]
 [ 56.           0.6216001    0.0381025 ]
 [ 57.           0.6238       0.03853182]
 [ 58.           0.62479997   0.03965726]
 [ 59.           0.6268       0.04072716]
 [ 60.           0.62740004   0.04061158]
 [ 61.           0.6282       0.04119711]
 [ 62.           0.6282       0.04142102]
 [ 63.           0.62880003   0.0413001 ]
 [ 64.           0.6304       0.04175285]
 [ 65.           0.6312       0.04059188]
 [ 66.           0.631        0.04032987]
 [ 67.           0.6318       0.03935352]
 [ 68.           0.63199997   0.03903205]
 [ 69.           0.6322       0.03872594]
 [ 70.           0.6326       0.03768023]
 [ 71.           0.6332       0.03678586]
 [ 72.           0.63280004   0.03577291]
 [ 73.           0.63280004   0.03616904]
 [ 74.           0.6322       0.0355345 ]
 [ 75.           0.63079995   0.03452102]
 [ 76.           0.63100004   0.03572814]
 [ 77.           0.6304       0.03513259]
 [ 78.           0.6296       0.03531712]
 [ 79.           0.6292       0.03552746]
 [ 80.           0.62939996   0.03552886]
 [ 81.           0.6306       0.03595554]
 [ 82.           0.6312       0.0361967 ]
 [ 83.           0.6316       0.03723305]
 [ 84.           0.6326       0.03773991]
 [ 85.           0.63359994   0.03773328]
 [ 86.           0.634        0.03812479]
 [ 87.           0.6344       0.03870788]
 [ 88.           0.63420004   0.03912415]
 [ 89.           0.63519996   0.03828447]
 [ 90.           0.6354       0.03864326]
 [ 91.           0.636        0.03724915]
 [ 92.           0.636        0.03740988]
 [ 93.           0.6358       0.03722499]
 [ 94.           0.63560003   0.03645271]
 [ 95.           0.6354       0.03623949]
 [ 96.           0.6352       0.0362381 ]
 [ 97.           0.635        0.03602776]
 [ 98.           0.6354       0.03665788]
 [ 99.           0.63600004   0.0364486 ]
 [100.           0.6362001    0.03645821]
 [101.           0.6358       0.03686733]
 [102.           0.6362       0.03603056]
 [103.           0.6366       0.03606662]
 [104.           0.63640004   0.03589292]
 [105.           0.6362001    0.03675188]
 [106.           0.6372       0.03689443]
 [107.           0.637        0.03669468]
 [108.           0.6372       0.03627259]
 [109.           0.637        0.03655135]
 [110.           0.6372       0.03694184]
 [111.           0.63780004   0.03715777]
 [112.           0.6384       0.03740721]
 [113.           0.63900006   0.03807886]
 [114.           0.63920003   0.03812742]
 [115.           0.6396       0.03775315]
 [116.           0.64000005   0.03751669]
 [117.           0.6402001    0.03709043]
 [118.           0.6402       0.03700945]
 [119.           0.64059997   0.03746732]
 [120.           0.6406       0.03686189]
 [121.           0.6408       0.03692829]
 [122.           0.6404       0.03719274]
 [123.           0.6402       0.03688768]
 [124.           0.6402       0.03688768]
 [125.           0.64040005   0.0364527 ]
 [126.           0.6402       0.03688768]
 [127.           0.6402       0.03693509]
 [128.           0.6402       0.03693509]
 [129.           0.64040005   0.03650067]
 [130.           0.64040005   0.03650067]
 [131.           0.64040005   0.03650067]
 [132.           0.64040005   0.03656226]
 [133.           0.6408       0.03683339]
 [134.           0.6408       0.03683339]
 [135.           0.6406       0.0366715 ]
 [136.           0.6406       0.0366715 ]
 [137.           0.64040005   0.03651437]
 [138.           0.64         0.03625602]
 [139.           0.64         0.03625602]
 [140.           0.64         0.03617318]
 [141.           0.64         0.03617318]
 [142.           0.64         0.03617318]
 [143.           0.6402001    0.03634143]
 [144.           0.6408       0.03564689]
 [145.           0.641        0.03579804]
 [146.           0.6412       0.03589151]
 [147.           0.641        0.03574213]
 [148.           0.6408       0.03559776]
 [149.           0.6408       0.03559776]
 [150.           0.6416       0.03484682]
 [151.           0.6416       0.03484682]
 [152.           0.6416       0.03469583]
 [153.           0.6412       0.03499571]
 [154.           0.6412       0.03493853]
 [155.           0.6412       0.03493853]
 [156.           0.6412       0.03493853]
 [157.           0.64140004   0.03450074]
 [158.           0.64140004   0.03450074]
 [159.           0.6412       0.03439042]
 [160.           0.6412       0.03439042]
 [161.           0.6416       0.03412182]
 [162.           0.64140004   0.03401911]
 [163.           0.6412       0.03392196]
 [164.           0.641        0.03378607]
 [165.           0.641        0.03378607]
 [166.           0.641        0.03378607]
 [167.           0.6412       0.03381863]
 [168.           0.64100003   0.03368977]
 [169.           0.64100003   0.03368977]
 [170.           0.64100003   0.03368977]
 [171.           0.64100003   0.03368977]
 [172.           0.6406       0.03347835]
 [173.           0.6406       0.03347835]
 [174.           0.6406       0.03347835]
 [175.           0.6406       0.03351566]
 [176.           0.6406       0.03351566]
 [177.           0.6406       0.03351566]
 [178.           0.6406       0.03351566]
 [179.           0.6406       0.03351566]
 [180.           0.64040005   0.03276889]
 [181.           0.6406       0.0323311 ]
 [182.           0.6402       0.03227538]
 [183.           0.6404       0.03230015]
 [184.           0.6404       0.03230015]
 [185.           0.6404       0.03230015]
 [186.           0.6406       0.0323311 ]
 [187.           0.6408       0.03246845]
 [188.           0.6408       0.03246845]
 [189.           0.6408       0.03246845]
 [190.           0.6412       0.03270627]
 [191.           0.6412       0.03270627]
 [192.           0.6406       0.03290593]
 [193.           0.6406       0.03290593]
 [194.           0.6406       0.03230016]
 [195.           0.6406       0.03230016]
 [196.           0.6406       0.03230016]
 [197.           0.64040005   0.03213722]
 [198.           0.64000005   0.03188261]
 [199.           0.64         0.0314086 ]
 [200.           0.64         0.0314086 ]
 [201.           0.64         0.0314086 ]
 [202.           0.64         0.0314086 ]
 [203.           0.6398       0.03137993]
 [204.           0.64         0.03154363]
 [205.           0.6398       0.03152301]
 [206.           0.6398       0.03152301]
 [207.           0.64         0.03108856]
 [208.           0.64         0.03108856]
 [209.           0.64         0.03108856]
 [210.           0.64         0.03108856]
 [211.           0.6398       0.03152301]
 [212.           0.6398       0.03152301]
 [213.           0.6398       0.03152301]
 [214.           0.6398       0.03137993]
 [215.           0.64000005   0.03153571]
 [216.           0.6402       0.03156265]
 [217.           0.64000005   0.03147223]
 [218.           0.64000005   0.03147223]
 [219.           0.64000005   0.03147223]
 [220.           0.64000005   0.03147223]
 [221.           0.6398       0.03131615]
 [222.           0.6398       0.03131615]
 [223.           0.64000005   0.03148016]
 [224.           0.6398       0.03191708]
 [225.           0.6398       0.03191708]
 [226.           0.6402001    0.03199533]
 [227.           0.64040005   0.03155632]
 [228.           0.6402001    0.03147541]
 [229.           0.6402001    0.03147541]
 [230.           0.6402001    0.03147541]
 [231.           0.6402       0.03151508]
 [232.           0.6402       0.03151508]
 [233.           0.6402       0.03151508]
 [234.           0.6404       0.0310773 ]
 [235.           0.6404       0.0310773 ]
 [236.           0.6404       0.0310773 ]
 [237.           0.6408       0.03128417]
 [238.           0.6408       0.03128417]
 [239.           0.641        0.03084639]
 [240.           0.641        0.03084639]
 [241.           0.641        0.03084639]
 [242.           0.6412       0.03099515]
 [243.           0.64140004   0.03116569]
 [244.           0.64140004   0.03116569]
 [245.           0.64140004   0.03116569]
 [246.           0.6412       0.03113199]
 [247.           0.641        0.03095965]
 [248.           0.6408       0.03093055]
 [249.           0.6408       0.03093055]
 [250.           0.6408       0.03093055]
 [251.           0.6408       0.03093055]
 [252.           0.6408       0.03093055]
 [253.           0.6408       0.03093055]
 [254.           0.6408       0.03093055]
 [255.           0.6408       0.03093055]
 [256.           0.6408       0.03093055]
 [257.           0.6408       0.03093055]
 [258.           0.6408       0.03093055]
 [259.           0.6408       0.03093055]
 [260.           0.6406       0.03077823]
 [261.           0.64040005   0.03063167]
 [262.           0.6402       0.03060555]
 [263.           0.6402       0.03060555]
 [264.           0.64040005   0.03078636]
 [265.           0.64040005   0.03078636]
 [266.           0.64040005   0.03083504]
 [267.           0.64040005   0.03083504]
 [268.           0.64040005   0.03083504]
 [269.           0.64040005   0.03073759]
 [270.           0.64040005   0.03073759]
 [271.           0.6406       0.03087556]
 [272.           0.6408       0.03089822]
 [273.           0.6408       0.03089822]
 [274.           0.6408       0.03089822]
 [275.           0.6408       0.03089822]
 [276.           0.6408       0.03089822]
 [277.           0.6408       0.03089822]
 [278.           0.6408       0.03089822]
 [279.           0.6408       0.03089822]
 [280.           0.6412       0.03113197]
 [281.           0.6412       0.03113197]
 [282.           0.6412       0.03113197]
 [283.           0.6412       0.03113197]
 [284.           0.6412       0.03113197]
 [285.           0.6412       0.03113197]
 [286.           0.64140004   0.03069691]
 [287.           0.64140004   0.03069691]
 [288.           0.641        0.03095965]
 [289.           0.641        0.03095965]
 [290.           0.641        0.03095965]
 [291.           0.641        0.03095965]
 [292.           0.6408       0.03081721]
 [293.           0.6408       0.03081721]
 [294.           0.6406       0.030648  ]
 [295.           0.64040005   0.03048442]
 [296.           0.6402       0.03045816]
 [297.           0.6402       0.03045816]
 [298.           0.6402       0.03045816]
 [299.           0.64040005   0.03067246]
 [300.           0.64040005   0.03067246]
 [301.           0.6402       0.03052375]
 [302.           0.64040005   0.03054995]
 [303.           0.64040005   0.03054995]
 [304.           0.64040005   0.03054995]
 [305.           0.64040005   0.03054995]
 [306.           0.64040005   0.03054995]
 [307.           0.6408       0.03067898]
 [308.           0.6406       0.0305172 ]
 [309.           0.6406       0.0305172 ]
 [310.           0.6408       0.03062188]
 [311.           0.6408       0.03062188]
 [312.           0.6408       0.03062188]
 [313.           0.6408       0.03073597]
 [314.           0.6408       0.03073597]
 [315.           0.6408       0.03073597]
 [316.           0.64040005   0.03048442]
 [317.           0.6406       0.03063167]
 [318.           0.6408       0.03019437]
 [319.           0.6408       0.03019437]
 [320.           0.6408       0.03019437]
 [321.           0.6406       0.03004664]
 [322.           0.6406       0.03004664]
 [323.           0.6408       0.02960912]
 [324.           0.6408       0.02960912]
 [325.           0.6406       0.02946693]
 [326.           0.6406       0.02946693]
 [327.           0.6408       0.02957534]
 [328.           0.6406       0.03001333]
 [329.           0.6408       0.03017781]
 [330.           0.6408       0.03017781]
 [331.           0.6408       0.03017781]
 [332.           0.6408       0.03017781]
 [333.           0.64100003   0.03031503]
 [334.           0.6412       0.03034305]
 [335.           0.64140004   0.03050902]
 [336.           0.6416       0.030648  ]
 [337.           0.64140004   0.03062352]
 [338.           0.64140004   0.03062352]
 [339.           0.64140004   0.03062352]
 [340.           0.64140004   0.03062352]
 [341.           0.64140004   0.03062352]
 [342.           0.64140004   0.03062352]
 [343.           0.64140004   0.03062352]
 [344.           0.64140004   0.03062352]
 [345.           0.64140004   0.03062352]
 [346.           0.64140004   0.03062352]
 [347.           0.6416       0.03072946]
 [348.           0.6416       0.03072946]
 [349.           0.6416       0.03072946]
 [350.           0.6416       0.03072946]
 [351.           0.6416       0.03072946]
 [352.           0.6416       0.03072946]
 [353.           0.6416       0.03072946]
 [354.           0.6416       0.03072946]
 [355.           0.6416       0.03072946]
 [356.           0.6416       0.03072946]
 [357.           0.6416       0.03072946]
 [358.           0.6416       0.03072946]
 [359.           0.64180005   0.03084154]
 [360.           0.64180005   0.03084154]
 [361.           0.64180005   0.03084154]
 [362.           0.64180005   0.03084154]
 [363.           0.64180005   0.03084154]
 [364.           0.64180005   0.03084154]
 [365.           0.6416001    0.03127779]
 [366.           0.64180005   0.03141974]
 [367.           0.64180005   0.03141974]
 [368.           0.642        0.03156741]
 [369.           0.642        0.03156741]
 [370.           0.64180005   0.03097097]
 [371.           0.64180005   0.03102741]
 [372.           0.64180005   0.03102741]
 [373.           0.6416       0.03085935]
 [374.           0.6418       0.03101128]
 [375.           0.6418       0.03101128]
 [376.           0.6418       0.03101128]
 [377.           0.6416       0.03085126]
 [378.           0.64140004   0.03069691]
 [379.           0.64140004   0.03069691]
 [380.           0.6416       0.03085126]
 [381.           0.64180005   0.03096289]
 [382.           0.642        0.03112074]
 [383.           0.642        0.03112074]
 [384.           0.64180005   0.03097095]
 [385.           0.64140004   0.03184022]
 [386.           0.6416001    0.03195778]
 [387.           0.6416       0.03198123]
 [388.           0.6416       0.03198123]
 [389.           0.6416       0.03198123]
 [390.           0.6416       0.03198123]
 [391.           0.64140004   0.03181665]
 [392.           0.64140004   0.03181665]
 [393.           0.64140004   0.03181665]
 [394.           0.64140004   0.03181665]
 [395.           0.64140004   0.0318088 ]
 [396.           0.64140004   0.0318088 ]
 [397.           0.6412       0.03172065]
 [398.           0.641        0.03159903]
 [399.           0.641        0.03159903]
 [400.           0.641        0.03159903]]
Dataset       :Citeseer
Model         :Cheby
Conden ratio  :1.0
GC            :5
LearnA        :0
Max Test Accuracy:
0.674
Best Result: Epoch   Acc  Std.
               368 0.6420  0.0316
