Set seed
Model GCN
--------------------------------------------------
The 1th iteration:
--------------------------------------------------
--------------------------------------------------
The 2th iteration:
--------------------------------------------------
--------------------------------------------------
The 3th iteration:
--------------------------------------------------
--------------------------------------------------
The 4th iteration:
--------------------------------------------------
--------------------------------------------------
The 5th iteration:
--------------------------------------------------
[[  1.           0.32479998   0.07119129]
 [  2.           0.43800002   0.05822802]
 [  3.           0.5094       0.04944493]
 [  4.           0.5632       0.03084964]
 [  5.           0.5926       0.03223819]
 [  6.           0.6124       0.02682909]
 [  7.           0.623        0.02713853]
 [  8.           0.63000005   0.0275409 ]
 [  9.           0.6346       0.02583215]
 [ 10.           0.63860005   0.02367066]
 [ 11.           0.6402       0.02086144]
 [ 12.           0.6426       0.02003247]
 [ 13.           0.64500004   0.01937783]
 [ 14.           0.6474       0.01847431]
 [ 15.           0.649        0.01837116]
 [ 16.           0.651        0.01679286]
 [ 17.           0.6512       0.01518881]
 [ 18.           0.65180004   0.01437705]
 [ 19.           0.65160006   0.01462189]
 [ 20.           0.6516       0.0153883 ]
 [ 21.           0.6512       0.01608416]
 [ 22.           0.6506       0.01540456]
 [ 23.           0.65080005   0.01577022]
 [ 24.           0.65040004   0.01570989]
 [ 25.           0.65000004   0.01552418]
 [ 26.           0.65000004   0.01547579]
 [ 27.           0.6492       0.01702057]
 [ 28.           0.6496       0.016772  ]
 [ 29.           0.6496       0.01745853]
 [ 30.           0.65000004   0.01868155]
 [ 31.           0.6496       0.01906042]
 [ 32.           0.64919996   0.01879361]
 [ 33.           0.65000004   0.01951922]
 [ 34.           0.6504       0.01909974]
 [ 35.           0.6496       0.01891561]
 [ 36.           0.6492       0.01893939]
 [ 37.           0.64860004   0.0195525 ]
 [ 38.           0.64959997   0.01879627]
 [ 39.           0.6504       0.0184201 ]
 [ 40.           0.6504       0.01950128]
 [ 41.           0.651        0.01955762]
 [ 42.           0.65220004   0.01896575]
 [ 43.           0.6538       0.01837663]
 [ 44.           0.6548       0.01830847]
 [ 45.           0.65440005   0.01847432]
 [ 46.           0.6554       0.01946279]
 [ 47.           0.65620005   0.01872699]
 [ 48.           0.65620005   0.01872699]
 [ 49.           0.65720004   0.01620802]
 [ 50.           0.6568       0.01527089]
 [ 51.           0.6574       0.01402854]
 [ 52.           0.6598       0.01407836]
 [ 53.           0.66020006   0.01296919]
 [ 54.           0.66020006   0.01411383]
 [ 55.           0.6604       0.01497666]
 [ 56.           0.66         0.0156045 ]
 [ 57.           0.6606       0.015566  ]
 [ 58.           0.66120005   0.01505656]
 [ 59.           0.66099995   0.01415982]
 [ 60.           0.66160005   0.01415275]
 [ 61.           0.6634       0.01477499]
 [ 62.           0.664        0.01479866]
 [ 63.           0.6654       0.01372224]
 [ 64.           0.6656       0.01375863]
 [ 65.           0.6674       0.01350186]
 [ 66.           0.6676       0.01281796]
 [ 67.           0.66760004   0.01344618]
 [ 68.           0.6674       0.01429336]
 [ 69.           0.66800004   0.01447411]
 [ 70.           0.6688       0.01460138]
 [ 71.           0.6698       0.01439444]
 [ 72.           0.671        0.01311487]
 [ 73.           0.6718       0.01091787]
 [ 74.           0.6728       0.00952365]
 [ 75.           0.6732       0.01003492]
 [ 76.           0.67399997   0.01036821]
 [ 77.           0.6746       0.01003993]
 [ 78.           0.6758       0.01015873]
 [ 79.           0.67560005   0.00944986]
 [ 80.           0.67560005   0.00944986]
 [ 81.           0.6756       0.00955509]
 [ 82.           0.67600006   0.00921953]
 [ 83.           0.67620003   0.00884308]
 [ 84.           0.6768       0.00840832]
 [ 85.           0.67700005   0.00877496]
 [ 86.           0.6778       0.00858487]
 [ 87.           0.67800003   0.00809319]
 [ 88.           0.6782       0.00766159]
 [ 89.           0.6776001    0.00716238]
 [ 90.           0.67740005   0.00676756]
 [ 91.           0.6782       0.00672311]
 [ 92.           0.67780006   0.00637965]
 [ 93.           0.6786       0.00594141]
 [ 94.           0.6786       0.00622898]
 [ 95.           0.6784       0.00673053]
 [ 96.           0.6786       0.00709226]
 [ 97.           0.6786       0.00709226]
 [ 98.           0.6794       0.00680443]
 [ 99.           0.6792       0.00676019]
 [100.           0.679        0.00636396]
 [101.           0.67920005   0.00614003]
 [102.           0.67880005   0.00563025]
 [103.           0.6786       0.00536656]
 [104.           0.6782       0.00460433]
 [105.           0.67819995   0.00465833]
 [106.           0.6784       0.00522493]
 [107.           0.678        0.00452767]
 [108.           0.67819995   0.00408655]
 [109.           0.679        0.00374165]
 [110.           0.67920005   0.00370136]
 [111.           0.67939997   0.00364691]
 [112.           0.6796       0.00328634]
 [113.           0.6798       0.00311447]
 [114.           0.68         0.00291548]
 [115.           0.6806       0.00328634]
 [116.           0.68079996   0.0032711 ]
 [117.           0.68119997   0.0037683 ]
 [118.           0.68119997   0.00356369]
 [119.           0.68160003   0.00384709]
 [120.           0.6818       0.00342051]
 [121.           0.68160003   0.00328631]
 [122.           0.6812       0.00356371]
 [123.           0.6806       0.00391152]
 [124.           0.6808       0.00370133]
 [125.           0.6808       0.00370133]
 [126.           0.6808       0.00370133]
 [127.           0.68100005   0.00399999]
 [128.           0.6806       0.00384707]
 [129.           0.6808       0.00420713]
 [130.           0.6806       0.00439316]
 [131.           0.6804       0.00439317]
 [132.           0.68         0.00484767]
 [133.           0.68060005   0.0050299 ]
 [134.           0.681        0.00452769]
 [135.           0.6812       0.00486828]
 [136.           0.68100005   0.00509903]
 [137.           0.6812       0.00516722]
 [138.           0.6812       0.00460435]
 [139.           0.68099993   0.00463681]
 [140.           0.68079996   0.00449444]
 [141.           0.68079996   0.00449444]
 [142.           0.68160003   0.00409878]
 [143.           0.68160003   0.00409878]
 [144.           0.6814       0.00439318]
 [145.           0.6818       0.00420714]
 [146.           0.6814       0.00421901]
 [147.           0.6814       0.00403733]
 [148.           0.68160003   0.00384707]
 [149.           0.68160003   0.00378155]
 [150.           0.68099993   0.00360556]
 [151.           0.68119997   0.00327108]
 [152.           0.6812       0.0035637 ]
 [153.           0.6823999    0.00378154]
 [154.           0.6828       0.00396233]
 [155.           0.6828       0.00396233]
 [156.           0.68259996   0.00433589]
 [157.           0.6822       0.00420712]
 [158.           0.68320006   0.00303314]
 [159.           0.684        0.00339116]
 [160.           0.68380004   0.00311447]
 [161.           0.68340003   0.00320935]
 [162.           0.68360007   0.00230217]
 [163.           0.68360007   0.00230217]
 [164.           0.68359995   0.00270185]
 [165.           0.6832       0.00258844]
 [166.           0.6836       0.00288096]
 [167.           0.68420005   0.00277488]
 [168.           0.6842       0.00286358]
 [169.           0.6844       0.00260766]
 [170.           0.6848       0.0027749 ]
 [171.           0.6852       0.00238749]
 [172.           0.6854       0.00181654]
 [173.           0.6852       0.00228038]
 [174.           0.6854       0.00230215]
 [175.           0.6856       0.00207361]
 [176.           0.6856       0.0018166 ]
 [177.           0.6854       0.00151657]
 [178.           0.6858       0.00192353]
 [179.           0.6856       0.00151655]
 [180.           0.68500006   0.00212131]
 [181.           0.6854       0.00207362]
 [182.           0.6856       0.00151656]
 [183.           0.6856       0.00151656]
 [184.           0.6862       0.00148324]
 [185.           0.68640006   0.00114018]
 [186.           0.68640006   0.00114018]
 [187.           0.6866       0.00114019]
 [188.           0.6862001    0.00164316]
 [189.           0.6866       0.00089442]
 [190.           0.6866       0.00054772]
 [191.           0.68659997   0.00054772]
 [192.           0.6864       0.00054772]
 [193.           0.6862       0.00083665]
 [194.           0.6862       0.00083665]
 [195.           0.6862       0.00083665]
 [196.           0.6856       0.00167332]
 [197.           0.6858       0.00178887]
 [198.           0.68600005   0.002     ]
 [199.           0.68600005   0.002     ]
 [200.           0.68600005   0.00234521]
 [201.           0.68600005   0.00234521]
 [202.           0.6862       0.00268327]
 [203.           0.6862       0.00277487]
 [204.           0.68640006   0.00296648]
 [205.           0.6866       0.00343511]
 [206.           0.6868       0.00334663]
 [207.           0.6866       0.00350713]
 [208.           0.68640006   0.00336155]
 [209.           0.686        0.00324038]
 [210.           0.6864       0.00194934]
 [211.           0.6862       0.00192354]
 [212.           0.68600005   0.00223607]
 [213.           0.6856       0.00151656]
 [214.           0.6866       0.00089445]
 [215.           0.6868       0.00109547]
 [216.           0.68600005   0.00122475]
 [217.           0.6858       0.00130385]
 [218.           0.6858       0.00130386]
 [219.           0.6858       0.00216794]
 [220.           0.6858       0.00249   ]
 [221.           0.6866       0.00181659]
 [222.           0.6868       0.00130385]
 [223.           0.6872       0.00148327]
 [224.           0.6868       0.00178884]
 [225.           0.687        0.00187082]
 [226.           0.687        0.00187082]
 [227.           0.68600005   0.0023452 ]
 [228.           0.6858       0.0026833 ]
 [229.           0.68619996   0.00370134]
 [230.           0.6864       0.00397492]
 [231.           0.687        0.00380789]
 [232.           0.6872       0.00402492]
 [233.           0.687        0.00380789]
 [234.           0.6876001    0.00336154]
 [235.           0.6882       0.00319373]
 [236.           0.68780005   0.00349284]
 [237.           0.68740004   0.00313048]
 [238.           0.688        0.002     ]
 [239.           0.68780005   0.00164318]
 [240.           0.68780005   0.00228035]
 [241.           0.68880004   0.00178886]
 [242.           0.689        0.002     ]
 [243.           0.6896       0.00270186]
 [244.           0.68920004   0.00277488]
 [245.           0.68920004   0.00216793]
 [246.           0.68880004   0.00164315]
 [247.           0.68920004   0.00178883]
 [248.           0.68900007   0.00141418]
 [249.           0.68900007   0.00141418]
 [250.           0.6896       0.00151656]
 [251.           0.6898       0.00130382]
 [252.           0.69         0.00199999]
 [253.           0.69         0.00199999]
 [254.           0.69         0.00187081]
 [255.           0.69020003   0.00164315]
 [256.           0.69         0.00199999]
 [257.           0.6896       0.00250997]
 [258.           0.6894       0.00288099]
 [259.           0.6896       0.0026077 ]
 [260.           0.6896       0.00230218]
 [261.           0.689        0.00254951]
 [262.           0.6888       0.00286356]
 [263.           0.6886       0.00313049]
 [264.           0.6886       0.00313049]
 [265.           0.689        0.00223606]
 [266.           0.6892       0.00327108]
 [267.           0.6886       0.0035777 ]
 [268.           0.689        0.00393699]
 [269.           0.68920004   0.00438176]
 [270.           0.6894       0.00450554]
 [271.           0.68900007   0.00484767]
 [272.           0.6894       0.00439317]
 [273.           0.69100004   0.00308219]
 [274.           0.6912       0.00294956]
 [275.           0.6908       0.0020494 ]
 [276.           0.69100004   0.00234522]
 [277.           0.69100004   0.00234522]
 [278.           0.69060004   0.00230217]
 [279.           0.6908       0.00216795]
 [280.           0.691        0.00212131]
 [281.           0.6914       0.00250997]
 [282.           0.6922       0.00349286]
 [283.           0.6924       0.00391153]
 [284.           0.69259995   0.00378153]
 [285.           0.69200003   0.00367424]
 [286.           0.6914       0.00296647]
 [287.           0.6914       0.00296647]
 [288.           0.6908       0.00370134]
 [289.           0.69060004   0.00371483]
 [290.           0.6914       0.00343511]
 [291.           0.6916       0.00343512]
 [292.           0.6916       0.0031305 ]
 [293.           0.6916       0.00336155]
 [294.           0.6918       0.00334664]
 [295.           0.6916       0.00250996]
 [296.           0.69180006   0.00311449]
 [297.           0.6914       0.00288095]
 [298.           0.6914       0.00270185]
 [299.           0.69119996   0.00228035]
 [300.           0.69140005   0.00230216]
 [301.           0.69180006   0.00216796]
 [302.           0.69200003   0.00200001]
 [303.           0.6922       0.00258843]
 [304.           0.6922       0.00258843]
 [305.           0.69200003   0.00223606]
 [306.           0.6928       0.00228035]
 [307.           0.693        0.00254949]
 [308.           0.69320005   0.00258844]
 [309.           0.6928       0.00258842]
 [310.           0.6928       0.00258842]
 [311.           0.693        0.00282841]
 [312.           0.6928       0.00311446]
 [313.           0.69200003   0.00308219]
 [314.           0.6922       0.00319374]
 [315.           0.6916       0.00350713]
 [316.           0.6914       0.00320937]
 [317.           0.69040006   0.00350714]
 [318.           0.69020003   0.00383406]
 [319.           0.69060004   0.00403733]
 [320.           0.6908001    0.00370137]
 [321.           0.69060004   0.00378154]
 [322.           0.691        0.00430116]
 [323.           0.691        0.00430116]
 [324.           0.691        0.00430116]
 [325.           0.6914       0.00403733]
 [326.           0.6914       0.00450555]
 [327.           0.6908       0.00426616]
 [328.           0.6908       0.00426616]
 [329.           0.691        0.00441589]
 [330.           0.691        0.00430117]
 [331.           0.6908       0.00408656]
 [332.           0.6908       0.00449446]
 [333.           0.6916       0.00391154]
 [334.           0.69180006   0.0036332 ]
 [335.           0.69180006   0.00383407]
 [336.           0.6918       0.00370136]
 [337.           0.69119996   0.00396233]
 [338.           0.691        0.00400002]
 [339.           0.69060004   0.00378157]
 [340.           0.69060004   0.00378157]
 [341.           0.69020003   0.00363316]
 [342.           0.6898       0.00376827]
 [343.           0.69         0.00367422]
 [344.           0.6908       0.00376831]
 [345.           0.6908       0.00356372]
 [346.           0.6914       0.00320936]
 [347.           0.69119996   0.00277487]
 [348.           0.69200003   0.00291548]
 [349.           0.69200003   0.00282844]
 [350.           0.69200003   0.00339115]
 [351.           0.6924       0.00336155]
 [352.           0.692        0.00308222]
 [353.           0.69200003   0.00331661]
 [354.           0.69180006   0.00356368]
 [355.           0.69180006   0.00356368]
 [356.           0.6914       0.00384711]
 [357.           0.6924       0.00415932]
 [358.           0.69259995   0.00433587]
 [359.           0.6926       0.00403731]
 [360.           0.69200003   0.00452769]
 [361.           0.69180006   0.00408655]
 [362.           0.69180006   0.00396232]
 [363.           0.6922       0.00311449]
 [364.           0.69200003   0.00339116]
 [365.           0.69180006   0.00319373]
 [366.           0.6924       0.00296647]
 [367.           0.69259995   0.00288095]
 [368.           0.69259995   0.00288095]
 [369.           0.6924       0.00296647]
 [370.           0.6922       0.00277488]
 [371.           0.69200003   0.0023452 ]
 [372.           0.6918       0.00258843]
 [373.           0.6918       0.00319374]
 [374.           0.6916       0.00296647]
 [375.           0.6916       0.00304958]
 [376.           0.6912       0.00327108]
 [377.           0.69119996   0.00258842]
 [378.           0.6916       0.00296647]
 [379.           0.6918       0.00319375]
 [380.           0.6914       0.00288097]
 [381.           0.6914       0.00296649]
 [382.           0.6912       0.00294959]
 [383.           0.6914       0.00230218]
 [384.           0.6916       0.00260768]
 [385.           0.69200003   0.00299998]
 [386.           0.69200003   0.00273861]
 [387.           0.6918       0.00286356]
 [388.           0.69180006   0.00327107]
 [389.           0.69200003   0.00353553]
 [390.           0.69200003   0.00353553]
 [391.           0.692        0.00316226]
 [392.           0.6922       0.00356374]
 [393.           0.692        0.00324036]
 [394.           0.6916       0.0029665 ]
 [395.           0.6918       0.00286354]
 [396.           0.69200003   0.00316227]
 [397.           0.69200003   0.00339118]
 [398.           0.69180006   0.00370139]
 [399.           0.69100004   0.00418332]
 [400.           0.6912       0.0041473 ]]
Dataset       :Citeseer
Model         :GCN
Conden ratio  :0.5
GC            :1
LearnA        :1
Max Test Accuracy:
0.699
Best Result: Epoch   Acc  Std.
               308 0.6932  0.0026
