Set seed
Model SAGE
--------------------------------------------------
The 1th iteration:
--------------------------------------------------
--------------------------------------------------
The 2th iteration:
--------------------------------------------------
--------------------------------------------------
The 3th iteration:
--------------------------------------------------
--------------------------------------------------
The 4th iteration:
--------------------------------------------------
--------------------------------------------------
The 5th iteration:
--------------------------------------------------
[[  1.           0.159        0.07797757]
 [  2.           0.1616       0.075225  ]
 [  3.           0.1908       0.06550726]
 [  4.           0.20440002   0.0539472 ]
 [  5.           0.22140001   0.01507648]
 [  6.           0.22760001   0.00384708]
 [  7.           0.228        0.00308221]
 [  8.           0.22839999   0.00288097]
 [  9.           0.229        0.00244949]
 [ 10.           0.2362       0.01279453]
 [ 11.           0.256        0.03590265]
 [ 12.           0.2726       0.04003498]
 [ 13.           0.27860004   0.03181667]
 [ 14.           0.27859998   0.01738677]
 [ 15.           0.29099998   0.03402941]
 [ 16.           0.3108       0.050707  ]
 [ 17.           0.329        0.04943178]
 [ 18.           0.349        0.04422669]
 [ 19.           0.3678       0.03930903]
 [ 20.           0.38200003   0.04079828]
 [ 21.           0.3872       0.04149338]
 [ 22.           0.39580002   0.05186714]
 [ 23.           0.4068       0.06030921]
 [ 24.           0.4198       0.05671596]
 [ 25.           0.43039998   0.04636054]
 [ 26.           0.44759998   0.04742152]
 [ 27.           0.4554       0.04457353]
 [ 28.           0.46359998   0.04467437]
 [ 29.           0.4738       0.04638101]
 [ 30.           0.47740003   0.04416786]
 [ 31.           0.48160002   0.04590534]
 [ 32.           0.4856       0.0456596 ]
 [ 33.           0.4858       0.04268137]
 [ 34.           0.48780003   0.04337857]
 [ 35.           0.49160004   0.0418545 ]
 [ 36.           0.49740002   0.04036459]
 [ 37.           0.4976       0.03802367]
 [ 38.           0.5          0.04032989]
 [ 39.           0.49899998   0.03620081]
 [ 40.           0.49840003   0.0344572 ]
 [ 41.           0.5002       0.0363139 ]
 [ 42.           0.5034       0.03728003]
 [ 43.           0.5042       0.03749265]
 [ 44.           0.50540006   0.03866913]
 [ 45.           0.5066       0.03939289]
 [ 46.           0.507        0.03693913]
 [ 47.           0.5068       0.03625879]
 [ 48.           0.5062       0.03783121]
 [ 49.           0.5066       0.03589986]
 [ 50.           0.508        0.03523491]
 [ 51.           0.508        0.03495711]
 [ 52.           0.50699997   0.03384524]
 [ 53.           0.50780004   0.03245302]
 [ 54.           0.5066       0.03068061]
 [ 55.           0.509        0.03036446]
 [ 56.           0.5066       0.03121378]
 [ 57.           0.509        0.02873149]
 [ 58.           0.5072       0.0301778 ]
 [ 59.           0.51060003   0.02740073]
 [ 60.           0.5086       0.03194997]
 [ 61.           0.50780004   0.02843762]
 [ 62.           0.5136       0.03075387]
 [ 63.           0.5118       0.03407639]
 [ 64.           0.5152       0.03201095]
 [ 65.           0.519        0.0304549 ]
 [ 66.           0.512        0.0304549 ]
 [ 67.           0.51820004   0.0366497 ]
 [ 68.           0.51820004   0.03349926]
 [ 69.           0.5144       0.03170646]
 [ 70.           0.5184       0.03263894]
 [ 71.           0.5176       0.03204374]
 [ 72.           0.5184       0.03401913]
 [ 73.           0.521        0.03207023]
 [ 74.           0.5176       0.0320203 ]
 [ 75.           0.51780003   0.0309225 ]
 [ 76.           0.52019995   0.03287399]
 [ 77.           0.51940006   0.02964457]
 [ 78.           0.5226       0.03111752]
 [ 79.           0.522        0.03116087]
 [ 80.           0.522        0.02815138]
 [ 81.           0.5238       0.03123621]
 [ 82.           0.5246       0.02986301]
 [ 83.           0.5262       0.02911528]
 [ 84.           0.5256       0.03007159]
 [ 85.           0.5272       0.0299783 ]
 [ 86.           0.5288       0.02997833]
 [ 87.           0.5278       0.03097095]
 [ 88.           0.53180003   0.02978591]
 [ 89.           0.529        0.03137675]
 [ 90.           0.52820003   0.03118814]
 [ 91.           0.5324001    0.03102903]
 [ 92.           0.52559996   0.03048441]
 [ 93.           0.5328       0.03172853]
 [ 94.           0.5314       0.03149285]
 [ 95.           0.5276       0.03006327]
 [ 96.           0.5346       0.03103708]
 [ 97.           0.5316       0.03218384]
 [ 98.           0.5314       0.0300383 ]
 [ 99.           0.53319997   0.03146744]
 [100.           0.5302       0.03004497]
 [101.           0.53360003   0.03014632]
 [102.           0.5326       0.03159589]
 [103.           0.5316       0.02955165]
 [104.           0.5348       0.0304253 ]
 [105.           0.5316       0.03090795]
 [106.           0.5342       0.03116405]
 [107.           0.53540003   0.03103708]
 [108.           0.5324       0.02953473]
 [109.           0.5364       0.03324604]
 [110.           0.5344       0.03195779]
 [111.           0.53739995   0.03089176]
 [112.           0.53859997   0.03199687]
 [113.           0.53620005   0.03106767]
 [114.           0.54080003   0.03286639]
 [115.           0.54         0.03272612]
 [116.           0.5398       0.03247616]
 [117.           0.54160005   0.03262361]
 [118.           0.5396       0.03188731]
 [119.           0.5396       0.03255457]
 [120.           0.5394       0.03303482]
 [121.           0.5398       0.03260675]
 [122.           0.54080003   0.03189359]
 [123.           0.5406       0.03176159]
 [124.           0.5412       0.03311645]
 [125.           0.54160005   0.03216828]
 [126.           0.5432       0.03508132]
 [127.           0.544        0.03335416]
 [128.           0.54080003   0.03154678]
 [129.           0.5478       0.03617596]
 [130.           0.542        0.0323651 ]
 [131.           0.5482001    0.03612063]
 [132.           0.545        0.03373425]
 [133.           0.54660004   0.03335117]
 [134.           0.54700005   0.03609015]
 [135.           0.5466       0.03454418]
 [136.           0.5492       0.03651986]
 [137.           0.5482       0.03407636]
 [138.           0.5482       0.03490986]
 [139.           0.5494       0.03630839]
 [140.           0.5482001    0.03549225]
 [141.           0.5486       0.03592074]
 [142.           0.55         0.03642112]
 [143.           0.5492       0.03398087]
 [144.           0.5506       0.03676005]
 [145.           0.54980004   0.03597498]
 [146.           0.5522       0.03556263]
 [147.           0.5508       0.03709717]
 [148.           0.55060005   0.03714566]
 [149.           0.5522       0.03721156]
 [150.           0.55100006   0.03743659]
 [151.           0.554        0.03716854]
 [152.           0.55200005   0.03635244]
 [153.           0.5532       0.03794996]
 [154.           0.55300003   0.03666743]
 [155.           0.55240005   0.03643214]
 [156.           0.5534       0.03864321]
 [157.           0.5528       0.03703645]
 [158.           0.5534       0.03857847]
 [159.           0.5534       0.03809594]
 [160.           0.554        0.03720887]
 [161.           0.555        0.03864584]
 [162.           0.555        0.03847077]
 [163.           0.556        0.03850323]
 [164.           0.555        0.03900641]
 [165.           0.556        0.03847075]
 [166.           0.5546       0.03778626]
 [167.           0.5554       0.03890117]
 [168.           0.55439997   0.0377399 ]
 [169.           0.5542       0.03827793]
 [170.           0.55520004   0.03804865]
 [171.           0.555        0.03767626]
 [172.           0.5564       0.03807622]
 [173.           0.55240005   0.03707831]
 [174.           0.5572       0.03870659]
 [175.           0.553        0.03655818]
 [176.           0.5564       0.03738715]
 [177.           0.555        0.03611092]
 [178.           0.5532       0.03627948]
 [179.           0.55660003   0.03814181]
 [180.           0.5526       0.03610125]
 [181.           0.5582       0.03914971]
 [182.           0.5536       0.0360111 ]
 [183.           0.5522       0.03626569]
 [184.           0.55579996   0.03766565]
 [185.           0.5526       0.03703104]
 [186.           0.5568       0.03828446]
 [187.           0.5554       0.03652808]
 [188.           0.554        0.03654449]
 [189.           0.555        0.03810512]
 [190.           0.5564       0.03673283]
 [191.           0.5568       0.03743927]
 [192.           0.5546       0.03655544]
 [193.           0.55520004   0.03741924]
 [194.           0.5548       0.03625878]
 [195.           0.55660003   0.03793151]
 [196.           0.55600005   0.03776903]
 [197.           0.5564       0.03697703]
 [198.           0.555        0.03714835]
 [199.           0.5564       0.03797764]
 [200.           0.5558       0.03809463]
 [201.           0.5558       0.03598887]
 [202.           0.5576       0.03780609]
 [203.           0.5562       0.03761249]
 [204.           0.555        0.03611785]
 [205.           0.55759996   0.03732022]
 [206.           0.5554       0.03633595]
 [207.           0.5568       0.03802238]
 [208.           0.55660003   0.0370783 ]
 [209.           0.55520004   0.0362174 ]
 [210.           0.5568       0.0371039 ]
 [211.           0.5554       0.03574631]
 [212.           0.5576       0.03838358]
 [213.           0.5558001    0.03594023]
 [214.           0.5568       0.0353935 ]
 [215.           0.5576       0.03840964]
 [216.           0.5536       0.03487549]
 [217.           0.5594       0.03773328]
 [218.           0.55820006   0.03700945]
 [219.           0.55619997   0.03627256]
 [220.           0.5584       0.03772665]
 [221.           0.55600005   0.03709446]
 [222.           0.55759996   0.03680079]
 [223.           0.5573999    0.03789194]
 [224.           0.5568       0.03605134]
 [225.           0.5586       0.03872727]
 [226.           0.557        0.03599305]
 [227.           0.5582       0.03749266]
 [228.           0.55619997   0.03745265]
 [229.           0.5578       0.03636208]
 [230.           0.5576       0.0377134 ]
 [231.           0.5556       0.03516817]
 [232.           0.559        0.03794732]
 [233.           0.55759996   0.03822043]
 [234.           0.5556       0.035225  ]
 [235.           0.5582       0.03787743]
 [236.           0.556        0.03707427]
 [237.           0.55880004   0.0371443 ]
 [238.           0.5578       0.03782459]
 [239.           0.55820006   0.03706346]
 [240.           0.5578       0.03645818]
 [241.           0.55700004   0.03691207]
 [242.           0.5594       0.03808935]
 [243.           0.558        0.03595137]
 [244.           0.5572       0.03650617]
 [245.           0.5582       0.03828448]
 [246.           0.5572       0.03646506]
 [247.           0.558        0.038151  ]
 [248.           0.5594       0.03833144]
 [249.           0.557        0.03636618]
 [250.           0.559        0.03756327]
 [251.           0.5568       0.03740587]
 [252.           0.559        0.03756994]
 [253.           0.559        0.03762976]
 [254.           0.558        0.03804603]
 [255.           0.5586       0.03847465]
 [256.           0.5576       0.03675324]
 [257.           0.5594       0.0389782 ]
 [258.           0.5576       0.0379249 ]
 [259.           0.55979997   0.03796972]
 [260.           0.5576       0.0379249 ]
 [261.           0.5582       0.03757259]
 [262.           0.5578       0.03635519]
 [263.           0.56000006   0.03807228]
 [264.           0.55740005   0.03720617]
 [265.           0.55820006   0.03707697]
 [266.           0.558        0.03640054]
 [267.           0.5584       0.03833143]
 [268.           0.55700004   0.03698652]
 [269.           0.55880004   0.0362726 ]
 [270.           0.5572       0.03659507]
 [271.           0.5572       0.03760587]
 [272.           0.5582       0.03731219]
 [273.           0.55719995   0.03768553]
 [274.           0.557        0.03698647]
 [275.           0.5582       0.03766564]
 [276.           0.557        0.03706077]
 [277.           0.5588       0.03856421]
 [278.           0.5582       0.03684698]
 [279.           0.5598001    0.0379236 ]
 [280.           0.5578       0.03689444]
 [281.           0.56         0.03865875]
 [282.           0.5582       0.03715104]
 [283.           0.5604       0.03833143]
 [284.           0.5594       0.03840312]
 [285.           0.55960006   0.03892684]
 [286.           0.55960006   0.03793811]
 [287.           0.5612       0.03834972]
 [288.           0.5608       0.03801577]
 [289.           0.55979997   0.03804208]
 [290.           0.5608       0.03860311]
 [291.           0.5592       0.03712413]
 [292.           0.5606       0.03904229]
 [293.           0.56140006   0.03842916]
 [294.           0.5604       0.03783913]
 [295.           0.561        0.0382949 ]
 [296.           0.5602       0.03871306]
 [297.           0.56100005   0.03891014]
 [298.           0.5612       0.03823218]
 [299.           0.5602       0.03804208]
 [300.           0.56299996   0.04115823]
 [301.           0.5586       0.03755396]
 [302.           0.56280005   0.03927084]
 [303.           0.5622       0.03958155]
 [304.           0.5598       0.03743929]
 [305.           0.56280005   0.03980827]
 [306.           0.5596       0.03918291]
 [307.           0.5624       0.03889471]
 [308.           0.56020004   0.03921352]
 [309.           0.5628       0.03857071]
 [310.           0.5598       0.0372787 ]
 [311.           0.56179994   0.04021442]
 [312.           0.5606       0.03859144]
 [313.           0.561        0.03760984]
 [314.           0.5606       0.03957018]
 [315.           0.5618       0.03956892]
 [316.           0.5622       0.03763907]
 [317.           0.5608       0.03840833]
 [318.           0.5616       0.03968376]
 [319.           0.5612001    0.03977688]
 [320.           0.56020004   0.03766563]
 [321.           0.56280005   0.03983339]
 [322.           0.56140006   0.03843565]
 [323.           0.5622       0.03938527]
 [324.           0.5616       0.03866265]
 [325.           0.5612       0.03948035]
 [326.           0.5616       0.03816805]
 [327.           0.56240004   0.03951328]
 [328.           0.5586       0.03759388]
 [329.           0.5624       0.03833146]
 [330.           0.56020004   0.03969506]
 [331.           0.5622       0.03937893]
 [332.           0.5614       0.03752065]
 [333.           0.56380004   0.0409231 ]
 [334.           0.5598       0.03754596]
 [335.           0.5626       0.03901665]
 [336.           0.5618       0.0377452 ]
 [337.           0.5618       0.03800922]
 [338.           0.5608       0.03833666]
 [339.           0.56240004   0.03950064]
 [340.           0.561        0.03830795]
 [341.           0.5618       0.03860311]
 [342.           0.5618       0.03823873]
 [343.           0.5618       0.03921988]
 [344.           0.5616       0.03868203]
 [345.           0.5608       0.03804208]
 [346.           0.5622       0.03787742]
 [347.           0.56140006   0.03840312]
 [348.           0.5618       0.03893198]
 [349.           0.5616       0.03850066]
 [350.           0.56140006   0.0386303 ]
 [351.           0.562        0.03818377]
 [352.           0.5614       0.03939288]
 [353.           0.5634       0.03894613]
 [354.           0.5608       0.03836276]
 [355.           0.5626       0.03849417]
 [356.           0.5608       0.03769218]
 [357.           0.56280005   0.03925175]
 [358.           0.5608       0.03767227]
 [359.           0.5626       0.03966483]
 [360.           0.5606       0.0374139 ]
 [361.           0.56280005   0.03920075]
 [362.           0.5604       0.03730014]
 [363.           0.5626001    0.03910626]
 [364.           0.5606       0.03805654]
 [365.           0.561        0.03756328]
 [366.           0.5616       0.03883682]
 [367.           0.5622       0.03844086]
 [368.           0.561        0.03904485]
 [369.           0.5622       0.0382714 ]
 [370.           0.56140006   0.0387982 ]
 [371.           0.56240004   0.03834451]
 [372.           0.562        0.03922371]
 [373.           0.5626001    0.03903588]
 [374.           0.56140006   0.03877242]
 [375.           0.563        0.03874275]
 [376.           0.5618       0.03891273]
 [377.           0.56420004   0.03946139]
 [378.           0.56100005   0.03832753]
 [379.           0.5636       0.03924665]
 [380.           0.56100005   0.03855517]
 [381.           0.5634       0.03922755]
 [382.           0.5606       0.03842916]
 [383.           0.5626       0.03880464]
 [384.           0.561        0.03986853]
 [385.           0.5622       0.0380092 ]
 [386.           0.5608       0.03924537]
 [387.           0.563        0.03839923]
 [388.           0.5606       0.03898461]
 [389.           0.56299996   0.03850324]
 [390.           0.561        0.03976808]
 [391.           0.5626       0.03846168]
 [392.           0.5612       0.0393281 ]
 [393.           0.56240004   0.03827922]
 [394.           0.561        0.03974922]
 [395.           0.5632       0.03875177]
 [396.           0.5604       0.0395702 ]
 [397.           0.56280005   0.03851233]
 [398.           0.56020004   0.039417  ]
 [399.           0.5626       0.03812217]
 [400.           0.5608       0.03982712]]
Dataset       :Citeseer
Model         :SAGE
Conden ratio  :0.5
GC            :5
LearnA        :0
Max Test Accuracy:
0.59
Best Result: Epoch   Acc  Std.
               377 0.5642  0.0395
