Set seed
Model GAT
--------------------------------------------------
The 1th iteration:
--------------------------------------------------
--------------------------------------------------
The 2th iteration:
--------------------------------------------------
--------------------------------------------------
The 3th iteration:
--------------------------------------------------
--------------------------------------------------
The 4th iteration:
--------------------------------------------------
--------------------------------------------------
The 5th iteration:
--------------------------------------------------
[[  1.           0.5748       0.01796382]
 [  2.           0.6226       0.01066772]
 [  3.           0.6268       0.00892749]
 [  4.           0.6258       0.01251798]
 [  5.           0.6204       0.01126054]
 [  6.           0.61700004   0.01274755]
 [  7.           0.612        0.0127867 ]
 [  8.           0.6078       0.01314154]
 [  9.           0.6072001    0.01149784]
 [ 10.           0.60639995   0.01043071]
 [ 11.           0.60840005   0.00801876]
 [ 12.           0.61280006   0.00725948]
 [ 13.           0.6168       0.0076289 ]
 [ 14.           0.6208       0.00614005]
 [ 15.           0.6272       0.00584807]
 [ 16.           0.6318       0.0064187 ]
 [ 17.           0.6388       0.00443846]
 [ 18.           0.6442       0.00443849]
 [ 19.           0.64820004   0.00589067]
 [ 20.           0.653        0.00648073]
 [ 21.           0.656        0.00620484]
 [ 22.           0.66040003   0.00847349]
 [ 23.           0.66580003   0.00775887]
 [ 24.           0.6698       0.00794985]
 [ 25.           0.6754       0.00559464]
 [ 26.           0.6794       0.00691375]
 [ 27.           0.68160003   0.00756969]
 [ 28.           0.68160003   0.00577059]
 [ 29.           0.6808       0.00238747]
 [ 30.           0.683        0.00308221]
 [ 31.           0.684        0.00552267]
 [ 32.           0.68460006   0.00554981]
 [ 33.           0.6832       0.00563028]
 [ 34.           0.6828       0.00694262]
 [ 35.           0.6806       0.00638747]
 [ 36.           0.68020004   0.00834865]
 [ 37.           0.67819995   0.00909397]
 [ 38.           0.677        0.00961769]
 [ 39.           0.6754       0.01062075]
 [ 40.           0.67560005   0.01050237]
 [ 41.           0.6742       0.01112205]
 [ 42.           0.675        0.01077031]
 [ 43.           0.6742       0.0100598 ]
 [ 44.           0.67539996   0.00901663]
 [ 45.           0.67560005   0.00896102]
 [ 46.           0.6766       0.00920866]
 [ 47.           0.6768       0.0092304 ]
 [ 48.           0.67719996   0.00957602]
 [ 49.           0.67740005   0.00952889]
 [ 50.           0.6790001    0.00848528]
 [ 51.           0.679        0.00748329]
 [ 52.           0.6792       0.00732801]
 [ 53.           0.67819995   0.00819756]
 [ 54.           0.6776       0.00887693]
 [ 55.           0.67819995   0.00769416]
 [ 56.           0.6784       0.00841427]
 [ 57.           0.6786       0.00817312]
 [ 58.           0.6782       0.00732805]
 [ 59.           0.67740005   0.00763545]
 [ 60.           0.6766       0.00823405]
 [ 61.           0.6756       0.00770066]
 [ 62.           0.675        0.00860233]
 [ 63.           0.67440003   0.00879204]
 [ 64.           0.6736       0.00928978]
 [ 65.           0.6724       0.00912689]
 [ 66.           0.67200005   0.01129159]
 [ 67.           0.6718       0.0120913 ]
 [ 68.           0.67219996   0.01204988]
 [ 69.           0.6724       0.01128273]
 [ 70.           0.6722       0.01098636]
 [ 71.           0.6724       0.01040673]
 [ 72.           0.6746       0.00841429]
 [ 73.           0.6748       0.00782304]
 [ 74.           0.67399997   0.00595819]
 [ 75.           0.6752       0.00679705]
 [ 76.           0.6742       0.0056745 ]
 [ 77.           0.67440003   0.00541295]
 [ 78.           0.6726       0.00502989]
 [ 79.           0.67160004   0.00320937]
 [ 80.           0.6716       0.00357773]
 [ 81.           0.6714       0.00313049]
 [ 82.           0.672        0.0033166 ]
 [ 83.           0.672        0.00360554]
 [ 84.           0.67160004   0.00427783]
 [ 85.           0.6714       0.00415932]
 [ 86.           0.67080003   0.00432435]
 [ 87.           0.6704       0.00384708]
 [ 88.           0.6706       0.00391152]
 [ 89.           0.6708       0.00408657]
 [ 90.           0.6706       0.00444974]
 [ 91.           0.67039996   0.00594139]
 [ 92.           0.67120004   0.00645754]
 [ 93.           0.67080003   0.00645756]
 [ 94.           0.671        0.00663325]
 [ 95.           0.671        0.00608276]
 [ 96.           0.671        0.00696419]
 [ 97.           0.67100006   0.00744982]
 [ 98.           0.671        0.00871779]
 [ 99.           0.6714       0.00884872]
 [100.           0.6712       0.00993479]
 [101.           0.6714       0.01011435]
 [102.           0.671        0.01014889]
 [103.           0.6718       0.01003495]
 [104.           0.6714       0.00923582]
 [105.           0.672        0.00924661]
 [106.           0.672        0.00824621]
 [107.           0.67200005   0.00777817]
 [108.           0.67179996   0.00762889]
 [109.           0.6714       0.00773304]
 [110.           0.67200005   0.00803118]
 [111.           0.6726       0.00850293]
 [112.           0.6724       0.00882041]
 [113.           0.6728       0.00870057]
 [114.           0.6726       0.00904432]
 [115.           0.6724       0.00931663]
 [116.           0.6724       0.00965918]
 [117.           0.6726       0.00981326]
 [118.           0.6724       0.00960729]
 [119.           0.67219996   0.00993481]
 [120.           0.67300004   0.00938083]
 [121.           0.6728       0.00920326]
 [122.           0.67240006   0.00884872]
 [123.           0.6728       0.00887128]
 [124.           0.6726       0.00850294]
 [125.           0.67219996   0.00852641]
 [126.           0.6724       0.00823407]
 [127.           0.6728       0.00867179]
 [128.           0.6722       0.00909394]
 [129.           0.6728       0.00837854]
 [130.           0.6726       0.00884873]
 [131.           0.6726       0.00832465]
 [132.           0.6728       0.00861394]
 [133.           0.6732       0.00810556]
 [134.           0.6732       0.00794985]
 [135.           0.6736       0.00801872]
 [136.           0.6736       0.00861973]
 [137.           0.67340004   0.00898887]
 [138.           0.6736       0.00907192]
 [139.           0.67340004   0.00937017]
 [140.           0.67340004   0.00937017]
 [141.           0.67399997   0.00979796]
 [142.           0.67440003   0.01003992]
 [143.           0.67460006   0.00879205]
 [144.           0.6754       0.0082644 ]
 [145.           0.6768       0.00679707]
 [146.           0.67600006   0.00670821]
 [147.           0.67600006   0.00670822]
 [148.           0.67620003   0.00657267]
 [149.           0.676        0.00644206]
 [150.           0.6758       0.00609918]
 [151.           0.675        0.00591609]
 [152.           0.67460006   0.00610737]
 [153.           0.6750001    0.00644205]
 [154.           0.67459995   0.00669329]
 [155.           0.67499995   0.0069642 ]
 [156.           0.6742       0.00614006]
 [157.           0.67399997   0.00674538]
 [158.           0.674        0.00674537]
 [159.           0.67340004   0.0071624 ]
 [160.           0.6742       0.00791834]
 [161.           0.67480004   0.00756309]
 [162.           0.67480004   0.00804364]
 [163.           0.675        0.00768116]
 [164.           0.675        0.0079687 ]
 [165.           0.6746       0.00709224]
 [166.           0.67440003   0.00804985]
 [167.           0.67440003   0.0084735 ]
 [168.           0.67399997   0.00891628]
 [169.           0.6742       0.00960207]
 [170.           0.6742       0.00960207]
 [171.           0.67340004   0.00934344]
 [172.           0.674        0.00966952]
 [173.           0.674        0.00921953]
 [174.           0.674        0.00921953]
 [175.           0.6738       0.00933809]
 [176.           0.6732       0.00983361]
 [177.           0.6726       0.00965919]
 [178.           0.67300004   0.00994986]
 [179.           0.67340004   0.00983869]
 [180.           0.6732       0.00952365]
 [181.           0.6726       0.01003992]
 [182.           0.6722       0.00952366]
 [183.           0.6726       0.00915424]
 [184.           0.67160004   0.01001501]
 [185.           0.6718       0.00988434]
 [186.           0.6714       0.01052617]
 [187.           0.6714       0.01052617]
 [188.           0.6714       0.01052617]
 [189.           0.67160004   0.01016366]
 [190.           0.67200005   0.00984886]
 [191.           0.6714       0.00960728]
 [192.           0.6714       0.00960728]
 [193.           0.67080003   0.00864291]
 [194.           0.6714       0.00893307]
 [195.           0.6714       0.00893307]
 [196.           0.6706       0.00898889]
 [197.           0.67080003   0.00828853]
 [198.           0.6704       0.00779743]
 [199.           0.67         0.00806226]
 [200.           0.6696       0.00801872]
 [201.           0.6696       0.00779743]
 [202.           0.67         0.00768114]
 [203.           0.6686       0.00680443]
 [204.           0.669        0.00667085]
 [205.           0.6686       0.00642652]
 [206.           0.6688       0.00704983]
 [207.           0.66920006   0.00683374]
 [208.           0.6690001    0.00644206]
 [209.           0.668        0.00514782]
 [210.           0.6674       0.00512834]
 [211.           0.6684       0.00328632]
 [212.           0.668        0.0030822 ]
 [213.           0.668        0.00418331]
 [214.           0.6684       0.0046152 ]
 [215.           0.6682       0.00506952]
 [216.           0.6682       0.00535723]
 [217.           0.6682       0.00535723]
 [218.           0.6682       0.00535723]
 [219.           0.66800004   0.00533853]
 [220.           0.66760004   0.0046152 ]
 [221.           0.6674       0.00466905]
 [222.           0.66779995   0.00402494]
 [223.           0.6674       0.00415934]
 [224.           0.6672       0.00443849]
 [225.           0.66760004   0.00456072]
 [226.           0.66760004   0.00456071]
 [227.           0.6678       0.00370135]
 [228.           0.66800004   0.00273862]
 [229.           0.66800004   0.00339117]
 [230.           0.66760004   0.00439318]
 [231.           0.66740006   0.00403733]
 [232.           0.6672       0.00396232]
 [233.           0.6666       0.00415932]
 [234.           0.66600007   0.0041833 ]
 [235.           0.66620004   0.00396231]
 [236.           0.666        0.00412309]
 [237.           0.6668       0.00420713]
 [238.           0.667        0.00430116]
 [239.           0.6668       0.00443849]
 [240.           0.6672       0.00408658]
 [241.           0.6672       0.00491936]
 [242.           0.6654       0.0059414 ]
 [243.           0.6654       0.00614817]
 [244.           0.666        0.00561249]
 [245.           0.6662       0.00549546]
 [246.           0.66639996   0.00531979]
 [247.           0.6656       0.00598332]
 [248.           0.6656       0.00568332]
 [249.           0.666        0.00504974]
 [250.           0.66620004   0.0049699 ]
 [251.           0.6662       0.00481663]
 [252.           0.666        0.0046368 ]
 [253.           0.66600007   0.00578793]
 [254.           0.6664       0.00572712]
 [255.           0.666        0.00570088]
 [256.           0.6656       0.00572713]
 [257.           0.66539997   0.00554975]
 [258.           0.665        0.00561249]
 [259.           0.665        0.00583096]
 [260.           0.6656       0.00517687]
 [261.           0.66580003   0.00554076]
 [262.           0.66660005   0.00554979]
 [263.           0.6664       0.00531979]
 [264.           0.666        0.00509903]
 [265.           0.6654       0.00545894]
 [266.           0.6654       0.00482699]
 [267.           0.6654       0.00482701]
 [268.           0.665        0.00561249]
 [269.           0.664        0.00707108]
 [270.           0.6642       0.00742968]
 [271.           0.6642       0.00704982]
 [272.           0.6646       0.00684105]
 [273.           0.6642       0.00719027]
 [274.           0.66499996   0.00628491]
 [275.           0.6646       0.00614818]
 [276.           0.6646       0.00614818]
 [277.           0.663        0.00608277]
 [278.           0.6626       0.00716239]
 [279.           0.6628       0.00752995]
 [280.           0.66300005   0.0079057 ]
 [281.           0.6638       0.00779103]
 [282.           0.6638       0.00756307]
 [283.           0.6646       0.00750332]
 [284.           0.66440004   0.00740269]
 [285.           0.6636       0.0068775 ]
 [286.           0.6636       0.00709225]
 [287.           0.66379994   0.0066106 ]
 [288.           0.6634       0.00684105]
 [289.           0.6632001    0.00653453]
 [290.           0.6624       0.00723189]
 [291.           0.6628       0.00661059]
 [292.           0.6624       0.00626897]
 [293.           0.6622       0.0056745 ]
 [294.           0.6622       0.0056745 ]
 [295.           0.6624       0.00541295]
 [296.           0.662        0.00583095]
 [297.           0.6618       0.00526309]
 [298.           0.662        0.00538518]
 [299.           0.6618       0.00609918]
 [300.           0.66160005   0.00680441]
 [301.           0.6614       0.00568332]
 [302.           0.661        0.00533855]
 [303.           0.6612       0.00580518]
 [304.           0.6612       0.00580518]
 [305.           0.6612       0.00580518]
 [306.           0.6614       0.00472229]
 [307.           0.661        0.0041231 ]
 [308.           0.6606       0.00397491]
 [309.           0.66020006   0.00414728]
 [310.           0.6598       0.00356371]
 [311.           0.66020006   0.00342054]
 [312.           0.6594       0.00328635]
 [313.           0.6594       0.00288096]
 [314.           0.66         0.00234521]
 [315.           0.66040003   0.00296649]
 [316.           0.6606       0.00336154]
 [317.           0.6598       0.00443848]
 [318.           0.6598       0.00376829]
 [319.           0.6594       0.00403734]
 [320.           0.6606       0.00384708]
 [321.           0.66020006   0.00408657]
 [322.           0.6598       0.00426614]
 [323.           0.65959996   0.00378153]
 [324.           0.6594       0.00391153]
 [325.           0.65959996   0.00415933]
 [326.           0.6594       0.0043359 ]
 [327.           0.65900004   0.00430117]
 [328.           0.6592       0.00408656]
 [329.           0.6592       0.00396232]
 [330.           0.6594       0.00450554]
 [331.           0.66         0.00424263]
 [332.           0.66         0.00430116]
 [333.           0.66         0.0041231 ]
 [334.           0.66040003   0.00397493]
 [335.           0.66020006   0.00471167]
 [336.           0.65959996   0.00487852]
 [337.           0.6598       0.00460435]
 [338.           0.6598       0.00460435]
 [339.           0.65959996   0.00415934]
 [340.           0.66         0.00547722]
 [341.           0.66020006   0.00496992]
 [342.           0.66040003   0.00497997]
 [343.           0.66040003   0.00531978]
 [344.           0.66         0.00543139]
 [345.           0.6594       0.00517687]
 [346.           0.65880007   0.00597495]
 [347.           0.65900004   0.00667084]
 [348.           0.6598       0.00593297]
 [349.           0.66020006   0.00618063]
 [350.           0.66         0.00644205]
 [351.           0.6594       0.00646532]
 [352.           0.6592       0.00690653]
 [353.           0.65900004   0.00681911]
 [354.           0.6594       0.00665583]
 [355.           0.65980005   0.00649614]
 [356.           0.65900004   0.00632456]
 [357.           0.6598       0.00649617]
 [358.           0.65880007   0.00630082]
 [359.           0.6592       0.00676019]
 [360.           0.65940005   0.00610738]
 [361.           0.6592       0.00580518]
 [362.           0.65880007   0.00645758]
 [363.           0.65900004   0.00632455]
 [364.           0.65860003   0.00646529]
 [365.           0.65860003   0.00694982]
 [366.           0.6592       0.0066106 ]
 [367.           0.6594       0.00705692]
 [368.           0.65959996   0.00709224]
 [369.           0.6594       0.00577062]
 [370.           0.6596       0.00522494]
 [371.           0.66         0.00533854]
 [372.           0.6598       0.00584807]
 [373.           0.6598       0.00535725]
 [374.           0.6592       0.00589068]
 [375.           0.65880007   0.00535723]
 [376.           0.65819997   0.00571839]
 [377.           0.65860003   0.00545894]
 [378.           0.6592       0.00558572]
 [379.           0.6588       0.00584808]
 [380.           0.65880007   0.00535723]
 [381.           0.6584       0.00502991]
 [382.           0.658        0.00529149]
 [383.           0.65819997   0.00593294]
 [384.           0.65819997   0.00576193]
 [385.           0.6584       0.0056833 ]
 [386.           0.6584       0.0056833 ]
 [387.           0.65880007   0.00554075]
 [388.           0.65900004   0.00620485]
 [389.           0.65860003   0.00634823]
 [390.           0.65880007   0.006261  ]
 [391.           0.65860003   0.0058566 ]
 [392.           0.65860003   0.00581376]
 [393.           0.658        0.00644205]
 [394.           0.65760005   0.00658028]
 [395.           0.65760005   0.00522495]
 [396.           0.6582       0.00544976]
 [397.           0.6584       0.00482701]
 [398.           0.6584       0.00512835]
 [399.           0.65860003   0.00502991]
 [400.           0.65880007   0.00554075]]
Dataset       :Citeseer
Model         :GAT
Conden ratio  :1.0
GC            :1
LearnA        :1
Max Test Accuracy:
0.695
Best Result: Epoch   Acc  Std.
               32 0.6846  0.0055
