Set seed
Model APPNP
--------------------------------------------------
The 1th iteration:
--------------------------------------------------
--------------------------------------------------
The 2th iteration:
--------------------------------------------------
--------------------------------------------------
The 3th iteration:
--------------------------------------------------
--------------------------------------------------
The 4th iteration:
--------------------------------------------------
--------------------------------------------------
The 5th iteration:
--------------------------------------------------
[[  1.           0.30539998   0.10390043]
 [  2.           0.4176       0.09051409]
 [  3.           0.4858       0.07106826]
 [  4.           0.5248       0.07223365]
 [  5.           0.5488       0.07184844]
 [  6.           0.5692       0.06824002]
 [  7.           0.582        0.06710067]
 [  8.           0.58640003   0.06459335]
 [  9.           0.592        0.05984564]
 [ 10.           0.5992       0.05401574]
 [ 11.           0.6018       0.05067248]
 [ 12.           0.6046001    0.04678996]
 [ 13.           0.6032       0.0428334 ]
 [ 14.           0.6036       0.04165091]
 [ 15.           0.6018       0.04244643]
 [ 16.           0.601        0.04103657]
 [ 17.           0.6008       0.04113636]
 [ 18.           0.599        0.04019329]
 [ 19.           0.59779996   0.03900898]
 [ 20.           0.59499997   0.03906405]
 [ 21.           0.59300005   0.0401061 ]
 [ 22.           0.5906       0.03972781]
 [ 23.           0.58680004   0.03974543]
 [ 24.           0.58280003   0.04003373]
 [ 25.           0.5798       0.03978946]
 [ 26.           0.5762       0.0390666 ]
 [ 27.           0.5712       0.04211533]
 [ 28.           0.56619996   0.04320531]
 [ 29.           0.559        0.04472695]
 [ 30.           0.5528       0.04654246]
 [ 31.           0.5472       0.04884364]
 [ 32.           0.5412       0.0494338 ]
 [ 33.           0.5334       0.05151991]
 [ 34.           0.529        0.05110283]
 [ 35.           0.526        0.05133226]
 [ 36.           0.5216       0.05127181]
 [ 37.           0.51879996   0.05208839]
 [ 38.           0.5134       0.05068333]
 [ 39.           0.50920004   0.04971117]
 [ 40.           0.506        0.04985981]
 [ 41.           0.5042       0.04602933]
 [ 42.           0.5012       0.04529569]
 [ 43.           0.5          0.04419277]
 [ 44.           0.5004       0.04252999]
 [ 45.           0.5008001    0.04093531]
 [ 46.           0.50100005   0.0402368 ]
 [ 47.           0.5028       0.03963206]
 [ 48.           0.5056       0.03632215]
 [ 49.           0.5072       0.03651301]
 [ 50.           0.509        0.0337861 ]
 [ 51.           0.512        0.03232646]
 [ 52.           0.51400006   0.0295127 ]
 [ 53.           0.51820004   0.02827012]
 [ 54.           0.5218       0.02802141]
 [ 55.           0.527        0.02614385]
 [ 56.           0.5334       0.02590945]
 [ 57.           0.5382       0.02489376]
 [ 58.           0.54120004   0.02593644]
 [ 59.           0.54700005   0.02637233]
 [ 60.           0.55240005   0.02554015]
 [ 61.           0.5564       0.02644428]
 [ 62.           0.5594       0.02644427]
 [ 63.           0.5632       0.02702219]
 [ 64.           0.57         0.02581667]
 [ 65.           0.575        0.02508984]
 [ 66.           0.5776       0.02515549]
 [ 67.           0.5824       0.02623547]
 [ 68.           0.588        0.02373814]
 [ 69.           0.5916       0.0226009 ]
 [ 70.           0.597        0.02258317]
 [ 71.           0.6006       0.02386001]
 [ 72.           0.6042       0.02386841]
 [ 73.           0.6082       0.02317758]
 [ 74.           0.6112       0.02182202]
 [ 75.           0.6124       0.02099524]
 [ 76.           0.6158       0.02046215]
 [ 77.           0.6182       0.02049878]
 [ 78.           0.6208       0.01861988]
 [ 79.           0.62520003   0.01826745]
 [ 80.           0.627        0.01607794]
 [ 81.           0.628        0.01617097]
 [ 82.           0.6278       0.01427235]
 [ 83.           0.63000005   0.01484924]
 [ 84.           0.631        0.01496662]
 [ 85.           0.6334       0.01752997]
 [ 86.           0.635        0.01764936]
 [ 87.           0.63740003   0.01798056]
 [ 88.           0.6396       0.01903417]
 [ 89.           0.6402       0.01830847]
 [ 90.           0.6402001    0.02006739]
 [ 91.           0.64180005   0.01903155]
 [ 92.           0.64180005   0.01843096]
 [ 93.           0.64320004   0.01847159]
 [ 94.           0.6442       0.018767  ]
 [ 95.           0.64440006   0.01798056]
 [ 96.           0.6448       0.01874033]
 [ 97.           0.6446       0.01793878]
 [ 98.           0.64720005   0.01788014]
 [ 99.           0.6482       0.01818516]
 [100.           0.6484       0.01855534]
 [101.           0.6484       0.01831119]
 [102.           0.64900005   0.01897367]
 [103.           0.6478       0.01966468]
 [104.           0.6462       0.01961378]
 [105.           0.6456       0.0198192 ]
 [106.           0.6462       0.01938298]
 [107.           0.6472       0.01856609]
 [108.           0.646        0.01721917]
 [109.           0.648        0.01752141]
 [110.           0.64799994   0.01707337]
 [111.           0.6484       0.016456  ]
 [112.           0.64799994   0.01494993]
 [113.           0.64720005   0.01441179]
 [114.           0.6464       0.01494323]
 [115.           0.6458       0.01430734]
 [116.           0.6462       0.01289185]
 [117.           0.648        0.01216553]
 [118.           0.64799994   0.01208305]
 [119.           0.648        0.01200001]
 [120.           0.64919996   0.01177709]
 [121.           0.64959997   0.01178135]
 [122.           0.6496       0.01154557]
 [123.           0.6508       0.01186171]
 [124.           0.6514       0.01094533]
 [125.           0.65160006   0.01150218]
 [126.           0.65160006   0.01150218]
 [127.           0.6526       0.00955511]
 [128.           0.6524       0.0085907 ]
 [129.           0.65300006   0.00796868]
 [130.           0.65360004   0.00779742]
 [131.           0.6542       0.00762889]
 [132.           0.6552       0.00719026]
 [133.           0.6546       0.00594137]
 [134.           0.65440005   0.00585663]
 [135.           0.6538       0.00661061]
 [136.           0.6538       0.00661061]
 [137.           0.6542       0.00511859]
 [138.           0.6546001    0.0059833 ]
 [139.           0.65360004   0.00531975]
 [140.           0.65360004   0.00477492]
 [141.           0.65459996   0.00439317]
 [142.           0.65440005   0.00444973]
 [143.           0.6538       0.0037683 ]
 [144.           0.654        0.0046368 ]
 [145.           0.65360004   0.00522495]
 [146.           0.65440005   0.00554977]
 [147.           0.65440005   0.00650385]
 [148.           0.653        0.00863135]
 [149.           0.65360004   0.00915425]
 [150.           0.6532001    0.00936482]
 [151.           0.65340006   0.00944986]
 [152.           0.6528       0.00928438]
 [153.           0.6526       0.00912687]
 [154.           0.652        0.00930054]
 [155.           0.65180004   0.01030532]
 [156.           0.65220004   0.01047377]
 [157.           0.65180004   0.01035375]
 [158.           0.6514       0.01059717]
 [159.           0.6516       0.01071448]
 [160.           0.6512       0.01059245]
 [161.           0.6512       0.01047378]
 [162.           0.651        0.0109087 ]
 [163.           0.6516       0.0100648 ]
 [164.           0.6524       0.00934344]
 [165.           0.6526       0.00952891]
 [166.           0.6526       0.0095551 ]
 [167.           0.65300006   0.00974682]
 [168.           0.6528       0.00920327]
 [169.           0.65360004   0.0086487 ]
 [170.           0.65340006   0.00907192]
 [171.           0.65360004   0.00963327]
 [172.           0.6538       0.0097314 ]
 [173.           0.6538       0.00925743]
 [174.           0.6538       0.00944457]
 [175.           0.6538       0.0098843 ]
 [176.           0.6538       0.01008464]
 [177.           0.6542       0.01032954]
 [178.           0.6546       0.01016365]
 [179.           0.65440005   0.00993978]
 [180.           0.6542       0.00967988]
 [181.           0.6542       0.00967988]
 [182.           0.65360004   0.00942336]
 [183.           0.65340006   0.0092358 ]
 [184.           0.653        0.009     ]
 [185.           0.6526       0.00864871]
 [186.           0.65300006   0.00871779]
 [187.           0.6524       0.00861974]
 [188.           0.65220004   0.00861393]
 [189.           0.6524       0.00864868]
 [190.           0.651        0.0082462 ]
 [191.           0.6514       0.00826437]
 [192.           0.651        0.0082462 ]
 [193.           0.6506       0.00847347]
 [194.           0.6514       0.00861974]
 [195.           0.6514       0.00890505]
 [196.           0.6514       0.0092358 ]
 [197.           0.6514       0.00963327]
 [198.           0.6514       0.01006479]
 [199.           0.6506       0.01038268]
 [200.           0.651        0.01036823]
 [201.           0.6512       0.01103177]
 [202.           0.65180004   0.0105214 ]
 [203.           0.6518       0.01089496]
 [204.           0.6514       0.01092246]
 [205.           0.65180004   0.01094076]
 [206.           0.652        0.01113552]
 [207.           0.652        0.01113552]
 [208.           0.65199995   0.01104536]
 [209.           0.65239996   0.0119708 ]
 [210.           0.6526       0.01221885]
 [211.           0.653        0.01214498]
 [212.           0.6528       0.01145427]
 [213.           0.653        0.01120268]
 [214.           0.6528       0.01103177]
 [215.           0.6528       0.01103177]
 [216.           0.6526       0.01099091]
 [217.           0.6526       0.01099091]
 [218.           0.6528       0.01116692]
 [219.           0.6524       0.01069113]
 [220.           0.652        0.01036821]
 [221.           0.6514       0.01073776]
 [222.           0.651        0.01017348]
 [223.           0.6512       0.0099599 ]
 [224.           0.6506       0.01078425]
 [225.           0.65080005   0.01084895]
 [226.           0.6512       0.01080276]
 [227.           0.65200007   0.01079351]
 [228.           0.65180004   0.01059243]
 [229.           0.65200007   0.01065363]
 [230.           0.6524       0.01089955]
 [231.           0.6524       0.01078424]
 [232.           0.6528       0.0112561 ]
 [233.           0.65300006   0.01146734]
 [234.           0.65360004   0.01045466]
 [235.           0.6532       0.01052139]
 [236.           0.65340006   0.01114899]
 [237.           0.6538       0.01138857]
 [238.           0.6534       0.01089952]
 [239.           0.65360004   0.01076103]
 [240.           0.654        0.0110227 ]
 [241.           0.6544       0.01089955]
 [242.           0.6542       0.01089497]
 [243.           0.6538       0.01084897]
 [244.           0.65379995   0.01032958]
 [245.           0.6542       0.01068644]
 [246.           0.6546       0.01045467]
 [247.           0.6546       0.01018825]
 [248.           0.6544       0.00991465]
 [249.           0.6552       0.0097314 ]
 [250.           0.6552       0.01025672]
 [251.           0.6548       0.0107564 ]
 [252.           0.65459996   0.0105024 ]
 [253.           0.6544       0.01069112]
 [254.           0.6544       0.01112654]
 [255.           0.65459996   0.01128274]
 [256.           0.65500003   0.01097727]
 [257.           0.65500003   0.01079352]
 [258.           0.6552       0.0102323 ]
 [259.           0.65580004   0.01112206]
 [260.           0.65580004   0.01156287]
 [261.           0.656        0.01124722]
 [262.           0.65620005   0.01145425]
 [263.           0.6558       0.01141052]
 [264.           0.65620005   0.01134459]
 [265.           0.6564       0.01105891]
 [266.           0.6564       0.01105891]
 [267.           0.6564       0.01105891]
 [268.           0.6566       0.01130485]
 [269.           0.6564       0.0108305 ]
 [270.           0.65620005   0.01105441]
 [271.           0.6564       0.01130488]
 [272.           0.65620005   0.01032957]
 [273.           0.65620005   0.00983363]
 [274.           0.656        0.01012424]
 [275.           0.65639997   0.00976219]
 [276.           0.65620005   0.00941806]
 [277.           0.6566       0.00963328]
 [278.           0.6568       0.00975704]
 [279.           0.657        0.0101735 ]
 [280.           0.65620005   0.01077961]
 [281.           0.6564       0.01161035]
 [282.           0.6564       0.01161035]
 [283.           0.657        0.01115797]
 [284.           0.6566       0.01165332]
 [285.           0.6564       0.01201249]
 [286.           0.6562       0.01177709]
 [287.           0.6566       0.01207477]
 [288.           0.6566       0.01201249]
 [289.           0.6566       0.01184485]
 [290.           0.6560001    0.01133578]
 [291.           0.656        0.01155422]
 [292.           0.656        0.01155422]
 [293.           0.6558       0.01192477]
 [294.           0.656        0.01155422]
 [295.           0.6562       0.01177709]
 [296.           0.6558       0.01149784]
 [297.           0.6556       0.01163186]
 [298.           0.65580004   0.01169188]
 [299.           0.65620005   0.01156288]
 [300.           0.6566       0.01171752]
 [301.           0.6566       0.01128275]
 [302.           0.6566       0.01092248]
 [303.           0.6564       0.01108153]
 [304.           0.656        0.01124723]
 [305.           0.6554       0.01099091]
 [306.           0.6554       0.01099091]
 [307.           0.6554       0.01099091]
 [308.           0.6552       0.01098635]
 [309.           0.65500003   0.01041633]
 [310.           0.6554       0.00991464]
 [311.           0.6556       0.0100648 ]
 [312.           0.6556       0.01047856]
 [313.           0.6552       0.01056882]
 [314.           0.6552       0.01056882]
 [315.           0.65500003   0.01048809]
 [316.           0.65500003   0.01031989]
 [317.           0.6554       0.01006481]
 [318.           0.65580004   0.00936484]
 [319.           0.65580004   0.00988434]
 [320.           0.6556       0.00968505]
 [321.           0.656        0.00938084]
 [322.           0.65620005   0.00852644]
 [323.           0.6562       0.00828856]
 [324.           0.6564       0.00838453]
 [325.           0.6566       0.00801874]
 [326.           0.65639997   0.00792467]
 [327.           0.6562       0.00828856]
 [328.           0.656        0.00866025]
 [329.           0.656        0.00821584]
 [330.           0.65580004   0.00807466]
 [331.           0.656        0.00821584]
 [332.           0.656        0.00800002]
 [333.           0.6564       0.00773304]
 [334.           0.6568       0.00769415]
 [335.           0.65680003   0.00794982]
 [336.           0.6566       0.00792463]
 [337.           0.657        0.00827646]
 [338.           0.657        0.00827646]
 [339.           0.657        0.00827646]
 [340.           0.65720004   0.00840831]
 [341.           0.657        0.00888819]
 [342.           0.6566       0.00958122]
 [343.           0.6566       0.00934343]
 [344.           0.65680003   0.00993478]
 [345.           0.6574       0.01035857]
 [346.           0.65720004   0.01028104]
 [347.           0.657        0.00951315]
 [348.           0.65720004   0.00920327]
 [349.           0.65720004   0.00920327]
 [350.           0.657        0.00913783]
 [351.           0.65720004   0.00906641]
 [352.           0.6574       0.0091269 ]
 [353.           0.6576       0.00926283]
 [354.           0.65720004   0.00855571]
 [355.           0.6574       0.00817315]
 [356.           0.6574001    0.00730069]
 [357.           0.65720004   0.00679706]
 [358.           0.6574       0.00684105]
 [359.           0.65819997   0.00746324]
 [360.           0.658        0.00784218]
 [361.           0.6578       0.00769414]
 [362.           0.6578       0.00794984]
 [363.           0.6574001    0.00766812]
 [364.           0.6578       0.00788668]
 [365.           0.65760005   0.00779743]
 [366.           0.6578       0.00807466]
 [367.           0.6574001    0.00789302]
 [368.           0.6578       0.00759606]
 [369.           0.6582       0.00779102]
 [370.           0.6584       0.00792465]
 [371.           0.658        0.00751664]
 [372.           0.658        0.00751664]
 [373.           0.658        0.0074162 ]
 [374.           0.65860003   0.00801873]
 [375.           0.65860003   0.00801873]
 [376.           0.65860003   0.00820366]
 [377.           0.65860003   0.00820366]
 [378.           0.6582       0.00831865]
 [379.           0.6584       0.00838451]
 [380.           0.65860003   0.00847349]
 [381.           0.65860003   0.00847349]
 [382.           0.65860003   0.00847349]
 [383.           0.6584       0.00838451]
 [384.           0.658        0.00796869]
 [385.           0.658        0.00790569]
 [386.           0.65819997   0.00807465]
 [387.           0.65819997   0.00864294]
 [388.           0.65819997   0.00864294]
 [389.           0.658        0.00845577]
 [390.           0.658        0.00845577]
 [391.           0.65819997   0.00813633]
 [392.           0.65819997   0.00813633]
 [393.           0.6584       0.00829457]
 [394.           0.6584       0.00782942]
 [395.           0.6584       0.00782942]
 [396.           0.65880007   0.00772657]
 [397.           0.65900004   0.00806226]
 [398.           0.6594       0.00795614]
 [399.           0.6594       0.00795614]
 [400.           0.6594       0.00795614]]
Dataset       :Citeseer
Model         :APPNP
Conden ratio  :1.0
GC            :3
LearnA        :1
Max Test Accuracy:
0.669
Best Result: Epoch   Acc  Std.
               398 0.6594  0.0080
