Set seed
Model GCN
--------------------------------------------------
The 1th iteration:
--------------------------------------------------
--------------------------------------------------
The 2th iteration:
--------------------------------------------------
--------------------------------------------------
The 3th iteration:
--------------------------------------------------
--------------------------------------------------
The 4th iteration:
--------------------------------------------------
--------------------------------------------------
The 5th iteration:
--------------------------------------------------
[[  1.           0.2          0.07431352]
 [  2.           0.20179999   0.0648051 ]
 [  3.           0.2014       0.06844194]
 [  4.           0.20019999   0.06887452]
 [  5.           0.2          0.06936137]
 [  6.           0.2024       0.06619895]
 [  7.           0.20240001   0.06451201]
 [  8.           0.2072       0.05377918]
 [  9.           0.21360002   0.03890759]
 [ 10.           0.2194       0.0259384 ]
 [ 11.           0.2244       0.01475805]
 [ 12.           0.22880001   0.00491935]
 [ 13.           0.2292       0.00402492]
 [ 14.           0.22940002   0.00357771]
 [ 15.           0.23000002   0.00223607]
 [ 16.           0.23020001   0.00178886]
 [ 17.           0.2306       0.00089443]
 [ 18.           0.23099999   0.00141421]
 [ 19.           0.23119998   0.00204939]
 [ 20.           0.23179999   0.00164316]
 [ 21.           0.23120001   0.00258844]
 [ 22.           0.23179999   0.00396233]
 [ 23.           0.2282       0.0057184 ]
 [ 24.           0.2264       0.00577062]
 [ 25.           0.22320001   0.00732803]
 [ 26.           0.22119999   0.01032957]
 [ 27.           0.21900001   0.01251   ]
 [ 28.           0.2188       0.01503994]
 [ 29.           0.2188       0.0161462 ]
 [ 30.           0.2192       0.01418451]
 [ 31.           0.22000001   0.01246997]
 [ 32.           0.22120002   0.01049762]
 [ 33.           0.223        0.0087178 ]
 [ 34.           0.22360002   0.00867755]
 [ 35.           0.224        0.00809321]
 [ 36.           0.2234       0.00750333]
 [ 37.           0.2224       0.00705691]
 [ 38.           0.22020002   0.00637965]
 [ 39.           0.2182       0.00679706]
 [ 40.           0.21659999   0.00820366]
 [ 41.           0.21440001   0.00726636]
 [ 42.           0.2142       0.00772658]
 [ 43.           0.2124       0.00870631]
 [ 44.           0.21300001   0.00833666]
 [ 45.           0.21180001   0.00756307]
 [ 46.           0.2112       0.00843801]
 [ 47.           0.2076       0.01244187]
 [ 48.           0.20780002   0.01444645]
 [ 49.           0.20640002   0.01553384]
 [ 50.           0.20380001   0.01909711]
 [ 51.           0.203        0.0190263 ]
 [ 52.           0.20320001   0.018593  ]
 [ 53.           0.2036       0.0183112 ]
 [ 54.           0.204        0.01806931]
 [ 55.           0.2062       0.01573849]
 [ 56.           0.20920001   0.00957601]
 [ 57.           0.20920001   0.00813634]
 [ 58.           0.20939998   0.00522494]
 [ 59.           0.2084       0.00563915]
 [ 60.           0.20420001   0.00637966]
 [ 61.           0.2034       0.0068775 ]
 [ 62.           0.2024       0.0069857 ]
 [ 63.           0.201        0.00800001]
 [ 64.           0.19780001   0.01047378]
 [ 65.           0.19600001   0.01290349]
 [ 66.           0.19520001   0.01427235]
 [ 67.           0.194        0.01589025]
 [ 68.           0.1942       0.01497331]
 [ 69.           0.1968       0.01066302]
 [ 70.           0.19780001   0.00892749]
 [ 71.           0.199        0.00902774]
 [ 72.           0.199        0.01007472]
 [ 73.           0.19759999   0.00853229]
 [ 74.           0.1974       0.00835463]
 [ 75.           0.19600001   0.008     ]
 [ 76.           0.1942       0.00952366]
 [ 77.           0.19240001   0.00976217]
 [ 78.           0.1926       0.01192896]
 [ 79.           0.1952       0.01527089]
 [ 80.           0.19559999   0.01348333]
 [ 81.           0.19759999   0.01238144]
 [ 82.           0.1966       0.01213672]
 [ 83.           0.19500001   0.01387443]
 [ 84.           0.19319999   0.0160686 ]
 [ 85.           0.19         0.0148324 ]
 [ 86.           0.1888       0.01472074]
 [ 87.           0.186        0.0137659 ]
 [ 88.           0.18560001   0.01171751]
 [ 89.           0.18640001   0.00963327]
 [ 90.           0.18800001   0.0107471 ]
 [ 91.           0.18980001   0.01291124]
 [ 92.           0.19319999   0.01321741]
 [ 93.           0.19600001   0.01157583]
 [ 94.           0.1966       0.00952891]
 [ 95.           0.1938       0.01112205]
 [ 96.           0.1912       0.01251798]
 [ 97.           0.18959999   0.01457052]
 [ 98.           0.1892       0.01430734]
 [ 99.           0.1888       0.01564289]
 [100.           0.19100001   0.01319091]
 [101.           0.19         0.01070047]
 [102.           0.1902       0.01025671]
 [103.           0.1888       0.0130269 ]
 [104.           0.18900001   0.01403567]
 [105.           0.1872       0.01657408]
 [106.           0.1876       0.01681666]
 [107.           0.1872       0.0144118 ]
 [108.           0.1852       0.01338656]
 [109.           0.18520002   0.0141845 ]
 [110.           0.1866       0.01308816]
 [111.           0.19         0.01090871]
 [112.           0.18640001   0.01154556]
 [113.           0.1852       0.01188276]
 [114.           0.1846       0.01316435]
 [115.           0.1834       0.0129151 ]
 [116.           0.18240002   0.01139298]
 [117.           0.18220001   0.0105214 ]
 [118.           0.18300001   0.01111305]
 [119.           0.1846       0.01038268]
 [120.           0.1872       0.01042593]
 [121.           0.18920001   0.00864291]
 [122.           0.1912       0.00791833]
 [123.           0.1928       0.0088713 ]
 [124.           0.19160001   0.00928977]
 [125.           0.19020002   0.00858487]
 [126.           0.1864       0.01052616]
 [127.           0.1816       0.01279843]
 [128.           0.18120001   0.01275539]
 [129.           0.1814       0.01260159]
 [130.           0.1836       0.01281796]
 [131.           0.18560001   0.01277889]
 [132.           0.18740001   0.01272006]
 [133.           0.18820001   0.01091787]
 [134.           0.18720001   0.00849706]
 [135.           0.1886       0.00792465]
 [136.           0.18959999   0.00770065]
 [137.           0.18800001   0.01022252]
 [138.           0.1858       0.01219426]
 [139.           0.1844       0.01431084]
 [140.           0.18380001   0.01773978]
 [141.           0.1854       0.01886265]
 [142.           0.18480001   0.01845806]
 [143.           0.1844       0.01645601]
 [144.           0.1836       0.01393915]
 [145.           0.1838       0.01008464]
 [146.           0.1846       0.00861974]
 [147.           0.184        0.00738241]
 [148.           0.1822       0.00465833]
 [149.           0.1826       0.00320936]
 [150.           0.18160002   0.00709225]
 [151.           0.17980002   0.01196662]
 [152.           0.17999999   0.01339776]
 [153.           0.18140002   0.01324009]
 [154.           0.1836       0.012502  ]
 [155.           0.1842       0.01196663]
 [156.           0.1836       0.01165333]
 [157.           0.18340002   0.01230041]
 [158.           0.185        0.01238951]
 [159.           0.18740001   0.01238144]
 [160.           0.1876       0.01173882]
 [161.           0.18840002   0.00986407]
 [162.           0.1876       0.00835464]
 [163.           0.18540001   0.0070214 ]
 [164.           0.18439999   0.00896103]
 [165.           0.182        0.01146735]
 [166.           0.1794       0.01411736]
 [167.           0.1786       0.01455335]
 [168.           0.17999999   0.01212436]
 [169.           0.1822       0.00558569]
 [170.           0.18280001   0.00719027]
 [171.           0.1826       0.0095289 ]
 [172.           0.1854       0.0128569 ]
 [173.           0.187        0.0143527 ]
 [174.           0.1866       0.0133154 ]
 [175.           0.18699999   0.0130958 ]
 [176.           0.18679999   0.01263724]
 [177.           0.18640001   0.01132696]
 [178.           0.18480001   0.00840833]
 [179.           0.184        0.00599999]
 [180.           0.1818       0.00779101]
 [181.           0.18139999   0.01137101]
 [182.           0.18079999   0.01175585]
 [183.           0.1804       0.00998999]
 [184.           0.1826       0.00482701]
 [185.           0.18480001   0.00576195]
 [186.           0.18620001   0.00813633]
 [187.           0.18700002   0.01120268]
 [188.           0.18840002   0.0151921 ]
 [189.           0.188        0.01623268]
 [190.           0.18599999   0.01557241]
 [191.           0.1842       0.01237739]
 [192.           0.1842       0.008228  ]
 [193.           0.1846       0.00581378]
 [194.           0.1828       0.00837854]
 [195.           0.18319999   0.01003494]
 [196.           0.18439999   0.00996494]
 [197.           0.1854       0.0092358 ]
 [198.           0.1858       0.00704983]
 [199.           0.1844       0.0069857 ]
 [200.           0.1802       0.008228  ]
 [201.           0.178        0.01027132]
 [202.           0.17819999   0.01169188]
 [203.           0.1806       0.01279844]
 [204.           0.1826       0.0133154 ]
 [205.           0.1848       0.01329286]
 [206.           0.18620001   0.01377316]
 [207.           0.1864       0.01482565]
 [208.           0.1858       0.01463558]
 [209.           0.1864       0.01275931]
 [210.           0.18740001   0.00960729]
 [211.           0.1866       0.00782944]
 [212.           0.186        0.00774597]
 [213.           0.1842       0.00725948]
 [214.           0.184        0.00824621]
 [215.           0.183        0.00997497]
 [216.           0.184        0.01058301]
 [217.           0.1828       0.00990959]
 [218.           0.1844       0.01021274]
 [219.           0.18840002   0.01207477]
 [220.           0.18900001   0.01140175]
 [221.           0.18840002   0.01167477]
 [222.           0.18980001   0.01109955]
 [223.           0.1888       0.00954987]
 [224.           0.1864       0.01016366]
 [225.           0.1848       0.01080278]
 [226.           0.184        0.01146734]
 [227.           0.1832       0.00983362]
 [228.           0.18300001   0.00927362]
 [229.           0.18380001   0.00925743]
 [230.           0.1838       0.00739594]
 [231.           0.185        0.00692821]
 [232.           0.1848       0.00834866]
 [233.           0.1838       0.00975705]
 [234.           0.18280001   0.00892748]
 [235.           0.18139999   0.00798749]
 [236.           0.1806       0.00770065]
 [237.           0.1806       0.00665582]
 [238.           0.1816       0.00661816]
 [239.           0.183        0.00845577]
 [240.           0.185        0.0110227 ]
 [241.           0.1856       0.01236122]
 [242.           0.18640001   0.01295376]
 [243.           0.18660001   0.01322119]
 [244.           0.18660001   0.0127397 ]
 [245.           0.18740001   0.0095551 ]
 [246.           0.18800001   0.00234521]
 [247.           0.1868       0.00311448]
 [248.           0.1836       0.00691376]
 [249.           0.182        0.00911043]
 [250.           0.1808       0.00887131]
 [251.           0.17940001   0.00694982]
 [252.           0.1792       0.00449445]
 [253.           0.17920001   0.0051672 ]
 [254.           0.17880002   0.0085557 ]
 [255.           0.1808       0.01164904]
 [256.           0.181        0.01210372]
 [257.           0.1808       0.01196661]
 [258.           0.18100001   0.01176859]
 [259.           0.18159999   0.01126055]
 [260.           0.18319999   0.01049762]
 [261.           0.1844       0.01038267]
 [262.           0.1844       0.0100896 ]
 [263.           0.1826       0.00890506]
 [264.           0.18120001   0.0070852 ]
 [265.           0.17980002   0.00496991]
 [266.           0.1816       0.00545893]
 [267.           0.18340002   0.0074027 ]
 [268.           0.1854       0.00804984]
 [269.           0.1868       0.00641872]
 [270.           0.18700002   0.0083666 ]
 [271.           0.18540001   0.00859069]
 [272.           0.18620001   0.00858487]
 [273.           0.1858       0.00965401]
 [274.           0.184        0.0097724 ]
 [275.           0.18100001   0.00961769]
 [276.           0.179        0.00969536]
 [277.           0.178        0.01022253]
 [278.           0.1778       0.00967988]
 [279.           0.17999999   0.01093161]
 [280.           0.18280001   0.01061602]
 [281.           0.1858       0.00909395]
 [282.           0.1896       0.00585662]
 [283.           0.1888       0.00672309]
 [284.           0.1894       0.00838451]
 [285.           0.18980001   0.0135536 ]
 [286.           0.1878       0.01360882]
 [287.           0.1834       0.01379493]
 [288.           0.18120001   0.01329286]
 [289.           0.1792       0.01207063]
 [290.           0.1786       0.01207476]
 [291.           0.17819999   0.01073312]
 [292.           0.1778       0.00995992]
 [293.           0.1772       0.00914877]
 [294.           0.17999999   0.00860233]
 [295.           0.18300001   0.00921954]
 [296.           0.18380001   0.00791834]
 [297.           0.184        0.00674537]
 [298.           0.18480001   0.00752994]
 [299.           0.1842       0.00980816]
 [300.           0.1836       0.01026157]
 [301.           0.1838       0.01089496]
 [302.           0.1846       0.01101362]
 [303.           0.1854       0.01080741]
 [304.           0.1866       0.01089955]
 [305.           0.18660001   0.01052616]
 [306.           0.18640001   0.00838451]
 [307.           0.18660001   0.00792465]
 [308.           0.1868       0.00683374]
 [309.           0.18800001   0.00748332]
 [310.           0.18800001   0.00761577]
 [311.           0.18740001   0.0074364 ]
 [312.           0.186        0.00806226]
 [313.           0.184        0.00894427]
 [314.           0.1822       0.00985901]
 [315.           0.1824       0.01038268]
 [316.           0.18100001   0.00894427]
 [317.           0.17840001   0.00610737]
 [318.           0.1768       0.0051672 ]
 [319.           0.17639999   0.00654217]
 [320.           0.1772       0.00831866]
 [321.           0.179        0.01115796]
 [322.           0.1816       0.01145862]
 [323.           0.18280001   0.01138859]
 [324.           0.18380001   0.00901111]
 [325.           0.1858       0.00739595]
 [326.           0.189        0.00441589]
 [327.           0.1912       0.00396232]
 [328.           0.19219999   0.00327109]
 [329.           0.1916       0.00371483]
 [330.           0.188        0.00587367]
 [331.           0.18640001   0.00782943]
 [332.           0.1842       0.00843801]
 [333.           0.1824       0.00776531]
 [334.           0.1808       0.00645755]
 [335.           0.1794       0.00585662]
 [336.           0.1774       0.00492951]
 [337.           0.1786       0.00550455]
 [338.           0.1814       0.00716241]
 [339.           0.184        0.00696419]
 [340.           0.18640001   0.0059833 ]
 [341.           0.1892       0.00676018]
 [342.           0.19139999   0.00770065]
 [343.           0.19260001   0.0071624 ]
 [344.           0.1944       0.00867756]
 [345.           0.1952       0.01047377]
 [346.           0.1944       0.00960728]
 [347.           0.1946       0.01021273]
 [348.           0.19520001   0.01247798]
 [349.           0.19500001   0.01592169]
 [350.           0.1938       0.01754138]
 [351.           0.1904       0.0195525 ]
 [352.           0.18859999   0.0221991 ]
 [353.           0.18460001   0.022832  ]
 [354.           0.1836       0.02450102]
 [355.           0.1826       0.02634957]
 [356.           0.1832       0.02571381]
 [357.           0.1836       0.02341581]
 [358.           0.1852       0.0215569 ]
 [359.           0.1866       0.0187163 ]
 [360.           0.18800001   0.01727715]
 [361.           0.18859999   0.01469013]
 [362.           0.19         0.01290349]
 [363.           0.1912       0.01162755]
 [364.           0.1918       0.01028105]
 [365.           0.1906       0.01045466]
 [366.           0.19020002   0.01077961]
 [367.           0.189        0.00946044]
 [368.           0.189        0.00902774]
 [369.           0.18779999   0.00861394]
 [370.           0.186        0.00935414]
 [371.           0.1858       0.01035374]
 [372.           0.18460001   0.01246194]
 [373.           0.1846       0.01401071]
 [374.           0.1854       0.01364918]
 [375.           0.1858       0.01398928]
 [376.           0.187        0.01317194]
 [377.           0.189        0.01345363]
 [378.           0.1892       0.01344247]
 [379.           0.19         0.01266886]
 [380.           0.18980001   0.01347962]
 [381.           0.19         0.01294218]
 [382.           0.1908       0.0127554 ]
 [383.           0.1914       0.01455335]
 [384.           0.1906       0.01532318]
 [385.           0.18980001   0.01482228]
 [386.           0.1894       0.01467311]
 [387.           0.187        0.01593737]
 [388.           0.18640001   0.01671227]
 [389.           0.18699999   0.01662829]
 [390.           0.1874       0.0159311 ]
 [391.           0.18980001   0.01620802]
 [392.           0.1908       0.01875367]
 [393.           0.19240001   0.01883614]
 [394.           0.1926       0.01932097]
 [395.           0.193        0.02150581]
 [396.           0.19219999   0.02243212]
 [397.           0.1922       0.02248777]
 [398.           0.192        0.02257211]
 [399.           0.1908       0.02226432]
 [400.           0.1916       0.02147789]]
Dataset       :Citeseer
Model         :GCN
Conden ratio  :0.25
GC            :4
LearnA        :0
Max Test Accuracy:
0.275
Best Result: Epoch   Acc  Std.
               20 0.2318  0.0016
