Set seed
Model SAGE
--------------------------------------------------
The 1th iteration:
--------------------------------------------------
--------------------------------------------------
The 2th iteration:
--------------------------------------------------
--------------------------------------------------
The 3th iteration:
--------------------------------------------------
--------------------------------------------------
The 4th iteration:
--------------------------------------------------
--------------------------------------------------
The 5th iteration:
--------------------------------------------------
[[  1.           0.2524       0.12915224]
 [  2.           0.32140002   0.10400866]
 [  3.           0.362        0.10516892]
 [  4.           0.39299998   0.11000909]
 [  5.           0.42140004   0.12056451]
 [  6.           0.44179997   0.12563716]
 [  7.           0.4546       0.12813783]
 [  8.           0.4618       0.13138568]
 [  9.           0.4632       0.12740958]
 [ 10.           0.46020004   0.12520264]
 [ 11.           0.454        0.11788342]
 [ 12.           0.45000002   0.11347688]
 [ 13.           0.44160005   0.10571329]
 [ 14.           0.43179998   0.09244025]
 [ 15.           0.42360002   0.08489877]
 [ 16.           0.4166       0.08007371]
 [ 17.           0.4104       0.07686221]
 [ 18.           0.4058       0.07583006]
 [ 19.           0.3966       0.0738363 ]
 [ 20.           0.3866       0.07171332]
 [ 21.           0.37960002   0.06876265]
 [ 22.           0.37600002   0.06219727]
 [ 23.           0.3748       0.0506626 ]
 [ 24.           0.3734       0.04020945]
 [ 25.           0.37420002   0.03076849]
 [ 26.           0.37660003   0.0269314 ]
 [ 27.           0.381        0.02607681]
 [ 28.           0.386        0.0250699 ]
 [ 29.           0.39000002   0.02413504]
 [ 30.           0.39720002   0.02382646]
 [ 31.           0.4034       0.02546174]
 [ 32.           0.4094       0.02931382]
 [ 33.           0.41700003   0.03472752]
 [ 34.           0.4234       0.03964594]
 [ 35.           0.4302       0.04319953]
 [ 36.           0.43319997   0.04727792]
 [ 37.           0.43500003   0.04782782]
 [ 38.           0.437        0.04950251]
 [ 39.           0.4382       0.04851493]
 [ 40.           0.4368       0.0498016 ]
 [ 41.           0.4348       0.0479291 ]
 [ 42.           0.4334       0.05050546]
 [ 43.           0.43280002   0.04993196]
 [ 44.           0.43199998   0.05035872]
 [ 45.           0.43000004   0.04978956]
 [ 46.           0.42859998   0.05287059]
 [ 47.           0.43120003   0.056309  ]
 [ 48.           0.43519998   0.05772087]
 [ 49.           0.4384       0.06126825]
 [ 50.           0.44180003   0.06380595]
 [ 51.           0.44280002   0.06584601]
 [ 52.           0.4464       0.06789181]
 [ 53.           0.4474       0.06794337]
 [ 54.           0.44960004   0.06663933]
 [ 55.           0.45200005   0.06476884]
 [ 56.           0.45380002   0.064391  ]
 [ 57.           0.4556       0.06566431]
 [ 58.           0.45760003   0.06597194]
 [ 59.           0.46080002   0.0668633 ]
 [ 60.           0.4612       0.06859812]
 [ 61.           0.46040002   0.06885711]
 [ 62.           0.45959997   0.06770007]
 [ 63.           0.4588       0.06283468]
 [ 64.           0.4588       0.05880221]
 [ 65.           0.46100003   0.05330572]
 [ 66.           0.46339998   0.05318646]
 [ 67.           0.46739998   0.05263364]
 [ 68.           0.47259998   0.05307826]
 [ 69.           0.47779998   0.0557557 ]
 [ 70.           0.4818       0.05852521]
 [ 71.           0.4838       0.0594281 ]
 [ 72.           0.48540002   0.05987739]
 [ 73.           0.48739997   0.05876477]
 [ 74.           0.487        0.05926212]
 [ 75.           0.4882       0.05975952]
 [ 76.           0.4894       0.06124378]
 [ 77.           0.4902       0.06193302]
 [ 78.           0.49180004   0.06281479]
 [ 79.           0.49320003   0.06288243]
 [ 80.           0.49420005   0.06155242]
 [ 81.           0.49700004   0.06113103]
 [ 82.           0.4986       0.05942895]
 [ 83.           0.49940005   0.05981054]
 [ 84.           0.49839997   0.05921824]
 [ 85.           0.49640003   0.06031833]
 [ 86.           0.49600002   0.06070831]
 [ 87.           0.49639997   0.06101067]
 [ 88.           0.49639997   0.06045908]
 [ 89.           0.4968       0.05999749]
 [ 90.           0.49700004   0.05911007]
 [ 91.           0.49820003   0.0590271 ]
 [ 92.           0.49799997   0.05949369]
 [ 93.           0.49839997   0.059685  ]
 [ 94.           0.498        0.05977038]
 [ 95.           0.49920002   0.05912444]
 [ 96.           0.50100005   0.05720578]
 [ 97.           0.50240004   0.05736548]
 [ 98.           0.50299996   0.05620053]
 [ 99.           0.50380003   0.05642872]
 [100.           0.5054       0.05487987]
 [101.           0.5062       0.05521502]
 [102.           0.50740004   0.05498909]
 [103.           0.50920004   0.05474213]
 [104.           0.50920004   0.05376524]
 [105.           0.50879997   0.05421438]
 [106.           0.50879997   0.05379313]
 [107.           0.51         0.05240229]
 [108.           0.5108       0.05246617]
 [109.           0.5118       0.05131472]
 [110.           0.5132       0.05053416]
 [111.           0.5156       0.05119864]
 [112.           0.51780003   0.05201634]
 [113.           0.51940006   0.05296508]
 [114.           0.5212       0.05397869]
 [115.           0.521        0.05487713]
 [116.           0.5198       0.0541498 ]
 [117.           0.5202       0.05412671]
 [118.           0.5206       0.05358918]
 [119.           0.5204       0.05345372]
 [120.           0.5198       0.05319493]
 [121.           0.51940006   0.05254808]
 [122.           0.5192       0.05215076]
 [123.           0.5198       0.05147525]
 [124.           0.5204       0.0521565 ]
 [125.           0.5204       0.05053019]
 [126.           0.5212       0.05119767]
 [127.           0.5214       0.05147136]
 [128.           0.522        0.05174457]
 [129.           0.522        0.05228288]
 [130.           0.5226       0.05284221]
 [131.           0.5232       0.05244712]
 [132.           0.52360004   0.05298395]
 [133.           0.52360004   0.05339288]
 [134.           0.5238       0.05353224]
 [135.           0.5244       0.05397036]
 [136.           0.5252       0.05460037]
 [137.           0.5254       0.0548662 ]
 [138.           0.526        0.05556528]
 [139.           0.5262       0.05553558]
 [140.           0.527        0.05594195]
 [141.           0.528        0.05687266]
 [142.           0.5282       0.0570456 ]
 [143.           0.529        0.0578403 ]
 [144.           0.52940005   0.0585645 ]
 [145.           0.5302       0.05852949]
 [146.           0.53120005   0.05955417]
 [147.           0.532        0.06036142]
 [148.           0.5342       0.06224708]
 [149.           0.53459996   0.0626921 ]
 [150.           0.5348       0.06293012]
 [151.           0.5362       0.06313637]
 [152.           0.537        0.06319415]
 [153.           0.5382       0.06371184]
 [154.           0.53940004   0.06487912]
 [155.           0.5404       0.06580881]
 [156.           0.5414       0.06700224]
 [157.           0.5416       0.06671806]
 [158.           0.5418       0.06697163]
 [159.           0.542        0.06661832]
 [160.           0.54139996   0.0661196 ]
 [161.           0.5406       0.06515598]
 [162.           0.54179996   0.06599015]
 [163.           0.5422       0.06555685]
 [164.           0.5424       0.06458174]
 [165.           0.5428       0.06453061]
 [166.           0.5438       0.0651974 ]
 [167.           0.5448       0.06518973]
 [168.           0.54539996   0.06540108]
 [169.           0.5468       0.06687453]
 [170.           0.5468       0.06687453]
 [171.           0.5488       0.06798309]
 [172.           0.55100006   0.06948021]
 [173.           0.5516       0.06939236]
 [174.           0.5516       0.06939236]
 [175.           0.5528       0.07051028]
 [176.           0.5534       0.07043651]
 [177.           0.554        0.0711688 ]
 [178.           0.5544       0.07050037]
 [179.           0.55520004   0.07141218]
 [180.           0.5558       0.07197359]
 [181.           0.55740005   0.0725555 ]
 [182.           0.5586       0.07375837]
 [183.           0.56020004   0.0751179 ]
 [184.           0.56140006   0.07553342]
 [185.           0.5606       0.07518511]
 [186.           0.56100005   0.07548179]
 [187.           0.5618       0.07443251]
 [188.           0.562        0.07430679]
 [189.           0.56280005   0.07407901]
 [190.           0.5634       0.0748151 ]
 [191.           0.5644       0.07453389]
 [192.           0.565        0.07418557]
 [193.           0.56520003   0.07361861]
 [194.           0.5646       0.07185262]
 [195.           0.5644       0.07086112]
 [196.           0.56380004   0.07017263]
 [197.           0.564        0.06981044]
 [198.           0.56380004   0.06935921]
 [199.           0.5646       0.06835058]
 [200.           0.5646       0.06747815]
 [201.           0.565        0.06668207]
 [202.           0.5658       0.06553778]
 [203.           0.56640005   0.06456624]
 [204.           0.5674       0.06370479]
 [205.           0.5678       0.06422382]
 [206.           0.56880003   0.06311259]
 [207.           0.56920004   0.06237147]
 [208.           0.5698       0.06235142]
 [209.           0.57199997   0.06228162]
 [210.           0.5726       0.06230008]
 [211.           0.57400006   0.06154672]
 [212.           0.575        0.06185063]
 [213.           0.5770001    0.06151828]
 [214.           0.579        0.06170089]
 [215.           0.5804       0.06109255]
 [216.           0.58120006   0.06029261]
 [217.           0.58100003   0.05959446]
 [218.           0.5808       0.0581395 ]
 [219.           0.58000004   0.05771915]
 [220.           0.5808       0.05766454]
 [221.           0.57820004   0.0585252 ]
 [222.           0.5774       0.05902795]
 [223.           0.5776       0.06213936]
 [224.           0.5772       0.06354684]
 [225.           0.5764       0.06410773]
 [226.           0.57559997   0.06669556]
 [227.           0.5762       0.0664921 ]
 [228.           0.5744       0.06828837]
 [229.           0.5736       0.06895506]
 [230.           0.57280004   0.06942764]
 [231.           0.5712001    0.06997286]
 [232.           0.57         0.07098943]
 [233.           0.5698       0.07112454]
 [234.           0.5708       0.0725927 ]
 [235.           0.569        0.07286976]
 [236.           0.5694       0.07268287]
 [237.           0.57000005   0.0724983 ]
 [238.           0.5714       0.07041878]
 [239.           0.5708       0.0707015 ]
 [240.           0.57060003   0.07098098]
 [241.           0.57159996   0.07109362]
 [242.           0.57280004   0.07159398]
 [243.           0.5732       0.07065903]
 [244.           0.5736       0.07062436]
 [245.           0.574        0.06921706]
 [246.           0.575        0.06792275]
 [247.           0.57600003   0.06690665]
 [248.           0.5770001    0.06673454]
 [249.           0.5774       0.0669014 ]
 [250.           0.5776       0.06712898]
 [251.           0.577        0.06785647]
 [252.           0.57680005   0.0674774 ]
 [253.           0.5764       0.06761139]
 [254.           0.5774       0.06565288]
 [255.           0.57919997   0.06313636]
 [256.           0.57980007   0.0619088 ]
 [257.           0.57919997   0.06345629]
 [258.           0.5756       0.07008422]
 [259.           0.57420003   0.07322362]
 [260.           0.573        0.07560093]
 [261.           0.573        0.07521968]
 [262.           0.5748       0.07209161]
 [263.           0.5786       0.06602499]
 [264.           0.5816       0.06221977]
 [265.           0.5834       0.06011903]
 [266.           0.583        0.06087692]
 [267.           0.5834       0.060281  ]
 [268.           0.583        0.06061353]
 [269.           0.5838       0.05957098]
 [270.           0.58500004   0.05997082]
 [271.           0.5858       0.06088268]
 [272.           0.5862       0.06035063]
 [273.           0.5846       0.06289117]
 [274.           0.58320004   0.06519737]
 [275.           0.58260006   0.06610824]
 [276.           0.5824       0.0675374 ]
 [277.           0.584        0.06724212]
 [278.           0.5834       0.06659806]
 [279.           0.5842       0.06612639]
 [280.           0.5856       0.06509454]
 [281.           0.58680004   0.06356648]
 [282.           0.58860004   0.06246039]
 [283.           0.58860004   0.0618369 ]
 [284.           0.59         0.05962801]
 [285.           0.59040004   0.05930682]
 [286.           0.59020007   0.05898473]
 [287.           0.59020007   0.05898473]
 [288.           0.5906       0.05789906]
 [289.           0.5906       0.05801551]
 [290.           0.59040004   0.05819192]
 [291.           0.592        0.05716205]
 [292.           0.5924       0.05730881]
 [293.           0.5942       0.05582295]
 [294.           0.5938       0.0548425 ]
 [295.           0.596        0.05460311]
 [296.           0.596        0.05401389]
 [297.           0.59720004   0.05360691]
 [298.           0.5966       0.05422454]
 [299.           0.59760004   0.05442699]
 [300.           0.5968       0.05567946]
 [301.           0.59720004   0.05625124]
 [302.           0.5968       0.05661889]
 [303.           0.5964       0.05756995]
 [304.           0.5962       0.0582855 ]
 [305.           0.59580004   0.05777284]
 [306.           0.59580004   0.05819106]
 [307.           0.596        0.05797845]
 [308.           0.59580004   0.05819106]
 [309.           0.5962       0.05805343]
 [310.           0.5964       0.05783858]
 [311.           0.5962       0.05874267]
 [312.           0.5958       0.05802327]
 [313.           0.5956       0.05883706]
 [314.           0.5958       0.05912444]
 [315.           0.596        0.05935064]
 [316.           0.5962       0.05957936]
 [317.           0.596        0.05935064]
 [318.           0.5976       0.05973523]
 [319.           0.599        0.05698683]
 [320.           0.6          0.05681108]
 [321.           0.60040003   0.05635865]
 [322.           0.601        0.05570008]
 [323.           0.60179996   0.0566895 ]
 [324.           0.60260004   0.05585068]
 [325.           0.6038       0.05740818]
 [326.           0.60440004   0.05716904]
 [327.           0.60560006   0.05746564]
 [328.           0.6068       0.05864044]
 [329.           0.6062       0.0587086 ]
 [330.           0.6058       0.0581094 ]
 [331.           0.606        0.05834811]
 [332.           0.6056       0.05824776]
 [333.           0.605        0.05994581]
 [334.           0.6056       0.06137019]
 [335.           0.60600007   0.06096311]
 [336.           0.606        0.05899575]
 [337.           0.6056       0.05793789]
 [338.           0.6068       0.05737335]
 [339.           0.6072       0.05749522]
 [340.           0.6072       0.05657472]
 [341.           0.6064       0.05633205]
 [342.           0.60760003   0.05660652]
 [343.           0.60719997   0.05693593]
 [344.           0.6072       0.05785068]
 [345.           0.607        0.05714892]
 [346.           0.6066       0.05657561]
 [347.           0.6064       0.0562921 ]
 [348.           0.60620004   0.05604641]
 [349.           0.60580003   0.05639328]
 [350.           0.6054       0.05628766]
 [351.           0.60560006   0.0570377 ]
 [352.           0.6066       0.05652699]
 [353.           0.6066       0.05606514]
 [354.           0.6068       0.05681726]
 [355.           0.6066       0.05652699]
 [356.           0.60600007   0.05566868]
 [357.           0.6052       0.0554635 ]
 [358.           0.6054       0.05574316]
 [359.           0.605        0.0556462 ]
 [360.           0.6054       0.05528383]
 [361.           0.60580003   0.05502   ]
 [362.           0.60620004   0.05558059]
 [363.           0.60620004   0.05525127]
 [364.           0.6066       0.05545542]
 [365.           0.6066       0.05545542]
 [366.           0.6066       0.05545542]
 [367.           0.607        0.05603126]
 [368.           0.6068       0.05574229]
 [369.           0.6068       0.05574229]
 [370.           0.6068       0.05574229]
 [371.           0.6066       0.05545542]
 [372.           0.6066       0.05545542]
 [373.           0.6066       0.05545542]
 [374.           0.6066       0.05545542]
 [375.           0.6066       0.05545542]
 [376.           0.6066       0.05545542]
 [377.           0.6064       0.05517067]
 [378.           0.6064       0.05517067]
 [379.           0.6064       0.05517067]
 [380.           0.6068       0.05569742]
 [381.           0.607        0.05598216]
 [382.           0.6068       0.05569742]
 [383.           0.6066       0.05545542]
 [384.           0.6068       0.05574229]
 [385.           0.6068       0.05574229]
 [386.           0.607        0.05598216]
 [387.           0.607        0.05598216]
 [388.           0.607        0.05598216]
 [389.           0.607        0.05598216]
 [390.           0.607        0.05598216]
 [391.           0.607        0.05598216]
 [392.           0.607        0.05598216]
 [393.           0.607        0.05598216]
 [394.           0.607        0.05598216]
 [395.           0.607        0.05598216]
 [396.           0.607        0.05598216]
 [397.           0.607        0.05598216]
 [398.           0.60719997   0.0559035 ]
 [399.           0.60719997   0.0559035 ]
 [400.           0.60719997   0.0559035 ]]
Dataset       :Citeseer
Model         :SAGE
Conden ratio  :0.25
GC            :2
LearnA        :0
Max Test Accuracy:
0.679
Best Result: Epoch   Acc  Std.
               342 0.6076  0.0566
