Set seed
Model GCN
--------------------------------------------------
The 1th iteration:
--------------------------------------------------
--------------------------------------------------
The 2th iteration:
--------------------------------------------------
--------------------------------------------------
The 3th iteration:
--------------------------------------------------
--------------------------------------------------
The 4th iteration:
--------------------------------------------------
--------------------------------------------------
The 5th iteration:
--------------------------------------------------
[[  1.           0.198        0.07457547]
 [  2.           0.2016       0.06532457]
 [  3.           0.2014       0.06788078]
 [  4.           0.20019999   0.06887452]
 [  5.           0.19960001   0.07025525]
 [  6.           0.20220001   0.06664608]
 [  7.           0.2026       0.06406481]
 [  8.           0.206        0.05646238]
 [  9.           0.21300001   0.04024922]
 [ 10.           0.21800001   0.02906889]
 [ 11.           0.22360002   0.0165469 ]
 [ 12.           0.22839999   0.00581378]
 [ 13.           0.2292       0.00402492]
 [ 14.           0.22940002   0.00357771]
 [ 15.           0.22980002   0.00268329]
 [ 16.           0.23020001   0.00178886]
 [ 17.           0.23020001   0.00178886]
 [ 18.           0.23080002   0.00178885]
 [ 19.           0.23119998   0.00204939]
 [ 20.           0.2316       0.00207364]
 [ 21.           0.23140001   0.00250998]
 [ 22.           0.2304       0.00497997]
 [ 23.           0.22739999   0.00712741]
 [ 24.           0.22519998   0.00580517]
 [ 25.           0.22219999   0.00843801]
 [ 26.           0.2196       0.0109909 ]
 [ 27.           0.21759999   0.01295376]
 [ 28.           0.21659999   0.01586821]
 [ 29.           0.2174       0.0170382 ]
 [ 30.           0.21760002   0.01538831]
 [ 31.           0.21900001   0.01343504]
 [ 32.           0.22020002   0.01136662]
 [ 33.           0.223        0.00992471]
 [ 34.           0.2232       0.00920326]
 [ 35.           0.2228       0.00831865]
 [ 36.           0.223        0.00845576]
 [ 37.           0.22080003   0.00772658]
 [ 38.           0.21859999   0.00572714]
 [ 39.           0.2172       0.00715543]
 [ 40.           0.2162       0.00756307]
 [ 41.           0.21399999   0.0079057 ]
 [ 42.           0.21279998   0.00804363]
 [ 43.           0.2112       0.00840833]
 [ 44.           0.21159999   0.00801873]
 [ 45.           0.2106       0.00835464]
 [ 46.           0.2108       0.00983362]
 [ 47.           0.207        0.01383834]
 [ 48.           0.206        0.01494992]
 [ 49.           0.20279999   0.01953715]
 [ 50.           0.20180002   0.0199925 ]
 [ 51.           0.20099998   0.02228228]
 [ 52.           0.20180002   0.02074126]
 [ 53.           0.2034       0.01942421]
 [ 54.           0.204        0.0181659 ]
 [ 55.           0.20539999   0.01591541]
 [ 56.           0.2074       0.01223928]
 [ 57.           0.20780002   0.00852643]
 [ 58.           0.2074       0.00680441]
 [ 59.           0.20560001   0.00730068]
 [ 60.           0.2036       0.00782944]
 [ 61.           0.2016       0.00684105]
 [ 62.           0.201        0.007     ]
 [ 63.           0.19860001   0.00873499]
 [ 64.           0.1956       0.0114149 ]
 [ 65.           0.1936       0.01322119]
 [ 66.           0.19340001   0.01535578]
 [ 67.           0.19240001   0.01653179]
 [ 68.           0.1918       0.0144118 ]
 [ 69.           0.19380002   0.01118929]
 [ 70.           0.19600001   0.00969536]
 [ 71.           0.1964       0.01013903]
 [ 72.           0.1974       0.01001499]
 [ 73.           0.1948       0.00898331]
 [ 74.           0.19399999   0.01022252]
 [ 75.           0.19240001   0.00955511]
 [ 76.           0.1918       0.01018332]
 [ 77.           0.1906       0.01040673]
 [ 78.           0.19160001   0.0123004 ]
 [ 79.           0.19340001   0.01537205]
 [ 80.           0.1948       0.01461849]
 [ 81.           0.1948       0.01404279]
 [ 82.           0.1958       0.01265702]
 [ 83.           0.19399999   0.01511621]
 [ 84.           0.1904       0.01755848]
 [ 85.           0.18699999   0.01634013]
 [ 86.           0.1844       0.01451895]
 [ 87.           0.18300001   0.01311488]
 [ 88.           0.183        0.01352775]
 [ 89.           0.184        0.01102271]
 [ 90.           0.1836       0.01092246]
 [ 91.           0.1876       0.01275931]
 [ 92.           0.1908       0.01444645]
 [ 93.           0.193        0.01206234]
 [ 94.           0.194        0.00845576]
 [ 95.           0.1918       0.01091787]
 [ 96.           0.189        0.01258968]
 [ 97.           0.18660001   0.01439791]
 [ 98.           0.18660001   0.0144326 ]
 [ 99.           0.18640001   0.01509304]
 [100.           0.187        0.01301921]
 [101.           0.1876       0.01165332]
 [102.           0.1872       0.01035375]
 [103.           0.1872       0.01333042]
 [104.           0.1864       0.0144326 ]
 [105.           0.1852       0.01666433]
 [106.           0.184        0.01614001]
 [107.           0.1844       0.01487615]
 [108.           0.1822       0.01454991]
 [109.           0.1822       0.01416686]
 [110.           0.18480001   0.0130269 ]
 [111.           0.1856       0.01279843]
 [112.           0.18419999   0.01186171]
 [113.           0.1828       0.01285301]
 [114.           0.1824       0.01372224]
 [115.           0.18120001   0.01317953]
 [116.           0.17920001   0.01118928]
 [117.           0.1786       0.01045466]
 [118.           0.1806       0.01167476]
 [119.           0.1822       0.01204989]
 [120.           0.184        0.0116619 ]
 [121.           0.187        0.00924661]
 [122.           0.1884       0.00947629]
 [123.           0.191        0.00938083]
 [124.           0.19039999   0.01073778]
 [125.           0.1866       0.01052616]
 [126.           0.1836       0.01119375]
 [127.           0.179        0.01343504]
 [128.           0.1784       0.01285691]
 [129.           0.179        0.01280625]
 [130.           0.1802       0.0121326 ]
 [131.           0.1832       0.01314154]
 [132.           0.18460001   0.01348332]
 [133.           0.18480001   0.01173456]
 [134.           0.1852       0.00843801]
 [135.           0.1864       0.00887693]
 [136.           0.1884       0.00779744]
 [137.           0.1864       0.01092245]
 [138.           0.1836       0.01244186]
 [139.           0.1816       0.01399286]
 [140.           0.1798       0.01779606]
 [141.           0.18139999   0.01863599]
 [142.           0.1808       0.01853915]
 [143.           0.181        0.01623269]
 [144.           0.1796       0.01359411]
 [145.           0.1808       0.01073312]
 [146.           0.1814       0.00896103]
 [147.           0.1792       0.00903881]
 [148.           0.1788       0.00389872]
 [149.           0.17760001   0.00364692]
 [150.           0.17819999   0.00804364]
 [151.           0.17760001   0.01186591]
 [152.           0.1776       0.01460479]
 [153.           0.1786       0.01411736]
 [154.           0.181        0.01294217]
 [155.           0.1816       0.01246194]
 [156.           0.18         0.01252996]
 [157.           0.1808       0.01233694]
 [158.           0.18300001   0.01214496]
 [159.           0.1842       0.01336787]
 [160.           0.18480001   0.01231665]
 [161.           0.18560001   0.01105893]
 [162.           0.1832       0.00952365]
 [163.           0.182        0.00744984]
 [164.           0.17920001   0.00936483]
 [165.           0.17920001   0.01259762]
 [166.           0.17700002   0.0144222 ]
 [167.           0.1754       0.01457052]
 [168.           0.1754       0.0126807 ]
 [169.           0.1784       0.00673053]
 [170.           0.17940001   0.00622896]
 [171.           0.17959999   0.01130487]
 [172.           0.1822       0.01373682]
 [173.           0.183        0.01443953]
 [174.           0.18340002   0.01322119]
 [175.           0.18380001   0.01353514]
 [176.           0.18480001   0.01251798]
 [177.           0.18380001   0.01200833]
 [178.           0.1816       0.00934345]
 [179.           0.18060002   0.00585662]
 [180.           0.1792       0.00813634]
 [181.           0.1782       0.01138859]
 [182.           0.17740001   0.01139298]
 [183.           0.1768       0.00985901]
 [184.           0.1786       0.00522494]
 [185.           0.1816       0.00517688]
 [186.           0.184        0.00938083]
 [187.           0.1852       0.01194571]
 [188.           0.1846       0.01463899]
 [189.           0.1838       0.01608416]
 [190.           0.1826       0.01504327]
 [191.           0.1814       0.01252198]
 [192.           0.18200001   0.00932738]
 [193.           0.181        0.00644204]
 [194.           0.17920001   0.00965401]
 [195.           0.17999999   0.01118034]
 [196.           0.18120001   0.01227599]
 [197.           0.18239999   0.01054988]
 [198.           0.1822       0.00834865]
 [199.           0.1802       0.00858487]
 [200.           0.1768       0.00925743]
 [201.           0.1752       0.01169188]
 [202.           0.17440002   0.01293445]
 [203.           0.1768       0.01293059]
 [204.           0.17940001   0.01390323]
 [205.           0.181        0.01349073]
 [206.           0.18220001   0.01384558]
 [207.           0.18340002   0.01460479]
 [208.           0.18340002   0.01495995]
 [209.           0.18360001   0.01346477]
 [210.           0.1842       0.01028105]
 [211.           0.1844       0.00976217]
 [212.           0.1842       0.00852643]
 [213.           0.1804       0.00811173]
 [214.           0.1806       0.00859069]
 [215.           0.17959999   0.0098387 ]
 [216.           0.1808       0.01035374]
 [217.           0.1808       0.01089495]
 [218.           0.1814       0.01092246]
 [219.           0.18540001   0.01192896]
 [220.           0.18620001   0.01207063]
 [221.           0.186        0.01193734]
 [222.           0.1866       0.01161034]
 [223.           0.1868       0.00936482]
 [224.           0.18280001   0.01052141]
 [225.           0.1818       0.01100908]
 [226.           0.1808       0.01158447]
 [227.           0.1808       0.0108259 ]
 [228.           0.1796       0.01064425]
 [229.           0.18120001   0.01008464]
 [230.           0.1806       0.00850294]
 [231.           0.1806       0.00808084]
 [232.           0.1808       0.00881477]
 [233.           0.18020001   0.00936482]
 [234.           0.1794       0.00958124]
 [235.           0.177        0.00787402]
 [236.           0.17639999   0.0071624 ]
 [237.           0.1764       0.00665583]
 [238.           0.17840001   0.00568331]
 [239.           0.1812       0.00895545]
 [240.           0.18239999   0.01188698]
 [241.           0.182        0.01385641]
 [242.           0.183        0.01484925]
 [243.           0.18319999   0.01508974]
 [244.           0.1848       0.01269646]
 [245.           0.1852       0.01035374]
 [246.           0.1848       0.00370135]
 [247.           0.18120001   0.00327109]
 [248.           0.1796       0.00789304]
 [249.           0.17840001   0.00944987]
 [250.           0.1768       0.00952366]
 [251.           0.176        0.00692821]
 [252.           0.174        0.00595819]
 [253.           0.175        0.00452769]
 [254.           0.1752       0.0078867 ]
 [255.           0.17639999   0.01205405]
 [256.           0.1782       0.01306521]
 [257.           0.1784       0.0126412 ]
 [258.           0.1786       0.01203329]
 [259.           0.1798       0.01186171]
 [260.           0.181        0.01164045]
 [261.           0.1818       0.01109955]
 [262.           0.17979999   0.0101341 ]
 [263.           0.1788       0.00957601]
 [264.           0.17620002   0.00736207]
 [265.           0.17620002   0.00576195]
 [266.           0.17660001   0.00559465]
 [267.           0.1786       0.00676757]
 [268.           0.1826       0.00808084]
 [269.           0.1842       0.00878635]
 [270.           0.18419999   0.0093381 ]
 [271.           0.18319999   0.00887131]
 [272.           0.1832       0.00898332]
 [273.           0.1824       0.01038268]
 [274.           0.1808       0.01028105]
 [275.           0.1774       0.00981326]
 [276.           0.1752       0.00973139]
 [277.           0.1738       0.01035375]
 [278.           0.17480001   0.01000999]
 [279.           0.17680001   0.01073312]
 [280.           0.17920001   0.01066303]
 [281.           0.1822       0.01008464]
 [282.           0.1844       0.00709224]
 [283.           0.18640001   0.00792465]
 [284.           0.18740001   0.00976217]
 [285.           0.18560001   0.01266096]
 [286.           0.1842       0.01388164]
 [287.           0.18020001   0.01428986]
 [288.           0.1778       0.01461848]
 [289.           0.1772       0.01306522]
 [290.           0.1762       0.01221475]
 [291.           0.1746       0.01073779]
 [292.           0.1738       0.01087198]
 [293.           0.1748       0.00998499]
 [294.           0.17660001   0.00890506]
 [295.           0.17940001   0.00879204]
 [296.           0.17980002   0.00782304]
 [297.           0.1804       0.00763544]
 [298.           0.1804       0.00887693]
 [299.           0.1804       0.00996494]
 [300.           0.1808       0.01073314]
 [301.           0.18139999   0.0111714 ]
 [302.           0.1802       0.01023231]
 [303.           0.1804       0.01137102]
 [304.           0.1824       0.01099091]
 [305.           0.1826       0.01105894]
 [306.           0.18180001   0.00917606]
 [307.           0.18340002   0.00893308]
 [308.           0.1842       0.00766159]
 [309.           0.1846       0.00882043]
 [310.           0.1842       0.00834865]
 [311.           0.184        0.008544  ]
 [312.           0.18240002   0.00829458]
 [313.           0.182        0.0085147 ]
 [314.           0.1794       0.01021274]
 [315.           0.1786       0.00918151]
 [316.           0.1772       0.0086718 ]
 [317.           0.175        0.00514782]
 [318.           0.17260002   0.00450555]
 [319.           0.1732       0.0067231 ]
 [320.           0.17279999   0.00878635]
 [321.           0.1754       0.01134901]
 [322.           0.17760001   0.01209546]
 [323.           0.17940001   0.01126055]
 [324.           0.18100001   0.01055935]
 [325.           0.1832       0.00861394]
 [326.           0.1858       0.00554076]
 [327.           0.1888       0.00460435]
 [328.           0.19         0.00441588]
 [329.           0.18900001   0.00469041]
 [330.           0.1858       0.00762889]
 [331.           0.18380001   0.00831866]
 [332.           0.1812       0.00834865]
 [333.           0.178        0.00764853]
 [334.           0.1772       0.00580517]
 [335.           0.1756       0.00541295]
 [336.           0.17400001   0.00469041]
 [337.           0.1752       0.0056745 ]
 [338.           0.1772       0.00766159]
 [339.           0.1804       0.00792465]
 [340.           0.1832       0.00875785]
 [341.           0.185        0.00824621]
 [342.           0.18800001   0.0078422 ]
 [343.           0.18959999   0.0070214 ]
 [344.           0.18980001   0.00769416]
 [345.           0.1904       0.00882043]
 [346.           0.191        0.00908295]
 [347.           0.192        0.01124722]
 [348.           0.19240001   0.01390324]
 [349.           0.1922       0.01449828]
 [350.           0.18859999   0.01653179]
 [351.           0.186        0.01773415]
 [352.           0.1842       0.0206325 ]
 [353.           0.1812       0.02186778]
 [354.           0.17999999   0.02224859]
 [355.           0.1806       0.0240998 ]
 [356.           0.1802       0.02438647]
 [357.           0.18100001   0.02249444]
 [358.           0.1822       0.02328519]
 [359.           0.1836       0.01925617]
 [360.           0.1848       0.01605303]
 [361.           0.18499999   0.01488288]
 [362.           0.18620001   0.01194571]
 [363.           0.1874       0.01108152]
 [364.           0.1888       0.00952366]
 [365.           0.1882       0.00998499]
 [366.           0.188        0.00987421]
 [367.           0.1866       0.00909945]
 [368.           0.185        0.00796869]
 [369.           0.18360001   0.00763544]
 [370.           0.1816       0.00896102]
 [371.           0.1822       0.01054514]
 [372.           0.1822       0.01229634]
 [373.           0.18120001   0.01298846]
 [374.           0.18140002   0.01190798]
 [375.           0.1816       0.01205405]
 [376.           0.183        0.01122497]
 [377.           0.18480001   0.01184061]
 [378.           0.186        0.01111306]
 [379.           0.18620001   0.01118928]
 [380.           0.1866       0.01258173]
 [381.           0.1872       0.01175585]
 [382.           0.1876       0.01262141]
 [383.           0.1876       0.01397498]
 [384.           0.18700002   0.0148324 ]
 [385.           0.18540001   0.01393915]
 [386.           0.1844       0.01431083]
 [387.           0.1832       0.0162696 ]
 [388.           0.18280001   0.01605303]
 [389.           0.1832       0.01700588]
 [390.           0.1844       0.01703819]
 [391.           0.1858       0.01614621]
 [392.           0.1872       0.01796386]
 [393.           0.1888       0.01765502]
 [394.           0.19         0.01837117]
 [395.           0.1908       0.02037646]
 [396.           0.1908       0.02106419]
 [397.           0.19039999   0.02139626]
 [398.           0.189        0.02134245]
 [399.           0.1882       0.02255437]
 [400.           0.1892       0.02147556]]
Dataset       :Citeseer
Model         :GCN
Conden ratio  :0.25
GC            :3
LearnA        :0
Max Test Accuracy:
0.273
Best Result: Epoch   Acc  Std.
               20 0.2316  0.0021
