Set seed
Model GCN
--------------------------------------------------
The 1th iteration:
--------------------------------------------------
--------------------------------------------------
The 2th iteration:
--------------------------------------------------
--------------------------------------------------
The 3th iteration:
--------------------------------------------------
--------------------------------------------------
The 4th iteration:
--------------------------------------------------
--------------------------------------------------
The 5th iteration:
--------------------------------------------------
[[  1.           0.2554       0.05984396]
 [  2.           0.312        0.0683374 ]
 [  3.           0.3562       0.08054626]
 [  4.           0.3972       0.08723644]
 [  5.           0.42800003   0.08220705]
 [  6.           0.4506       0.08341642]
 [  7.           0.4712       0.0801043 ]
 [  8.           0.48839998   0.08058722]
 [  9.           0.49900004   0.0809537 ]
 [ 10.           0.50920004   0.08156103]
 [ 11.           0.5156       0.08195306]
 [ 12.           0.5206       0.08113138]
 [ 13.           0.5228       0.07863652]
 [ 14.           0.5272       0.07737377]
 [ 15.           0.52940005   0.07713821]
 [ 16.           0.5316       0.076885  ]
 [ 17.           0.53319997   0.07277154]
 [ 18.           0.53380007   0.0684814 ]
 [ 19.           0.53520006   0.06465447]
 [ 20.           0.53580004   0.0628148 ]
 [ 21.           0.5378       0.06107945]
 [ 22.           0.54         0.0594727 ]
 [ 23.           0.5422       0.05866175]
 [ 24.           0.5428       0.05396016]
 [ 25.           0.543        0.05278731]
 [ 26.           0.5436       0.05095388]
 [ 27.           0.545        0.04994996]
 [ 28.           0.5456       0.04817986]
 [ 29.           0.5462       0.0472726 ]
 [ 30.           0.547        0.04740778]
 [ 31.           0.5476       0.04790927]
 [ 32.           0.55100006   0.04562346]
 [ 33.           0.5526       0.04300928]
 [ 34.           0.5526       0.04234145]
 [ 35.           0.55579996   0.04102071]
 [ 36.           0.55979997   0.04028276]
 [ 37.           0.56479996   0.04045614]
 [ 38.           0.5678       0.03913054]
 [ 39.           0.5692       0.03970137]
 [ 40.           0.5736       0.03728672]
 [ 41.           0.5756       0.03717931]
 [ 42.           0.5766       0.03532422]
 [ 43.           0.57919997   0.03482383]
 [ 44.           0.58080006   0.03417165]
 [ 45.           0.5824       0.03066431]
 [ 46.           0.58260006   0.02895337]
 [ 47.           0.585        0.02723051]
 [ 48.           0.5866       0.02705179]
 [ 49.           0.58760005   0.02553036]
 [ 50.           0.58820003   0.02312357]
 [ 51.           0.5918       0.02141729]
 [ 52.           0.5936       0.02151281]
 [ 53.           0.59440005   0.02205222]
 [ 54.           0.5948       0.02166106]
 [ 55.           0.59580004   0.01987963]
 [ 56.           0.59540004   0.01962904]
 [ 57.           0.597        0.01749284]
 [ 58.           0.59840006   0.01760112]
 [ 59.           0.6          0.01689673]
 [ 60.           0.59980005   0.01694697]
 [ 61.           0.5996       0.0161338 ]
 [ 62.           0.59919995   0.01728293]
 [ 63.           0.59980005   0.01658916]
 [ 64.           0.5994       0.01689085]
 [ 65.           0.6          0.01627881]
 [ 66.           0.5996       0.0157099 ]
 [ 67.           0.6002       0.01573851]
 [ 68.           0.60120004   0.01594365]
 [ 69.           0.6024       0.0173003 ]
 [ 70.           0.6024       0.01663729]
 [ 71.           0.6028       0.01611522]
 [ 72.           0.60220003   0.01602186]
 [ 73.           0.6028       0.01633096]
 [ 74.           0.6024       0.01613383]
 [ 75.           0.60340005   0.01600938]
 [ 76.           0.60480005   0.01564287]
 [ 77.           0.60480005   0.0145499 ]
 [ 78.           0.606        0.0128647 ]
 [ 79.           0.6068       0.01294991]
 [ 80.           0.607        0.01144552]
 [ 81.           0.60740006   0.01105894]
 [ 82.           0.6086       0.00960732]
 [ 83.           0.6092       0.00889944]
 [ 84.           0.6098       0.00816703]
 [ 85.           0.6114       0.00750334]
 [ 86.           0.6118       0.00719026]
 [ 87.           0.61079997   0.00697854]
 [ 88.           0.611        0.00710635]
 [ 89.           0.6104       0.00753657]
 [ 90.           0.6094       0.00896104]
 [ 91.           0.6096       0.00939678]
 [ 92.           0.61         0.00868905]
 [ 93.           0.609        0.0102713 ]
 [ 94.           0.609        0.01070045]
 [ 95.           0.6092       0.01207061]
 [ 96.           0.6086       0.01258174]
 [ 97.           0.6084       0.01219835]
 [ 98.           0.60760003   0.01073781]
 [ 99.           0.60740006   0.01011434]
 [100.           0.6072       0.01042595]
 [101.           0.6076       0.0092358 ]
 [102.           0.60760003   0.0096333 ]
 [103.           0.6092       0.00822801]
 [104.           0.60840005   0.00915428]
 [105.           0.6086       0.00928979]
 [106.           0.60880005   0.0090388 ]
 [107.           0.60980004   0.00822802]
 [108.           0.6106       0.00844393]
 [109.           0.611        0.00821587]
 [110.           0.61120003   0.00909396]
 [111.           0.6118       0.00791835]
 [112.           0.61120003   0.00875786]
 [113.           0.611        0.00868907]
 [114.           0.6114       0.00861974]
 [115.           0.61120003   0.00816701]
 [116.           0.61079997   0.00752992]
 [117.           0.61         0.00790569]
 [118.           0.6088       0.00822802]
 [119.           0.608        0.0080932 ]
 [120.           0.6084       0.00763543]
 [121.           0.6082       0.00739592]
 [122.           0.60740006   0.00572714]
 [123.           0.6074       0.00568334]
 [124.           0.608        0.00628492]
 [125.           0.608        0.00494974]
 [126.           0.6084       0.00536658]
 [127.           0.6092       0.006261  ]
 [128.           0.6088       0.00630078]
 [129.           0.6082       0.00630081]
 [130.           0.608        0.00724571]
 [131.           0.6082       0.00810554]
 [132.           0.60879993   0.00769417]
 [133.           0.6096       0.00937016]
 [134.           0.6098       0.00889946]
 [135.           0.60980004   0.0072595 ]
 [136.           0.61079997   0.00756308]
 [137.           0.61079997   0.00785495]
 [138.           0.6118       0.00807465]
 [139.           0.6122       0.00732804]
 [140.           0.61240005   0.00770064]
 [141.           0.6136       0.00709224]
 [142.           0.61340004   0.00723187]
 [143.           0.61280006   0.00752994]
 [144.           0.61219996   0.00683374]
 [145.           0.6124       0.00581374]
 [146.           0.61280006   0.00618063]
 [147.           0.6138       0.00630078]
 [148.           0.6136       0.00658027]
 [149.           0.61380005   0.00779105]
 [150.           0.6126       0.00572712]
 [151.           0.6126       0.00550453]
 [152.           0.61300004   0.00479585]
 [153.           0.6134       0.00320936]
 [154.           0.61280006   0.00443849]
 [155.           0.6134       0.00384708]
 [156.           0.6138       0.00535725]
 [157.           0.6138       0.00540368]
 [158.           0.6132       0.00641872]
 [159.           0.6134       0.00650388]
 [160.           0.6118       0.00746324]
 [161.           0.6124       0.00687749]
 [162.           0.61160004   0.00684103]
 [163.           0.6118       0.00672309]
 [164.           0.61160004   0.00691374]
 [165.           0.61140007   0.00634822]
 [166.           0.612        0.00663327]
 [167.           0.61120003   0.0073621 ]
 [168.           0.61120003   0.00746328]
 [169.           0.6106       0.00650385]
 [170.           0.6104       0.00618869]
 [171.           0.61079997   0.0052631 ]
 [172.           0.611        0.00533854]
 [173.           0.61160004   0.00577061]
 [174.           0.6118       0.00567452]
 [175.           0.6124       0.00461518]
 [176.           0.6126       0.0043359 ]
 [177.           0.61340004   0.00378153]
 [178.           0.6138       0.0038987 ]
 [179.           0.61420006   0.0036332 ]
 [180.           0.6138       0.00356371]
 [181.           0.6142       0.00438179]
 [182.           0.61499995   0.00430114]
 [183.           0.6144       0.004219  ]
 [184.           0.61499995   0.00424264]
 [185.           0.6154       0.00517688]
 [186.           0.61560005   0.0056833 ]
 [187.           0.614        0.00632456]
 [188.           0.61340004   0.00665582]
 [189.           0.6118       0.00779103]
 [190.           0.6126       0.0072319 ]
 [191.           0.61300004   0.00818537]
 [192.           0.613        0.00851468]
 [193.           0.6122       0.00846758]
 [194.           0.6118       0.01073312]
 [195.           0.6118       0.0113886 ]
 [196.           0.6112       0.01177709]
 [197.           0.61         0.01244989]
 [198.           0.61079997   0.011077  ]
 [199.           0.61200005   0.01019802]
 [200.           0.61120003   0.00923037]
 [201.           0.61219996   0.00804363]
 [202.           0.6118       0.00828854]
 [203.           0.612        0.00827646]
 [204.           0.6138       0.00872924]
 [205.           0.614        0.007874  ]
 [206.           0.6144       0.0082644 ]
 [207.           0.6138       0.00887131]
 [208.           0.61380005   0.00909393]
 [209.           0.6132       0.00909397]
 [210.           0.6138       0.00858486]
 [211.           0.6118       0.00852642]
 [212.           0.612        0.00793727]
 [213.           0.6126       0.00907196]
 [214.           0.61359996   0.00909947]
 [215.           0.6136       0.00884873]
 [216.           0.61300004   0.00871779]
 [217.           0.6126       0.00798751]
 [218.           0.61120003   0.00739595]
 [219.           0.61120003   0.00676016]
 [220.           0.61079997   0.00697855]
 [221.           0.6106       0.00779743]
 [222.           0.6108       0.00867179]
 [223.           0.6106       0.00841427]
 [224.           0.6106       0.00859069]
 [225.           0.6106       0.00798751]
 [226.           0.61020005   0.00791834]
 [227.           0.60980004   0.00872925]
 [228.           0.60980004   0.00936479]
 [229.           0.6106       0.00861973]
 [230.           0.61120003   0.00834866]
 [231.           0.61120003   0.00791831]
 [232.           0.611        0.00787398]
 [233.           0.61160004   0.00838451]
 [234.           0.61160004   0.00832469]
 [235.           0.612        0.00815475]
 [236.           0.6122       0.00788671]
 [237.           0.61300004   0.00821584]
 [238.           0.61300004   0.00827647]
 [239.           0.61160004   0.00723187]
 [240.           0.6124       0.00853232]
 [241.           0.6122       0.00769417]
 [242.           0.61160004   0.00630873]
 [243.           0.6118       0.00593295]
 [244.           0.6122       0.00526306]
 [245.           0.6116       0.00472229]
 [246.           0.6122       0.00501998]
 [247.           0.6124       0.00427782]
 [248.           0.61300004   0.00291546]
 [249.           0.61359996   0.00240832]
 [250.           0.61340004   0.00207364]
 [251.           0.6154       0.00320934]
 [252.           0.615        0.00452769]
 [253.           0.615        0.00406202]
 [254.           0.6132       0.00540371]
 [255.           0.6132       0.00622093]
 [256.           0.61300004   0.00612372]
 [257.           0.61160004   0.00691376]
 [258.           0.611        0.00570088]
 [259.           0.6104       0.00527255]
 [260.           0.6096       0.00568331]
 [261.           0.61079997   0.00486826]
 [262.           0.6100001    0.00452769]
 [263.           0.61120003   0.00683373]
 [264.           0.611        0.00670821]
 [265.           0.611        0.00659545]
 [266.           0.61020005   0.00694261]
 [267.           0.61         0.00751666]
 [268.           0.6106       0.0081425 ]
 [269.           0.61120003   0.00701429]
 [270.           0.611        0.00744984]
 [271.           0.6102       0.00739597]
 [272.           0.6104       0.00709224]
 [273.           0.61120003   0.00637965]
 [274.           0.61120003   0.00622092]
 [275.           0.61140007   0.00477493]
 [276.           0.61160004   0.00477494]
 [277.           0.61160004   0.00450555]
 [278.           0.6124       0.00497997]
 [279.           0.61219996   0.00544975]
 [280.           0.612        0.00543138]
 [281.           0.6118       0.00576193]
 [282.           0.6118       0.00408658]
 [283.           0.61160004   0.00403733]
 [284.           0.61160004   0.00270185]
 [285.           0.611        0.0015811 ]
 [286.           0.61059994   0.00288098]
 [287.           0.6102       0.00277491]
 [288.           0.6092       0.00408657]
 [289.           0.6094       0.00328633]
 [290.           0.6096       0.00378153]
 [291.           0.60880005   0.00389872]
 [292.           0.6088       0.00396234]
 [293.           0.60760003   0.00482701]
 [294.           0.608        0.00578791]
 [295.           0.60880005   0.00683376]
 [296.           0.609        0.0061644 ]
 [297.           0.609        0.0061644 ]
 [298.           0.6092       0.00589068]
 [299.           0.6092       0.00649614]
 [300.           0.609        0.00620483]
 [301.           0.609        0.00620483]
 [302.           0.6096       0.00606629]
 [303.           0.6082       0.00516722]
 [304.           0.608        0.00514783]
 [305.           0.60899997   0.00556775]
 [306.           0.61         0.00604153]
 [307.           0.6106       0.00673052]
 [308.           0.61160004   0.0068775 ]
 [309.           0.612        0.00717637]
 [310.           0.6122       0.00752996]
 [311.           0.6122       0.00831866]
 [312.           0.6124       0.00808085]
 [313.           0.612        0.00902773]
 [314.           0.61160004   0.00838449]
 [315.           0.6102       0.00831864]
 [316.           0.6104       0.00847348]
 [317.           0.6096       0.00867756]
 [318.           0.60880005   0.00794984]
 [319.           0.6082       0.00756308]
 [320.           0.6072       0.00690651]
 [321.           0.60620004   0.00779102]
 [322.           0.6054       0.00835465]
 [323.           0.605        0.0079687 ]
 [324.           0.60620004   0.00766161]
 [325.           0.6074       0.00776533]
 [326.           0.6074       0.00786132]
 [327.           0.608        0.00761576]
 [328.           0.608        0.00809322]
 [329.           0.6076       0.00850294]
 [330.           0.6086       0.00820365]
 [331.           0.60980004   0.00746324]
 [332.           0.61         0.00667083]
 [333.           0.6102       0.00653454]
 [334.           0.6096       0.00487851]
 [335.           0.61         0.00412311]
 [336.           0.6098       0.00396234]
 [337.           0.6094       0.00384707]
 [338.           0.6092       0.00420713]
 [339.           0.6074       0.00350713]
 [340.           0.6072       0.00460436]
 [341.           0.60700005   0.00469044]
 [342.           0.6072       0.00496992]
 [343.           0.60639995   0.00466903]
 [344.           0.60739994   0.00536656]
 [345.           0.60719997   0.00471169]
 [346.           0.6082       0.0047117 ]
 [347.           0.6082       0.00443847]
 [348.           0.60740006   0.00384707]
 [349.           0.6078       0.00363318]
 [350.           0.60740006   0.00378153]
 [351.           0.6076       0.00517688]
 [352.           0.60880005   0.00605805]
 [353.           0.6082       0.00690653]
 [354.           0.609        0.00685563]
 [355.           0.6104       0.00687749]
 [356.           0.61         0.00774596]
 [357.           0.6106       0.00773303]
 [358.           0.611        0.0069642 ]
 [359.           0.61079997   0.00683375]
 [360.           0.61079997   0.00739596]
 [361.           0.61140007   0.00850294]
 [362.           0.611        0.008544  ]
 [363.           0.6102       0.00810555]
 [364.           0.6096       0.00909945]
 [365.           0.6086       0.00826438]
 [366.           0.6086001    0.0074364 ]
 [367.           0.6092       0.00785494]
 [368.           0.6092       0.00630079]
 [369.           0.6092       0.00526308]
 [370.           0.6086       0.00427786]
 [371.           0.6084       0.00378154]
 [372.           0.6082       0.00376829]
 [373.           0.608        0.00380788]
 [374.           0.60740006   0.00415932]
 [375.           0.6076       0.0045607 ]
 [376.           0.6082       0.00531037]
 [377.           0.60840005   0.00572712]
 [378.           0.60760003   0.00541295]
 [379.           0.607        0.00509901]
 [380.           0.60760003   0.0045607 ]
 [381.           0.6082       0.00460433]
 [382.           0.60840005   0.00541296]
 [383.           0.6082       0.0057184 ]
 [384.           0.6078       0.00614005]
 [385.           0.6086001    0.00572712]
 [386.           0.609        0.00441587]
 [387.           0.609        0.00447214]
 [388.           0.6084       0.00472228]
 [389.           0.6084       0.00531978]
 [390.           0.6078       0.00554076]
 [391.           0.6084       0.00568331]
 [392.           0.6082       0.00476446]
 [393.           0.6088       0.00511859]
 [394.           0.6088       0.00460435]
 [395.           0.60840005   0.00527257]
 [396.           0.608        0.00533854]
 [397.           0.607        0.00547721]
 [398.           0.60580003   0.00563028]
 [399.           0.60620004   0.00506951]
 [400.           0.6056       0.00559464]]
Dataset       :Citeseer
Model         :GCN
Conden ratio  :0.5
GC            :2
LearnA        :0
Max Test Accuracy:
0.646
Best Result: Epoch   Acc  Std.
               186 0.6156  0.0057
