Set seed
Model MLP
--------------------------------------------------
The 1th iteration:
--------------------------------------------------
--------------------------------------------------
The 2th iteration:
--------------------------------------------------
--------------------------------------------------
The 3th iteration:
--------------------------------------------------
--------------------------------------------------
The 4th iteration:
--------------------------------------------------
--------------------------------------------------
The 5th iteration:
--------------------------------------------------
[[  1.           0.24660002   0.05332261]
 [  2.           0.328        0.08735844]
 [  3.           0.3998       0.10065882]
 [  4.           0.4422       0.10324342]
 [  5.           0.46540004   0.08939687]
 [  6.           0.48199996   0.08121884]
 [  7.           0.49699998   0.07549172]
 [  8.           0.508        0.06942622]
 [  9.           0.5192       0.05816099]
 [ 10.           0.5252       0.05329823]
 [ 11.           0.5358       0.0422753 ]
 [ 12.           0.5434       0.03677364]
 [ 13.           0.5472       0.03249922]
 [ 14.           0.55420005   0.03172066]
 [ 15.           0.56         0.02808026]
 [ 16.           0.56520003   0.02583991]
 [ 17.           0.56780005   0.02400418]
 [ 18.           0.56920004   0.02317758]
 [ 19.           0.5726       0.02034207]
 [ 20.           0.5738       0.02118252]
 [ 21.           0.5762       0.01882019]
 [ 22.           0.5772       0.01639208]
 [ 23.           0.57980007   0.0156269 ]
 [ 24.           0.58180004   0.01495659]
 [ 25.           0.5852       0.01400714]
 [ 26.           0.588        0.01707339]
 [ 27.           0.5908       0.01239758]
 [ 28.           0.5936       0.01215731]
 [ 29.           0.598        0.01496662]
 [ 30.           0.5994       0.01572579]
 [ 31.           0.6016       0.01768615]
 [ 32.           0.6038       0.01660422]
 [ 33.           0.6074       0.01490974]
 [ 34.           0.6106       0.01411737]
 [ 35.           0.61140007   0.01361247]
 [ 36.           0.61359996   0.01322119]
 [ 37.           0.6154       0.01474108]
 [ 38.           0.61639994   0.01335291]
 [ 39.           0.616        0.01286469]
 [ 40.           0.61759996   0.01366747]
 [ 41.           0.6196       0.0144326 ]
 [ 42.           0.6212       0.01362718]
 [ 43.           0.6212       0.01362718]
 [ 44.           0.6224       0.01474109]
 [ 45.           0.6236       0.0140107 ]
 [ 46.           0.62560004   0.01404634]
 [ 47.           0.6262       0.0117983 ]
 [ 48.           0.6268       0.01190379]
 [ 49.           0.62700003   0.01260951]
 [ 50.           0.62700003   0.01238951]
 [ 51.           0.6282       0.01255786]
 [ 52.           0.62880003   0.01147605]
 [ 53.           0.62860006   0.01137101]
 [ 54.           0.62960005   0.01141491]
 [ 55.           0.6284       0.00867756]
 [ 56.           0.6296       0.00789303]
 [ 57.           0.63         0.00894427]
 [ 58.           0.6308       0.00887131]
 [ 59.           0.63140005   0.00960727]
 [ 60.           0.6308       0.00878637]
 [ 61.           0.6318       0.00887132]
 [ 62.           0.6308       0.00898333]
 [ 63.           0.631        0.0082462 ]
 [ 64.           0.6316       0.00838452]
 [ 65.           0.6326       0.00859072]
 [ 66.           0.6336       0.00958122]
 [ 67.           0.63420004   0.00867179]
 [ 68.           0.635        0.00913784]
 [ 69.           0.63560003   0.0092358 ]
 [ 70.           0.6352       0.00798121]
 [ 71.           0.63580006   0.00834865]
 [ 72.           0.63600004   0.0072111 ]
 [ 73.           0.63560003   0.00661816]
 [ 74.           0.63600004   0.00670822]
 [ 75.           0.6366       0.00798751]
 [ 76.           0.637        0.00860232]
 [ 77.           0.63720006   0.00834868]
 [ 78.           0.6366       0.00884877]
 [ 79.           0.6372       0.00954988]
 [ 80.           0.6382       0.00831866]
 [ 81.           0.63920003   0.00887131]
 [ 82.           0.639        0.00924663]
 [ 83.           0.6394       0.00996495]
 [ 84.           0.6398       0.01047374]
 [ 85.           0.6402001    0.00967989]
 [ 86.           0.6398       0.01066302]
 [ 87.           0.6406       0.00986409]
 [ 88.           0.641        0.01027131]
 [ 89.           0.6398       0.01018331]
 [ 90.           0.64040005   0.00971079]
 [ 91.           0.6406       0.00952889]
 [ 92.           0.6406       0.00958125]
 [ 93.           0.6408       0.00988433]
 [ 94.           0.6406       0.00861975]
 [ 95.           0.6406       0.00687749]
 [ 96.           0.6422       0.00772657]
 [ 97.           0.64280003   0.00739596]
 [ 98.           0.6448       0.00816703]
 [ 99.           0.64460003   0.00835465]
 [100.           0.6448       0.00855571]
 [101.           0.645        0.0091924 ]
 [102.           0.6456       0.00939679]
 [103.           0.64580005   0.00889944]
 [104.           0.6462       0.00909396]
 [105.           0.6462       0.00925744]
 [106.           0.647        0.00979795]
 [107.           0.64720005   0.01047377]
 [108.           0.64860004   0.01073775]
 [109.           0.649        0.01031984]
 [110.           0.6496       0.01114901]
 [111.           0.6516       0.01141489]
 [112.           0.6522       0.01082591]
 [113.           0.652        0.01166189]
 [114.           0.65180004   0.011649  ]
 [115.           0.6518       0.01100909]
 [116.           0.65320003   0.01075637]
 [117.           0.6524       0.01128273]
 [118.           0.6532       0.01059246]
 [119.           0.6528       0.01171328]
 [120.           0.6542       0.01084897]
 [121.           0.65480006   0.01052141]
 [122.           0.6546       0.01085355]
 [123.           0.6552       0.01073313]
 [124.           0.65580004   0.01054514]
 [125.           0.6556       0.00993981]
 [126.           0.6564       0.0098641 ]
 [127.           0.6566       0.01083053]
 [128.           0.6568       0.01089495]
 [129.           0.65760005   0.0097108 ]
 [130.           0.65720004   0.00928442]
 [131.           0.658        0.00961769]
 [132.           0.658        0.01024694]
 [133.           0.6582       0.0096281 ]
 [134.           0.65860003   0.01033442]
 [135.           0.65980005   0.01005983]
 [136.           0.6602       0.00920327]
 [137.           0.66020006   0.01052142]
 [138.           0.6612       0.00985902]
 [139.           0.6614       0.00931665]
 [140.           0.662        0.00927361]
 [141.           0.66220003   0.00892753]
 [142.           0.6612       0.01003496]
 [143.           0.662        0.00987417]
 [144.           0.66200006   0.00989949]
 [145.           0.66220003   0.00973138]
 [146.           0.66260004   0.00882046]
 [147.           0.6622001    0.00834867]
 [148.           0.66379994   0.0085557 ]
 [149.           0.66300005   0.00857318]
 [150.           0.6636       0.00694983]
 [151.           0.66380006   0.00664831]
 [152.           0.6632       0.00668581]
 [153.           0.66380006   0.0067231 ]
 [154.           0.66380006   0.006261  ]
 [155.           0.6642       0.00576199]
 [156.           0.6642       0.00540372]
 [157.           0.6646       0.00497995]
 [158.           0.6652       0.00535722]
 [159.           0.66539997   0.00502995]
 [160.           0.66519994   0.00576196]
 [161.           0.66539997   0.00517691]
 [162.           0.6656       0.00536659]
 [163.           0.6652       0.00540372]
 [164.           0.66539997   0.00602495]
 [165.           0.666        0.00644207]
 [166.           0.6656       0.00658029]
 [167.           0.6654       0.0068775 ]
 [168.           0.6656       0.00665584]
 [169.           0.6656       0.00750332]
 [170.           0.6662       0.00708521]
 [171.           0.6656       0.00750332]
 [172.           0.666        0.0073824 ]
 [173.           0.66580003   0.00729384]
 [174.           0.6662       0.0071554 ]
 [175.           0.6656       0.00756966]
 [176.           0.66580003   0.00736207]
 [177.           0.66580003   0.00779102]
 [178.           0.66580003   0.00683371]
 [179.           0.6662       0.00769416]
 [180.           0.666        0.00696422]
 [181.           0.66580003   0.00722496]
 [182.           0.6664001    0.00594134]
 [183.           0.66620004   0.00622091]
 [184.           0.66620004   0.00576196]
 [185.           0.6664       0.00598331]
 [186.           0.66660005   0.00536655]
 [187.           0.6666       0.00618872]
 [188.           0.667        0.00578791]
 [189.           0.6672       0.00589068]
 [190.           0.6674       0.00568334]
 [191.           0.6672       0.00641873]
 [192.           0.6672       0.00645756]
 [193.           0.6674       0.00568334]
 [194.           0.6672       0.00637963]
 [195.           0.6672       0.00589068]
 [196.           0.6668       0.00544974]
 [197.           0.6674       0.00610737]
 [198.           0.6674       0.00512835]
 [199.           0.66780007   0.00653453]
 [200.           0.6672       0.00535725]
 [201.           0.66760004   0.00630871]
 [202.           0.6674       0.00502991]
 [203.           0.66800004   0.00514781]
 [204.           0.6682       0.00516722]
 [205.           0.6684       0.00559461]
 [206.           0.66800004   0.00565685]
 [207.           0.6676       0.00559466]
 [208.           0.6684       0.00512836]
 [209.           0.668        0.00514781]
 [210.           0.6686       0.00512834]
 [211.           0.66800004   0.00533853]
 [212.           0.66780007   0.00580518]
 [213.           0.6686       0.00602497]
 [214.           0.6686       0.00427784]
 [215.           0.66800004   0.00570088]
 [216.           0.6682       0.00571841]
 [217.           0.6686       0.00559466]
 [218.           0.6692       0.00465834]
 [219.           0.668        0.00556779]
 [220.           0.6678       0.00563029]
 [221.           0.6682       0.00496992]
 [222.           0.6684       0.0049295 ]
 [223.           0.668        0.00561248]
 [224.           0.6682       0.00516721]
 [225.           0.6688       0.00465833]
 [226.           0.6686       0.00512834]
 [227.           0.6686       0.00517685]
 [228.           0.6684       0.0049295 ]
 [229.           0.66880006   0.00481662]
 [230.           0.6686       0.00502989]
 [231.           0.6684       0.0049295 ]
 [232.           0.6686       0.00492949]
 [233.           0.6688       0.00402496]
 [234.           0.6678       0.00465833]
 [235.           0.6686       0.00502989]
 [236.           0.6688       0.00460435]
 [237.           0.6684       0.0043359 ]
 [238.           0.6684       0.00415932]
 [239.           0.66760004   0.00450553]
 [240.           0.66920006   0.00511861]
 [241.           0.6684       0.00482701]
 [242.           0.668        0.00556775]
 [243.           0.6686       0.00403738]
 [244.           0.6684       0.00461522]
 [245.           0.6682       0.00432437]
 [246.           0.6682       0.00426613]
 [247.           0.6686       0.00477492]
 [248.           0.66880006   0.00389876]
 [249.           0.66800004   0.00504978]
 [250.           0.669        0.0046368 ]
 [251.           0.669        0.00452769]
 [252.           0.6688       0.00501996]
 [253.           0.6686       0.00409881]
 [254.           0.6682       0.00311446]
 [255.           0.669        0.00316227]
 [256.           0.6684       0.00403736]
 [257.           0.66780007   0.00389869]
 [258.           0.6684       0.00384707]
 [259.           0.6682       0.00396234]
 [260.           0.6686       0.00296647]
 [261.           0.66880006   0.00356369]
 [262.           0.669        0.00400003]
 [263.           0.6686       0.0038471 ]
 [264.           0.66880006   0.00303312]
 [265.           0.66940004   0.00296648]
 [266.           0.6686       0.00336153]
 [267.           0.66940004   0.00350714]
 [268.           0.66940004   0.00320937]
 [269.           0.6690001    0.003937  ]
 [270.           0.66880006   0.00356372]
 [271.           0.66920006   0.00342054]
 [272.           0.66920006   0.00408658]
 [273.           0.6690001    0.00374169]
 [274.           0.6696       0.00357773]
 [275.           0.6690001    0.003937  ]
 [276.           0.66960007   0.00403731]
 [277.           0.6694       0.00456071]
 [278.           0.66940004   0.00384708]
 [279.           0.6704       0.00336155]
 [280.           0.6684       0.00502991]
 [281.           0.66940004   0.00350714]
 [282.           0.669        0.003937  ]
 [283.           0.66880006   0.00597495]
 [284.           0.67         0.00273861]
 [285.           0.66960007   0.00433588]
 [286.           0.66899997   0.00447215]
 [287.           0.66960007   0.00403731]
 [288.           0.66959995   0.00450556]
 [289.           0.66940004   0.00350714]
 [290.           0.66980004   0.00432433]
 [291.           0.6698       0.00496991]
 [292.           0.66980004   0.00414729]
 [293.           0.66960007   0.00477492]
 [294.           0.67         0.00514784]
 [295.           0.6698       0.00432435]
 [296.           0.6694       0.00497998]
 [297.           0.67060006   0.00421899]
 [298.           0.6690001    0.00494975]
 [299.           0.6692       0.00460435]
 [300.           0.6706       0.0046152 ]
 [301.           0.66940004   0.00472225]
 [302.           0.6698       0.00449442]
 [303.           0.67020005   0.00396234]
 [304.           0.66940004   0.00415932]
 [305.           0.6702       0.00471171]
 [306.           0.6692       0.00443846]
 [307.           0.6692       0.00460433]
 [308.           0.67         0.00474341]
 [309.           0.6704       0.00415936]
 [310.           0.6684       0.00531977]
 [311.           0.6696       0.00439313]
 [312.           0.6684       0.00444972]
 [313.           0.66899997   0.0041833 ]
 [314.           0.6692       0.00342054]
 [315.           0.66920006   0.00502   ]
 [316.           0.67         0.00447213]
 [317.           0.6684       0.0040373 ]
 [318.           0.6684       0.00384707]
 [319.           0.66940004   0.00328634]
 [320.           0.67         0.00524405]
 [321.           0.669        0.00353556]
 [322.           0.6684       0.00378156]
 [323.           0.66940004   0.0037815 ]
 [324.           0.67         0.00435889]
 [325.           0.66880006   0.00443847]
 [326.           0.6704001    0.00304959]
 [327.           0.6684       0.00357771]
 [328.           0.6686       0.00350713]
 [329.           0.6694       0.00313047]
 [330.           0.6692       0.00408658]
 [331.           0.6690001    0.00223606]
 [332.           0.6694       0.00439318]
 [333.           0.66880006   0.00311446]
 [334.           0.66899997   0.0041833 ]
 [335.           0.6698       0.00389873]
 [336.           0.67020005   0.00432434]
 [337.           0.6688       0.00349283]
 [338.           0.66880006   0.00327106]
 [339.           0.67         0.00441591]
 [340.           0.6692       0.00342048]
 [341.           0.6698       0.00420712]
 [342.           0.6688       0.0039623 ]
 [343.           0.67         0.004     ]
 [344.           0.6688       0.00363315]
 [345.           0.669        0.00339113]
 [346.           0.6696       0.00409874]
 [347.           0.6686       0.00336153]
 [348.           0.6698       0.00389869]
 [349.           0.6684       0.00357768]
 [350.           0.669        0.00339113]
 [351.           0.66940004   0.00378151]
 [352.           0.6686       0.00304954]
 [353.           0.66959995   0.00357772]
 [354.           0.6692       0.00342048]
 [355.           0.66940004   0.00364689]
 [356.           0.6686       0.00391152]
 [357.           0.6694       0.00328633]
 [358.           0.6690001    0.003937  ]
 [359.           0.6686       0.00304954]
 [360.           0.6692       0.00319372]
 [361.           0.6692       0.00349283]
 [362.           0.669        0.00291547]
 [363.           0.66899997   0.00374165]
 [364.           0.6692       0.00303313]
 [365.           0.6686       0.00260767]
 [366.           0.6696       0.0035777 ]
 [367.           0.6696       0.0035777 ]
 [368.           0.6684       0.0031305 ]
 [369.           0.6692       0.00349283]
 [370.           0.669        0.00282842]
 [371.           0.6696       0.0035777 ]
 [372.           0.66940004   0.00378151]
 [373.           0.6682       0.00303313]
 [374.           0.6696       0.00391151]
 [375.           0.6688       0.00349283]
 [376.           0.66920006   0.00370134]
 [377.           0.66920006   0.00402491]
 [378.           0.6686       0.00304954]
 [379.           0.6694       0.00328633]
 [380.           0.66899997   0.0036742 ]
 [381.           0.669        0.00291547]
 [382.           0.66940004   0.00415933]
 [383.           0.6692       0.00303313]
 [384.           0.6686       0.00304954]
 [385.           0.66940004   0.00415933]
 [386.           0.6694       0.00320936]
 [387.           0.66940004   0.00403733]
 [388.           0.6696       0.0034351 ]
 [389.           0.6698       0.00356371]
 [390.           0.6696       0.00427784]
 [391.           0.6698       0.00327109]
 [392.           0.66940004   0.0041593 ]
 [393.           0.6694       0.00320933]
 [394.           0.6696       0.00427784]
 [395.           0.66940004   0.00328634]
 [396.           0.6698       0.00319375]
 [397.           0.67         0.00380788]
 [398.           0.6696       0.00336154]
 [399.           0.66940004   0.00364689]
 [400.           0.66940004   0.00384705]]
Dataset       :Citeseer
Model         :MLP
Conden ratio  :1.0
GC            :2
LearnA        :0
Max Test Accuracy:
0.677
Best Result: Epoch   Acc  Std.
               297 0.6706  0.0042
