Set seed
Model Cheby
--------------------------------------------------
The 1th iteration:
--------------------------------------------------
--------------------------------------------------
The 2th iteration:
--------------------------------------------------
--------------------------------------------------
The 3th iteration:
--------------------------------------------------
--------------------------------------------------
The 4th iteration:
--------------------------------------------------
--------------------------------------------------
The 5th iteration:
--------------------------------------------------
[[  1.           0.2486       0.02934792]
 [  2.           0.3224       0.04681133]
 [  3.           0.3846       0.06418176]
 [  4.           0.42200002   0.0665094 ]
 [  5.           0.4546       0.06489069]
 [  6.           0.47059998   0.06661306]
 [  7.           0.48639998   0.07073754]
 [  8.           0.4948       0.07673132]
 [  9.           0.5042       0.0820591 ]
 [ 10.           0.5054       0.08380811]
 [ 11.           0.5052       0.08799827]
 [ 12.           0.5048       0.08857033]
 [ 13.           0.5088       0.09013986]
 [ 14.           0.51019996   0.09137671]
 [ 15.           0.51140004   0.09183027]
 [ 16.           0.5134       0.09195814]
 [ 17.           0.5124       0.09375659]
 [ 18.           0.5134       0.09254349]
 [ 19.           0.51100004   0.09079923]
 [ 20.           0.51100004   0.08871584]
 [ 21.           0.5118       0.08699256]
 [ 22.           0.5128       0.08478031]
 [ 23.           0.5134       0.0831162 ]
 [ 24.           0.5134       0.08039469]
 [ 25.           0.51260006   0.0789639 ]
 [ 26.           0.5126       0.07665053]
 [ 27.           0.5114       0.07292669]
 [ 28.           0.5122       0.07148566]
 [ 29.           0.5118       0.06968284]
 [ 30.           0.512        0.06808819]
 [ 31.           0.5118       0.06883097]
 [ 32.           0.5118       0.0683535 ]
 [ 33.           0.51140004   0.0688789 ]
 [ 34.           0.512        0.06810653]
 [ 35.           0.51119995   0.06732161]
 [ 36.           0.512        0.06646802]
 [ 37.           0.5124       0.0657214 ]
 [ 38.           0.5132       0.06454613]
 [ 39.           0.5138001    0.06227117]
 [ 40.           0.5146       0.05933211]
 [ 41.           0.5154       0.05710341]
 [ 42.           0.5162       0.05404352]
 [ 43.           0.51739997   0.05325223]
 [ 44.           0.51879996   0.05226091]
 [ 45.           0.52080005   0.05108523]
 [ 46.           0.52279997   0.04978655]
 [ 47.           0.52440006   0.04830424]
 [ 48.           0.52660006   0.0479458 ]
 [ 49.           0.529        0.04745524]
 [ 50.           0.53080004   0.04710308]
 [ 51.           0.5334       0.04653815]
 [ 52.           0.5358       0.04588245]
 [ 53.           0.5372       0.0442911 ]
 [ 54.           0.54         0.04274926]
 [ 55.           0.54120004   0.04245823]
 [ 56.           0.54539996   0.0429686 ]
 [ 57.           0.54760003   0.04278785]
 [ 58.           0.5506       0.0421521 ]
 [ 59.           0.55300003   0.04207729]
 [ 60.           0.555        0.04229066]
 [ 61.           0.5562       0.04216277]
 [ 62.           0.559        0.0409512 ]
 [ 63.           0.56159997   0.04080807]
 [ 64.           0.5626       0.04197377]
 [ 65.           0.5644       0.04261221]
 [ 66.           0.56700003   0.04210701]
 [ 67.           0.5692       0.04222202]
 [ 68.           0.5704       0.04277614]
 [ 69.           0.5734       0.04430915]
 [ 70.           0.5744       0.04298022]
 [ 71.           0.5758       0.04329782]
 [ 72.           0.5778       0.04169773]
 [ 73.           0.5804       0.04047593]
 [ 74.           0.5824       0.03929758]
 [ 75.           0.5844       0.03884328]
 [ 76.           0.5856       0.03682799]
 [ 77.           0.58640003   0.03466698]
 [ 78.           0.5886       0.0343846 ]
 [ 79.           0.5896       0.03401912]
 [ 80.           0.59120005   0.03203436]
 [ 81.           0.5916       0.03206713]
 [ 82.           0.5936       0.02941596]
 [ 83.           0.5932       0.02895166]
 [ 84.           0.5944       0.02847454]
 [ 85.           0.5948       0.02804817]
 [ 86.           0.59580004   0.02630967]
 [ 87.           0.59540004   0.02529426]
 [ 88.           0.59559995   0.02400626]
 [ 89.           0.59560007   0.02375499]
 [ 90.           0.59580004   0.02336023]
 [ 91.           0.59700006   0.02239418]
 [ 92.           0.598        0.02211335]
 [ 93.           0.5984       0.02192715]
 [ 94.           0.599        0.02123674]
 [ 95.           0.5988       0.01914942]
 [ 96.           0.5992       0.01771156]
 [ 97.           0.5988       0.01754137]
 [ 98.           0.599        0.01727714]
 [ 99.           0.5998       0.01690266]
 [100.           0.5996       0.01611831]
 [101.           0.5996       0.01538832]
 [102.           0.5996       0.0153232 ]
 [103.           0.59980005   0.01551452]
 [104.           0.5996       0.01582089]
 [105.           0.6002       0.01685826]
 [106.           0.6004       0.01656203]
 [107.           0.6002       0.01654392]
 [108.           0.6002       0.01707925]
 [109.           0.59980005   0.01789413]
 [110.           0.5994       0.01752998]
 [111.           0.6          0.01835756]
 [112.           0.5996       0.01800833]
 [113.           0.5994       0.0171114 ]
 [114.           0.59940004   0.0164712 ]
 [115.           0.5996       0.01610278]
 [116.           0.59860003   0.01578923]
 [117.           0.59860003   0.01578923]
 [118.           0.59840006   0.01582088]
 [119.           0.5982       0.0157067 ]
 [120.           0.5974       0.01583667]
 [121.           0.59779996   0.01606859]
 [122.           0.59779996   0.01540131]
 [123.           0.5974       0.01578922]
 [124.           0.5974       0.01578922]
 [125.           0.5974       0.01578922]
 [126.           0.59779996   0.01577023]
 [127.           0.59779996   0.01544993]
 [128.           0.59779996   0.01569077]
 [129.           0.5976       0.01570987]
 [130.           0.5976       0.01504329]
 [131.           0.5974       0.01469013]
 [132.           0.5976       0.01390322]
 [133.           0.5976       0.01390322]
 [134.           0.5976       0.01390322]
 [135.           0.5974       0.01355728]
 [136.           0.5974       0.01355728]
 [137.           0.5976       0.01306904]
 [138.           0.5974       0.0132212 ]
 [139.           0.59720004   0.01287246]
 [140.           0.59720004   0.01287246]
 [141.           0.5974       0.01301154]
 [142.           0.59720004   0.01304607]
 [143.           0.59720004   0.01281405]
 [144.           0.59700006   0.0130958 ]
 [145.           0.5966       0.01324011]
 [146.           0.5968       0.0131985 ]
 [147.           0.597        0.01305758]
 [148.           0.597        0.01305758]
 [149.           0.59679997   0.01336789]
 [150.           0.59700006   0.01280627]
 [151.           0.59700006   0.01280627]
 [152.           0.59720004   0.01202914]
 [153.           0.597        0.01168329]
 [154.           0.5976       0.01117141]
 [155.           0.59779996   0.01112205]
 [156.           0.598        0.01109053]
 [157.           0.598        0.01090867]
 [158.           0.59779996   0.01094072]
 [159.           0.59779996   0.01094072]
 [160.           0.598        0.01060657]
 [161.           0.5982       0.01096359]
 [162.           0.59860003   0.01085357]
 [163.           0.5988       0.01094074]
 [164.           0.59860003   0.01059715]
 [165.           0.5988       0.01056882]
 [166.           0.5988       0.01087198]
 [167.           0.59860003   0.01089953]
 [168.           0.5982       0.01061601]
 [169.           0.5982       0.01032957]
 [170.           0.59860003   0.01021273]
 [171.           0.59860003   0.01023718]
 [172.           0.59860003   0.01023718]
 [173.           0.59860003   0.00978777]
 [174.           0.59860003   0.00978777]
 [175.           0.59860003   0.00965921]
 [176.           0.5982       0.00936484]
 [177.           0.598        0.00972111]
 [178.           0.598        0.0108628 ]
 [179.           0.5982       0.01049763]
 [180.           0.5982       0.01049763]
 [181.           0.5982       0.01049763]
 [182.           0.5982       0.01049763]
 [183.           0.59860003   0.01043072]
 [184.           0.59860003   0.01043072]
 [185.           0.5988       0.01056883]
 [186.           0.59860003   0.01026157]
 [187.           0.59860003   0.01026157]
 [188.           0.5988       0.01042594]
 [189.           0.59860003   0.00996494]
 [190.           0.59900004   0.0098995 ]
 [191.           0.59900004   0.0098995 ]
 [192.           0.59900004   0.0098995 ]
 [193.           0.59900004   0.0098995 ]
 [194.           0.59900004   0.0098995 ]
 [195.           0.5992       0.00954988]
 [196.           0.5996       0.0097108 ]
 [197.           0.59980005   0.0097314 ]
 [198.           0.5996       0.00986406]
 [199.           0.59940004   0.00998998]
 [200.           0.5996       0.01001497]
 [201.           0.5996       0.01001497]
 [202.           0.5996       0.01001497]
 [203.           0.59940004   0.00971081]
 [204.           0.59940004   0.00971081]
 [205.           0.59940004   0.00928978]
 [206.           0.5996       0.00944985]
 [207.           0.5996       0.00944985]
 [208.           0.5996       0.00944985]
 [209.           0.59980005   0.00952366]
 [210.           0.6002       0.00962809]
 [211.           0.59980005   0.0092844 ]
 [212.           0.59980005   0.0092844 ]
 [213.           0.5992       0.01013411]
 [214.           0.59980005   0.00975706]
 [215.           0.6          0.01002497]
 [216.           0.6002       0.00990961]
 [217.           0.6002       0.00990961]
 [218.           0.6002       0.00990961]
 [219.           0.6002       0.00990961]
 [220.           0.6          0.00977241]
 [221.           0.6002       0.00967989]
 [222.           0.6002       0.00967989]
 [223.           0.5996       0.00991463]
 [224.           0.5992       0.00988435]
 [225.           0.599        0.01027135]
 [226.           0.59919995   0.01040194]
 [227.           0.59919995   0.01040194]
 [228.           0.599        0.01079351]
 [229.           0.59919995   0.01070982]
 [230.           0.5996       0.01096815]
 [231.           0.5994       0.01083051]
 [232.           0.5994       0.01083051]
 [233.           0.59980005   0.01089496]
 [234.           0.5996       0.0106911 ]
 [235.           0.5996       0.0106911 ]
 [236.           0.5996       0.0106911 ]
 [237.           0.59980005   0.01084893]
 [238.           0.5996       0.01126054]
 [239.           0.5994       0.01110406]
 [240.           0.5994       0.01110406]
 [241.           0.5994       0.01087661]
 [242.           0.5994       0.01087661]
 [243.           0.5994       0.01087661]
 [244.           0.59919995   0.01070985]
 [245.           0.59919995   0.01070985]
 [246.           0.599        0.01113555]
 [247.           0.59919995   0.01112208]
 [248.           0.59919995   0.01112208]
 [249.           0.59980005   0.01100909]
 [250.           0.5996       0.01085359]
 [251.           0.6002       0.01136666]
 [252.           0.6          0.01122499]
 [253.           0.59980005   0.01103178]
 [254.           0.5996       0.01085359]
 [255.           0.59919995   0.01112208]
 [256.           0.5996       0.01145863]
 [257.           0.59980005   0.01103178]
 [258.           0.59980005   0.01103178]
 [259.           0.59980005   0.01103178]
 [260.           0.59980005   0.01103178]
 [261.           0.5996       0.01105895]
 [262.           0.6002       0.01035375]
 [263.           0.6          0.01022251]
 [264.           0.59980005   0.0101094 ]
 [265.           0.59980005   0.0101094 ]
 [266.           0.59980005   0.0101094 ]
 [267.           0.5996       0.00986409]
 [268.           0.59940004   0.01028591]
 [269.           0.59940004   0.01028591]
 [270.           0.59940004   0.01028591]
 [271.           0.59980005   0.010616  ]
 [272.           0.6          0.01074708]
 [273.           0.6002       0.01089493]
 [274.           0.6002       0.01089493]
 [275.           0.6006       0.01121601]
 [276.           0.6006       0.01121601]
 [277.           0.6006       0.01121601]
 [278.           0.6006       0.01121601]
 [279.           0.6008       0.01080275]
 [280.           0.6006       0.01066769]
 [281.           0.6006       0.01066769]
 [282.           0.6006       0.01066769]
 [283.           0.60120004   0.01070977]
 [284.           0.60120004   0.01070977]
 [285.           0.6014       0.01033441]
 [286.           0.6018       0.01068645]
 [287.           0.60220003   0.01082593]
 [288.           0.60220003   0.01082593]
 [289.           0.60220003   0.01082593]
 [290.           0.60220003   0.01082593]
 [291.           0.6024       0.01092248]
 [292.           0.60260004   0.01089956]
 [293.           0.6028       0.01107701]
 [294.           0.6028       0.01107701]
 [295.           0.6028       0.01107701]
 [296.           0.60260004   0.01089956]
 [297.           0.60260004   0.01089956]
 [298.           0.60260004   0.01089956]
 [299.           0.6028       0.01100909]
 [300.           0.60260004   0.01092244]
 [301.           0.60260004   0.01092244]
 [302.           0.6028       0.01091785]
 [303.           0.6028       0.01091785]
 [304.           0.6028       0.01091785]
 [305.           0.6034       0.0114149 ]
 [306.           0.6034       0.0114149 ]
 [307.           0.6034       0.0114149 ]
 [308.           0.6034       0.0114149 ]
 [309.           0.6032       0.01125609]
 [310.           0.6032       0.01125609]
 [311.           0.6032       0.01125609]
 [312.           0.6032       0.01125609]
 [313.           0.6032       0.01125609]
 [314.           0.6032       0.01125609]
 [315.           0.6034       0.01083051]
 [316.           0.6034       0.01073778]
 [317.           0.6034       0.01073778]
 [318.           0.6034       0.01073778]
 [319.           0.6034       0.01073778]
 [320.           0.6034       0.01117139]
 [321.           0.6034       0.01117139]
 [322.           0.6034       0.01117139]
 [323.           0.6034       0.01117139]
 [324.           0.6034       0.01117139]
 [325.           0.60359997   0.01132697]
 [326.           0.60359997   0.01132697]
 [327.           0.6034       0.01123832]
 [328.           0.60359997   0.01141489]
 [329.           0.6038       0.0114324 ]
 [330.           0.6038       0.0114324 ]
 [331.           0.6038       0.0114324 ]
 [332.           0.6038       0.0114324 ]
 [333.           0.6038       0.0114324 ]
 [334.           0.60400003   0.01099998]
 [335.           0.6042       0.011077  ]
 [336.           0.6042       0.011077  ]
 [337.           0.6044       0.01110406]
 [338.           0.6046       0.01128273]
 [339.           0.6046       0.01128273]
 [340.           0.6044       0.01110406]
 [341.           0.6044       0.01110406]
 [342.           0.6042       0.01103177]
 [343.           0.6042       0.01103177]
 [344.           0.60400003   0.01088577]
 [345.           0.60400003   0.01140173]
 [346.           0.60400003   0.01140173]
 [347.           0.6042       0.01096357]
 [348.           0.6044       0.011149  ]
 [349.           0.6046       0.01134901]
 [350.           0.60440004   0.01178132]
 [351.           0.60480005   0.01143244]
 [352.           0.60480005   0.01143244]
 [353.           0.605        0.01153259]
 [354.           0.605        0.01153259]
 [355.           0.605        0.01153259]
 [356.           0.6052       0.01156291]
 [357.           0.605        0.01146739]
 [358.           0.605        0.01146739]
 [359.           0.605        0.01146739]
 [360.           0.6052       0.01156291]
 [361.           0.6054       0.01167479]
 [362.           0.6054       0.01167479]
 [363.           0.6054       0.01167479]
 [364.           0.6056       0.01180256]
 [365.           0.6056       0.01180256]
 [366.           0.6056       0.01180256]
 [367.           0.60580003   0.01190381]
 [368.           0.60620004   0.01160601]
 [369.           0.6066       0.0107378 ]
 [370.           0.6066       0.0107378 ]
 [371.           0.6066       0.01132697]
 [372.           0.6066       0.01132697]
 [373.           0.6066       0.01132697]
 [374.           0.6066       0.01132697]
 [375.           0.60639995   0.01103629]
 [376.           0.60639995   0.01103629]
 [377.           0.60639995   0.01103629]
 [378.           0.60639995   0.01103629]
 [379.           0.6066       0.01119376]
 [380.           0.6066       0.01119376]
 [381.           0.6066       0.01119376]
 [382.           0.607        0.01151088]
 [383.           0.607        0.01151088]
 [384.           0.6072       0.01160606]
 [385.           0.6072       0.01160606]
 [386.           0.6072       0.01160606]
 [387.           0.6072       0.01160606]
 [388.           0.60700005   0.01144554]
 [389.           0.60700005   0.01144554]
 [390.           0.6072001    0.01100909]
 [391.           0.6072001    0.01100909]
 [392.           0.6072001    0.01100909]
 [393.           0.6072001    0.01100909]
 [394.           0.60740006   0.01117141]
 [395.           0.60740006   0.01117141]
 [396.           0.6078       0.01089496]
 [397.           0.608        0.01106797]
 [398.           0.608        0.01106797]
 [399.           0.608        0.01106797]
 [400.           0.6082       0.01063956]]
Dataset       :Citeseer
Model         :Cheby
Conden ratio  :1.0
GC            :5
LearnA        :1
Max Test Accuracy:
0.627
Best Result: Epoch   Acc  Std.
               400 0.6082  0.0106
