Set seed
Model SGC
--------------------------------------------------
The 1th iteration:
--------------------------------------------------
--------------------------------------------------
The 2th iteration:
--------------------------------------------------
--------------------------------------------------
The 3th iteration:
--------------------------------------------------
--------------------------------------------------
The 4th iteration:
--------------------------------------------------
--------------------------------------------------
The 5th iteration:
--------------------------------------------------
[[  1.           0.2558       0.04536739]
 [  2.           0.33119997   0.04788737]
 [  3.           0.4034       0.03915099]
 [  4.           0.46339998   0.02206355]
 [  5.           0.5046       0.01514267]
 [  6.           0.53360003   0.0086487 ]
 [  7.           0.5534       0.00673053]
 [  8.           0.56900007   0.00911043]
 [  9.           0.57759994   0.00577061]
 [ 10.           0.58400005   0.00761579]
 [ 11.           0.5876       0.00926284]
 [ 12.           0.5952       0.0069065 ]
 [ 13.           0.60020006   0.00486826]
 [ 14.           0.605        0.00570087]
 [ 15.           0.6096       0.00531978]
 [ 16.           0.6142       0.0039623 ]
 [ 17.           0.61500007   0.00339117]
 [ 18.           0.61700004   0.0031623 ]
 [ 19.           0.6188       0.00376828]
 [ 20.           0.6204       0.00364691]
 [ 21.           0.6212       0.00277491]
 [ 22.           0.6208       0.00449443]
 [ 23.           0.6216       0.00409878]
 [ 24.           0.622        0.00538516]
 [ 25.           0.6218       0.00580517]
 [ 26.           0.6224       0.00585661]
 [ 27.           0.622        0.00561247]
 [ 28.           0.6222       0.00531036]
 [ 29.           0.621        0.00463681]
 [ 30.           0.6212       0.00476446]
 [ 31.           0.6208       0.00506954]
 [ 32.           0.6218       0.00486828]
 [ 33.           0.6212       0.00481664]
 [ 34.           0.6194       0.00320937]
 [ 35.           0.6202       0.00334662]
 [ 36.           0.6194       0.00433589]
 [ 37.           0.61899996   0.00514782]
 [ 38.           0.6178       0.00526308]
 [ 39.           0.6168       0.00614005]
 [ 40.           0.6166       0.00665585]
 [ 41.           0.61639994   0.00610738]
 [ 42.           0.6162       0.00576195]
 [ 43.           0.6162       0.00544976]
 [ 44.           0.6158       0.00683375]
 [ 45.           0.61480004   0.00676018]
 [ 46.           0.61300004   0.00636395]
 [ 47.           0.61219996   0.00697854]
 [ 48.           0.6116       0.0063875 ]
 [ 49.           0.6114       0.00610737]
 [ 50.           0.61         0.00556776]
 [ 51.           0.609        0.00644204]
 [ 52.           0.6100001    0.00620481]
 [ 53.           0.6102       0.00460435]
 [ 54.           0.6096       0.00559464]
 [ 55.           0.6104       0.00554978]
 [ 56.           0.6096       0.00554977]
 [ 57.           0.6092       0.00589067]
 [ 58.           0.609        0.00667084]
 [ 59.           0.60880005   0.00798123]
 [ 60.           0.6094       0.00804986]
 [ 61.           0.6096       0.00763546]
 [ 62.           0.6092       0.00779104]
 [ 63.           0.60840005   0.00789303]
 [ 64.           0.608        0.00714144]
 [ 65.           0.60740006   0.0071624 ]
 [ 66.           0.60760003   0.00776529]
 [ 67.           0.6072       0.00794985]
 [ 68.           0.6068       0.00785496]
 [ 69.           0.606        0.00659545]
 [ 70.           0.6058       0.00637965]
 [ 71.           0.6052       0.00601663]
 [ 72.           0.6056       0.00554977]
 [ 73.           0.60580003   0.00443847]
 [ 74.           0.6064       0.00427784]
 [ 75.           0.60620004   0.00420714]
 [ 76.           0.6064       0.00427786]
 [ 77.           0.6066       0.00384707]
 [ 78.           0.6064       0.00378153]
 [ 79.           0.6064       0.00378153]
 [ 80.           0.606        0.00374166]
 [ 81.           0.6068       0.00396232]
 [ 82.           0.60620004   0.00389872]
 [ 83.           0.60620004   0.00420714]
 [ 84.           0.6066       0.0045607 ]
 [ 85.           0.60760003   0.00527257]
 [ 86.           0.6068       0.0051186 ]
 [ 87.           0.6064       0.00531979]
 [ 88.           0.606        0.00524404]
 [ 89.           0.606        0.00463682]
 [ 90.           0.6058       0.00426616]
 [ 91.           0.6052       0.00465835]
 [ 92.           0.60480005   0.00443848]
 [ 93.           0.6046       0.00427786]
 [ 94.           0.60499996   0.00380791]
 [ 95.           0.60480005   0.00465832]
 [ 96.           0.6044       0.00507937]
 [ 97.           0.6042       0.00465833]
 [ 98.           0.6042       0.00516721]
 [ 99.           0.6046001    0.0049295 ]
 [100.           0.6044       0.00559463]
 [101.           0.6046       0.00559464]
 [102.           0.6044       0.00594138]
 [103.           0.60400003   0.00583093]
 [104.           0.6038       0.00626099]
 [105.           0.60400003   0.00663327]
 [106.           0.60359997   0.00646529]
 [107.           0.6032       0.00618061]
 [108.           0.6032       0.00549545]
 [109.           0.6028001    0.00521536]
 [110.           0.6028       0.00486825]
 [111.           0.60260004   0.00482699]
 [112.           0.6028       0.00465831]
 [113.           0.6028       0.00465831]
 [114.           0.6028       0.00414729]
 [115.           0.603        0.0041833 ]
 [116.           0.60319996   0.00383406]
 [117.           0.603        0.004     ]
 [118.           0.60300004   0.00339115]
 [119.           0.6028       0.00311448]
 [120.           0.6024       0.00270185]
 [121.           0.60220003   0.00216794]
 [122.           0.60160005   0.00260768]
 [123.           0.6018       0.00258844]
 [124.           0.6016       0.00230219]
 [125.           0.60179996   0.00238748]
 [126.           0.602        0.00244949]
 [127.           0.60260004   0.00194934]
 [128.           0.60260004   0.00151656]
 [129.           0.603        0.00122474]
 [130.           0.603        0.00141421]
 [131.           0.603        0.00158114]
 [132.           0.603        0.00122474]
 [133.           0.603        0.00122474]
 [134.           0.603        0.00122474]
 [135.           0.60359997   0.0011402 ]
 [136.           0.60359997   0.0011402 ]
 [137.           0.60359997   0.0011402 ]
 [138.           0.6038       0.00130385]
 [139.           0.60400003   0.00100002]
 [140.           0.6042       0.00083668]
 [141.           0.6044       0.00089445]
 [142.           0.6048       0.00109546]
 [143.           0.6046       0.0015166 ]
 [144.           0.605        0.00141423]
 [145.           0.605        0.00141423]
 [146.           0.6052       0.00109546]
 [147.           0.605        0.00100002]
 [148.           0.6054       0.00089444]
 [149.           0.60560006   0.00114018]
 [150.           0.6054       0.00151658]
 [151.           0.6056       0.0015166 ]
 [152.           0.607        0.00254949]
 [153.           0.60719997   0.00216794]
 [154.           0.6076       0.00207367]
 [155.           0.608        0.00187082]
 [156.           0.60840005   0.00151657]
 [157.           0.60840005   0.00151659]
 [158.           0.6092       0.00178886]
 [159.           0.6086001    0.00114019]
 [160.           0.60840005   0.00114018]
 [161.           0.6082       0.00130386]
 [162.           0.608        0.00141423]
 [163.           0.608        0.00187083]
 [164.           0.608        0.00187083]
 [165.           0.6078       0.00164317]
 [166.           0.608        0.00158115]
 [167.           0.608        0.00141422]
 [168.           0.6082       0.00164318]
 [169.           0.60840005   0.00151659]
 [170.           0.609        0.00070714]
 [171.           0.6094       0.00194936]
 [172.           0.60980004   0.00164316]
 [173.           0.60980004   0.00164316]
 [174.           0.6096       0.00134164]
 [175.           0.6100001    0.00199999]
 [176.           0.6100001    0.00244947]
 [177.           0.6100001    0.00244947]
 [178.           0.6100001    0.00244947]
 [179.           0.6106       0.00288096]
 [180.           0.61140007   0.00230217]
 [181.           0.61160004   0.00207364]
 [182.           0.6114       0.00230216]
 [183.           0.611        0.0024495 ]
 [184.           0.61120003   0.00258843]
 [185.           0.61120003   0.00216795]
 [186.           0.6118       0.00238745]
 [187.           0.612        0.00212131]
 [188.           0.6118       0.00204939]
 [189.           0.61160004   0.00230218]
 [190.           0.61160004   0.00230218]
 [191.           0.6114       0.00250997]
 [192.           0.61120003   0.0027749 ]
 [193.           0.6114       0.00250997]
 [194.           0.61079997   0.0027749 ]
 [195.           0.61020005   0.00303315]
 [196.           0.61020005   0.00303315]
 [197.           0.61020005   0.00303315]
 [198.           0.61020005   0.00303315]
 [199.           0.6104       0.00296649]
 [200.           0.61020005   0.00286356]
 [201.           0.6104       0.00250999]
 [202.           0.6104       0.00250999]
 [203.           0.6106       0.00250998]
 [204.           0.6104       0.00260766]
 [205.           0.6104       0.00260766]
 [206.           0.61020005   0.00216796]
 [207.           0.61         0.00187083]
 [208.           0.61         0.00187083]
 [209.           0.6102       0.00148325]
 [210.           0.61         0.00141423]
 [211.           0.6096       0.00151657]
 [212.           0.6096       0.00151657]
 [213.           0.60980004   0.00164318]
 [214.           0.61020005   0.00192354]
 [215.           0.6100001    0.00199999]
 [216.           0.6096       0.00167332]
 [217.           0.6094       0.0018166 ]
 [218.           0.6094       0.0018166 ]
 [219.           0.6094       0.0018166 ]
 [220.           0.6092       0.0020494 ]
 [221.           0.6092       0.0020494 ]
 [222.           0.6092       0.0020494 ]
 [223.           0.6092       0.0020494 ]
 [224.           0.609        0.00187084]
 [225.           0.6092       0.00164318]
 [226.           0.6094       0.00151658]
 [227.           0.6094       0.00151658]
 [228.           0.6094       0.00151658]
 [229.           0.6096       0.00250997]
 [230.           0.609        0.00187083]
 [231.           0.609        0.00187083]
 [232.           0.609        0.00187083]
 [233.           0.60880005   0.00192354]
 [234.           0.6084       0.00270187]
 [235.           0.6084       0.00270187]
 [236.           0.6084       0.00270187]
 [237.           0.608        0.00300001]
 [238.           0.6076       0.00296649]
 [239.           0.6074       0.00288098]
 [240.           0.6074       0.00288098]
 [241.           0.6074       0.00288098]
 [242.           0.6076       0.00320936]
 [243.           0.60739994   0.00320936]
 [244.           0.60739994   0.00320936]
 [245.           0.6068       0.00370134]
 [246.           0.6068       0.00370134]
 [247.           0.6068       0.00370134]
 [248.           0.60719997   0.00396231]
 [249.           0.60719997   0.00396231]
 [250.           0.60719997   0.00396231]
 [251.           0.607        0.00430115]
 [252.           0.60739994   0.00391151]
 [253.           0.6068       0.00402491]
 [254.           0.6066       0.00403732]
 [255.           0.6064       0.00409876]
 [256.           0.6066       0.00450556]
 [257.           0.6066       0.00450556]
 [258.           0.6068       0.00454974]
 [259.           0.6068       0.00454974]
 [260.           0.6068       0.00454974]
 [261.           0.60700005   0.00430117]
 [262.           0.6066       0.00403732]
 [263.           0.6066       0.00403732]
 [264.           0.6068       0.00443849]
 [265.           0.60599995   0.00452769]
 [266.           0.6058       0.00443847]
 [267.           0.6056       0.00439317]
 [268.           0.60580003   0.00432434]
 [269.           0.606        0.0041833 ]
 [270.           0.60580003   0.00443846]
 [271.           0.606        0.00484767]
 [272.           0.60620004   0.00420713]
 [273.           0.606        0.0043589 ]
 [274.           0.606        0.0043589 ]
 [275.           0.606        0.0043589 ]
 [276.           0.606        0.0043589 ]
 [277.           0.606        0.0043589 ]
 [278.           0.606        0.0043589 ]
 [279.           0.60620004   0.00535724]
 [280.           0.60620004   0.00535724]
 [281.           0.6058       0.00554077]
 [282.           0.6056       0.00572714]
 [283.           0.6058       0.00614003]
 [284.           0.6058       0.00554077]
 [285.           0.60580003   0.00521539]
 [286.           0.6052       0.00601663]
 [287.           0.6052       0.00601663]
 [288.           0.605        0.00620483]
 [289.           0.6042       0.00516718]
 [290.           0.6042       0.00516718]
 [291.           0.6042       0.00516718]
 [292.           0.6044       0.00531976]
 [293.           0.6042       0.00516718]
 [294.           0.60400003   0.00533853]
 [295.           0.60400003   0.00504977]
 [296.           0.60400003   0.00484767]
 [297.           0.60400003   0.00484767]
 [298.           0.60400003   0.00484767]
 [299.           0.60400003   0.00484767]
 [300.           0.60400003   0.00484767]
 [301.           0.6038       0.00506952]
 [302.           0.60340005   0.0049295 ]
 [303.           0.60340005   0.0049295 ]
 [304.           0.60340005   0.0049295 ]
 [305.           0.6036       0.00487853]
 [306.           0.6032       0.00511858]
 [307.           0.6032       0.00511858]
 [308.           0.603        0.00514781]
 [309.           0.603        0.00514781]
 [310.           0.60260004   0.00550454]
 [311.           0.60260004   0.00550454]
 [312.           0.6028       0.00589067]
 [313.           0.603        0.0056125 ]
 [314.           0.603        0.0056125 ]
 [315.           0.60260004   0.00581376]
 [316.           0.6028       0.0055857 ]
 [317.           0.6028       0.0055857 ]
 [318.           0.6028       0.0055857 ]
 [319.           0.6028       0.0055857 ]
 [320.           0.60260004   0.00572713]
 [321.           0.60260004   0.00572713]
 [322.           0.60260004   0.00572713]
 [323.           0.60199994   0.006     ]
 [324.           0.60199994   0.006     ]
 [325.           0.6024       0.00684107]
 [326.           0.6024       0.00673055]
 [327.           0.6024       0.00673055]
 [328.           0.6024       0.00673055]
 [329.           0.6024       0.00673055]
 [330.           0.6024       0.00673055]
 [331.           0.6024       0.00673055]
 [332.           0.6024       0.00673055]
 [333.           0.6024       0.00673055]
 [334.           0.6024       0.00673055]
 [335.           0.6024       0.00673055]
 [336.           0.6024       0.00673055]
 [337.           0.60220003   0.00694263]
 [338.           0.60220003   0.00694263]
 [339.           0.60200006   0.00707106]
 [340.           0.60200006   0.00707106]
 [341.           0.602        0.00703565]
 [342.           0.60179996   0.0066106 ]
 [343.           0.6014       0.00694981]
 [344.           0.6014       0.00694981]
 [345.           0.6014       0.00694981]
 [346.           0.6014       0.00694981]
 [347.           0.6014       0.00702139]
 [348.           0.60120004   0.00645756]
 [349.           0.6014       0.00687751]
 [350.           0.6014       0.00687751]
 [351.           0.6014       0.00687751]
 [352.           0.6014       0.00687751]
 [353.           0.601        0.00703562]
 [354.           0.601        0.00703562]
 [355.           0.6008       0.00722494]
 [356.           0.6008       0.00722494]
 [357.           0.601        0.00707105]
 [358.           0.601        0.00707105]
 [359.           0.6008       0.00722494]
 [360.           0.6008       0.00722494]
 [361.           0.6006       0.0074364 ]
 [362.           0.6006       0.0074364 ]
 [363.           0.6008       0.00746324]
 [364.           0.6008       0.00746324]
 [365.           0.6008       0.00746324]
 [366.           0.6002       0.00719026]
 [367.           0.6          0.00678233]
 [368.           0.6          0.00678233]
 [369.           0.6002       0.00719026]
 [370.           0.6002       0.00719026]
 [371.           0.6          0.00741619]
 [372.           0.6          0.00741619]
 [373.           0.59980005   0.00766159]
 [374.           0.5996       0.00770064]
 [375.           0.5996       0.00770064]
 [376.           0.5996       0.00770064]
 [377.           0.59980005   0.00775885]
 [378.           0.59980005   0.00775885]
 [379.           0.59980005   0.00775885]
 [380.           0.59980005   0.00775885]
 [381.           0.5996       0.00801871]
 [382.           0.5996       0.00736885]
 [383.           0.59980005   0.00775885]
 [384.           0.59980005   0.00775885]
 [385.           0.6          0.00761576]
 [386.           0.59980005   0.00788669]
 [387.           0.59980005   0.00788669]
 [388.           0.59980005   0.00788669]
 [389.           0.59980005   0.00788669]
 [390.           0.5996       0.00750332]
 [391.           0.5996       0.00750332]
 [392.           0.5996       0.00750332]
 [393.           0.5992       0.00810556]
 [394.           0.5992       0.00810556]
 [395.           0.59900004   0.00821584]
 [396.           0.599        0.0083666 ]
 [397.           0.599        0.0083666 ]
 [398.           0.599        0.0083666 ]
 [399.           0.5988       0.00801249]
 [400.           0.59860003   0.00808085]]
Dataset       :Citeseer
Model         :SGC
Conden ratio  :0.5
GC            :3
LearnA        :0
Max Test Accuracy:
0.63
Best Result: Epoch   Acc  Std.
               26 0.6224  0.0059
