Set seed
Model SAGE
--------------------------------------------------
The 1th iteration:
--------------------------------------------------
--------------------------------------------------
The 2th iteration:
--------------------------------------------------
--------------------------------------------------
The 3th iteration:
--------------------------------------------------
--------------------------------------------------
The 4th iteration:
--------------------------------------------------
--------------------------------------------------
The 5th iteration:
--------------------------------------------------
[[  1.           0.0946       0.01154556]
 [  2.           0.1066       0.016456  ]
 [  3.           0.1024       0.00602495]
 [  4.           0.10039999   0.00054772]
 [  5.           0.10039999   0.00054772]
 [  6.           0.10039999   0.00054772]
 [  7.           0.10039999   0.00054772]
 [  8.           0.1086       0.01867619]
 [  9.           0.15900002   0.03466266]
 [ 10.           0.1826       0.01260159]
 [ 11.           0.19360001   0.00944986]
 [ 12.           0.20780002   0.0290379 ]
 [ 13.           0.2048       0.02976911]
 [ 14.           0.21280001   0.03242992]
 [ 15.           0.2244       0.03759389]
 [ 16.           0.23600002   0.03180409]
 [ 17.           0.2424       0.03839662]
 [ 18.           0.2614       0.03720618]
 [ 19.           0.2678       0.0514072 ]
 [ 20.           0.2854       0.0424594 ]
 [ 21.           0.2952       0.04042524]
 [ 22.           0.3064       0.03640467]
 [ 23.           0.3148       0.0462785 ]
 [ 24.           0.3112       0.03307113]
 [ 25.           0.318        0.04575478]
 [ 26.           0.31960002   0.04656499]
 [ 27.           0.3176       0.04174686]
 [ 28.           0.3176       0.0420987 ]
 [ 29.           0.32240003   0.04494218]
 [ 30.           0.328        0.04710095]
 [ 31.           0.32880002   0.04502443]
 [ 32.           0.33020002   0.04038193]
 [ 33.           0.342        0.04182703]
 [ 34.           0.34620002   0.04360275]
 [ 35.           0.34520003   0.0415656 ]
 [ 36.           0.3474       0.03963963]
 [ 37.           0.3556       0.03911905]
 [ 38.           0.35160002   0.03981582]
 [ 39.           0.3496       0.03676004]
 [ 40.           0.35340002   0.03587199]
 [ 41.           0.35699996   0.03762314]
 [ 42.           0.3598       0.02788727]
 [ 43.           0.35900003   0.03512123]
 [ 44.           0.3658       0.04280421]
 [ 45.           0.372        0.04431704]
 [ 46.           0.3728       0.04388281]
 [ 47.           0.3784       0.017672  ]
 [ 48.           0.38540003   0.02180138]
 [ 49.           0.3802       0.03916248]
 [ 50.           0.3844       0.02476489]
 [ 51.           0.384        0.02660827]
 [ 52.           0.3874       0.02381805]
 [ 53.           0.3874       0.0252448 ]
 [ 54.           0.3884       0.01757271]
 [ 55.           0.38680002   0.02854294]
 [ 56.           0.3884       0.02504596]
 [ 57.           0.3882       0.02266495]
 [ 58.           0.38780004   0.02628117]
 [ 59.           0.38900003   0.02309762]
 [ 60.           0.3878       0.02467184]
 [ 61.           0.39060003   0.02373394]
 [ 62.           0.39319998   0.025014  ]
 [ 63.           0.39779997   0.02834078]
 [ 64.           0.39720002   0.02830547]
 [ 65.           0.3952       0.02560663]
 [ 66.           0.3966       0.03129378]
 [ 67.           0.40120003   0.03215897]
 [ 68.           0.3982       0.03236819]
 [ 69.           0.39840004   0.03240833]
 [ 70.           0.4004       0.03283748]
 [ 71.           0.3984       0.03385705]
 [ 72.           0.40100002   0.03214031]
 [ 73.           0.4008       0.0348382 ]
 [ 74.           0.39920002   0.03347686]
 [ 75.           0.4008       0.03252229]
 [ 76.           0.39920002   0.0336853 ]
 [ 77.           0.4008       0.03154679]
 [ 78.           0.3998       0.03424471]
 [ 79.           0.3996       0.03311042]
 [ 80.           0.40159997   0.03244688]
 [ 81.           0.3992       0.0335738 ]
 [ 82.           0.4014       0.03332866]
 [ 83.           0.402        0.03453984]
 [ 84.           0.40019998   0.03399559]
 [ 85.           0.402        0.03190611]
 [ 86.           0.39979997   0.0342666 ]
 [ 87.           0.4014       0.03430451]
 [ 88.           0.3994       0.03345595]
 [ 89.           0.3998       0.03509559]
 [ 90.           0.4          0.0337046 ]
 [ 91.           0.40100002   0.03406611]
 [ 92.           0.40039998   0.03311042]
 [ 93.           0.40080005   0.03310136]
 [ 94.           0.40019998   0.03420819]
 [ 95.           0.40039998   0.03323852]
 [ 96.           0.40120003   0.03272919]
 [ 97.           0.40120003   0.03501   ]
 [ 98.           0.40120003   0.03322197]
 [ 99.           0.40159997   0.03418772]
 [100.           0.4008       0.03549929]
 [101.           0.40299997   0.03155947]
 [102.           0.4014       0.03501857]
 [103.           0.402        0.035     ]
 [104.           0.4028       0.03152302]
 [105.           0.3996       0.03693644]
 [106.           0.4038       0.03270627]
 [107.           0.3998       0.03484537]
 [108.           0.40019998   0.03556965]
 [109.           0.4038       0.03269862]
 [110.           0.39980003   0.0377783 ]
 [111.           0.4028       0.03229086]
 [112.           0.40100002   0.03469149]
 [113.           0.40100002   0.03441657]
 [114.           0.4034       0.03209829]
 [115.           0.3988       0.03439041]
 [116.           0.4018       0.03258373]
 [117.           0.4          0.0343584 ]
 [118.           0.40080005   0.03285879]
 [119.           0.40179998   0.03452102]
 [120.           0.4          0.03219472]
 [121.           0.40100002   0.03345893]
 [122.           0.40080005   0.03392198]
 [123.           0.4014       0.03365709]
 [124.           0.40159997   0.03282225]
 [125.           0.40120003   0.03381124]
 [126.           0.40240002   0.03424616]
 [127.           0.40100002   0.03467709]
 [128.           0.4014       0.03407051]
 [129.           0.40159997   0.03340359]
 [130.           0.39980003   0.03334216]
 [131.           0.40219998   0.03381863]
 [132.           0.4004       0.03522499]
 [133.           0.40159997   0.03427535]
 [134.           0.40120003   0.03386296]
 [135.           0.40120003   0.03484536]
 [136.           0.40240002   0.0328527 ]
 [137.           0.4008       0.0341277 ]
 [138.           0.40240002   0.03470302]
 [139.           0.4014       0.03292871]
 [140.           0.4018       0.03495283]
 [141.           0.402        0.03277957]
 [142.           0.4014       0.03445722]
 [143.           0.4004       0.03276126]
 [144.           0.40219998   0.03444125]
 [145.           0.40120003   0.03409839]
 [146.           0.402        0.03359315]
 [147.           0.4018       0.03443399]
 [148.           0.40080005   0.03406905]
 [149.           0.4018       0.03403969]
 [150.           0.4          0.03405878]
 [151.           0.40260002   0.03312553]
 [152.           0.3996       0.03431181]
 [153.           0.402        0.03140859]
 [154.           0.40080005   0.03407639]
 [155.           0.40260002   0.03176948]
 [156.           0.40060002   0.03379053]
 [157.           0.40220004   0.03269098]
 [158.           0.4014       0.03354548]
 [159.           0.40060002   0.03282986]
 [160.           0.40219998   0.03304088]
 [161.           0.3998       0.03358124]
 [162.           0.40220004   0.03159431]
 [163.           0.40019998   0.03418626]
 [164.           0.4028       0.03176004]
 [165.           0.4008       0.03367789]
 [166.           0.4028       0.03332716]
 [167.           0.40060002   0.03242376]
 [168.           0.40240002   0.03482527]
 [169.           0.40100002   0.03127299]
 [170.           0.40219998   0.03406905]
 [171.           0.40220004   0.03139586]
 [172.           0.4014       0.03376833]
 [173.           0.4018       0.0311721 ]
 [174.           0.40120003   0.03359614]
 [175.           0.4034       0.03181666]
 [176.           0.4014       0.0328451 ]
 [177.           0.40260002   0.03288312]
 [178.           0.40120003   0.03233729]
 [179.           0.40299997   0.03504283]
 [180.           0.402        0.03153569]
 [181.           0.4028       0.0346078 ]
 [182.           0.4008       0.032912  ]
 [183.           0.40300003   0.0334365 ]
 [184.           0.40039998   0.03435549]
 [185.           0.4038       0.03201874]
 [186.           0.4008       0.03405437]
 [187.           0.4034       0.0312698 ]
 [188.           0.402        0.0332641 ]
 [189.           0.40220004   0.03288921]
 [190.           0.4038       0.03311645]
 [191.           0.4014       0.03175374]
 [192.           0.4046       0.03329864]
 [193.           0.40220004   0.03084964]
 [194.           0.40299997   0.03405877]
 [195.           0.4038       0.03023574]
 [196.           0.40100002   0.03533411]
 [197.           0.4046       0.0293394 ]
 [198.           0.40039998   0.03465257]
 [199.           0.40500003   0.03081395]
 [200.           0.4048       0.03202654]
 [201.           0.40240002   0.03292112]
 [202.           0.4052       0.03071969]
 [203.           0.4028       0.0326374 ]
 [204.           0.404        0.03230325]
 [205.           0.4052       0.03044175]
 [206.           0.40159997   0.03487549]
 [207.           0.4038       0.02982784]
 [208.           0.40220004   0.03177578]
 [209.           0.40260002   0.03059085]
 [210.           0.40359998   0.03223817]
 [211.           0.4038       0.03221335]
 [212.           0.40159997   0.03128577]
 [213.           0.4046       0.03158797]
 [214.           0.40300003   0.03261901]
 [215.           0.40240002   0.03154838]
 [216.           0.4048       0.0321123 ]
 [217.           0.40120003   0.03168123]
 [218.           0.4058       0.03112395]
 [219.           0.40220004   0.03257607]
 [220.           0.40500003   0.03227228]
 [221.           0.40299997   0.03231099]
 [222.           0.40240002   0.03086746]
 [223.           0.4038       0.03201093]
 [224.           0.40360004   0.0315563 ]
 [225.           0.40219998   0.03097096]
 [226.           0.40460005   0.03090794]
 [227.           0.40159997   0.03219937]
 [228.           0.4046       0.0304023 ]
 [229.           0.4038       0.03163385]
 [230.           0.40179998   0.03103547]
 [231.           0.40500003   0.03083829]
 [232.           0.40159997   0.03281463]
 [233.           0.4054       0.03097256]
 [234.           0.40159997   0.03204371]
 [235.           0.4042       0.03171277]
 [236.           0.4038       0.0312362 ]
 [237.           0.40260002   0.03160379]
 [238.           0.404        0.03077336]
 [239.           0.4018       0.03149126]
 [240.           0.4034       0.03081071]
 [241.           0.4034       0.03164333]
 [242.           0.4032       0.03246074]
 [243.           0.40439996   0.03235428]
 [244.           0.4028       0.0328816 ]
 [245.           0.40480003   0.03161012]
 [246.           0.40219998   0.03285118]
 [247.           0.404        0.03140063]
 [248.           0.4032       0.03256071]
 [249.           0.40299997   0.03240371]
 [250.           0.4042       0.03203435]
 [251.           0.4018       0.03224438]
 [252.           0.40500003   0.03178836]
 [253.           0.40159997   0.0330424 ]
 [254.           0.404        0.03192178]
 [255.           0.40360004   0.03240832]
 [256.           0.4028       0.03184651]
 [257.           0.40480003   0.03215897]
 [258.           0.40220004   0.03328213]
 [259.           0.4048       0.03208115]
 [260.           0.40299997   0.03375648]
 [261.           0.404        0.03201562]
 [262.           0.40319997   0.03218229]
 [263.           0.4032       0.03314664]
 [264.           0.404        0.03232646]
 [265.           0.4018       0.03361101]
 [266.           0.404        0.03175689]
 [267.           0.40240002   0.03307265]
 [268.           0.404        0.03316624]
 [269.           0.40360004   0.03321597]
 [270.           0.40240002   0.03332116]
 [271.           0.40439996   0.03142928]
 [272.           0.40220004   0.03443399]
 [273.           0.40460005   0.0312458 ]
 [274.           0.40219998   0.03395144]
 [275.           0.404        0.03081396]
 [276.           0.4032       0.0336853 ]
 [277.           0.4034       0.03185592]
 [278.           0.4028       0.03279024]
 [279.           0.4038       0.03163385]
 [280.           0.40300003   0.03289377]
 [281.           0.4032       0.0328131 ]
 [282.           0.4034       0.03246998]
 [283.           0.40359998   0.03258527]
 [284.           0.4032       0.03217452]
 [285.           0.40360004   0.03296666]
 [286.           0.4046       0.03267721]
 [287.           0.40260002   0.03250077]
 [288.           0.40480003   0.03311645]
 [289.           0.40260002   0.03292112]
 [290.           0.40480003   0.03343202]
 [291.           0.4028       0.03314664]
 [292.           0.404        0.03332416]
 [293.           0.40260002   0.0323929 ]
 [294.           0.40360004   0.03328363]
 [295.           0.40480003   0.03153886]
 [296.           0.40240002   0.03354549]
 [297.           0.406        0.03224902]
 [298.           0.4014       0.03372388]
 [299.           0.40600005   0.03316624]
 [300.           0.40300003   0.03330164]
 [301.           0.4046       0.03306509]
 [302.           0.4048       0.03243763]
 [303.           0.40220004   0.03414967]
 [304.           0.4058       0.03278261]
 [305.           0.402        0.03327161]
 [306.           0.406        0.03213254]
 [307.           0.40219998   0.03334966]
 [308.           0.4046       0.03208271]
 [309.           0.40360004   0.03204371]
 [310.           0.4042       0.03197186]
 [311.           0.4038       0.03249153]
 [312.           0.4038       0.032912  ]
 [313.           0.40460005   0.03214499]
 [314.           0.4034       0.03311797]
 [315.           0.40580007   0.03145156]
 [316.           0.402        0.03380088]
 [317.           0.40559998   0.03166703]
 [318.           0.40240002   0.03296665]
 [319.           0.4042       0.03299545]
 [320.           0.40439996   0.0323311 ]
 [321.           0.4034       0.03344099]
 [322.           0.40500003   0.03210919]
 [323.           0.40240002   0.03318584]
 [324.           0.40440002   0.03216054]
 [325.           0.4028       0.03219782]
 [326.           0.4038       0.03344698]
 [327.           0.40480003   0.03234502]
 [328.           0.40240002   0.03154837]
 [329.           0.4054       0.03184807]
 [330.           0.40179998   0.03190142]
 [331.           0.40480003   0.03207336]
 [332.           0.40300003   0.03290137]
 [333.           0.404        0.03423448]
 [334.           0.4048       0.03201094]
 [335.           0.40240002   0.03306508]
 [336.           0.40500003   0.03231099]
 [337.           0.4028       0.03269862]
 [338.           0.4046       0.03278414]
 [339.           0.4042       0.03351418]
 [340.           0.40360004   0.03209828]
 [341.           0.40439996   0.03292871]
 [342.           0.4032       0.03191707]
 [343.           0.4046       0.03368679]
 [344.           0.4038       0.03208115]
 [345.           0.4028       0.03284356]
 [346.           0.40460005   0.0312458 ]
 [347.           0.40260002   0.03183237]
 [348.           0.40600005   0.03318885]
 [349.           0.4028       0.03401763]
 [350.           0.4054       0.03382012]
 [351.           0.4042       0.03325208]
 [352.           0.40299997   0.03284053]
 [353.           0.40480003   0.03249153]
 [354.           0.40299997   0.03236511]
 [355.           0.40559998   0.03262361]
 [356.           0.40300003   0.03245767]
 [357.           0.4042       0.03247615]
 [358.           0.404        0.03290137]
 [359.           0.40240002   0.03218385]
 [360.           0.4048       0.03254535]
 [361.           0.4034       0.03172223]
 [362.           0.4054       0.03233884]
 [363.           0.40439996   0.0320125 ]
 [364.           0.4048       0.03254535]
 [365.           0.40439996   0.03285269]
 [366.           0.4038       0.03215119]
 [367.           0.4042       0.03341705]
 [368.           0.4034       0.03150873]
 [369.           0.4046       0.03359018]
 [370.           0.404        0.03229551]
 [371.           0.4032       0.03270626]
 [372.           0.40500003   0.03230325]
 [373.           0.40360004   0.03143723]
 [374.           0.40500003   0.03274141]
 [375.           0.4038       0.03116409]
 [376.           0.40440002   0.03334367]
 [377.           0.40480003   0.03242992]
 [378.           0.4032       0.032874  ]
 [379.           0.4052       0.03247615]
 [380.           0.40219998   0.03294996]
 [381.           0.4046       0.03070505]
 [382.           0.4024       0.03311042]
 [383.           0.40480003   0.03328964]
 [384.           0.4038       0.03304088]
 [385.           0.40480003   0.03301061]
 [386.           0.4046       0.03303484]
 [387.           0.40460005   0.03292871]
 [388.           0.4054       0.03276126]
 [389.           0.40360004   0.03344099]
 [390.           0.4048       0.03150713]
 [391.           0.404        0.03382308]
 [392.           0.40440002   0.03089984]
 [393.           0.4042       0.03358125]
 [394.           0.40440002   0.03181666]
 [395.           0.4046       0.03316323]
 [396.           0.40500003   0.03325658]
 [397.           0.4042       0.0325223 ]
 [398.           0.40500003   0.03335415]
 [399.           0.4038       0.03160222]
 [400.           0.4042       0.03328963]]
Dataset       :Computers
Model         :SAGE
Conden ratio  :0.25
GC            :4
LearnA        :1
Max Test Accuracy:
0.446
Best Result: Epoch   Acc  Std.
               299 0.4060  0.0332
