Set seed
Model MLP
--------------------------------------------------
The 1th iteration:
--------------------------------------------------
--------------------------------------------------
The 2th iteration:
--------------------------------------------------
--------------------------------------------------
The 3th iteration:
--------------------------------------------------
--------------------------------------------------
The 4th iteration:
--------------------------------------------------
--------------------------------------------------
The 5th iteration:
--------------------------------------------------
[[  1.           0.11059999   0.01304991]
 [  2.           0.12100001   0.02775788]
 [  3.           0.1074       0.01213672]
 [  4.           0.12920001   0.04928691]
 [  5.           0.1508       0.04894589]
 [  6.           0.18380001   0.04118495]
 [  7.           0.19920002   0.04252293]
 [  8.           0.233        0.04963869]
 [  9.           0.2462       0.03054833]
 [ 10.           0.24759999   0.02857096]
 [ 11.           0.25559998   0.04395792]
 [ 12.           0.262        0.04941154]
 [ 13.           0.26860002   0.04004124]
 [ 14.           0.2746       0.03410717]
 [ 15.           0.2724       0.03158798]
 [ 16.           0.2758       0.03513831]
 [ 17.           0.2928       0.04191301]
 [ 18.           0.305        0.04579301]
 [ 19.           0.3146       0.03920204]
 [ 20.           0.3182       0.03486689]
 [ 21.           0.31880003   0.04039431]
 [ 22.           0.3248       0.0432169 ]
 [ 23.           0.3328       0.04000874]
 [ 24.           0.3356       0.04051296]
 [ 25.           0.33800003   0.03925556]
 [ 26.           0.3428       0.0375726 ]
 [ 27.           0.34780002   0.03407638]
 [ 28.           0.35520002   0.03204216]
 [ 29.           0.362        0.0376032 ]
 [ 30.           0.3658       0.04256407]
 [ 31.           0.37460002   0.03830536]
 [ 32.           0.3788       0.03762579]
 [ 33.           0.382        0.03948417]
 [ 34.           0.38260004   0.03738716]
 [ 35.           0.3846       0.03478936]
 [ 36.           0.39159998   0.04494219]
 [ 37.           0.3932       0.04854586]
 [ 38.           0.39299998   0.03908964]
 [ 39.           0.3952       0.03954365]
 [ 40.           0.398        0.04240283]
 [ 41.           0.40299997   0.04028027]
 [ 42.           0.40500003   0.04221966]
 [ 43.           0.40319997   0.04463407]
 [ 44.           0.4054       0.03803025]
 [ 45.           0.4092       0.03536525]
 [ 46.           0.41500002   0.04447471]
 [ 47.           0.4166       0.04286374]
 [ 48.           0.4172       0.03626569]
 [ 49.           0.41599998   0.03443108]
 [ 50.           0.42139998   0.04024053]
 [ 51.           0.4204       0.03673282]
 [ 52.           0.4204       0.03370906]
 [ 53.           0.42740002   0.03746064]
 [ 54.           0.42679998   0.03428119]
 [ 55.           0.42920002   0.03873888]
 [ 56.           0.429        0.03707425]
 [ 57.           0.4282       0.03501714]
 [ 58.           0.4292       0.03765236]
 [ 59.           0.43060002   0.03643212]
 [ 60.           0.431        0.03669468]
 [ 61.           0.43080002   0.03804865]
 [ 62.           0.431        0.03966106]
 [ 63.           0.4306       0.04014723]
 [ 64.           0.4276       0.03659645]
 [ 65.           0.42939997   0.0402964 ]
 [ 66.           0.4292       0.04053024]
 [ 67.           0.429        0.03901282]
 [ 68.           0.4326       0.0414343 ]
 [ 69.           0.4282       0.03908581]
 [ 70.           0.4254       0.03751401]
 [ 71.           0.4298       0.04087421]
 [ 72.           0.4284       0.03866265]
 [ 73.           0.42860004   0.0389397 ]
 [ 74.           0.42980003   0.03908581]
 [ 75.           0.42740002   0.03888188]
 [ 76.           0.4268       0.03910498]
 [ 77.           0.4282       0.04025792]
 [ 78.           0.42740002   0.03963333]
 [ 79.           0.42700002   0.03937639]
 [ 80.           0.42740002   0.03959545]
 [ 81.           0.4268       0.03961944]
 [ 82.           0.4264       0.03816806]
 [ 83.           0.42679998   0.03962576]
 [ 84.           0.42700002   0.04029888]
 [ 85.           0.42600003   0.03867169]
 [ 86.           0.42659998   0.03855905]
 [ 87.           0.4276       0.03950697]
 [ 88.           0.4262       0.03889345]
 [ 89.           0.42679998   0.03927722]
 [ 90.           0.4276       0.04087542]
 [ 91.           0.42799997   0.04136424]
 [ 92.           0.4282       0.04232258]
 [ 93.           0.42860004   0.04271767]
 [ 94.           0.42799997   0.04166533]
 [ 95.           0.42700002   0.04188675]
 [ 96.           0.4276       0.04206305]
 [ 97.           0.42880002   0.04289756]
 [ 98.           0.4292       0.04325736]
 [ 99.           0.429        0.04402272]
 [100.           0.43000004   0.04506107]
 [101.           0.43039998   0.04536298]
 [102.           0.4306       0.04461838]
 [103.           0.43120003   0.04460045]
 [104.           0.4312       0.04485198]
 [105.           0.43140003   0.04540706]
 [106.           0.4326       0.0457362 ]
 [107.           0.43339998   0.04652205]
 [108.           0.435        0.04843036]
 [109.           0.4354       0.0485932 ]
 [110.           0.43520004   0.04831873]
 [111.           0.43520004   0.04764137]
 [112.           0.43599996   0.04827526]
 [113.           0.4364       0.04763717]
 [114.           0.43640003   0.04724192]
 [115.           0.437        0.04867751]
 [116.           0.43660003   0.04860865]
 [117.           0.43640003   0.04767914]
 [118.           0.43640003   0.04678996]
 [119.           0.4362       0.04745735]
 [120.           0.43600002   0.04774412]
 [121.           0.4362       0.04701277]
 [122.           0.43600002   0.04654567]
 [123.           0.4364       0.04539603]
 [124.           0.43659997   0.04559386]
 [125.           0.4368       0.0462569 ]
 [126.           0.437        0.04611399]
 [127.           0.4374       0.04612267]
 [128.           0.4376       0.04647903]
 [129.           0.43719998   0.04663904]
 [130.           0.4376       0.04628498]
 [131.           0.43780002   0.0460076 ]
 [132.           0.43800002   0.04573291]
 [133.           0.4382       0.04580611]
 [134.           0.4382       0.04505774]
 [135.           0.43860003   0.04378698]
 [136.           0.43900004   0.04383492]
 [137.           0.4396       0.04367265]
 [138.           0.43940002   0.04298023]
 [139.           0.44000003   0.04259695]
 [140.           0.4402       0.04233438]
 [141.           0.44000003   0.04254998]
 [142.           0.44000003   0.04254998]
 [143.           0.4402       0.04285674]
 [144.           0.43940002   0.04277032]
 [145.           0.43940002   0.0431254 ]
 [146.           0.4398       0.04241698]
 [147.           0.4398       0.04279836]
 [148.           0.4396       0.04234147]
 [149.           0.4396       0.04200357]
 [150.           0.4388       0.04131827]
 [151.           0.43900004   0.04035468]
 [152.           0.43900004   0.04001874]
 [153.           0.4392       0.03985849]
 [154.           0.4392       0.03954365]
 [155.           0.43940002   0.03966485]
 [156.           0.43940002   0.03966485]
 [157.           0.43940002   0.03936116]
 [158.           0.4398       0.03927722]
 [159.           0.43999997   0.03940812]
 [160.           0.44039997   0.03933574]
 [161.           0.44039997   0.03933574]
 [162.           0.43999997   0.03868463]
 [163.           0.4396       0.03859146]
 [164.           0.4396       0.03863677]
 [165.           0.4398       0.03871951]
 [166.           0.4392       0.03787744]
 [167.           0.4392       0.03799605]
 [168.           0.4398       0.03729879]
 [169.           0.43940002   0.03795128]
 [170.           0.43899998   0.03792756]
 [171.           0.4392       0.03799605]
 [172.           0.43940002   0.03806967]
 [173.           0.4392       0.03799605]
 [174.           0.43900004   0.03770278]
 [175.           0.43900004   0.03770278]
 [176.           0.43900004   0.03770278]
 [177.           0.4392       0.03751266]
 [178.           0.4392       0.03799605]
 [179.           0.4398       0.03743929]
 [180.           0.44040003   0.03733364]
 [181.           0.44039997   0.03755396]
 [182.           0.44040003   0.03752066]
 [183.           0.44120002   0.03775182]
 [184.           0.44140002   0.03791174]
 [185.           0.442        0.03773592]
 [186.           0.4422       0.03757259]
 [187.           0.44239998   0.03667152]
 [188.           0.4426       0.03683477]
 [189.           0.44300005   0.03685784]
 [190.           0.4434       0.03648698]
 [191.           0.44379997   0.03692831]
 [192.           0.44379997   0.03684698]
 [193.           0.4442       0.03676547]
 [194.           0.44440004   0.03694996]
 [195.           0.44460002   0.03658962]
 [196.           0.4442       0.03676547]
 [197.           0.44440004   0.03661694]
 [198.           0.44460002   0.03685513]
 [199.           0.445        0.03717526]
 [200.           0.4448       0.03711739]
 [201.           0.44520003   0.03724514]
 [202.           0.44460002   0.03685513]
 [203.           0.44460002   0.03685513]
 [204.           0.44439998   0.0363772 ]
 [205.           0.4442       0.0362243 ]
 [206.           0.444        0.03615937]
 [207.           0.44380003   0.03643762]
 [208.           0.4436       0.03637032]
 [209.           0.4442       0.03617597]
 [210.           0.44460002   0.03612894]
 [211.           0.44460002   0.03596248]
 [212.           0.44420004   0.03560478]
 [213.           0.444        0.03574214]
 [214.           0.444        0.03574214]
 [215.           0.444        0.03574214]
 [216.           0.44380003   0.03588454]
 [217.           0.4436       0.03624638]
 [218.           0.44320002   0.03613447]
 [219.           0.44320002   0.03613447]
 [220.           0.44320002   0.03675188]
 [221.           0.44300005   0.03726257]
 [222.           0.443        0.03670832]
 [223.           0.44239998   0.03777962]
 [224.           0.443        0.03658552]
 [225.           0.4416       0.03716584]
 [226.           0.4422       0.03544995]
 [227.           0.44160005   0.03851363]
 [228.           0.44300005   0.03583992]
 [229.           0.44160005   0.03729343]
 [230.           0.44239998   0.03589986]
 [231.           0.4434       0.03503997]
 [232.           0.442        0.03728271]
 [233.           0.4434       0.03445721]
 [234.           0.44239998   0.03587199]
 [235.           0.443        0.0349285 ]
 [236.           0.44259998   0.03504711]
 [237.           0.4422       0.03566792]
 [238.           0.44460002   0.03503998]
 [239.           0.44259998   0.03607354]
 [240.           0.44460002   0.03491848]
 [241.           0.4426       0.03329115]
 [242.           0.44440004   0.03651437]
 [243.           0.44280002   0.03261442]
 [244.           0.44520003   0.03676546]
 [245.           0.44239998   0.03371647]
 [246.           0.44460002   0.03526046]
 [247.           0.44239998   0.03547253]
 [248.           0.44300005   0.03308323]
 [249.           0.44259998   0.03670558]
 [250.           0.442        0.03494281]
 [251.           0.44180003   0.03428118]
 [252.           0.44259998   0.03728673]
 [253.           0.44040003   0.03266956]
 [254.           0.442        0.03778889]
 [255.           0.44100004   0.03349626]
 [256.           0.4406       0.03692289]
 [257.           0.4422       0.03452825]
 [258.           0.4396       0.03534544]
 [259.           0.44000003   0.03557387]
 [260.           0.4412       0.03564689]
 [261.           0.4382       0.03452101]
 [262.           0.44139996   0.03506137]
 [263.           0.4392       0.0342301 ]
 [264.           0.43999997   0.03474911]
 [265.           0.4398       0.03417895]
 [266.           0.43940002   0.03388657]
 [267.           0.4408       0.0339367 ]
 [268.           0.43980002   0.03475197]
 [269.           0.44040003   0.03361993]
 [270.           0.44039997   0.03516106]
 [271.           0.44099998   0.03515679]
 [272.           0.43940002   0.03534543]
 [273.           0.4422       0.03651302]
 [274.           0.4384       0.03421694]
 [275.           0.44280002   0.03670423]
 [276.           0.43780002   0.0343904 ]
 [277.           0.44320002   0.0369689 ]
 [278.           0.4382       0.03433948]
 [279.           0.44160005   0.03658962]
 [280.           0.4392       0.03465111]
 [281.           0.44000003   0.03443835]
 [282.           0.4412       0.03603054]
 [283.           0.43860003   0.03393818]
 [284.           0.44160005   0.03658962]
 [285.           0.43859997   0.03471743]
 [286.           0.4416       0.03421696]
 [287.           0.43899998   0.03586782]
 [288.           0.44039997   0.03335865]
 [289.           0.4412       0.03694185]
 [290.           0.4402       0.03293478]
 [291.           0.44039997   0.03723976]
 [292.           0.4412       0.032874  ]
 [293.           0.4398       0.03563286]
 [294.           0.442        0.03393376]
 [295.           0.43940002   0.03409252]
 [296.           0.44120002   0.03594022]
 [297.           0.4402       0.03363331]
 [298.           0.4402       0.03505282]
 [299.           0.44140002   0.03263893]
 [300.           0.4398       0.0346439 ]
 [301.           0.4422       0.03327461]
 [302.           0.4396       0.0348181 ]
 [303.           0.44140002   0.03501857]
 [304.           0.44000003   0.0334888 ]
 [305.           0.4408       0.03436131]
 [306.           0.4412       0.03258374]
 [307.           0.4402       0.03387772]
 [308.           0.44020006   0.0322986 ]
 [309.           0.44000003   0.03330916]
 [310.           0.4398       0.03405436]
 [311.           0.4406       0.03276889]
 [312.           0.4392       0.03440494]
 [313.           0.4406       0.03306508]
 [314.           0.4392       0.03469438]
 [315.           0.44000003   0.03382306]
 [316.           0.43899998   0.03353356]
 [317.           0.4388       0.03462947]
 [318.           0.43899998   0.03341407]
 [319.           0.43880007   0.03627946]
 [320.           0.43940002   0.03289073]
 [321.           0.4392       0.036513  ]
 [322.           0.43899998   0.03251154]
 [323.           0.43919998   0.0368741 ]
 [324.           0.43859997   0.03223041]
 [325.           0.43999997   0.03629049]
 [326.           0.43800002   0.03261901]
 [327.           0.44000003   0.03661284]
 [328.           0.43719998   0.03209673]
 [329.           0.44039997   0.03530297]
 [330.           0.43780002   0.03261441]
 [331.           0.43980002   0.0344485 ]
 [332.           0.43800002   0.03355592]
 [333.           0.43940002   0.03388657]
 [334.           0.4382       0.03454996]
 [335.           0.4396       0.03434094]
 [336.           0.43739995   0.03434822]
 [337.           0.4406       0.03417308]
 [338.           0.43600002   0.03408078]
 [339.           0.4406       0.03415845]
 [340.           0.43599996   0.03399265]
 [341.           0.4406       0.03359018]
 [342.           0.4364       0.03444997]
 [343.           0.44000003   0.03393376]
 [344.           0.43660003   0.0351966 ]
 [345.           0.4388       0.03456444]
 [346.           0.43500003   0.03615246]
 [347.           0.43899998   0.03453984]
 [348.           0.4356       0.03548663]
 [349.           0.4396       0.03471744]
 [350.           0.4368       0.0322211 ]
 [351.           0.4382       0.03580783]
 [352.           0.4374       0.03218384]
 [353.           0.4362       0.03590544]
 [354.           0.43940002   0.03483246]
 [355.           0.4344       0.03549366]
 [356.           0.43899998   0.03547535]
 [357.           0.43520004   0.03233729]
 [358.           0.4388       0.03671103]
 [359.           0.43600002   0.03206244]
 [360.           0.4374       0.03701756]
 [361.           0.4368       0.03266803]
 [362.           0.4374       0.03535957]
 [363.           0.437        0.0337046 ]
 [364.           0.4384       0.03344847]
 [365.           0.43659997   0.03503284]
 [366.           0.4376       0.03343352]
 [367.           0.4368       0.03527322]
 [368.           0.43719998   0.03333467]
 [369.           0.4368       0.03478074]
 [370.           0.43640003   0.03344847]
 [371.           0.4382       0.03422281]
 [372.           0.43599996   0.03416138]
 [373.           0.4378       0.03445577]
 [374.           0.4362       0.03370757]
 [375.           0.4374       0.03484681]
 [376.           0.437        0.03264965]
 [377.           0.43660003   0.03570434]
 [378.           0.43859997   0.03043518]
 [379.           0.4358       0.03634143]
 [380.           0.43800002   0.03094349]
 [381.           0.43580005   0.03498857]
 [382.           0.437        0.03323402]
 [383.           0.4362       0.03409839]
 [384.           0.43640003   0.03449348]
 [385.           0.43719998   0.03227538]
 [386.           0.43660003   0.03508277]
 [387.           0.4368       0.03195622]
 [388.           0.43660003   0.03568333]
 [389.           0.43599996   0.03248846]
 [390.           0.43719998   0.03514541]
 [391.           0.43599996   0.03337664]
 [392.           0.43800002   0.03446012]
 [393.           0.4356       0.03316323]
 [394.           0.43719998   0.03453549]
 [395.           0.43600002   0.03264965]
 [396.           0.437        0.03516391]
 [397.           0.43600002   0.03277956]
 [398.           0.43640003   0.03526046]
 [399.           0.4362       0.03282073]
 [400.           0.43660003   0.03571835]]
Dataset       :Computers
Model         :MLP
Conden ratio  :0.5
GC            :1
LearnA        :1
Max Test Accuracy:
0.494
Best Result: Epoch   Acc  Std.
               201 0.4452  0.0372
