Set seed
Model Cheby
--------------------------------------------------
The 1th iteration:
--------------------------------------------------
--------------------------------------------------
The 2th iteration:
--------------------------------------------------
--------------------------------------------------
The 3th iteration:
--------------------------------------------------
--------------------------------------------------
The 4th iteration:
--------------------------------------------------
--------------------------------------------------
The 5th iteration:
--------------------------------------------------
[[  1.           0.1046       0.0069857 ]
 [  2.           0.1014       0.00554977]
 [  3.           0.1152       0.02525272]
 [  4.           0.09760001   0.01883613]
 [  5.           0.12019999   0.03153886]
 [  6.           0.1038       0.02579147]
 [  7.           0.1134       0.037474  ]
 [  8.           0.12         0.0251992 ]
 [  9.           0.1278       0.03009485]
 [ 10.           0.1354       0.0381615 ]
 [ 11.           0.137        0.03050409]
 [ 12.           0.1276       0.03566231]
 [ 13.           0.1316       0.04761618]
 [ 14.           0.1332       0.04633249]
 [ 15.           0.1218       0.01300769]
 [ 16.           0.132        0.01813835]
 [ 17.           0.136        0.04121287]
 [ 18.           0.1474       0.05377081]
 [ 19.           0.1394       0.02963613]
 [ 20.           0.12880002   0.02292815]
 [ 21.           0.1332       0.04589336]
 [ 22.           0.1332       0.04191301]
 [ 23.           0.1458       0.04213906]
 [ 24.           0.1514       0.02822765]
 [ 25.           0.142        0.02594224]
 [ 26.           0.14240001   0.02723601]
 [ 27.           0.1492       0.04495776]
 [ 28.           0.15679999   0.05558956]
 [ 29.           0.1456       0.02469413]
 [ 30.           0.13800001   0.02267157]
 [ 31.           0.1452       0.02380546]
 [ 32.           0.1652       0.05252333]
 [ 33.           0.16199999   0.03669469]
 [ 34.           0.1418       0.02585923]
 [ 35.           0.1492       0.03147539]
 [ 36.           0.1562       0.02900345]
 [ 37.           0.164        0.03847727]
 [ 38.           0.1506       0.03047622]
 [ 39.           0.1502       0.03183866]
 [ 40.           0.1492       0.02786933]
 [ 41.           0.1602       0.03574493]
 [ 42.           0.152        0.02852192]
 [ 43.           0.1516       0.03246999]
 [ 44.           0.1506       0.02972036]
 [ 45.           0.1622       0.04251706]
 [ 46.           0.162        0.03570013]
 [ 47.           0.15540001   0.03169069]
 [ 48.           0.15500002   0.03155947]
 [ 49.           0.16540001   0.04170492]
 [ 50.           0.1666       0.03948164]
 [ 51.           0.1592       0.03161804]
 [ 52.           0.16299999   0.03650343]
 [ 53.           0.1696       0.0494803 ]
 [ 54.           0.1654       0.04336242]
 [ 55.           0.1576       0.03811562]
 [ 56.           0.1646       0.04737932]
 [ 57.           0.16600001   0.05767582]
 [ 58.           0.16400002   0.05263079]
 [ 59.           0.15900001   0.05140525]
 [ 60.           0.16440001   0.05918445]
 [ 61.           0.1618       0.06471244]
 [ 62.           0.16620001   0.05957936]
 [ 63.           0.1622       0.06301349]
 [ 64.           0.171        0.06399609]
 [ 65.           0.1612       0.06904853]
 [ 66.           0.17580001   0.05836266]
 [ 67.           0.1586       0.0675522 ]
 [ 68.           0.1714       0.06510991]
 [ 69.           0.163        0.06995355]
 [ 70.           0.16600001   0.06774586]
 [ 71.           0.172        0.06687676]
 [ 72.           0.1642       0.06981906]
 [ 73.           0.17279999   0.06429386]
 [ 74.           0.1638       0.07150664]
 [ 75.           0.169        0.06828617]
 [ 76.           0.17059998   0.06600986]
 [ 77.           0.16400002   0.06901811]
 [ 78.           0.17120002   0.06675103]
 [ 79.           0.1662       0.06859081]
 [ 80.           0.17760001   0.06144347]
 [ 81.           0.1708       0.06679596]
 [ 82.           0.1718       0.06648083]
 [ 83.           0.17040001   0.06988777]
 [ 84.           0.1696       0.06787709]
 [ 85.           0.1774       0.06407262]
 [ 86.           0.1702       0.07103309]
 [ 87.           0.1744       0.06648534]
 [ 88.           0.1734       0.07256239]
 [ 89.           0.1738       0.06852517]
 [ 90.           0.17660001   0.0675374 ]
 [ 91.           0.16960001   0.07232773]
 [ 92.           0.1834       0.06427131]
 [ 93.           0.1732       0.07202916]
 [ 94.           0.181        0.06568485]
 [ 95.           0.17580001   0.07004426]
 [ 96.           0.17800002   0.06763505]
 [ 97.           0.1818       0.0680823 ]
 [ 98.           0.17840002   0.06834326]
 [ 99.           0.1904       0.0659568 ]
 [100.           0.1744       0.06962615]
 [101.           0.192        0.06239792]
 [102.           0.1732       0.07311429]
 [103.           0.1884       0.067567  ]
 [104.           0.18140002   0.07023033]
 [105.           0.187        0.06874591]
 [106.           0.18599999   0.06936497]
 [107.           0.18140002   0.06950755]
 [108.           0.1888       0.06683711]
 [109.           0.184        0.06962399]
 [110.           0.1902       0.06604695]
 [111.           0.18620001   0.06875464]
 [112.           0.19         0.06692159]
 [113.           0.1884       0.07282719]
 [114.           0.18640001   0.07033348]
 [115.           0.19600001   0.0688767 ]
 [116.           0.1896       0.07109711]
 [117.           0.20439999   0.06827738]
 [118.           0.1786       0.07734533]
 [119.           0.20780002   0.07669875]
 [120.           0.17559999   0.07461435]
 [121.           0.2178       0.08985099]
 [122.           0.1764       0.05710342]
 [123.           0.207        0.08741281]
 [124.           0.18020001   0.06037135]
 [125.           0.1966       0.09116084]
 [126.           0.203        0.10259142]
 [127.           0.18200001   0.07045921]
 [128.           0.21040002   0.09386054]
 [129.           0.1836       0.08959799]
 [130.           0.21500002   0.08286737]
 [131.           0.1836       0.100024  ]
 [132.           0.20580001   0.07754805]
 [133.           0.21100001   0.08366003]
 [134.           0.1818       0.08274478]
 [135.           0.22060001   0.08559966]
 [136.           0.1846       0.08328445]
 [137.           0.2052       0.08118004]
 [138.           0.20180002   0.09463985]
 [139.           0.2158       0.08018541]
 [140.           0.20900002   0.08921604]
 [141.           0.20380001   0.07178579]
 [142.           0.2178       0.08936276]
 [143.           0.19340001   0.07422803]
 [144.           0.2244       0.08175145]
 [145.           0.20100002   0.08886225]
 [146.           0.22260001   0.08901013]
 [147.           0.1984       0.08370962]
 [148.           0.2146       0.08617309]
 [149.           0.2024       0.08692124]
 [150.           0.2148       0.08748257]
 [151.           0.203        0.09459651]
 [152.           0.2198       0.07847102]
 [153.           0.20060001   0.09310908]
 [154.           0.2198       0.06926543]
 [155.           0.2036       0.08896236]
 [156.           0.2132       0.08482157]
 [157.           0.20640002   0.09324054]
 [158.           0.2076       0.08871189]
 [159.           0.20799999   0.09239859]
 [160.           0.2076       0.08328745]
 [161.           0.2112       0.08932078]
 [162.           0.20679998   0.07786655]
 [163.           0.21620002   0.08912744]
 [164.           0.20079999   0.08209568]
 [165.           0.22259998   0.09520661]
 [166.           0.19720002   0.08512461]
 [167.           0.2204       0.09117729]
 [168.           0.1974       0.09017371]
 [169.           0.2188       0.08804374]
 [170.           0.20640002   0.09695515]
 [171.           0.212        0.0781665 ]
 [172.           0.20900002   0.08878626]
 [173.           0.20580001   0.07181714]
 [174.           0.2106       0.07638586]
 [175.           0.19860001   0.06927698]
 [176.           0.21399999   0.07882258]
 [177.           0.20019999   0.08016046]
 [178.           0.21700001   0.08684181]
 [179.           0.2122       0.10026564]
 [180.           0.201        0.07334848]
 [181.           0.2132       0.0840131 ]
 [182.           0.20580001   0.08200426]
 [183.           0.2122       0.07839132]
 [184.           0.21040002   0.09937705]
 [185.           0.2098       0.07490127]
 [186.           0.20320001   0.0911795 ]
 [187.           0.21760002   0.08382601]
 [188.           0.19319999   0.09408613]
 [189.           0.2232       0.07991371]
 [190.           0.19579999   0.09272109]
 [191.           0.22220002   0.08345478]
 [192.           0.19920002   0.09137395]
 [193.           0.2098       0.09782229]
 [194.           0.21599999   0.09358418]
 [195.           0.1888       0.09327219]
 [196.           0.22620001   0.09195488]
 [197.           0.18840002   0.08744599]
 [198.           0.2254       0.09007664]
 [199.           0.19160001   0.0805686 ]
 [200.           0.2076       0.08986267]
 [201.           0.20240001   0.08408508]
 [202.           0.19340001   0.08793633]
 [203.           0.2192       0.09189233]
 [204.           0.20899999   0.10133854]
 [205.           0.20280002   0.08955836]
 [206.           0.20539999   0.08879921]
 [207.           0.20060001   0.09424595]
 [208.           0.20640002   0.09167498]
 [209.           0.2174       0.0999565 ]
 [210.           0.19780001   0.09150792]
 [211.           0.22360002   0.09483829]
 [212.           0.1942       0.09794489]
 [213.           0.22060001   0.0940654 ]
 [214.           0.2062       0.0977328 ]
 [215.           0.2112       0.09903889]
 [216.           0.2138       0.09825833]
 [217.           0.19780001   0.09811321]
 [218.           0.2268       0.09590204]
 [219.           0.19060001   0.10282654]
 [220.           0.2316       0.09403883]
 [221.           0.19420001   0.09834226]
 [222.           0.216        0.09443782]
 [223.           0.2112       0.10532427]
 [224.           0.19819999   0.09921038]
 [225.           0.22519998   0.10490806]
 [226.           0.20019999   0.09977575]
 [227.           0.2204       0.0975259 ]
 [228.           0.20899999   0.10003249]
 [229.           0.21039999   0.09342537]
 [230.           0.224        0.09234717]
 [231.           0.20320001   0.10726229]
 [232.           0.2316       0.09324054]
 [233.           0.20220001   0.10763457]
 [234.           0.23319998   0.091778  ]
 [235.           0.20120001   0.09854542]
 [236.           0.21900001   0.10361708]
 [237.           0.21700001   0.08745857]
 [238.           0.20840001   0.11000592]
 [239.           0.22760001   0.09076785]
 [240.           0.1998       0.09924062]
 [241.           0.22259998   0.09951784]
 [242.           0.2088       0.08422114]
 [243.           0.21540001   0.10169955]
 [244.           0.21880002   0.08541779]
 [245.           0.2158       0.10303009]
 [246.           0.20960002   0.10361612]
 [247.           0.22119999   0.09895051]
 [248.           0.20320001   0.10757649]
 [249.           0.22340003   0.0926164 ]
 [250.           0.204        0.10270832]
 [251.           0.21759999   0.09725637]
 [252.           0.2162       0.09033936]
 [253.           0.20180002   0.10123587]
 [254.           0.23         0.09179325]
 [255.           0.1926       0.09282403]
 [256.           0.22800003   0.0962159 ]
 [257.           0.2016       0.09188743]
 [258.           0.21620002   0.10420028]
 [259.           0.2174       0.09694482]
 [260.           0.2026       0.10092224]
 [261.           0.23119998   0.09492734]
 [262.           0.1966       0.09665041]
 [263.           0.2296       0.09683904]
 [264.           0.20320001   0.09782996]
 [265.           0.2142       0.09388664]
 [266.           0.22140002   0.09545313]
 [267.           0.2046       0.09863469]
 [268.           0.2256       0.09073203]
 [269.           0.203        0.10310189]
 [270.           0.2218       0.09279656]
 [271.           0.2134       0.09792242]
 [272.           0.21159999   0.08615277]
 [273.           0.2158       0.09124254]
 [274.           0.20799999   0.10549171]
 [275.           0.2208       0.0937454 ]
 [276.           0.2108       0.10492951]
 [277.           0.2112       0.08592264]
 [278.           0.2122       0.09868485]
 [279.           0.20820001   0.09085263]
 [280.           0.21399999   0.08942875]
 [281.           0.21100001   0.10844354]
 [282.           0.21759999   0.09378327]
 [283.           0.2066       0.1023367 ]
 [284.           0.22379999   0.09904898]
 [285.           0.2026       0.09487519]
 [286.           0.22379999   0.09710664]
 [287.           0.20780002   0.09332846]
 [288.           0.21660002   0.1014904 ]
 [289.           0.21640001   0.10018883]
 [290.           0.21139999   0.09895099]
 [291.           0.22020002   0.10927123]
 [292.           0.20539999   0.09314933]
 [293.           0.2232       0.10287225]
 [294.           0.20700002   0.09546465]
 [295.           0.22020002   0.09383603]
 [296.           0.21         0.09648056]
 [297.           0.2178       0.08166211]
 [298.           0.20640002   0.094238  ]
 [299.           0.22060001   0.08654652]
 [300.           0.203        0.09985489]
 [301.           0.2266       0.10353404]
 [302.           0.203        0.09607288]
 [303.           0.221        0.09889135]
 [304.           0.2014       0.08791076]
 [305.           0.21540001   0.09744895]
 [306.           0.21360002   0.10136963]
 [307.           0.21180001   0.09490364]
 [308.           0.2204       0.10624406]
 [309.           0.21280001   0.09456056]
 [310.           0.2244       0.09849265]
 [311.           0.207        0.10540636]
 [312.           0.2282       0.08532116]
 [313.           0.20280002   0.11405789]
 [314.           0.2306       0.08030754]
 [315.           0.20799999   0.11249223]
 [316.           0.21800001   0.09434775]
 [317.           0.2158       0.09276423]
 [318.           0.20780002   0.10102079]
 [319.           0.23099999   0.07876548]
 [320.           0.1956       0.09474862]
 [321.           0.22839999   0.08605987]
 [322.           0.19460002   0.08700748]
 [323.           0.2258       0.10403221]
 [324.           0.20580001   0.09007053]
 [325.           0.21300001   0.10823124]
 [326.           0.22160001   0.0891308 ]
 [327.           0.20419998   0.09708603]
 [328.           0.22800003   0.09913374]
 [329.           0.1948       0.08678249]
 [330.           0.2266       0.09383123]
 [331.           0.19680001   0.08854207]
 [332.           0.22739999   0.08464514]
 [333.           0.20700002   0.10163414]
 [334.           0.21820001   0.08588772]
 [335.           0.2146       0.10583384]
 [336.           0.21         0.08747571]
 [337.           0.2218       0.08866905]
 [338.           0.1984       0.09440497]
 [339.           0.22880001   0.08435164]
 [340.           0.1994       0.10910684]
 [341.           0.2292       0.09105328]
 [342.           0.20219998   0.09705257]
 [343.           0.22080003   0.08485694]
 [344.           0.21139999   0.08562885]
 [345.           0.21100001   0.09420989]
 [346.           0.2244       0.09451614]
 [347.           0.20220001   0.10175805]
 [348.           0.22359999   0.08929894]
 [349.           0.202        0.10051616]
 [350.           0.22140001   0.0871166 ]
 [351.           0.21100001   0.10338279]
 [352.           0.21800001   0.0968504 ]
 [353.           0.21440001   0.1050871 ]
 [354.           0.21140002   0.09767702]
 [355.           0.20780002   0.08936554]
 [356.           0.21999998   0.10018982]
 [357.           0.202        0.08746427]
 [358.           0.2266       0.10536271]
 [359.           0.20979999   0.09621175]
 [360.           0.21800001   0.10971554]
 [361.           0.22259998   0.09494366]
 [362.           0.19800001   0.09686331]
 [363.           0.2378       0.08915549]
 [364.           0.18540001   0.09322447]
 [365.           0.2448       0.09059912]
 [366.           0.1922       0.10030055]
 [367.           0.22160001   0.08376335]
 [368.           0.2188       0.10447823]
 [369.           0.1982       0.09086088]
 [370.           0.228        0.09627304]
 [371.           0.1956       0.08759167]
 [372.           0.21640001   0.07982355]
 [373.           0.21140002   0.09585562]
 [374.           0.2052       0.09394787]
 [375.           0.22500001   0.09258779]
 [376.           0.19680001   0.09966294]
 [377.           0.2316       0.0781588 ]
 [378.           0.1948       0.09185422]
 [379.           0.2244       0.08784247]
 [380.           0.2066       0.0886132 ]
 [381.           0.2124       0.10328262]
 [382.           0.21540001   0.08624268]
 [383.           0.20420001   0.101581  ]
 [384.           0.22680001   0.09525335]
 [385.           0.205        0.09972712]
 [386.           0.22720002   0.10694719]
 [387.           0.20940001   0.09419289]
 [388.           0.22159998   0.10676048]
 [389.           0.2126       0.09233526]
 [390.           0.21620002   0.09590203]
 [391.           0.21440001   0.093975  ]
 [392.           0.2146       0.09521974]
 [393.           0.21820001   0.09818961]
 [394.           0.21640001   0.10387155]
 [395.           0.2112       0.09920029]
 [396.           0.21739998   0.10291404]
 [397.           0.21339999   0.10289218]
 [398.           0.21700001   0.10096286]
 [399.           0.2232       0.10584754]
 [400.           0.212        0.09349866]]
Dataset       :Computers
Model         :Cheby
Conden ratio  :1.0
GC            :3
LearnA        :1
Max Test Accuracy:
0.412
Best Result: Epoch   Acc  Std.
               365 0.2448  0.0906
