Set seed
Model Cheby
--------------------------------------------------
The 1th iteration:
--------------------------------------------------
--------------------------------------------------
The 2th iteration:
--------------------------------------------------
--------------------------------------------------
The 3th iteration:
--------------------------------------------------
--------------------------------------------------
The 4th iteration:
--------------------------------------------------
--------------------------------------------------
The 5th iteration:
--------------------------------------------------
[[  1.           0.1138       0.01386362]
 [  2.           0.1054       0.00614817]
 [  3.           0.10420001   0.00683374]
 [  4.           0.11059999   0.01650151]
 [  5.           0.1134       0.01772851]
 [  6.           0.12260001   0.04036459]
 [  7.           0.1356       0.05814895]
 [  8.           0.1454       0.06667309]
 [  9.           0.1476       0.06497154]
 [ 10.           0.1472       0.06115718]
 [ 11.           0.14780001   0.0628864 ]
 [ 12.           0.1612       0.07537705]
 [ 13.           0.1666       0.06952553]
 [ 14.           0.1864       0.05861996]
 [ 15.           0.18999998   0.05926213]
 [ 16.           0.19420001   0.06070997]
 [ 17.           0.2086       0.06665058]
 [ 18.           0.22740002   0.08191643]
 [ 19.           0.2328       0.09283965]
 [ 20.           0.235        0.09588013]
 [ 21.           0.2378       0.09760737]
 [ 22.           0.2402       0.09806477]
 [ 23.           0.24340001   0.09828428]
 [ 24.           0.2454       0.09710974]
 [ 25.           0.24660002   0.09685194]
 [ 26.           0.24660002   0.09690356]
 [ 27.           0.24820001   0.09611816]
 [ 28.           0.25         0.09598698]
 [ 29.           0.2536       0.094238  ]
 [ 30.           0.256        0.09424701]
 [ 31.           0.2588       0.09362531]
 [ 32.           0.2622       0.09513517]
 [ 33.           0.2694       0.09543218]
 [ 34.           0.2736       0.09300429]
 [ 35.           0.2802       0.08808064]
 [ 36.           0.28579998   0.08044376]
 [ 37.           0.2938       0.07540358]
 [ 38.           0.2976       0.07267255]
 [ 39.           0.3016       0.07062081]
 [ 40.           0.30560002   0.06869352]
 [ 41.           0.3086       0.0645856 ]
 [ 42.           0.3104       0.06374402]
 [ 43.           0.31140003   0.06326769]
 [ 44.           0.3138       0.06099755]
 [ 45.           0.3176       0.05795515]
 [ 46.           0.321        0.05461685]
 [ 47.           0.3228       0.0521795 ]
 [ 48.           0.3246       0.05019263]
 [ 49.           0.32580003   0.04942367]
 [ 50.           0.3288       0.0468743 ]
 [ 51.           0.3314       0.04398067]
 [ 52.           0.333        0.04218411]
 [ 53.           0.3342       0.04091087]
 [ 54.           0.33540002   0.03948164]
 [ 55.           0.339        0.03586781]
 [ 56.           0.3428       0.03433947]
 [ 57.           0.3452       0.0330938 ]
 [ 58.           0.3472       0.03337214]
 [ 59.           0.3484       0.0335753 ]
 [ 60.           0.3494       0.03331367]
 [ 61.           0.3506       0.03351567]
 [ 62.           0.3526       0.03501857]
 [ 63.           0.3546       0.03633593]
 [ 64.           0.35619998   0.0362588 ]
 [ 65.           0.3572       0.03741925]
 [ 66.           0.35740003   0.03801052]
 [ 67.           0.3588       0.03798289]
 [ 68.           0.3604       0.03779947]
 [ 69.           0.36200002   0.03988107]
 [ 70.           0.36260003   0.04088766]
 [ 71.           0.3632       0.04097194]
 [ 72.           0.364        0.04083503]
 [ 73.           0.3644       0.04048209]
 [ 74.           0.36499998   0.03983089]
 [ 75.           0.3652       0.03997124]
 [ 76.           0.366        0.04006869]
 [ 77.           0.36720002   0.04049939]
 [ 78.           0.36820003   0.04050555]
 [ 79.           0.3684       0.0408693 ]
 [ 80.           0.3688       0.0405364 ]
 [ 81.           0.3694       0.04099755]
 [ 82.           0.3698       0.04078849]
 [ 83.           0.3702       0.04110597]
 [ 84.           0.37100002   0.04058325]
 [ 85.           0.37219998   0.04028896]
 [ 86.           0.37240002   0.04025297]
 [ 87.           0.37240002   0.04025297]
 [ 88.           0.3728       0.04059188]
 [ 89.           0.373        0.04096341]
 [ 90.           0.37320003   0.04081299]
 [ 91.           0.3734       0.04118616]
 [ 92.           0.37400004   0.04297093]
 [ 93.           0.3738       0.04325159]
 [ 94.           0.3738       0.04339585]
 [ 95.           0.3738       0.04339585]
 [ 96.           0.3734       0.04371842]
 [ 97.           0.373        0.04404543]
 [ 98.           0.3736       0.04409422]
 [ 99.           0.3736       0.04394656]
 [100.           0.3736       0.04394656]
 [101.           0.37420002   0.0441271 ]
 [102.           0.37400004   0.04417013]
 [103.           0.37400004   0.04403976]
 [104.           0.3744       0.04372415]
 [105.           0.3748       0.04341313]
 [106.           0.3748       0.04341313]
 [107.           0.3752       0.04304881]
 [108.           0.3752       0.04304881]
 [109.           0.3752       0.04304881]
 [110.           0.37600002   0.04285442]
 [111.           0.377        0.04250293]
 [112.           0.37759998   0.04221731]
 [113.           0.3784       0.04195593]
 [114.           0.379        0.04171331]
 [115.           0.3794       0.04175884]
 [116.           0.37960002   0.04178875]
 [117.           0.3798       0.04182345]
 [118.           0.3808       0.04142101]
 [119.           0.3816       0.04067924]
 [120.           0.3822       0.04021442]
 [121.           0.3826       0.04001001]
 [122.           0.3828       0.04005871]
 [123.           0.38340002   0.03964593]
 [124.           0.3838       0.04007117]
 [125.           0.3838       0.04007117]
 [126.           0.3836       0.04001624]
 [127.           0.3836       0.04001624]
 [128.           0.38400003   0.0407615 ]
 [129.           0.3842       0.0405179 ]
 [130.           0.3842       0.0405179 ]
 [131.           0.38439998   0.04089376]
 [132.           0.38439998   0.04089376]
 [133.           0.38439998   0.04089376]
 [134.           0.38439998   0.04089376]
 [135.           0.38439998   0.04089376]
 [136.           0.38439998   0.04089376]
 [137.           0.38439998   0.04089376]
 [138.           0.38439998   0.04118615]
 [139.           0.38439998   0.04118615]
 [140.           0.38500002   0.04135215]
 [141.           0.385        0.04197023]
 [142.           0.38500002   0.04259108]
 [143.           0.38540003   0.04328164]
 [144.           0.38560003   0.04306738]
 [145.           0.38560003   0.04306738]
 [146.           0.3852       0.04322846]
 [147.           0.385        0.04317985]
 [148.           0.38480002   0.04313584]
 [149.           0.38500002   0.04292435]
 [150.           0.38500002   0.04292435]
 [151.           0.38500002   0.04292435]
 [152.           0.38500002   0.04326662]
 [153.           0.38480002   0.04288587]
 [154.           0.385        0.04237334]
 [155.           0.385        0.04237334]
 [156.           0.38480002   0.04261103]
 [157.           0.385        0.04237334]
 [158.           0.38480002   0.04199047]
 [159.           0.385        0.04237334]
 [160.           0.38480002   0.04234619]
 [161.           0.38439998   0.04206304]
 [162.           0.3846       0.04183657]
 [163.           0.3846       0.04244173]
 [164.           0.3842       0.04265207]
 [165.           0.3842       0.04265207]
 [166.           0.3842       0.04265207]
 [167.           0.3844       0.04304417]
 [168.           0.3844       0.04304417]
 [169.           0.3846       0.04282874]
 [170.           0.3846       0.04261806]
 [171.           0.38480002   0.04301396]
 [172.           0.385        0.04301163]
 [173.           0.3852       0.04279252]
 [174.           0.38540003   0.04279368]
 [175.           0.3852       0.04301395]
 [176.           0.385        0.04323772]
 [177.           0.385        0.04323772]
 [178.           0.3852       0.04303139]
 [179.           0.38540003   0.04280537]
 [180.           0.38540003   0.04280537]
 [181.           0.3856       0.04258287]
 [182.           0.3858       0.0423639 ]
 [183.           0.3856       0.04258287]
 [184.           0.38540003   0.04279368]
 [185.           0.38560003   0.04318911]
 [186.           0.38580003   0.04297324]
 [187.           0.38580003   0.04297324]
 [188.           0.38560003   0.04318911]
 [189.           0.38580003   0.04297324]
 [190.           0.38580003   0.04297324]
 [191.           0.3856       0.04277031]
 [192.           0.3858       0.04317059]
 [193.           0.3856       0.04277031]
 [194.           0.38579997   0.04255819]
 [195.           0.3856       0.04277031]
 [196.           0.3856       0.04277031]
 [197.           0.3856       0.04277031]
 [198.           0.3856       0.04277031]
 [199.           0.3858       0.04256406]
 [200.           0.3858       0.04256406]
 [201.           0.3858       0.04256406]
 [202.           0.3858       0.04256406]
 [203.           0.3858       0.04256406]
 [204.           0.3858       0.04256406]
 [205.           0.3858       0.04256406]
 [206.           0.3856       0.04277031]
 [207.           0.3856       0.04277031]
 [208.           0.3858       0.0427633 ]
 [209.           0.3856       0.04277031]
 [210.           0.3856       0.04277031]
 [211.           0.3856       0.04277031]
 [212.           0.3856       0.04277031]
 [213.           0.3858       0.0427633 ]
 [214.           0.3858       0.0427633 ]
 [215.           0.3856       0.04277031]
 [216.           0.3856       0.04277031]
 [217.           0.3858       0.04256406]
 [218.           0.386        0.04296509]
 [219.           0.3864       0.04316597]
 [220.           0.3864       0.04316597]
 [221.           0.3864       0.04316597]
 [222.           0.3864       0.04316597]
 [223.           0.38660002   0.04296859]
 [224.           0.38660002   0.04296859]
 [225.           0.38680002   0.04277499]
 [226.           0.38680002   0.04277499]
 [227.           0.38680002   0.04277499]
 [228.           0.38660002   0.04296859]
 [229.           0.3864       0.04298604]
 [230.           0.3864       0.04298604]
 [231.           0.38680002   0.04275162]
 [232.           0.38680002   0.04275162]
 [233.           0.3866       0.04277033]
 [234.           0.3866       0.04277033]
 [235.           0.38700002   0.04255585]
 [236.           0.38680002   0.04257582]
 [237.           0.38680002   0.04257582]
 [238.           0.38680002   0.04257582]
 [239.           0.38680002   0.04257582]
 [240.           0.387        0.04238514]
 [241.           0.387        0.04238514]
 [242.           0.38719997   0.04279253]
 [243.           0.3874       0.04260634]
 [244.           0.3874       0.04260634]
 [245.           0.3874       0.04260634]
 [246.           0.3876       0.04258285]
 [247.           0.3874       0.04260634]
 [248.           0.3874       0.04260634]
 [249.           0.3876       0.04242405]
 [250.           0.3876       0.04242405]
 [251.           0.3876       0.04242405]
 [252.           0.3876       0.04242405]
 [253.           0.3876       0.04242405]
 [254.           0.3878       0.04283339]
 [255.           0.3878       0.04283339]
 [256.           0.3878       0.04283339]
 [257.           0.3878       0.04283339]
 [258.           0.3878       0.04283339]
 [259.           0.388        0.04265559]
 [260.           0.3882       0.04248175]
 [261.           0.38840002   0.0428929 ]
 [262.           0.3882       0.04306623]
 [263.           0.3882       0.04306623]
 [264.           0.3882       0.04306623]
 [265.           0.38840002   0.0428929 ]
 [266.           0.38840002   0.0428929 ]
 [267.           0.38860002   0.04272353]
 [268.           0.38860002   0.04272353]
 [269.           0.38860002   0.04272353]
 [270.           0.38860002   0.04272353]
 [271.           0.38840002   0.0428929 ]
 [272.           0.38840002   0.0428929 ]
 [273.           0.38840002   0.0428929 ]
 [274.           0.38840002   0.0428929 ]
 [275.           0.38840002   0.0428929 ]
 [276.           0.3882       0.04306623]
 [277.           0.3882       0.04306623]
 [278.           0.388        0.0432435 ]
 [279.           0.3878       0.04342466]
 [280.           0.3878       0.04342466]
 [281.           0.3878       0.04342466]
 [282.           0.3878       0.04342466]
 [283.           0.3878       0.04342466]
 [284.           0.3878       0.04342466]
 [285.           0.3878       0.04342466]
 [286.           0.3878       0.04342466]
 [287.           0.3878       0.04342466]
 [288.           0.3878       0.04342466]
 [289.           0.3878       0.04342466]
 [290.           0.3878       0.04342466]
 [291.           0.388        0.0432435 ]
 [292.           0.388        0.0432435 ]
 [293.           0.388        0.0432435 ]
 [294.           0.3882       0.04306623]
 [295.           0.3882       0.04306623]
 [296.           0.3882       0.04306623]
 [297.           0.38840002   0.0428929 ]
 [298.           0.38840002   0.0428929 ]
 [299.           0.38840002   0.0428929 ]
 [300.           0.38840002   0.0428929 ]
 [301.           0.38840002   0.0428929 ]
 [302.           0.38840002   0.0428929 ]
 [303.           0.38840002   0.0428929 ]
 [304.           0.38840002   0.0428929 ]
 [305.           0.38840002   0.0428929 ]
 [306.           0.38840002   0.0428929 ]
 [307.           0.38840002   0.0428929 ]
 [308.           0.38840002   0.0428929 ]
 [309.           0.38840002   0.0428929 ]
 [310.           0.38860002   0.04272353]
 [311.           0.38860002   0.04272353]
 [312.           0.38860002   0.04272353]
 [313.           0.38860002   0.04272353]
 [314.           0.38860002   0.04272353]
 [315.           0.38860002   0.04272353]
 [316.           0.38840002   0.0428929 ]
 [317.           0.38840002   0.0428929 ]
 [318.           0.38840002   0.0428929 ]
 [319.           0.38840002   0.0428929 ]
 [320.           0.38840002   0.0428929 ]
 [321.           0.38840002   0.0428929 ]
 [322.           0.3888       0.0432747 ]
 [323.           0.3886       0.04330474]
 [324.           0.3886       0.04330474]
 [325.           0.3886       0.04330474]
 [326.           0.3886       0.04330474]
 [327.           0.3884       0.04347758]
 [328.           0.3884       0.04347758]
 [329.           0.3884       0.04347758]
 [330.           0.3884       0.04347758]
 [331.           0.3884       0.04347758]
 [332.           0.3884       0.04347758]
 [333.           0.3884       0.04347758]
 [334.           0.3884       0.04347758]
 [335.           0.38860002   0.04344882]
 [336.           0.38860002   0.04344882]
 [337.           0.3884       0.04347758]
 [338.           0.3884       0.04347758]
 [339.           0.38860002   0.04344882]
 [340.           0.3884       0.04347758]
 [341.           0.3884       0.04347758]
 [342.           0.3884       0.04347758]
 [343.           0.3884       0.04347758]
 [344.           0.3884       0.04347758]
 [345.           0.38860002   0.04344882]
 [346.           0.3884       0.04347758]
 [347.           0.3884       0.04347758]
 [348.           0.3884       0.04347758]
 [349.           0.3884       0.04347758]
 [350.           0.38860002   0.04344882]
 [351.           0.3884       0.04347758]
 [352.           0.38860002   0.04344882]
 [353.           0.38860002   0.04344882]
 [354.           0.3884       0.04347758]
 [355.           0.38860002   0.04344882]
 [356.           0.38860002   0.04344882]
 [357.           0.3888       0.04342465]
 [358.           0.38860002   0.04344882]
 [359.           0.3884       0.04347758]
 [360.           0.3888       0.04342465]
 [361.           0.3888       0.04342465]
 [362.           0.3888       0.0432747 ]
 [363.           0.38900003   0.04324928]
 [364.           0.3892       0.04322847]
 [365.           0.3892       0.04322847]
 [366.           0.3892       0.04322847]
 [367.           0.3892       0.04322847]
 [368.           0.3892       0.04322847]
 [369.           0.3892       0.04322847]
 [370.           0.3892       0.04322847]
 [371.           0.3892       0.04322847]
 [372.           0.3892       0.04322847]
 [373.           0.3892       0.04322847]
 [374.           0.3892       0.04322847]
 [375.           0.3892       0.04322847]
 [376.           0.3892       0.04322847]
 [377.           0.3892       0.04322847]
 [378.           0.3892       0.04322847]
 [379.           0.3892       0.04322847]
 [380.           0.3892       0.04322847]
 [381.           0.3892       0.04322847]
 [382.           0.3892       0.04322847]
 [383.           0.3892       0.04322847]
 [384.           0.3892       0.04322847]
 [385.           0.3892       0.04322847]
 [386.           0.3892       0.04322847]
 [387.           0.3892       0.04322847]
 [388.           0.3892       0.04322847]
 [389.           0.3892       0.04322847]
 [390.           0.3892       0.04322847]
 [391.           0.3892       0.04322847]
 [392.           0.3892       0.04322847]
 [393.           0.3892       0.04322847]
 [394.           0.3892       0.04322847]
 [395.           0.3892       0.04322847]
 [396.           0.3892       0.04322847]
 [397.           0.3892       0.04322847]
 [398.           0.3892       0.04322847]
 [399.           0.3892       0.04322847]
 [400.           0.3892       0.04322847]]
Dataset       :Computers
Model         :Cheby
Conden ratio  :0.25
GC            :4
LearnA        :1
Max Test Accuracy:
0.46
Best Result: Epoch   Acc  Std.
               364 0.3892  0.0432
