Set seed
Model Cheby
--------------------------------------------------
The 1th iteration:
--------------------------------------------------
--------------------------------------------------
The 2th iteration:
--------------------------------------------------
--------------------------------------------------
The 3th iteration:
--------------------------------------------------
--------------------------------------------------
The 4th iteration:
--------------------------------------------------
--------------------------------------------------
The 5th iteration:
--------------------------------------------------
[[  1.           0.11080001   0.02395204]
 [  2.           0.1452       0.05208839]
 [  3.           0.1202       0.04336704]
 [  4.           0.11440001   0.04767913]
 [  5.           0.1408       0.06170657]
 [  6.           0.1302       0.05950798]
 [  7.           0.1296       0.05217566]
 [  8.           0.135        0.04534865]
 [  9.           0.13640001   0.04915588]
 [ 10.           0.13700001   0.04864154]
 [ 11.           0.1452       0.06193303]
 [ 12.           0.1452       0.06056154]
 [ 13.           0.15         0.06896739]
 [ 14.           0.1632       0.08533873]
 [ 15.           0.17459999   0.0870362 ]
 [ 16.           0.1858       0.09096814]
 [ 17.           0.19719999   0.10682321]
 [ 18.           0.1982       0.11002365]
 [ 19.           0.1846       0.10460068]
 [ 20.           0.18800001   0.10868993]
 [ 21.           0.2036       0.11442596]
 [ 22.           0.1924       0.09439704]
 [ 23.           0.189        0.08787491]
 [ 24.           0.20439999   0.10387879]
 [ 25.           0.20900002   0.10621205]
 [ 26.           0.21360002   0.10943628]
 [ 27.           0.2132       0.10957965]
 [ 28.           0.1962       0.09233472]
 [ 29.           0.1944       0.09755666]
 [ 30.           0.1984       0.106957  ]
 [ 31.           0.1992       0.10871615]
 [ 32.           0.202        0.10892887]
 [ 33.           0.20179999   0.1115603 ]
 [ 34.           0.20060001   0.11131622]
 [ 35.           0.20640002   0.11175778]
 [ 36.           0.19520001   0.09646865]
 [ 37.           0.1972       0.10254609]
 [ 38.           0.203        0.1102089 ]
 [ 39.           0.2072       0.12025681]
 [ 40.           0.20560001   0.11621231]
 [ 41.           0.203        0.10851727]
 [ 42.           0.1986       0.10410476]
 [ 43.           0.19960001   0.10613341]
 [ 44.           0.20120001   0.10819057]
 [ 45.           0.19700001   0.10158248]
 [ 46.           0.20060001   0.10418157]
 [ 47.           0.1962       0.10022575]
 [ 48.           0.1904       0.09064657]
 [ 49.           0.1928       0.09365202]
 [ 50.           0.19759999   0.0988246 ]
 [ 51.           0.1972       0.09792191]
 [ 52.           0.19800001   0.09857991]
 [ 53.           0.20019999   0.10285524]
 [ 54.           0.1984       0.09953541]
 [ 55.           0.1938       0.09240779]
 [ 56.           0.1922       0.08987603]
 [ 57.           0.1926       0.09035652]
 [ 58.           0.1914       0.08832496]
 [ 59.           0.19319999   0.08882117]
 [ 60.           0.1932       0.08906571]
 [ 61.           0.1932       0.08911061]
 [ 62.           0.1914       0.08749457]
 [ 63.           0.1908       0.08630875]
 [ 64.           0.18840002   0.08294757]
 [ 65.           0.18859999   0.08119299]
 [ 66.           0.1896       0.08236686]
 [ 67.           0.1902       0.08396845]
 [ 68.           0.1944       0.08729146]
 [ 69.           0.1938       0.08453815]
 [ 70.           0.19500001   0.08565629]
 [ 71.           0.1944       0.08571639]
 [ 72.           0.19819999   0.08750257]
 [ 73.           0.19880001   0.0877992 ]
 [ 74.           0.20060001   0.08878232]
 [ 75.           0.2014       0.08906627]
 [ 76.           0.20060001   0.0886132 ]
 [ 77.           0.203        0.09088729]
 [ 78.           0.204        0.09084878]
 [ 79.           0.20219998   0.08932077]
 [ 80.           0.2024       0.09018482]
 [ 81.           0.20560001   0.09226213]
 [ 82.           0.20819998   0.093636  ]
 [ 83.           0.20819998   0.09328022]
 [ 84.           0.2098       0.0945156 ]
 [ 85.           0.2146       0.09890299]
 [ 86.           0.21599999   0.09978978]
 [ 87.           0.21640001   0.09965591]
 [ 88.           0.22000001   0.10185038]
 [ 89.           0.22020002   0.10205244]
 [ 90.           0.22020002   0.10252902]
 [ 91.           0.222        0.10324243]
 [ 92.           0.2224       0.10319059]
 [ 93.           0.22260001   0.102846  ]
 [ 94.           0.22259998   0.10329957]
 [ 95.           0.22459999   0.10418877]
 [ 96.           0.2256       0.10469145]
 [ 97.           0.22620001   0.10567734]
 [ 98.           0.226        0.1050119 ]
 [ 99.           0.2256       0.10422715]
 [100.           0.226        0.10462552]
 [101.           0.2266       0.10483463]
 [102.           0.22620001   0.10446626]
 [103.           0.22500001   0.10343596]
 [104.           0.22420001   0.10275554]
 [105.           0.22420001   0.10277986]
 [106.           0.2232       0.10162038]
 [107.           0.22219999   0.10086724]
 [108.           0.22219999   0.10086724]
 [109.           0.22160001   0.10007147]
 [110.           0.2204       0.09883977]
 [111.           0.2208       0.09935391]
 [112.           0.22019999   0.09931616]
 [113.           0.2196       0.098419  ]
 [114.           0.22000001   0.09851142]
 [115.           0.2196       0.09811371]
 [116.           0.2196       0.09764886]
 [117.           0.2198       0.09801377]
 [118.           0.2204       0.09899394]
 [119.           0.2208       0.09962782]
 [120.           0.2188       0.09839817]
 [121.           0.21900001   0.09818859]
 [122.           0.2174       0.09687001]
 [123.           0.2184       0.09738223]
 [124.           0.21820001   0.09831429]
 [125.           0.2178       0.09774047]
 [126.           0.21700001   0.09688137]
 [127.           0.2162       0.0960479 ]
 [128.           0.21540001   0.09515145]
 [129.           0.21659999   0.09640954]
 [130.           0.2162       0.09592549]
 [131.           0.2158       0.09551807]
 [132.           0.21659999   0.09584519]
 [133.           0.21640001   0.09563891]
 [134.           0.21700001   0.09627824]
 [135.           0.21820001   0.09723528]
 [136.           0.2178       0.09702422]
 [137.           0.2198       0.09727126]
 [138.           0.22140001   0.09866762]
 [139.           0.22320001   0.09939668]
 [140.           0.22420001   0.10036284]
 [141.           0.22480002   0.10044751]
 [142.           0.22500001   0.10015987]
 [143.           0.2266       0.10063697]
 [144.           0.2278       0.10131485]
 [145.           0.2282       0.10175805]
 [146.           0.2282       0.10175805]
 [147.           0.22880001   0.10145787]
 [148.           0.2306       0.10347366]
 [149.           0.23020001   0.10369281]
 [150.           0.2306       0.10401345]
 [151.           0.23020001   0.10315134]
 [152.           0.23080002   0.10488899]
 [153.           0.23020001   0.10229222]
 [154.           0.23         0.10414413]
 [155.           0.23080002   0.10211611]
 [156.           0.23099999   0.10499285]
 [157.           0.2296       0.10079335]
 [158.           0.2306       0.10463412]
 [159.           0.22919999   0.10048731]
 [160.           0.2304       0.10358715]
 [161.           0.22620001   0.09973816]
 [162.           0.22980002   0.10269956]
 [163.           0.2266       0.09981383]
 [164.           0.22880001   0.10293055]
 [165.           0.22719999   0.1007755 ]
 [166.           0.22860001   0.1018764 ]
 [167.           0.22760001   0.10105592]
 [168.           0.228        0.10055596]
 [169.           0.22979999   0.10186118]
 [170.           0.2268       0.09978326]
 [171.           0.22979999   0.10140365]
 [172.           0.2256       0.09888529]
 [173.           0.23020001   0.10147019]
 [174.           0.22379999   0.097207  ]
 [175.           0.23020001   0.10142584]
 [176.           0.22360002   0.09725894]
 [177.           0.23020001   0.10179734]
 [178.           0.22420001   0.09494051]
 [179.           0.2256       0.09740277]
 [180.           0.228        0.09696133]
 [181.           0.22060001   0.09429369]
 [182.           0.23080002   0.09757408]
 [183.           0.21700001   0.09118936]
 [184.           0.2306       0.09899646]
 [185.           0.21799998   0.08792041]
 [186.           0.2254       0.09776144]
 [187.           0.2204       0.0880954 ]
 [188.           0.22080003   0.09370539]
 [189.           0.2228       0.09123431]
 [190.           0.21800001   0.08770119]
 [191.           0.22259998   0.09501211]
 [192.           0.21500002   0.08483808]
 [193.           0.2242       0.09527697]
 [194.           0.2126       0.08567555]
 [195.           0.22220002   0.09031999]
 [196.           0.2172       0.09033659]
 [197.           0.21560001   0.08621369]
 [198.           0.21900001   0.0891852 ]
 [199.           0.21040002   0.08639329]
 [200.           0.22020002   0.08813456]
 [201.           0.21399999   0.08522909]
 [202.           0.216        0.08588364]
 [203.           0.22019999   0.08842341]
 [204.           0.21079998   0.08425972]
 [205.           0.22160001   0.08875697]
 [206.           0.2106       0.08346437]
 [207.           0.2188       0.08789027]
 [208.           0.21399999   0.08474374]
 [209.           0.2138       0.08479799]
 [210.           0.22180001   0.09035043]
 [211.           0.2108       0.08347874]
 [212.           0.2224       0.09127869]
 [213.           0.21139999   0.08311318]
 [214.           0.21900001   0.08917119]
 [215.           0.21399999   0.08443045]
 [216.           0.21560001   0.08671678]
 [217.           0.2184       0.0884579 ]
 [218.           0.21360002   0.0846599 ]
 [219.           0.2204       0.09042842]
 [220.           0.2126       0.0827333 ]
 [221.           0.2178       0.08785044]
 [222.           0.21399999   0.08393747]
 [223.           0.216        0.08678421]
 [224.           0.21500002   0.0848587 ]
 [225.           0.21440001   0.08372156]
 [226.           0.21599999   0.08626992]
 [227.           0.21280001   0.08156102]
 [228.           0.2142       0.08509231]
 [229.           0.21280001   0.08159473]
 [230.           0.21360002   0.08411777]
 [231.           0.2108       0.08014799]
 [232.           0.21280001   0.08326884]
 [233.           0.2122       0.08181809]
 [234.           0.21100001   0.08055123]
 [235.           0.2132       0.08302529]
 [236.           0.20960002   0.07847165]
 [237.           0.2146       0.08400476]
 [238.           0.20780002   0.07758349]
 [239.           0.2136       0.0837544 ]
 [240.           0.2066       0.076304  ]
 [241.           0.2134       0.08199878]
 [242.           0.20840001   0.07883717]
 [243.           0.2108       0.07961909]
 [244.           0.21400002   0.08347455]
 [245.           0.206        0.07631186]
 [246.           0.21599999   0.08520564]
 [247.           0.2052       0.07389655]
 [248.           0.21640001   0.08500765]
 [249.           0.20679998   0.0767118 ]
 [250.           0.21299998   0.0815322 ]
 [251.           0.21100001   0.08094133]
 [252.           0.2088       0.07649967]
 [253.           0.2158       0.08314265]
 [254.           0.20680001   0.07660744]
 [255.           0.2174       0.08284503]
 [256.           0.2088       0.08065792]
 [257.           0.21700001   0.08344759]
 [258.           0.2102       0.08138612]
 [259.           0.2106       0.07802115]
 [260.           0.2132       0.08097345]
 [261.           0.20740001   0.07524493]
 [262.           0.21880002   0.08298916]
 [263.           0.20799999   0.07788774]
 [264.           0.22000001   0.08580209]
 [265.           0.21299998   0.08245301]
 [266.           0.2106       0.07923573]
 [267.           0.21700001   0.08368094]
 [268.           0.2072       0.07494465]
 [269.           0.2196       0.08649451]
 [270.           0.2074       0.07434581]
 [271.           0.21440001   0.08304998]
 [272.           0.2148       0.08017606]
 [273.           0.21139999   0.07841747]
 [274.           0.22080003   0.08686022]
 [275.           0.20820001   0.07551622]
 [276.           0.2178       0.08521855]
 [277.           0.2098       0.07631645]
 [278.           0.2124       0.08122069]
 [279.           0.2132       0.08022904]
 [280.           0.212        0.07957073]
 [281.           0.21300001   0.07974648]
 [282.           0.21280003   0.0795437 ]
 [283.           0.2134       0.07975776]
 [284.           0.2112       0.07721204]
 [285.           0.2138       0.08108145]
 [286.           0.2112       0.07712782]
 [287.           0.2126       0.08050652]
 [288.           0.20960002   0.07651667]
 [289.           0.2138       0.08060211]
 [290.           0.2126       0.07703116]
 [291.           0.21100001   0.07783958]
 [292.           0.21660002   0.08081646]
 [293.           0.21         0.07634462]
 [294.           0.21519999   0.08013552]
 [295.           0.2108       0.07635902]
 [296.           0.2158       0.08044378]
 [297.           0.2134       0.07750031]
 [298.           0.212        0.0779423 ]
 [299.           0.2178       0.08236626]
 [300.           0.20840001   0.07450369]
 [301.           0.21900001   0.08359127]
 [302.           0.21         0.07528945]
 [303.           0.21460001   0.08249728]
 [304.           0.21540001   0.07819079]
 [305.           0.21160002   0.07997062]
 [306.           0.21820001   0.08061451]
 [307.           0.2098       0.07737377]
 [308.           0.2192       0.08307647]
 [309.           0.2096       0.0761597 ]
 [310.           0.2174       0.08276352]
 [311.           0.2126       0.07708307]
 [312.           0.21620002   0.0813431 ]
 [313.           0.21440001   0.07889424]
 [314.           0.21519999   0.08033492]
 [315.           0.2138       0.08164375]
 [316.           0.21660002   0.07795703]
 [317.           0.21360002   0.08313423]
 [318.           0.22020002   0.07851242]
 [319.           0.2132       0.08468588]
 [320.           0.22160001   0.0788245 ]
 [321.           0.21280001   0.08233286]
 [322.           0.21859999   0.08016421]
 [323.           0.2192       0.08073228]
 [324.           0.2134       0.08259722]
 [325.           0.22500001   0.07982168]
 [326.           0.21140002   0.08560549]
 [327.           0.2246       0.07795705]
 [328.           0.21519999   0.08605347]
 [329.           0.21399999   0.07684726]
 [330.           0.22220002   0.08284141]
 [331.           0.2134       0.08432852]
 [332.           0.22259998   0.07775152]
 [333.           0.22000001   0.08710053]
 [334.           0.21360002   0.07720947]
 [335.           0.22839999   0.08860192]
 [336.           0.21160002   0.07845253]
 [337.           0.227        0.08610459]
 [338.           0.2184       0.08287521]
 [339.           0.2162       0.08216569]
 [340.           0.22480002   0.08682281]
 [341.           0.21599999   0.0830873 ]
 [342.           0.221        0.08583996]
 [343.           0.2204       0.08280278]
 [344.           0.2168       0.0872336 ]
 [345.           0.2254       0.08361997]
 [346.           0.2196       0.08648873]
 [347.           0.2218       0.08194327]
 [348.           0.22379999   0.08581201]
 [349.           0.2198       0.08278707]
 [350.           0.22360002   0.08370962]
 [351.           0.22140001   0.08629195]
 [352.           0.221        0.08016858]
 [353.           0.2244       0.08704481]
 [354.           0.2194       0.08072051]
 [355.           0.226        0.08597384]
 [356.           0.2194       0.08315527]
 [357.           0.22420001   0.08226603]
 [358.           0.22220002   0.08583532]
 [359.           0.2234       0.08137752]
 [360.           0.22360002   0.08726283]
 [361.           0.222        0.08070316]
 [362.           0.2242       0.085107  ]
 [363.           0.221        0.08020287]
 [364.           0.2254       0.08585919]
 [365.           0.22019999   0.07918775]
 [366.           0.226        0.08508819]
 [367.           0.22140001   0.08069263]
 [368.           0.227        0.08286133]
 [369.           0.22220002   0.0835835 ]
 [370.           0.2256       0.08053447]
 [371.           0.2218       0.0863435 ]
 [372.           0.2234       0.07645456]
 [373.           0.2234       0.08704195]
 [374.           0.2232       0.0729911 ]
 [375.           0.22340003   0.0871969 ]
 [376.           0.2232       0.07527416]
 [377.           0.22360002   0.08219976]
 [378.           0.2258       0.08365225]
 [379.           0.2206       0.0786435 ]
 [380.           0.2264       0.08656673]
 [381.           0.2198       0.07360503]
 [382.           0.22540002   0.08381408]
 [383.           0.22360002   0.07472818]
 [384.           0.2224       0.08268192]
 [385.           0.2306       0.07954118]
 [386.           0.21700001   0.0779487 ]
 [387.           0.23379998   0.0831246 ]
 [388.           0.2198       0.07707269]
 [389.           0.23040001   0.08399583]
 [390.           0.22280002   0.07514785]
 [391.           0.22420001   0.08411718]
 [392.           0.22940002   0.07564258]
 [393.           0.22120002   0.08300421]
 [394.           0.2306       0.07987052]
 [395.           0.2234       0.07828346]
 [396.           0.23000002   0.08413977]
 [397.           0.2244       0.07618596]
 [398.           0.2282       0.08556694]
 [399.           0.2264       0.07752613]
 [400.           0.22620001   0.08372395]]
Dataset       :Computers
Model         :Cheby
Conden ratio  :1.0
GC            :4
LearnA        :0
Max Test Accuracy:
0.379
Best Result: Epoch   Acc  Std.
               387 0.2338  0.0831
