Set seed
Model SGC
--------------------------------------------------
The 1th iteration:
--------------------------------------------------
--------------------------------------------------
The 2th iteration:
--------------------------------------------------
--------------------------------------------------
The 3th iteration:
--------------------------------------------------
--------------------------------------------------
The 4th iteration:
--------------------------------------------------
--------------------------------------------------
The 5th iteration:
--------------------------------------------------
[[  1.           0.1256       0.03473902]
 [  2.           0.1046       0.04918638]
 [  3.           0.0938       0.02565541]
 [  4.           0.0996       0.00260768]
 [  5.           0.1322       0.04699149]
 [  6.           0.14420001   0.05483338]
 [  7.           0.17300001   0.06598485]
 [  8.           0.19600001   0.07802564]
 [  9.           0.18800001   0.05144901]
 [ 10.           0.17260002   0.06089581]
 [ 11.           0.18120001   0.081029  ]
 [ 12.           0.1824       0.09921591]
 [ 13.           0.17220001   0.06289038]
 [ 14.           0.16340001   0.04305578]
 [ 15.           0.17099999   0.03228777]
 [ 16.           0.1874       0.02681977]
 [ 17.           0.20079999   0.03323703]
 [ 18.           0.21360002   0.04356374]
 [ 19.           0.2242       0.04146323]
 [ 20.           0.23040001   0.04278785]
 [ 21.           0.235        0.05547072]
 [ 22.           0.2484       0.09652616]
 [ 23.           0.2552       0.11058119]
 [ 24.           0.2586       0.11141499]
 [ 25.           0.25480002   0.08785613]
 [ 26.           0.253        0.06734241]
 [ 27.           0.2616       0.05496635]
 [ 28.           0.27040002   0.05123768]
 [ 29.           0.2764       0.05162654]
 [ 30.           0.281        0.05285358]
 [ 31.           0.285        0.06118415]
 [ 32.           0.2888       0.0692221 ]
 [ 33.           0.294        0.07241892]
 [ 34.           0.30020002   0.07429468]
 [ 35.           0.3096       0.07354114]
 [ 36.           0.31500003   0.07168334]
 [ 37.           0.31820002   0.06840468]
 [ 38.           0.32060003   0.06350826]
 [ 39.           0.32020003   0.06209429]
 [ 40.           0.3204       0.0603349 ]
 [ 41.           0.32020003   0.05998083]
 [ 42.           0.3234       0.06023538]
 [ 43.           0.3276       0.05630985]
 [ 44.           0.3346       0.05617206]
 [ 45.           0.34         0.0583138 ]
 [ 46.           0.345        0.0595357 ]
 [ 47.           0.3436       0.05771741]
 [ 48.           0.344        0.056     ]
 [ 49.           0.34399998   0.0552811 ]
 [ 50.           0.34440002   0.05362183]
 [ 51.           0.3454       0.05527477]
 [ 52.           0.3488       0.0563977 ]
 [ 53.           0.3516       0.06066548]
 [ 54.           0.354        0.06372989]
 [ 55.           0.3558       0.06575105]
 [ 56.           0.35639998   0.06727035]
 [ 57.           0.3564       0.06663558]
 [ 58.           0.35639998   0.06545838]
 [ 59.           0.35520002   0.06607344]
 [ 60.           0.3548       0.06739956]
 [ 61.           0.3568       0.06989779]
 [ 62.           0.35820004   0.07304588]
 [ 63.           0.35840002   0.07449362]
 [ 64.           0.3574       0.07580435]
 [ 65.           0.3582       0.07744159]
 [ 66.           0.3582       0.07701104]
 [ 67.           0.35700002   0.07611505]
 [ 68.           0.3544       0.07617611]
 [ 69.           0.35340002   0.07914102]
 [ 70.           0.3522       0.08046241]
 [ 71.           0.3516       0.08102345]
 [ 72.           0.35         0.08176796]
 [ 73.           0.3494       0.08300783]
 [ 74.           0.34960005   0.08369468]
 [ 75.           0.3486       0.08549152]
 [ 76.           0.3478       0.08512168]
 [ 77.           0.34640002   0.08541838]
 [ 78.           0.34440002   0.08486931]
 [ 79.           0.3434       0.08473665]
 [ 80.           0.3426       0.08470715]
 [ 81.           0.342        0.08421401]
 [ 82.           0.3412       0.08548801]
 [ 83.           0.34120002   0.08540901]
 [ 84.           0.341        0.08567088]
 [ 85.           0.3404       0.08592322]
 [ 86.           0.34         0.08586326]
 [ 87.           0.3392       0.08596046]
 [ 88.           0.3386       0.08566388]
 [ 89.           0.3386       0.08632092]
 [ 90.           0.3378       0.08613768]
 [ 91.           0.3382       0.08508055]
 [ 92.           0.3376       0.08461856]
 [ 93.           0.33660004   0.08589121]
 [ 94.           0.33699998   0.08757854]
 [ 95.           0.33600003   0.08740995]
 [ 96.           0.3356       0.08695574]
 [ 97.           0.335        0.08632787]
 [ 98.           0.335        0.08617134]
 [ 99.           0.3352       0.08599826]
 [100.           0.3348       0.08605929]
 [101.           0.3342       0.08578286]
 [102.           0.33400002   0.08619165]
 [103.           0.3336       0.0867139 ]
 [104.           0.3334       0.08601627]
 [105.           0.3328       0.0853856 ]
 [106.           0.3336       0.0847278 ]
 [107.           0.33220002   0.08365823]
 [108.           0.3326       0.08521327]
 [109.           0.3316       0.08476024]
 [110.           0.33020002   0.08327785]
 [111.           0.33         0.08312941]
 [112.           0.33020002   0.08246028]
 [113.           0.32940003   0.08146656]
 [114.           0.3292       0.0816713 ]
 [115.           0.3294       0.08051895]
 [116.           0.32979998   0.08046241]
 [117.           0.3296       0.08002999]
 [118.           0.33020002   0.08029758]
 [119.           0.33020002   0.07990119]
 [120.           0.331        0.07870832]
 [121.           0.3316       0.07834412]
 [122.           0.3314       0.07840154]
 [123.           0.33220002   0.07805255]
 [124.           0.33220002   0.07830517]
 [125.           0.33240002   0.07789609]
 [126.           0.3328       0.07880165]
 [127.           0.33259997   0.07851942]
 [128.           0.33220002   0.07766403]
 [129.           0.33179998   0.07779267]
 [130.           0.3316       0.07744223]
 [131.           0.33179998   0.07843278]
 [132.           0.33179998   0.07843278]
 [133.           0.3316       0.07857036]
 [134.           0.32979998   0.07822212]
 [135.           0.3298       0.07802372]
 [136.           0.3306       0.07814921]
 [137.           0.329        0.07767882]
 [138.           0.32940003   0.07706685]
 [139.           0.32880002   0.07650947]
 [140.           0.329        0.07642642]
 [141.           0.3282       0.07522766]
 [142.           0.3282       0.07504132]
 [143.           0.3288       0.07542347]
 [144.           0.3288       0.07542347]
 [145.           0.329        0.07572979]
 [146.           0.3292       0.07563531]
 [147.           0.32940003   0.07582083]
 [148.           0.329        0.07594735]
 [149.           0.3282       0.07506464]
 [150.           0.3268       0.07362539]
 [151.           0.32600003   0.07364441]
 [152.           0.32580003   0.07288142]
 [153.           0.32599998   0.07300001]
 [154.           0.3258       0.07310746]
 [155.           0.3244       0.07340845]
 [156.           0.3228       0.07263745]
 [157.           0.3226       0.07226549]
 [158.           0.3224       0.07127623]
 [159.           0.323        0.07177395]
 [160.           0.3234       0.07201945]
 [161.           0.324        0.07178092]
 [162.           0.3238       0.07152063]
 [163.           0.3246       0.07201944]
 [164.           0.3244       0.07251414]
 [165.           0.3238       0.07292256]
 [166.           0.323        0.07305136]
 [167.           0.323        0.07367156]
 [168.           0.322        0.0735663 ]
 [169.           0.3218       0.07378483]
 [170.           0.32160002   0.07308421]
 [171.           0.3222       0.07473085]
 [172.           0.3224       0.07497866]
 [173.           0.3226       0.07535449]
 [174.           0.3224       0.07576478]
 [175.           0.3224       0.07581756]
 [176.           0.322        0.07560422]
 [177.           0.3218       0.07522766]
 [178.           0.3218       0.07535715]
 [179.           0.32259998   0.07577466]
 [180.           0.322        0.07628565]
 [181.           0.32220003   0.07624763]
 [182.           0.322        0.0764199 ]
 [183.           0.32119998   0.07594209]
 [184.           0.321        0.07542546]
 [185.           0.3208       0.07531068]
 [186.           0.32020003   0.07478436]
 [187.           0.32000002   0.07495663]
 [188.           0.32000002   0.07504332]
 [189.           0.3198       0.07528413]
 [190.           0.32000002   0.07511325]
 [191.           0.3194       0.0747984 ]
 [192.           0.319        0.07375296]
 [193.           0.3186       0.07356834]
 [194.           0.3184       0.07300548]
 [195.           0.3182       0.07291914]
 [196.           0.3186       0.07267255]
 [197.           0.31780002   0.07222673]
 [198.           0.31780002   0.07222673]
 [199.           0.31780002   0.07160448]
 [200.           0.31780002   0.07160448]
 [201.           0.317        0.07065409]
 [202.           0.317        0.07040242]
 [203.           0.3172       0.06999072]
 [204.           0.3176       0.06895869]
 [205.           0.3176       0.06926976]
 [206.           0.3176       0.06959023]
 [207.           0.31780002   0.06998713]
 [208.           0.3174       0.06951834]
 [209.           0.3176       0.06935633]
 [210.           0.3172       0.06960747]
 [211.           0.3174       0.0696764 ]
 [212.           0.3172       0.06960747]
 [213.           0.31660002   0.06929862]
 [214.           0.3166       0.06874444]
 [215.           0.3168       0.0685908 ]
 [216.           0.31620002   0.06806394]
 [217.           0.316        0.06766461]
 [218.           0.31599998   0.06753887]
 [219.           0.3156       0.06653044]
 [220.           0.31520003   0.06653721]
 [221.           0.31500003   0.06648308]
 [222.           0.31500003   0.06648308]
 [223.           0.315        0.06637017]
 [224.           0.3148       0.06726591]
 [225.           0.3148       0.06707607]
 [226.           0.3154       0.06684535]
 [227.           0.3152       0.06679971]
 [228.           0.3152       0.06726589]
 [229.           0.3152       0.06773626]
 [230.           0.3152       0.06773626]
 [231.           0.315        0.06744997]
 [232.           0.3148       0.06704626]
 [233.           0.3156       0.0686644 ]
 [234.           0.3152       0.06785426]
 [235.           0.31500003   0.06792276]
 [236.           0.3152       0.06832789]
 [237.           0.3154       0.06820044]
 [238.           0.3156       0.06860612]
 [239.           0.3156       0.06860612]
 [240.           0.316        0.06941902]
 [241.           0.316        0.06925678]
 [242.           0.31599998   0.06978898]
 [243.           0.3154       0.06922282]
 [244.           0.3154       0.06922282]
 [245.           0.31599998   0.06978898]
 [246.           0.3158       0.06975458]
 [247.           0.3156       0.06919032]
 [248.           0.3158       0.0696003 ]
 [249.           0.3158       0.0696003 ]
 [250.           0.3158       0.06894345]
 [251.           0.3158       0.06894345]
 [252.           0.316        0.06935416]
 [253.           0.3158       0.06894345]
 [254.           0.3156       0.06787709]
 [255.           0.31620002   0.06911007]
 [256.           0.31640002   0.06937435]
 [257.           0.3168       0.06994069]
 [258.           0.3168       0.06994069]
 [259.           0.3168       0.06994069]
 [260.           0.3168       0.06994069]
 [261.           0.3166       0.06992353]
 [262.           0.31640002   0.07016267]
 [263.           0.3166       0.07057833]
 [264.           0.3162       0.0706378 ]
 [265.           0.3162       0.0706378 ]
 [266.           0.3156       0.07077993]
 [267.           0.31539997   0.07086112]
 [268.           0.3154       0.07136386]
 [269.           0.31500003   0.07093307]
 [270.           0.31500003   0.07093307]
 [271.           0.3146       0.07009494]
 [272.           0.31440002   0.07020898]
 [273.           0.3148       0.06998358]
 [274.           0.3146       0.06956507]
 [275.           0.3146       0.06956507]
 [276.           0.3146       0.06906374]
 [277.           0.3148       0.06907749]
 [278.           0.3152       0.06886   ]
 [279.           0.31480002   0.06918598]
 [280.           0.31480002   0.06918598]
 [281.           0.31480002   0.06918598]
 [282.           0.31480002   0.06918598]
 [283.           0.3146       0.06917225]
 [284.           0.3146       0.06917225]
 [285.           0.3148       0.06907026]
 [286.           0.31500003   0.06897102]
 [287.           0.315        0.06846897]
 [288.           0.315        0.06846897]
 [289.           0.3148       0.06805293]
 [290.           0.3146       0.06747814]
 [291.           0.31399998   0.06713792]
 [292.           0.31399998   0.06663334]
 [293.           0.3136       0.0663046 ]
 [294.           0.3134       0.06588855]
 [295.           0.3124       0.06522501]
 [296.           0.3122       0.06511298]
 [297.           0.3126       0.06494074]
 [298.           0.3126       0.06484444]
 [299.           0.3122       0.06442592]
 [300.           0.3124       0.06434516]
 [301.           0.3122       0.06434827]
 [302.           0.312        0.06435448]
 [303.           0.3118       0.06443368]
 [304.           0.3118       0.06443368]
 [305.           0.31140003   0.0638694 ]
 [306.           0.311        0.06396093]
 [307.           0.311        0.06396093]
 [308.           0.311        0.06345865]
 [309.           0.31080002   0.06347203]
 [310.           0.31080002   0.06347203]
 [311.           0.31100002   0.06361211]
 [312.           0.31100002   0.06361211]
 [313.           0.31080002   0.06369224]
 [314.           0.31100002   0.06360818]
 [315.           0.3108       0.06362154]
 [316.           0.3108       0.06362154]
 [317.           0.31080002   0.06355864]
 [318.           0.31080002   0.06355864]
 [319.           0.3106       0.06380282]
 [320.           0.3104       0.06388114]
 [321.           0.31020004   0.06396249]
 [322.           0.3098       0.06412644]
 [323.           0.31000003   0.06404296]
 [324.           0.31000003   0.06404296]
 [325.           0.31000003   0.06404296]
 [326.           0.31000003   0.06404296]
 [327.           0.31000003   0.06404296]
 [328.           0.3098       0.06428609]
 [329.           0.3098       0.06428609]
 [330.           0.3102       0.0646274 ]
 [331.           0.3104       0.06504845]
 [332.           0.3106       0.06490993]
 [333.           0.3108       0.06483594]
 [334.           0.3106       0.06485984]
 [335.           0.3106       0.06485984]
 [336.           0.3106       0.06485984]
 [337.           0.3106       0.06485984]
 [338.           0.3106       0.06485984]
 [339.           0.3106       0.06436847]
 [340.           0.3106       0.06436847]
 [341.           0.31100002   0.06472248]
 [342.           0.31100002   0.06472248]
 [343.           0.31100002   0.06472248]
 [344.           0.3112       0.06465833]
 [345.           0.3112       0.06465833]
 [346.           0.31100002   0.06472248]
 [347.           0.3114       0.0645972 ]
 [348.           0.3114       0.0645972 ]
 [349.           0.3114       0.0645972 ]
 [350.           0.3112       0.06465833]
 [351.           0.3114       0.0645972 ]
 [352.           0.3114       0.0645972 ]
 [353.           0.3114       0.0645972 ]
 [354.           0.3114       0.0645972 ]
 [355.           0.3112       0.0641771 ]
 [356.           0.3112       0.0641771 ]
 [357.           0.311        0.06423784]
 [358.           0.311        0.06423784]
 [359.           0.311        0.06423784]
 [360.           0.311        0.06423784]
 [361.           0.31080002   0.06426663]
 [362.           0.31080002   0.06426663]
 [363.           0.31080002   0.06426663]
 [364.           0.31080002   0.06426663]
 [365.           0.311        0.06401952]
 [366.           0.311        0.06401952]
 [367.           0.3112       0.06398985]
 [368.           0.3112       0.06398985]
 [369.           0.3112       0.06398985]
 [370.           0.3112       0.06398985]
 [371.           0.3112       0.06398985]
 [372.           0.3114       0.06374402]
 [373.           0.3116       0.0635004 ]
 [374.           0.3116       0.0635004 ]
 [375.           0.3116       0.0635004 ]
 [376.           0.3118       0.06347204]
 [377.           0.3118       0.06347204]
 [378.           0.3118       0.06347204]
 [379.           0.3118       0.06347204]
 [380.           0.3118       0.06347204]
 [381.           0.312        0.06322974]
 [382.           0.312        0.06322974]
 [383.           0.312        0.06322974]
 [384.           0.3124       0.06258833]
 [385.           0.3124       0.06258833]
 [386.           0.3126       0.06235624]
 [387.           0.3124       0.06192981]
 [388.           0.3126       0.06169927]
 [389.           0.31280002   0.06134086]
 [390.           0.31280002   0.06134086]
 [391.           0.3126       0.06091224]
 [392.           0.3126       0.06091224]
 [393.           0.31239998   0.06094505]
 [394.           0.31239998   0.06094505]
 [395.           0.31239998   0.06094505]
 [396.           0.31239998   0.06094505]
 [397.           0.31239998   0.06094505]
 [398.           0.31239998   0.06094505]
 [399.           0.3122       0.06098114]
 [400.           0.3122       0.06098114]]
Dataset       :Computers
Model         :SGC
Conden ratio  :1.0
GC            :1
LearnA        :0
Max Test Accuracy:
0.458
Best Result: Epoch   Acc  Std.
               63 0.3584  0.0745
