Set seed
Model GCN
--------------------------------------------------
The 1th iteration:
--------------------------------------------------
--------------------------------------------------
The 2th iteration:
--------------------------------------------------
--------------------------------------------------
The 3th iteration:
--------------------------------------------------
--------------------------------------------------
The 4th iteration:
--------------------------------------------------
--------------------------------------------------
The 5th iteration:
--------------------------------------------------
[[  1.           0.0992       0.00558569]
 [  2.           0.105        0.01070046]
 [  3.           0.12060001   0.04222913]
 [  4.           0.138        0.05031401]
 [  5.           0.1008       0.00083666]
 [  6.           0.1008       0.00083666]
 [  7.           0.1008       0.00083666]
 [  8.           0.10160001   0.00054772]
 [  9.           0.1204       0.04282289]
 [ 10.           0.1018       0.00083666]
 [ 11.           0.1036       0.00472229]
 [ 12.           0.10420001   0.0066106 ]
 [ 13.           0.1084       0.01600937]
 [ 14.           0.11180001   0.02417023]
 [ 15.           0.114        0.0296395 ]
 [ 16.           0.12479999   0.0325223 ]
 [ 17.           0.12539999   0.03452246]
 [ 18.           0.14140001   0.04076518]
 [ 19.           0.14119999   0.04109988]
 [ 20.           0.13880001   0.04417805]
 [ 21.           0.13780001   0.04518518]
 [ 22.           0.135        0.04567822]
 [ 23.           0.1274       0.03702432]
 [ 24.           0.12219999   0.03795655]
 [ 25.           0.1296       0.0495207 ]
 [ 26.           0.14500001   0.06902897]
 [ 27.           0.15840001   0.07274132]
 [ 28.           0.1756       0.07131129]
 [ 29.           0.192        0.06421448]
 [ 30.           0.1996       0.06002333]
 [ 31.           0.206        0.0594853 ]
 [ 32.           0.2256       0.05965568]
 [ 33.           0.22480002   0.04241109]
 [ 34.           0.222        0.02838133]
 [ 35.           0.22459999   0.02884962]
 [ 36.           0.2318       0.0335738 ]
 [ 37.           0.23220001   0.0404005 ]
 [ 38.           0.2204       0.06606285]
 [ 39.           0.21399999   0.07342344]
 [ 40.           0.2126       0.07447685]
 [ 41.           0.2084       0.0704294 ]
 [ 42.           0.20640002   0.06865712]
 [ 43.           0.2016       0.06550419]
 [ 44.           0.1982       0.06415372]
 [ 45.           0.2004       0.0582134 ]
 [ 46.           0.2206       0.03455142]
 [ 47.           0.2422       0.04240519]
 [ 48.           0.26040003   0.06013568]
 [ 49.           0.26620004   0.0666123 ]
 [ 50.           0.2684       0.0697302 ]
 [ 51.           0.2694       0.07351395]
 [ 52.           0.2732       0.07774767]
 [ 53.           0.2688       0.07338732]
 [ 54.           0.258        0.06218118]
 [ 55.           0.2484       0.05045097]
 [ 56.           0.246        0.04628715]
 [ 57.           0.24800001   0.04739726]
 [ 58.           0.252        0.04316827]
 [ 59.           0.253        0.04188079]
 [ 60.           0.2534       0.03979069]
 [ 61.           0.257        0.03854866]
 [ 62.           0.26160002   0.03724648]
 [ 63.           0.261        0.0288184 ]
 [ 64.           0.2586       0.03697027]
 [ 65.           0.2612       0.04544997]
 [ 66.           0.2664       0.04969206]
 [ 67.           0.27040002   0.05180057]
 [ 68.           0.2754       0.05147136]
 [ 69.           0.28019997   0.05484705]
 [ 70.           0.28280002   0.05703683]
 [ 71.           0.284        0.05861314]
 [ 72.           0.2886       0.05904913]
 [ 73.           0.2902       0.05713756]
 [ 74.           0.2876       0.0568621 ]
 [ 75.           0.2842       0.0558095 ]
 [ 76.           0.28140002   0.05214691]
 [ 77.           0.2778       0.05003698]
 [ 78.           0.277        0.05038353]
 [ 79.           0.2782       0.05187196]
 [ 80.           0.2808       0.05500182]
 [ 81.           0.28340003   0.05689289]
 [ 82.           0.2854       0.05966406]
 [ 83.           0.2912       0.06255557]
 [ 84.           0.295        0.06539113]
 [ 85.           0.3          0.06640031]
 [ 86.           0.3032       0.06727333]
 [ 87.           0.3          0.06777906]
 [ 88.           0.298        0.06909415]
 [ 89.           0.2968       0.06962185]
 [ 90.           0.2964       0.06940677]
 [ 91.           0.298        0.06915925]
 [ 92.           0.30020002   0.06971874]
 [ 93.           0.30100003   0.06718259]
 [ 94.           0.3028       0.06754406]
 [ 95.           0.3018       0.06685582]
 [ 96.           0.2998       0.06647707]
 [ 97.           0.2966       0.06547365]
 [ 98.           0.294        0.0631981 ]
 [ 99.           0.2944       0.06326769]
 [100.           0.2966       0.06390071]
 [101.           0.3008       0.06517055]
 [102.           0.3056       0.0675818 ]
 [103.           0.3094       0.07031215]
 [104.           0.31100002   0.07158561]
 [105.           0.3112       0.07228553]
 [106.           0.31280002   0.07337711]
 [107.           0.3134       0.07364985]
 [108.           0.3122       0.07278529]
 [109.           0.30920002   0.07071562]
 [110.           0.3026       0.06953632]
 [111.           0.3026       0.06409211]
 [112.           0.30580002   0.0584611 ]
 [113.           0.3128       0.04919044]
 [114.           0.321        0.0411643 ]
 [115.           0.32540002   0.04640367]
 [116.           0.32520002   0.05029613]
 [117.           0.3252       0.05216511]
 [118.           0.3236       0.05564441]
 [119.           0.322        0.0570307 ]
 [120.           0.32220003   0.05594373]
 [121.           0.3244       0.05190667]
 [122.           0.32860002   0.04417352]
 [123.           0.3256       0.04499778]
 [124.           0.324        0.04813002]
 [125.           0.3282       0.04519624]
 [126.           0.3314       0.04749526]
 [127.           0.33200002   0.0490306 ]
 [128.           0.33339998   0.04853143]
 [129.           0.3352       0.04596412]
 [130.           0.33740002   0.04099147]
 [131.           0.3398       0.03889344]
 [132.           0.34260002   0.03382012]
 [133.           0.3446       0.03023738]
 [134.           0.3472       0.02534164]
 [135.           0.3526       0.01604055]
 [136.           0.3544       0.01530688]
 [137.           0.3538       0.01676901]
 [138.           0.35279998   0.02234278]
 [139.           0.35520002   0.01814386]
 [140.           0.3546       0.02080384]
 [141.           0.35180002   0.02637612]
 [142.           0.35300002   0.02852191]
 [143.           0.35320002   0.03011147]
 [144.           0.35300002   0.03277194]
 [145.           0.35220003   0.03651301]
 [146.           0.3498       0.03812086]
 [147.           0.34759998   0.03963963]
 [148.           0.34460002   0.0436039 ]
 [149.           0.3434       0.04570886]
 [150.           0.34300002   0.04500556]
 [151.           0.3454       0.0393802 ]
 [152.           0.3484       0.03119775]
 [153.           0.34980002   0.02717903]
 [154.           0.35380003   0.02007984]
 [155.           0.3556       0.02047682]
 [156.           0.36479998   0.0237002 ]
 [157.           0.3692       0.02790521]
 [158.           0.373        0.02667395]
 [159.           0.37240002   0.03228466]
 [160.           0.3704       0.03756727]
 [161.           0.36960003   0.04382123]
 [162.           0.37         0.04392608]
 [163.           0.37240002   0.03742058]
 [164.           0.37600002   0.02986636]
 [165.           0.37960002   0.01357571]
 [166.           0.375        0.00774597]
 [167.           0.37420002   0.00925743]
 [168.           0.37719998   0.01138859]
 [169.           0.37939999   0.01059717]
 [170.           0.37939999   0.00820366]
 [171.           0.3804       0.01173883]
 [172.           0.38180003   0.01472074]
 [173.           0.3828       0.01930545]
 [174.           0.3804       0.02080385]
 [175.           0.37400004   0.02473864]
 [176.           0.3678       0.02355207]
 [177.           0.36560002   0.02910842]
 [178.           0.37         0.03454708]
 [179.           0.3742       0.04233438]
 [180.           0.378        0.04583666]
 [181.           0.381        0.05092642]
 [182.           0.3834       0.05224269]
 [183.           0.3846       0.04710413]
 [184.           0.38700002   0.04332436]
 [185.           0.3874       0.04247706]
 [186.           0.3866       0.04115579]
 [187.           0.3844       0.0435867 ]
 [188.           0.38580003   0.04340161]
 [189.           0.3856       0.03918291]
 [190.           0.3852       0.03414967]
 [191.           0.387        0.0394208 ]
 [192.           0.3908       0.04604564]
 [193.           0.3984       0.04263565]
 [194.           0.40059996   0.04314278]
 [195.           0.3996       0.04667226]
 [196.           0.39859998   0.04731596]
 [197.           0.3978       0.04749946]
 [198.           0.39699998   0.0444466 ]
 [199.           0.4          0.04431139]
 [200.           0.40120003   0.04457803]
 [201.           0.4042       0.04357982]
 [202.           0.4068       0.04080686]
 [203.           0.4066       0.04064849]
 [204.           0.40120003   0.04003373]
 [205.           0.39659998   0.03886258]
 [206.           0.3928       0.03692831]
 [207.           0.3876       0.03985347]
 [208.           0.383        0.03618011]
 [209.           0.3878       0.03864842]
 [210.           0.39260003   0.03875951]
 [211.           0.3962       0.04148133]
 [212.           0.3984       0.04475265]
 [213.           0.39900002   0.04279019]
 [214.           0.4008       0.04235208]
 [215.           0.4014       0.04010986]
 [216.           0.4058       0.04386001]
 [217.           0.41260004   0.04935889]
 [218.           0.41899997   0.05658619]
 [219.           0.42460003   0.05745258]
 [220.           0.4268       0.0588787 ]
 [221.           0.4292       0.05718566]
 [222.           0.4296       0.05698509]
 [223.           0.42679998   0.05276078]
 [224.           0.422        0.04920875]
 [225.           0.4172       0.0473202 ]
 [226.           0.41700003   0.04666905]
 [227.           0.41880003   0.04534534]
 [228.           0.41799998   0.0417253 ]
 [229.           0.4198       0.04230485]
 [230.           0.419        0.04454211]
 [231.           0.423        0.04349137]
 [232.           0.4224       0.041944  ]
 [233.           0.4224       0.04563222]
 [234.           0.42         0.0502444 ]
 [235.           0.4166       0.0514422 ]
 [236.           0.4148       0.05120254]
 [237.           0.41300002   0.05122012]
 [238.           0.41360003   0.05115467]
 [239.           0.41759998   0.0551117 ]
 [240.           0.4186       0.05542833]
 [241.           0.41740003   0.0541784 ]
 [242.           0.4176       0.05547341]
 [243.           0.4144       0.05088516]
 [244.           0.40840003   0.0439181 ]
 [245.           0.40260002   0.03562724]
 [246.           0.39780003   0.03153887]
 [247.           0.3968       0.03590543]
 [248.           0.3996       0.03810906]
 [249.           0.39999998   0.04069396]
 [250.           0.40240002   0.0403398 ]
 [251.           0.4054       0.03730014]
 [252.           0.4082       0.02774346]
 [253.           0.4104       0.02244548]
 [254.           0.40879998   0.02137053]
 [255.           0.40880004   0.02382645]
 [256.           0.4134       0.0253239 ]
 [257.           0.419        0.02870539]
 [258.           0.4216       0.03342604]
 [259.           0.42600003   0.03921096]
 [260.           0.4276       0.04159687]
 [261.           0.4302       0.03918163]
 [262.           0.429        0.03890373]
 [263.           0.42659998   0.03754731]
 [264.           0.42080003   0.03871951]
 [265.           0.4186       0.03582318]
 [266.           0.41700003   0.03327913]
 [267.           0.4154       0.03094027]
 [268.           0.41540003   0.03161962]
 [269.           0.41560003   0.03065616]
 [270.           0.41700003   0.02723051]
 [271.           0.421        0.02608641]
 [272.           0.4216       0.0258515 ]
 [273.           0.4238       0.02577207]
 [274.           0.4252       0.02879584]
 [275.           0.4258       0.03064637]
 [276.           0.4282       0.03449928]
 [277.           0.432        0.03559494]
 [278.           0.43460003   0.035557  ]
 [279.           0.43600002   0.03575612]
 [280.           0.4376       0.03628773]
 [281.           0.43860003   0.03703782]
 [282.           0.4336       0.03508276]
 [283.           0.4268       0.03220559]
 [284.           0.4244       0.02917705]
 [285.           0.4238       0.02976071]
 [286.           0.42360002   0.0323929 ]
 [287.           0.4248       0.03661557]
 [288.           0.42420003   0.04095975]
 [289.           0.4238       0.04670332]
 [290.           0.4234       0.04788318]
 [291.           0.4234       0.04814873]
 [292.           0.42159995   0.04715719]
 [293.           0.4234       0.04792494]
 [294.           0.42420003   0.04433621]
 [295.           0.4316       0.03812217]
 [296.           0.43780002   0.03594023]
 [297.           0.4416       0.03682797]
 [298.           0.4474       0.04190823]
 [299.           0.44860002   0.04419617]
 [300.           0.44440004   0.04468556]
 [301.           0.44000003   0.04229066]
 [302.           0.43420002   0.04203213]
 [303.           0.43080002   0.04229303]
 [304.           0.43140003   0.04268841]
 [305.           0.43260002   0.04052529]
 [306.           0.43500003   0.0370675 ]
 [307.           0.4354       0.0340485 ]
 [308.           0.4348       0.03282835]
 [309.           0.43420002   0.0312362 ]
 [310.           0.4334       0.0286845 ]
 [311.           0.431        0.02648585]
 [312.           0.42859998   0.02450103]
 [313.           0.42679998   0.02371076]
 [314.           0.42659998   0.02313655]
 [315.           0.42360002   0.02304994]
 [316.           0.423        0.0232379 ]
 [317.           0.425        0.02484955]
 [318.           0.42859998   0.02707952]
 [319.           0.4316       0.03066431]
 [320.           0.4368       0.03750601]
 [321.           0.43520004   0.03833015]
 [322.           0.43479997   0.03806179]
 [323.           0.4362       0.0423993 ]
 [324.           0.43459997   0.0434373 ]
 [325.           0.43319997   0.0423757 ]
 [326.           0.431        0.04326083]
 [327.           0.42880002   0.04336703]
 [328.           0.4262       0.04396249]
 [329.           0.425        0.04322614]
 [330.           0.4218       0.04410442]
 [331.           0.42019996   0.0442798 ]
 [332.           0.41840002   0.03875952]
 [333.           0.41879997   0.03758591]
 [334.           0.421        0.03293934]
 [335.           0.42360002   0.03089985]
 [336.           0.4284       0.03229242]
 [337.           0.435        0.03330916]
 [338.           0.43899998   0.03602083]
 [339.           0.445        0.04124924]
 [340.           0.445        0.04103047]
 [341.           0.44460002   0.03980955]
 [342.           0.44439998   0.0391446 ]
 [343.           0.44320002   0.03883556]
 [344.           0.4402       0.03938528]
 [345.           0.4398       0.03778492]
 [346.           0.44000003   0.03709447]
 [347.           0.4384       0.03566932]
 [348.           0.43520004   0.03304845]
 [349.           0.42980003   0.02998667]
 [350.           0.4244       0.02989649]
 [351.           0.4198       0.03176004]
 [352.           0.4172       0.02985298]
 [353.           0.41800004   0.02891366]
 [354.           0.421        0.03056141]
 [355.           0.4262       0.03473038]
 [356.           0.4302       0.03722499]
 [357.           0.4324       0.03697702]
 [358.           0.43859997   0.0382727 ]
 [359.           0.44160005   0.03859145]
 [360.           0.44180003   0.03923901]
 [361.           0.4398       0.03891272]
 [362.           0.44140002   0.03925302]
 [363.           0.4408       0.04086808]
 [364.           0.44259998   0.04151265]
 [365.           0.44180003   0.04148734]
 [366.           0.4398       0.04242287]
 [367.           0.4356       0.04285207]
 [368.           0.43319997   0.04277499]
 [369.           0.4296       0.04363829]
 [370.           0.42819998   0.04507992]
 [371.           0.42600003   0.04704785]
 [372.           0.42420003   0.04724087]
 [373.           0.4234       0.04787276]
 [374.           0.4226       0.04781527]
 [375.           0.4224       0.04690735]
 [376.           0.42200002   0.04223743]
 [377.           0.424        0.03755662]
 [378.           0.4272       0.03296514]
 [379.           0.43400002   0.03092733]
 [380.           0.43899998   0.03474191]
 [381.           0.4402       0.03723842]
 [382.           0.44239998   0.03957018]
 [383.           0.44439998   0.04134368]
 [384.           0.45100003   0.04715401]
 [385.           0.45240003   0.04775771]
 [386.           0.45299998   0.0462223 ]
 [387.           0.448        0.03795394]
 [388.           0.44520003   0.03473759]
 [389.           0.44300005   0.03430016]
 [390.           0.4406       0.03396027]
 [391.           0.43860003   0.03497571]
 [392.           0.43800002   0.03871047]
 [393.           0.43899998   0.04070627]
 [394.           0.43999997   0.04349712]
 [395.           0.43940002   0.04558837]
 [396.           0.4382       0.0424111 ]
 [397.           0.43720004   0.04142101]
 [398.           0.4356       0.04131344]
 [399.           0.4348       0.04086197]
 [400.           0.43459997   0.03935479]]
Dataset       :Computers
Model         :GCN
Conden ratio  :0.25
GC            :5
LearnA        :1
Max Test Accuracy:
0.515
Best Result: Epoch   Acc  Std.
               386 0.4530  0.0462
