Set seed
Model GAT
--------------------------------------------------
The 1th iteration:
--------------------------------------------------
--------------------------------------------------
The 2th iteration:
--------------------------------------------------
--------------------------------------------------
The 3th iteration:
--------------------------------------------------
--------------------------------------------------
The 4th iteration:
--------------------------------------------------
--------------------------------------------------
The 5th iteration:
--------------------------------------------------
[[  1.           0.101        0.00141421]
 [  2.           0.1368       0.04285673]
 [  3.           0.114        0.03186691]
 [  4.           0.1          0.00070711]
 [  5.           0.119        0.04248529]
 [  6.           0.1138       0.01981666]
 [  7.           0.1018       0.00460435]
 [  8.           0.09940001   0.00194936]
 [  9.           0.11619999   0.03735238]
 [ 10.           0.11540001   0.03387919]
 [ 11.           0.10020001   0.00178886]
 [ 12.           0.1152       0.03454996]
 [ 13.           0.102        0.00504975]
 [ 14.           0.1024       0.00482701]
 [ 15.           0.10039999   0.00089442]
 [ 16.           0.1002       0.00044721]
 [ 17.           0.112        0.02683281]
 [ 18.           0.10700001   0.01565248]
 [ 19.           0.12100001   0.04695743]
 [ 20.           0.1          0.        ]
 [ 21.           0.1182       0.04069644]
 [ 22.           0.12539999   0.05679612]
 [ 23.           0.12100001   0.04695743]
 [ 24.           0.13700001   0.08273451]
 [ 25.           0.1002       0.00044721]
 [ 26.           0.11000001   0.02236068]
 [ 27.           0.13759999   0.08407615]
 [ 28.           0.1196       0.04382693]
 [ 29.           0.1374       0.08362895]
 [ 30.           0.1156       0.03488266]
 [ 31.           0.1212       0.04740464]
 [ 32.           0.1374       0.08362895]
 [ 33.           0.1258       0.05769055]
 [ 34.           0.14479999   0.10017584]
 [ 35.           0.1368       0.0822873 ]
 [ 36.           0.12         0.04472136]
 [ 37.           0.13520001   0.07870959]
 [ 38.           0.138        0.08497058]
 [ 39.           0.1372       0.08318173]
 [ 40.           0.1372       0.08318173]
 [ 41.           0.1202       0.04516857]
 [ 42.           0.13880001   0.08675944]
 [ 43.           0.1436       0.09749256]
 [ 44.           0.134        0.07602631]
 [ 45.           0.139        0.08720665]
 [ 46.           0.1278       0.06216269]
 [ 47.           0.1326       0.07289582]
 [ 48.           0.1382       0.0854178 ]
 [ 49.           0.138        0.08497058]
 [ 50.           0.138        0.08497058]
 [ 51.           0.13         0.06708204]
 [ 52.           0.1282       0.06305712]
 [ 53.           0.13780001   0.08452337]
 [ 54.           0.1386       0.08631223]
 [ 55.           0.139        0.08720665]
 [ 56.           0.1356       0.07960402]
 [ 57.           0.1302       0.06752925]
 [ 58.           0.14039999   0.09033713]
 [ 59.           0.13939999   0.08810107]
 [ 60.           0.13759999   0.08407615]
 [ 61.           0.12719999   0.06082105]
 [ 62.           0.15519999   0.12343094]
 [ 63.           0.1472       0.10554241]
 [ 64.           0.138        0.08497058]
 [ 65.           0.1286       0.06395154]
 [ 66.           0.1558       0.12477259]
 [ 67.           0.141        0.09167878]
 [ 68.           0.1372       0.08318173]
 [ 69.           0.14140001   0.09257322]
 [ 70.           0.15519999   0.12343094]
 [ 71.           0.1386       0.08631223]
 [ 72.           0.1362       0.08094566]
 [ 73.           0.1444       0.09928142]
 [ 74.           0.15280001   0.11806439]
 [ 75.           0.1384       0.08586501]
 [ 76.           0.13700001   0.08273451]
 [ 77.           0.13759999   0.08407615]
 [ 78.           0.15460001   0.12208931]
 [ 79.           0.1536       0.11985325]
 [ 80.           0.13700001   0.08273451]
 [ 81.           0.1384       0.08586501]
 [ 82.           0.1372       0.08318173]
 [ 83.           0.1544       0.1216421 ]
 [ 84.           0.1544       0.1216421 ]
 [ 85.           0.1428       0.09570371]
 [ 86.           0.13700001   0.08273451]
 [ 87.           0.1472       0.10554241]
 [ 88.           0.153        0.11851161]
 [ 89.           0.1464       0.10375354]
 [ 90.           0.1326       0.07289582]
 [ 91.           0.1478       0.10688404]
 [ 92.           0.1536       0.11985325]
 [ 93.           0.1482       0.10777847]
 [ 94.           0.1444       0.09928142]
 [ 95.           0.1496       0.11090896]
 [ 96.           0.15460001   0.12208931]
 [ 97.           0.1508       0.11359225]
 [ 98.           0.1506       0.11314503]
 [ 99.           0.1444       0.09928142]
 [100.           0.152        0.11627554]
 [101.           0.15519999   0.12343094]
 [102.           0.1418       0.09346764]
 [103.           0.14320001   0.09659814]
 [104.           0.1562       0.12566704]
 [105.           0.1534       0.11940603]
 [106.           0.138        0.08497058]
 [107.           0.1568       0.1193365 ]
 [108.           0.1538       0.12030046]
 [109.           0.142        0.09391486]
 [110.           0.15100001   0.11403946]
 [111.           0.1496       0.11090896]
 [112.           0.1456       0.1019647 ]
 [113.           0.1486       0.1086729 ]
 [114.           0.1466       0.10420077]
 [115.           0.15100001   0.11403946]
 [116.           0.1494       0.11046176]
 [117.           0.1408       0.09123157]
 [118.           0.1454       0.10151748]
 [119.           0.1494       0.11046176]
 [120.           0.1474       0.10598963]
 [121.           0.14         0.08944273]
 [122.           0.148        0.10733126]
 [123.           0.1456       0.1019647 ]
 [124.           0.139        0.08720665]
 [125.           0.14600001   0.10285913]
 [126.           0.1498       0.11135619]
 [127.           0.138        0.08497058]
 [128.           0.1386       0.08631223]
 [129.           0.1508       0.11359225]
 [130.           0.1446       0.09972864]
 [131.           0.13700001   0.08273451]
 [132.           0.14299999   0.09615092]
 [133.           0.147        0.1050952 ]
 [134.           0.1418       0.09346764]
 [135.           0.1368       0.0822873 ]
 [136.           0.14320001   0.09659814]
 [137.           0.145        0.10062306]
 [138.           0.1422       0.09436207]
 [139.           0.13960001   0.0885483 ]
 [140.           0.139        0.08720665]
 [141.           0.141        0.09167878]
 [142.           0.14240001   0.09480929]
 [143.           0.142        0.09391486]
 [144.           0.13759999   0.08407615]
 [145.           0.138        0.08497058]
 [146.           0.142        0.09391486]
 [147.           0.1416       0.09302042]
 [148.           0.1368       0.0822873 ]
 [149.           0.1368       0.0822873 ]
 [150.           0.1422       0.09436207]
 [151.           0.14         0.08944273]
 [152.           0.136        0.08049845]
 [153.           0.136        0.08049845]
 [154.           0.1398       0.08899551]
 [155.           0.141        0.09167878]
 [156.           0.13700001   0.08273451]
 [157.           0.134        0.07602631]
 [158.           0.13780001   0.08452337]
 [159.           0.139        0.08720665]
 [160.           0.1368       0.0822873 ]
 [161.           0.1348       0.07781516]
 [162.           0.136        0.08049845]
 [163.           0.1384       0.08586501]
 [164.           0.1362       0.08094566]
 [165.           0.1336       0.07513189]
 [166.           0.135        0.07826238]
 [167.           0.1366       0.08184008]
 [168.           0.136        0.08049845]
 [169.           0.13520001   0.07870959]
 [170.           0.135        0.07826238]
 [171.           0.1346       0.07736795]
 [172.           0.1358       0.08005124]
 [173.           0.1344       0.07692074]
 [174.           0.135        0.07826238]
 [175.           0.1354       0.07915681]
 [176.           0.1338       0.07557909]
 [177.           0.1336       0.07513189]
 [178.           0.1368       0.0822873 ]
 [179.           0.134        0.07602631]
 [180.           0.1324       0.0724486 ]
 [181.           0.1346       0.07736795]
 [182.           0.139        0.08720665]
 [183.           0.1332       0.07423746]
 [184.           0.1336       0.07513189]
 [185.           0.13759999   0.08407615]
 [186.           0.135        0.07826238]
 [187.           0.1322       0.07200139]
 [188.           0.1348       0.07781516]
 [189.           0.1386       0.08631223]
 [190.           0.133        0.07379024]
 [191.           0.1336       0.07513189]
 [192.           0.1362       0.08094566]
 [193.           0.1358       0.08005124]
 [194.           0.133        0.07379024]
 [195.           0.1342       0.07647352]
 [196.           0.1346       0.07736795]
 [197.           0.1342       0.07647352]
 [198.           0.1344       0.07692074]
 [199.           0.1346       0.07736795]
 [200.           0.1336       0.07513189]
 [201.           0.134        0.07602631]
 [202.           0.1356       0.07960402]
 [203.           0.1342       0.07647352]
 [204.           0.1332       0.07423746]
 [205.           0.1362       0.08094566]
 [206.           0.135        0.07826238]
 [207.           0.133        0.07379024]
 [208.           0.134        0.07602631]
 [209.           0.1372       0.08318173]
 [210.           0.1342       0.07647352]
 [211.           0.133        0.07379024]
 [212.           0.1362       0.08094566]
 [213.           0.1356       0.07960402]
 [214.           0.13340001   0.07468466]
 [215.           0.1338       0.07557909]
 [216.           0.135        0.07826238]
 [217.           0.135        0.07826238]
 [218.           0.134        0.07602631]
 [219.           0.134        0.07602631]
 [220.           0.134        0.07602631]
 [221.           0.1356       0.07960402]
 [222.           0.1346       0.07736795]
 [223.           0.1332       0.07423746]
 [224.           0.1356       0.07960402]
 [225.           0.136        0.08049845]
 [226.           0.1336       0.07513189]
 [227.           0.134        0.07602631]
 [228.           0.136        0.08049845]
 [229.           0.1348       0.07781516]
 [230.           0.13340001   0.07468466]
 [231.           0.1356       0.07960402]
 [232.           0.13520001   0.07870959]
 [233.           0.1336       0.07513189]
 [234.           0.1348       0.07781516]
 [235.           0.1354       0.07915681]
 [236.           0.1346       0.07736795]
 [237.           0.1338       0.07557909]
 [238.           0.1354       0.07915681]
 [239.           0.1338       0.07557909]
 [240.           0.1346       0.07736795]
 [241.           0.1356       0.07960402]
 [242.           0.1346       0.07736795]
 [243.           0.1332       0.07423746]
 [244.           0.1356       0.07960402]
 [245.           0.135        0.07826238]
 [246.           0.1322       0.07200139]
 [247.           0.13520001   0.07870959]
 [248.           0.13520001   0.07870959]
 [249.           0.1318       0.07110696]
 [250.           0.1364       0.08139288]
 [251.           0.1344       0.07692074]
 [252.           0.1318       0.07110696]
 [253.           0.136        0.08049845]
 [254.           0.1356       0.07960402]
 [255.           0.1322       0.07200139]
 [256.           0.1342       0.07647352]
 [257.           0.1356       0.07960402]
 [258.           0.1328       0.07334303]
 [259.           0.1332       0.07423746]
 [260.           0.1342       0.07647352]
 [261.           0.1328       0.07334303]
 [262.           0.1338       0.07557909]
 [263.           0.1344       0.07692074]
 [264.           0.1322       0.07200139]
 [265.           0.1354       0.07915681]
 [266.           0.1354       0.07915681]
 [267.           0.1322       0.07200139]
 [268.           0.1354       0.07915681]
 [269.           0.13520001   0.07870959]
 [270.           0.1322       0.07200139]
 [271.           0.13520001   0.07870959]
 [272.           0.136        0.08049845]
 [273.           0.132        0.07155417]
 [274.           0.135        0.07826238]
 [275.           0.136        0.08049845]
 [276.           0.1318       0.07110696]
 [277.           0.1338       0.07557909]
 [278.           0.136        0.08049845]
 [279.           0.1318       0.07110696]
 [280.           0.1338       0.07557909]
 [281.           0.136        0.08049845]
 [282.           0.1318       0.07110696]
 [283.           0.134        0.07602631]
 [284.           0.1354       0.07915681]
 [285.           0.132        0.07155417]
 [286.           0.1338       0.07557909]
 [287.           0.1348       0.07781516]
 [288.           0.132        0.07155417]
 [289.           0.1346       0.07736795]
 [290.           0.1332       0.07423746]
 [291.           0.133        0.07379024]
 [292.           0.135        0.07826238]
 [293.           0.1324       0.0724486 ]
 [294.           0.1338       0.07557909]
 [295.           0.135        0.07826238]
 [296.           0.1322       0.07200139]
 [297.           0.1338       0.07557909]
 [298.           0.1356       0.07960402]
 [299.           0.1316       0.07065974]
 [300.           0.1358       0.08005124]
 [301.           0.13340001   0.07468466]
 [302.           0.1324       0.0724486 ]
 [303.           0.136        0.08049845]
 [304.           0.1318       0.07110696]
 [305.           0.1344       0.07692074]
 [306.           0.134        0.07602631]
 [307.           0.1328       0.07334303]
 [308.           0.13520001   0.07870959]
 [309.           0.133        0.07379024]
 [310.           0.13340001   0.07468466]
 [311.           0.1354       0.07915681]
 [312.           0.1324       0.0724486 ]
 [313.           0.134        0.07602631]
 [314.           0.1344       0.07692074]
 [315.           0.1322       0.07200139]
 [316.           0.136        0.08049845]
 [317.           0.132        0.07155417]
 [318.           0.1328       0.07334303]
 [319.           0.1354       0.07915681]
 [320.           0.1322       0.07200139]
 [321.           0.1328       0.07334303]
 [322.           0.1344       0.07692074]
 [323.           0.1332       0.07423746]
 [324.           0.1324       0.0724486 ]
 [325.           0.1342       0.07647352]
 [326.           0.1342       0.07647352]
 [327.           0.1332       0.07423746]
 [328.           0.1328       0.07334303]
 [329.           0.13340001   0.07468466]
 [330.           0.1338       0.07557909]
 [331.           0.1328       0.07334303]
 [332.           0.134        0.07602631]
 [333.           0.135        0.07826238]
 [334.           0.1322       0.07200139]
 [335.           0.1342       0.07647352]
 [336.           0.1336       0.07513189]
 [337.           0.1328       0.07334303]
 [338.           0.1344       0.07692074]
 [339.           0.132        0.07155417]
 [340.           0.1346       0.07736795]
 [341.           0.13340001   0.07468466]
 [342.           0.1326       0.07289582]
 [343.           0.134        0.07602631]
 [344.           0.1336       0.07513189]
 [345.           0.1324       0.0724486 ]
 [346.           0.1336       0.07513189]
 [347.           0.1328       0.07334303]
 [348.           0.1326       0.07289582]
 [349.           0.134        0.07602631]
 [350.           0.1332       0.07423746]
 [351.           0.132        0.07155417]
 [352.           0.1346       0.07736795]
 [353.           0.1328       0.07334303]
 [354.           0.1322       0.07200139]
 [355.           0.1346       0.07736795]
 [356.           0.1318       0.07110696]
 [357.           0.1336       0.07513189]
 [358.           0.134        0.07602631]
 [359.           0.1314       0.07021254]
 [360.           0.1354       0.07915681]
 [361.           0.1324       0.0724486 ]
 [362.           0.132        0.07155417]
 [363.           0.1358       0.08005124]
 [364.           0.1316       0.07065974]
 [365.           0.1332       0.07423746]
 [366.           0.1348       0.07781516]
 [367.           0.1322       0.07200139]
 [368.           0.13340001   0.07468466]
 [369.           0.13340001   0.07468466]
 [370.           0.132        0.07155417]
 [371.           0.13520001   0.07870959]
 [372.           0.1314       0.07021254]
 [373.           0.134        0.07602631]
 [374.           0.1332       0.07423746]
 [375.           0.1336       0.07513189]
 [376.           0.1318       0.07110696]
 [377.           0.1342       0.07647352]
 [378.           0.134        0.07602631]
 [379.           0.1306       0.06842367]
 [380.           0.1364       0.08139288]
 [381.           0.1328       0.07334303]
 [382.           0.131        0.0693181 ]
 [383.           0.1382       0.0854178 ]
 [384.           0.1314       0.07021254]
 [385.           0.1326       0.07289582]
 [386.           0.13520001   0.07870959]
 [387.           0.1314       0.07021254]
 [388.           0.13340001   0.07468466]
 [389.           0.1322       0.07200139]
 [390.           0.1332       0.07423746]
 [391.           0.1332       0.07423746]
 [392.           0.1314       0.07021254]
 [393.           0.1356       0.07960402]
 [394.           0.1324       0.0724486 ]
 [395.           0.1302       0.06752925]
 [396.           0.1374       0.08362895]
 [397.           0.1332       0.07423746]
 [398.           0.13         0.06708204]
 [399.           0.1366       0.08184008]
 [400.           0.1338       0.07557909]]
Dataset       :Computers
Model         :GAT
Conden ratio  :1.0
GC            :3
LearnA        :0
Max Test Accuracy:
0.381
Best Result: Epoch   Acc  Std.
               107 0.1568  0.1193
