Set seed
Model GCN
--------------------------------------------------
The 1th iteration:
--------------------------------------------------
--------------------------------------------------
The 2th iteration:
--------------------------------------------------
--------------------------------------------------
The 3th iteration:
--------------------------------------------------
--------------------------------------------------
The 4th iteration:
--------------------------------------------------
--------------------------------------------------
The 5th iteration:
--------------------------------------------------
[[  1.           0.0956       0.03605274]
 [  2.           0.13960001   0.03544432]
 [  3.           0.103        0.00717635]
 [  4.           0.0968       0.01851216]
 [  5.           0.0958       0.03721828]
 [  6.           0.0858       0.02262079]
 [  7.           0.0894       0.00976217]
 [  8.           0.0864       0.01532319]
 [  9.           0.0902       0.01243785]
 [ 10.           0.12560001   0.05149078]
 [ 11.           0.1274       0.05054008]
 [ 12.           0.1236       0.04276447]
 [ 13.           0.11559999   0.05365911]
 [ 14.           0.1372       0.06028847]
 [ 15.           0.16040002   0.06863891]
 [ 16.           0.13740002   0.06761508]
 [ 17.           0.12460001   0.05815325]
 [ 18.           0.1096       0.03007989]
 [ 19.           0.1302       0.04003374]
 [ 20.           0.1224       0.03656228]
 [ 21.           0.1284       0.022832  ]
 [ 22.           0.13340001   0.02829841]
 [ 23.           0.1262       0.03451376]
 [ 24.           0.11059999   0.0363978 ]
 [ 25.           0.0954       0.00856154]
 [ 26.           0.1044       0.03081072]
 [ 27.           0.1134       0.0327078 ]
 [ 28.           0.139        0.04535416]
 [ 29.           0.1488       0.05384886]
 [ 30.           0.1536       0.05839778]
 [ 31.           0.13780001   0.03761915]
 [ 32.           0.1178       0.02877846]
 [ 33.           0.1206       0.03909348]
 [ 34.           0.12520002   0.04720382]
 [ 35.           0.1176       0.01962906]
 [ 36.           0.1164       0.025006  ]
 [ 37.           0.10520001   0.0140961 ]
 [ 38.           0.1186       0.0323311 ]
 [ 39.           0.1158       0.03450652]
 [ 40.           0.11259999   0.03166702]
 [ 41.           0.11600001   0.03576311]
 [ 42.           0.1446       0.04004123]
 [ 43.           0.1554       0.04814873]
 [ 44.           0.15720001   0.05172717]
 [ 45.           0.154        0.05739773]
 [ 46.           0.1374       0.05187774]
 [ 47.           0.1244       0.03113358]
 [ 48.           0.14240001   0.04202142]
 [ 49.           0.152        0.05594194]
 [ 50.           0.1402       0.03713085]
 [ 51.           0.1432       0.03528739]
 [ 52.           0.1596       0.07876738]
 [ 53.           0.1718       0.06947806]
 [ 54.           0.1524       0.04511984]
 [ 55.           0.15120001   0.05026629]
 [ 56.           0.1472       0.04519624]
 [ 57.           0.14220001   0.04023307]
 [ 58.           0.1368       0.04092921]
 [ 59.           0.1672       0.06045412]
 [ 60.           0.18980001   0.08351766]
 [ 61.           0.1772       0.07352007]
 [ 62.           0.17980002   0.04777238]
 [ 63.           0.1658       0.03584969]
 [ 64.           0.15120001   0.0313321 ]
 [ 65.           0.15         0.04796353]
 [ 66.           0.15699999   0.04980963]
 [ 67.           0.169        0.05166236]
 [ 68.           0.1954       0.06344526]
 [ 69.           0.1666       0.06324002]
 [ 70.           0.1664       0.05856877]
 [ 71.           0.1614       0.05517065]
 [ 72.           0.1584       0.05276173]
 [ 73.           0.179        0.05349766]
 [ 74.           0.18480001   0.04939332]
 [ 75.           0.19420001   0.04242877]
 [ 76.           0.1888       0.0539509 ]
 [ 77.           0.17220001   0.06200564]
 [ 78.           0.1622       0.06023869]
 [ 79.           0.16000001   0.055933  ]
 [ 80.           0.1912       0.03935353]
 [ 81.           0.20640002   0.03277652]
 [ 82.           0.2142       0.03114001]
 [ 83.           0.20920001   0.03472318]
 [ 84.           0.19380002   0.04241698]
 [ 85.           0.1614       0.05063892]
 [ 86.           0.1556       0.04744786]
 [ 87.           0.1678       0.05012684]
 [ 88.           0.1854       0.04862921]
 [ 89.           0.2066       0.03887544]
 [ 90.           0.21280001   0.04756259]
 [ 91.           0.2004       0.05211334]
 [ 92.           0.18020001   0.06572442]
 [ 93.           0.1664       0.06411552]
 [ 94.           0.18300001   0.04372643]
 [ 95.           0.1832       0.03202655]
 [ 96.           0.1826       0.0299132 ]
 [ 97.           0.19860001   0.0388883 ]
 [ 98.           0.1976       0.0584149 ]
 [ 99.           0.1856       0.07757126]
 [100.           0.16839999   0.07067037]
 [101.           0.19         0.05679349]
 [102.           0.2126       0.02538306]
 [103.           0.20580001   0.0234883 ]
 [104.           0.20279999   0.03580084]
 [105.           0.20120001   0.03045817]
 [106.           0.1632       0.05063299]
 [107.           0.1624       0.05223792]
 [108.           0.1844       0.05339757]
 [109.           0.20780002   0.05659682]
 [110.           0.22519998   0.03065452]
 [111.           0.2256       0.02863215]
 [112.           0.22760001   0.02720845]
 [113.           0.2066       0.03274599]
 [114.           0.1712       0.05837123]
 [115.           0.174        0.04975942]
 [116.           0.194        0.02699074]
 [117.           0.2088       0.02614766]
 [118.           0.21820001   0.03879692]
 [119.           0.21620002   0.04150542]
 [120.           0.2136       0.04066694]
 [121.           0.2086       0.05316767]
 [122.           0.2052       0.05459578]
 [123.           0.20220001   0.04846854]
 [124.           0.20780002   0.0404932 ]
 [125.           0.20560001   0.04564318]
 [126.           0.20879999   0.04730434]
 [127.           0.21300001   0.05122012]
 [128.           0.222        0.03630427]
 [129.           0.2182       0.04311264]
 [130.           0.20180002   0.05742561]
 [131.           0.203        0.04923921]
 [132.           0.2148       0.03460058]
 [133.           0.21519999   0.0194345 ]
 [134.           0.21180001   0.03881623]
 [135.           0.21519999   0.04851495]
 [136.           0.22979999   0.05737333]
 [137.           0.2088       0.06130008]
 [138.           0.20320001   0.05906099]
 [139.           0.19719999   0.04761512]
 [140.           0.2174       0.03170646]
 [141.           0.22760001   0.03036939]
 [142.           0.22219999   0.05311026]
 [143.           0.21159999   0.04414521]
 [144.           0.20220001   0.04858189]
 [145.           0.20700002   0.05566867]
 [146.           0.22259998   0.03389395]
 [147.           0.246        0.05677587]
 [148.           0.222        0.02839013]
 [149.           0.20900002   0.03226453]
 [150.           0.20560001   0.03219938]
 [151.           0.2088       0.04238159]
 [152.           0.2132       0.05084978]
 [153.           0.222        0.04131586]
 [154.           0.229        0.03633181]
 [155.           0.23860002   0.06172357]
 [156.           0.2292       0.02236515]
 [157.           0.2086       0.02850965]
 [158.           0.20240001   0.04674719]
 [159.           0.2172       0.05378382]
 [160.           0.229        0.04114   ]
 [161.           0.2208       0.03784442]
 [162.           0.22280002   0.03645134]
 [163.           0.2254       0.02816558]
 [164.           0.2062       0.03917524]
 [165.           0.2196       0.04515307]
 [166.           0.239        0.04002498]
 [167.           0.23800002   0.03921735]
 [168.           0.21540001   0.0554148 ]
 [169.           0.2046       0.05074249]
 [170.           0.20680001   0.0382518 ]
 [171.           0.1964       0.03474623]
 [172.           0.20640002   0.02114947]
 [173.           0.227        0.0321092 ]
 [174.           0.2328       0.02986135]
 [175.           0.22839999   0.02912559]
 [176.           0.2282       0.0297859 ]
 [177.           0.23099999   0.03014133]
 [178.           0.21039999   0.05006295]
 [179.           0.2106       0.03981583]
 [180.           0.21900001   0.03604858]
 [181.           0.24060002   0.0189684 ]
 [182.           0.22860001   0.0216864 ]
 [183.           0.21679997   0.0301778 ]
 [184.           0.22280002   0.05687442]
 [185.           0.2388       0.08028823]
 [186.           0.23800002   0.06497307]
 [187.           0.2224       0.03140541]
 [188.           0.21360002   0.02225533]
 [189.           0.2204       0.02440902]
 [190.           0.224        0.02512966]
 [191.           0.23860002   0.03579525]
 [192.           0.2516       0.05523857]
 [193.           0.23480001   0.05612664]
 [194.           0.19960001   0.04484195]
 [195.           0.199        0.01391043]
 [196.           0.21140002   0.01619568]
 [197.           0.228        0.03480661]
 [198.           0.24080001   0.03614832]
 [199.           0.2376       0.0721443 ]
 [200.           0.22739999   0.07226894]
 [201.           0.2172       0.06391557]
 [202.           0.2134       0.03063984]
 [203.           0.21640001   0.02472448]
 [204.           0.22379999   0.03598193]
 [205.           0.24340001   0.07366004]
 [206.           0.2554       0.05786018]
 [207.           0.232        0.05189893]
 [208.           0.21800001   0.06331272]
 [209.           0.2172       0.05342939]
 [210.           0.2352       0.01990477]
 [211.           0.24700002   0.02886175]
 [212.           0.2372       0.03176004]
 [213.           0.24200001   0.04200595]
 [214.           0.23099999   0.046114  ]
 [215.           0.21820001   0.03262974]
 [216.           0.22359999   0.05297923]
 [217.           0.24000001   0.02996665]
 [218.           0.24099998   0.02026079]
 [219.           0.22080003   0.02520318]
 [220.           0.2126       0.02275521]
 [221.           0.2194       0.03094834]
 [222.           0.2244       0.04343732]
 [223.           0.22760001   0.06272002]
 [224.           0.2422       0.06815205]
 [225.           0.24620001   0.05685245]
 [226.           0.249        0.04438468]
 [227.           0.2428       0.03718468]
 [228.           0.24080001   0.03419357]
 [229.           0.24299999   0.034576  ]
 [230.           0.2362       0.0287176 ]
 [231.           0.2342       0.02954995]
 [232.           0.2462       0.03953733]
 [233.           0.2462       0.04981165]
 [234.           0.2362       0.04489656]
 [235.           0.22879998   0.02704995]
 [236.           0.222        0.01462874]
 [237.           0.21540001   0.02672639]
 [238.           0.2254       0.02361779]
 [239.           0.25100002   0.07148777]
 [240.           0.23940001   0.06163035]
 [241.           0.2304       0.07134634]
 [242.           0.21900001   0.06320997]
 [243.           0.22540002   0.04464639]
 [244.           0.2454       0.0372599 ]
 [245.           0.23340002   0.04240635]
 [246.           0.24660002   0.05074248]
 [247.           0.2578       0.05559406]
 [248.           0.25820002   0.07334984]
 [249.           0.2388       0.07298424]
 [250.           0.2246       0.06359874]
 [251.           0.24200001   0.0413219 ]
 [252.           0.24720001   0.02794101]
 [253.           0.2462       0.02531205]
 [254.           0.24060002   0.03779286]
 [255.           0.2342       0.06374717]
 [256.           0.2304       0.06353975]
 [257.           0.2318       0.04615951]
 [258.           0.23740001   0.03297424]
 [259.           0.2592       0.04073942]
 [260.           0.2718       0.05965903]
 [261.           0.2472       0.03840182]
 [262.           0.24700001   0.03937004]
 [263.           0.24460001   0.04713067]
 [264.           0.246        0.05334791]
 [265.           0.24559999   0.04565961]
 [266.           0.24239998   0.03652807]
 [267.           0.24980001   0.05458663]
 [268.           0.2318       0.04158968]
 [269.           0.2296       0.03706481]
 [270.           0.24059999   0.05357984]
 [271.           0.272        0.1027059 ]
 [272.           0.2766       0.09807803]
 [273.           0.2674       0.06360267]
 [274.           0.256        0.03317379]
 [275.           0.23839998   0.02283199]
 [276.           0.23220001   0.02695738]
 [277.           0.23979998   0.04777238]
 [278.           0.2586       0.05635424]
 [279.           0.2726       0.06023538]
 [280.           0.26560003   0.04550055]
 [281.           0.2376       0.03917652]
 [282.           0.24460001   0.04175285]
 [283.           0.25219998   0.03328212]
 [284.           0.2372       0.0497011 ]
 [285.           0.22119999   0.05947437]
 [286.           0.21500002   0.07128113]
 [287.           0.2368       0.08702128]
 [288.           0.263        0.06501152]
 [289.           0.2638       0.06903043]
 [290.           0.26920003   0.09916502]
 [291.           0.26040003   0.08188894]
 [292.           0.2554       0.05742212]
 [293.           0.2592       0.05580949]
 [294.           0.2586       0.03857201]
 [295.           0.252        0.04643274]
 [296.           0.2412       0.07653887]
 [297.           0.2306       0.06533989]
 [298.           0.23099999   0.03183552]
 [299.           0.23400001   0.03526331]
 [300.           0.2332       0.04485197]
 [301.           0.2476       0.0553471 ]
 [302.           0.24059999   0.04386684]
 [303.           0.24340001   0.06696492]
 [304.           0.23779999   0.06672855]
 [305.           0.23959999   0.04767913]
 [306.           0.2376       0.04187243]
 [307.           0.2398       0.04090476]
 [308.           0.27420002   0.04699681]
 [309.           0.28720003   0.05440312]
 [310.           0.2646       0.0668977 ]
 [311.           0.23900001   0.07853026]
 [312.           0.22879998   0.08015423]
 [313.           0.239        0.06914116]
 [314.           0.25320002   0.05118789]
 [315.           0.2572       0.03645134]
 [316.           0.26139998   0.03348581]
 [317.           0.2674       0.03334367]
 [318.           0.26200002   0.06086461]
 [319.           0.24420002   0.10013592]
 [320.           0.24180003   0.09407285]
 [321.           0.2516       0.08031376]
 [322.           0.24980001   0.04788737]
 [323.           0.22880001   0.03157847]
 [324.           0.24340001   0.03243918]
 [325.           0.2658       0.04684762]
 [326.           0.2664       0.05555898]
 [327.           0.254        0.04910702]
 [328.           0.25280002   0.05472842]
 [329.           0.26         0.06731642]
 [330.           0.25         0.04146685]
 [331.           0.2418       0.04300814]
 [332.           0.2488       0.0561311 ]
 [333.           0.246        0.04668512]
 [334.           0.23179999   0.03643075]
 [335.           0.22159998   0.05413686]
 [336.           0.23120001   0.07052801]
 [337.           0.24679999   0.0715486 ]
 [338.           0.2672       0.03715778]
 [339.           0.26999998   0.04520509]
 [340.           0.26220003   0.04931735]
 [341.           0.23020001   0.02884788]
 [342.           0.2218       0.03940432]
 [343.           0.2336       0.06948598]
 [344.           0.2552       0.06050373]
 [345.           0.26420003   0.0518575 ]
 [346.           0.27019998   0.05525577]
 [347.           0.2592       0.06033821]
 [348.           0.23660003   0.04066079]
 [349.           0.2336       0.02400625]
 [350.           0.23860002   0.02881492]
 [351.           0.2576       0.05880731]
 [352.           0.249        0.06491918]
 [353.           0.244        0.05702193]
 [354.           0.24340001   0.05807581]
 [355.           0.239        0.05203365]
 [356.           0.2388       0.03788403]
 [357.           0.2516       0.02982952]
 [358.           0.277        0.08820147]
 [359.           0.2658       0.11466343]
 [360.           0.2424       0.08609182]
 [361.           0.21860002   0.06461656]
 [362.           0.2332       0.06326295]
 [363.           0.25100002   0.07094364]
 [364.           0.2602       0.06640934]
 [365.           0.276        0.06189104]
 [366.           0.2902       0.05626456]
 [367.           0.28120002   0.05649513]
 [368.           0.23340002   0.06866077]
 [369.           0.2102       0.05768622]
 [370.           0.22080003   0.06672481]
 [371.           0.235        0.07496332]
 [372.           0.2516       0.0571253 ]
 [373.           0.2588       0.05506087]
 [374.           0.25939998   0.05865834]
 [375.           0.2494       0.04859836]
 [376.           0.23080002   0.05464156]
 [377.           0.22480002   0.08386417]
 [378.           0.228        0.08691951]
 [379.           0.2422       0.08474196]
 [380.           0.2428       0.07643428]
 [381.           0.25040004   0.06771485]
 [382.           0.2524       0.06064487]
 [383.           0.25280002   0.04904794]
 [384.           0.2536       0.04033981]
 [385.           0.25840002   0.05321466]
 [386.           0.25700003   0.0509853 ]
 [387.           0.258        0.04766027]
 [388.           0.26040003   0.064775  ]
 [389.           0.2678       0.07454664]
 [390.           0.26620004   0.07511126]
 [391.           0.2706       0.07904302]
 [392.           0.27080002   0.07714402]
 [393.           0.26480004   0.07631318]
 [394.           0.2694       0.06738175]
 [395.           0.25079998   0.05454998]
 [396.           0.23120001   0.05987654]
 [397.           0.2278       0.07088864]
 [398.           0.2376       0.07955062]
 [399.           0.25079998   0.07053864]
 [400.           0.2592       0.05198269]]
Dataset       :Computers
Model         :GCN
Conden ratio  :1.0
GC            :2
LearnA        :1
Max Test Accuracy:
0.43
Best Result: Epoch   Acc  Std.
               366 0.2902  0.0563
