Set seed
Model GCN
--------------------------------------------------
The 1th iteration:
--------------------------------------------------
--------------------------------------------------
The 2th iteration:
--------------------------------------------------
--------------------------------------------------
The 3th iteration:
--------------------------------------------------
--------------------------------------------------
The 4th iteration:
--------------------------------------------------
--------------------------------------------------
The 5th iteration:
--------------------------------------------------
[[  1.           0.0992       0.01040193]
 [  2.           0.1018       0.00630079]
 [  3.           0.09940001   0.01105893]
 [  4.           0.0984       0.00512835]
 [  5.           0.09940001   0.00054772]
 [  6.           0.0996       0.00089443]
 [  7.           0.096        0.01526434]
 [  8.           0.1176       0.03148492]
 [  9.           0.097        0.00731437]
 [ 10.           0.1058       0.01416686]
 [ 11.           0.13380001   0.03336465]
 [ 12.           0.1322       0.04457241]
 [ 13.           0.1462       0.0654958 ]
 [ 14.           0.1484       0.04856233]
 [ 15.           0.1274       0.04117402]
 [ 16.           0.162        0.04028026]
 [ 17.           0.175        0.03597221]
 [ 18.           0.1668       0.06209428]
 [ 19.           0.172        0.06638147]
 [ 20.           0.1626       0.07960716]
 [ 21.           0.1512       0.05130984]
 [ 22.           0.142        0.04396021]
 [ 23.           0.138        0.0389551 ]
 [ 24.           0.149        0.05111751]
 [ 25.           0.1552       0.05390454]
 [ 26.           0.16199999   0.0511224 ]
 [ 27.           0.172        0.06126582]
 [ 28.           0.15020001   0.05469644]
 [ 29.           0.1342       0.02488373]
 [ 30.           0.1418       0.04581703]
 [ 31.           0.1788       0.06521273]
 [ 32.           0.1958       0.07246862]
 [ 33.           0.1822       0.05343407]
 [ 34.           0.1744       0.04048827]
 [ 35.           0.18640001   0.04608472]
 [ 36.           0.1876       0.05304527]
 [ 37.           0.1682       0.04915994]
 [ 38.           0.1514       0.03684833]
 [ 39.           0.1404       0.02993827]
 [ 40.           0.1404       0.03700405]
 [ 41.           0.139        0.03537655]
 [ 42.           0.1392       0.03430306]
 [ 43.           0.1522       0.02981945]
 [ 44.           0.155        0.03375648]
 [ 45.           0.15         0.03110466]
 [ 46.           0.1488       0.03027705]
 [ 47.           0.1506       0.03159588]
 [ 48.           0.1566       0.01752997]
 [ 49.           0.182        0.03194527]
 [ 50.           0.191        0.04011858]
 [ 51.           0.1908       0.03216675]
 [ 52.           0.21180001   0.03593328]
 [ 53.           0.23660003   0.03567633]
 [ 54.           0.24080001   0.0362174 ]
 [ 55.           0.2436       0.03211387]
 [ 56.           0.24700001   0.03195309]
 [ 57.           0.23800002   0.04168934]
 [ 58.           0.245        0.05017969]
 [ 59.           0.24199998   0.06278136]
 [ 60.           0.2208       0.06928709]
 [ 61.           0.20799999   0.08336966]
 [ 62.           0.2066       0.09188742]
 [ 63.           0.20780002   0.09639864]
 [ 64.           0.2026       0.08822018]
 [ 65.           0.20220001   0.08504235]
 [ 66.           0.2134       0.08837307]
 [ 67.           0.21859999   0.09201793]
 [ 68.           0.2192       0.09480876]
 [ 69.           0.2076       0.08642221]
 [ 70.           0.1992       0.07251345]
 [ 71.           0.19680001   0.02674323]
 [ 72.           0.205        0.01626346]
 [ 73.           0.2126       0.0164408 ]
 [ 74.           0.223        0.02695367]
 [ 75.           0.2328       0.06279889]
 [ 76.           0.2258       0.06771779]
 [ 77.           0.22719999   0.07137016]
 [ 78.           0.22680001   0.0702652 ]
 [ 79.           0.2254       0.06802794]
 [ 80.           0.221        0.07831027]
 [ 81.           0.21900001   0.08690225]
 [ 82.           0.2292       0.07699156]
 [ 83.           0.24100001   0.05982057]
 [ 84.           0.23480001   0.06082926]
 [ 85.           0.25079998   0.07014056]
 [ 86.           0.24960001   0.08282089]
 [ 87.           0.2544       0.08366481]
 [ 88.           0.25120002   0.08310957]
 [ 89.           0.24159999   0.0794374 ]
 [ 90.           0.23400001   0.07517646]
 [ 91.           0.229        0.07588478]
 [ 92.           0.2282       0.07363219]
 [ 93.           0.22719999   0.06684085]
 [ 94.           0.23020001   0.06892895]
 [ 95.           0.24039999   0.06898768]
 [ 96.           0.2354       0.05650486]
 [ 97.           0.223        0.06343107]
 [ 98.           0.2208       0.05229436]
 [ 99.           0.23120001   0.04868983]
 [100.           0.24159999   0.04519181]
 [101.           0.25280002   0.05507904]
 [102.           0.25439999   0.06530543]
 [103.           0.2574       0.07352754]
 [104.           0.26139998   0.07572185]
 [105.           0.25939998   0.07561944]
 [106.           0.24759999   0.08293552]
 [107.           0.23460002   0.09006553]
 [108.           0.224        0.09267416]
 [109.           0.2196       0.08771715]
 [110.           0.2256       0.08268797]
 [111.           0.2376       0.07487522]
 [112.           0.24300002   0.07101056]
 [113.           0.2464       0.06886435]
 [114.           0.25079998   0.07793716]
 [115.           0.252        0.08334567]
 [116.           0.2562       0.07817416]
 [117.           0.25620002   0.07728648]
 [118.           0.2514       0.07646111]
 [119.           0.2398       0.07633937]
 [120.           0.2304       0.07986425]
 [121.           0.22540002   0.09183028]
 [122.           0.22839999   0.0942937 ]
 [123.           0.232        0.09288973]
 [124.           0.23020001   0.09643495]
 [125.           0.23379998   0.09150246]
 [126.           0.24660002   0.08275144]
 [127.           0.24239998   0.08056549]
 [128.           0.2402       0.08423597]
 [129.           0.23480001   0.09966544]
 [130.           0.2362       0.10383255]
 [131.           0.24260001   0.1136895 ]
 [132.           0.25         0.12191594]
 [133.           0.2552       0.1174849 ]
 [134.           0.2576       0.10893483]
 [135.           0.2574       0.09111696]
 [136.           0.2548       0.05061818]
 [137.           0.26659998   0.04672045]
 [138.           0.28140002   0.05613199]
 [139.           0.2822       0.05959615]
 [140.           0.28140002   0.06939957]
 [141.           0.27620003   0.07406889]
 [142.           0.25219998   0.07221288]
 [143.           0.24920002   0.07332598]
 [144.           0.24560001   0.07559299]
 [145.           0.2486       0.07927358]
 [146.           0.2402       0.08587027]
 [147.           0.2422       0.09224804]
 [148.           0.2488       0.08403987]
 [149.           0.25640002   0.08088139]
 [150.           0.2644       0.08832497]
 [151.           0.2754       0.08827684]
 [152.           0.2918       0.07976654]
 [153.           0.3008       0.08711888]
 [154.           0.286        0.09545156]
 [155.           0.28120002   0.09917006]
 [156.           0.2724       0.09776657]
 [157.           0.26139998   0.1040447 ]
 [158.           0.266        0.11430442]
 [159.           0.2646       0.11358609]
 [160.           0.2734       0.10457677]
 [161.           0.2812       0.09685918]
 [162.           0.2902       0.08505999]
 [163.           0.3014       0.08094936]
 [164.           0.3062       0.08415284]
 [165.           0.3088       0.08895055]
 [166.           0.3084       0.09333434]
 [167.           0.298        0.0927254 ]
 [168.           0.291        0.09404786]
 [169.           0.2916       0.09025685]
 [170.           0.298        0.08800001]
 [171.           0.30179998   0.08605056]
 [172.           0.3106       0.07638913]
 [173.           0.32500002   0.07337233]
 [174.           0.3238       0.06940245]
 [175.           0.31399998   0.07530604]
 [176.           0.2998       0.07773159]
 [177.           0.2788       0.08680553]
 [178.           0.2684       0.09334239]
 [179.           0.273        0.09811983]
 [180.           0.277        0.10441024]
 [181.           0.2744       0.11237349]
 [182.           0.2732       0.12282589]
 [183.           0.27920002   0.11819348]
 [184.           0.28660002   0.11532476]
 [185.           0.289        0.11129914]
 [186.           0.2998       0.09822779]
 [187.           0.306        0.0875928 ]
 [188.           0.30780002   0.08667872]
 [189.           0.3012       0.08708158]
 [190.           0.2886       0.09009606]
 [191.           0.287        0.09421517]
 [192.           0.2878       0.09962278]
 [193.           0.2872       0.10247537]
 [194.           0.2966       0.10335762]
 [195.           0.31         0.11394078]
 [196.           0.3072       0.11778666]
 [197.           0.31080002   0.11700726]
 [198.           0.3062       0.10929181]
 [199.           0.3012       0.09870512]
 [200.           0.30240002   0.090492  ]
 [201.           0.30159998   0.08969002]
 [202.           0.2974       0.09725378]
 [203.           0.3008       0.09768931]
 [204.           0.3064       0.09428044]
 [205.           0.30920002   0.09246729]
 [206.           0.3114       0.09094118]
 [207.           0.32020003   0.0838612 ]
 [208.           0.32259998   0.07947201]
 [209.           0.32500002   0.08053572]
 [210.           0.3186       0.08507819]
 [211.           0.31739998   0.07578786]
 [212.           0.3034       0.0641467 ]
 [213.           0.29340002   0.05721712]
 [214.           0.2924       0.08195303]
 [215.           0.28739998   0.09675381]
 [216.           0.279        0.09970707]
 [217.           0.3018       0.09241861]
 [218.           0.31880003   0.09447592]
 [219.           0.3262       0.09780186]
 [220.           0.32600003   0.10051618]
 [221.           0.33179998   0.10326036]
 [222.           0.3472       0.1154803 ]
 [223.           0.3492       0.11688969]
 [224.           0.3434       0.11490996]
 [225.           0.3454       0.10626523]
 [226.           0.345        0.10094552]
 [227.           0.3468       0.09586031]
 [228.           0.33979997   0.0901593 ]
 [229.           0.3348       0.0887564 ]
 [230.           0.3288       0.09254836]
 [231.           0.32340002   0.09503052]
 [232.           0.3166       0.09276477]
 [233.           0.3132       0.09840579]
 [234.           0.3048       0.09751255]
 [235.           0.3096       0.09973866]
 [236.           0.3132       0.09614417]
 [237.           0.3124       0.09623566]
 [238.           0.31019998   0.09547093]
 [239.           0.30920002   0.09561224]
 [240.           0.3192       0.09308974]
 [241.           0.3192       0.09013712]
 [242.           0.3194       0.08770575]
 [243.           0.3232       0.08685447]
 [244.           0.3238       0.08045311]
 [245.           0.3204       0.0827333 ]
 [246.           0.31800002   0.08452513]
 [247.           0.323        0.08243786]
 [248.           0.32940003   0.09005165]
 [249.           0.328        0.10438152]
 [250.           0.3364       0.10898761]
 [251.           0.3402       0.11208345]
 [252.           0.34180003   0.10797545]
 [253.           0.3358       0.09994348]
 [254.           0.3248       0.08798125]
 [255.           0.3146       0.07269663]
 [256.           0.31         0.05922836]
 [257.           0.3304       0.06311338]
 [258.           0.33740002   0.06750777]
 [259.           0.3396       0.07680365]
 [260.           0.33720002   0.09245377]
 [261.           0.3294       0.10110044]
 [262.           0.3218       0.10715269]
 [263.           0.3168       0.10898716]
 [264.           0.319        0.11060288]
 [265.           0.3224       0.11901176]
 [266.           0.33080003   0.11624414]
 [267.           0.334        0.11354515]
 [268.           0.34080002   0.11700729]
 [269.           0.3394       0.11529225]
 [270.           0.3442       0.11094458]
 [271.           0.3572       0.09827869]
 [272.           0.34800002   0.09091754]
 [273.           0.34039998   0.0895952 ]
 [274.           0.33519998   0.09183246]
 [275.           0.33580002   0.09720443]
 [276.           0.33839998   0.09949271]
 [277.           0.3412       0.09310585]
 [278.           0.3458       0.08526254]
 [279.           0.3482       0.08042513]
 [280.           0.3456       0.0754407 ]
 [281.           0.3326       0.07734857]
 [282.           0.319        0.06061766]
 [283.           0.30920002   0.04586066]
 [284.           0.3084       0.04814873]
 [285.           0.3112       0.05132932]
 [286.           0.3134       0.05534709]
 [287.           0.3184       0.08033866]
 [288.           0.32200003   0.09491048]
 [289.           0.3262       0.09634677]
 [290.           0.32140002   0.10623465]
 [291.           0.3158       0.1209719 ]
 [292.           0.3168       0.12128148]
 [293.           0.323        0.11894326]
 [294.           0.33740002   0.10486324]
 [295.           0.34780002   0.09330702]
 [296.           0.3486       0.08944441]
 [297.           0.3512       0.08419145]
 [298.           0.3472       0.08168048]
 [299.           0.3468       0.0779532 ]
 [300.           0.35380003   0.07518777]
 [301.           0.36240003   0.07163309]
 [302.           0.3702       0.07631317]
 [303.           0.3642       0.06810799]
 [304.           0.3554       0.06004415]
 [305.           0.3502       0.0433901 ]
 [306.           0.3548       0.05843972]
 [307.           0.3556       0.06738175]
 [308.           0.35         0.08102776]
 [309.           0.3382       0.08266317]
 [310.           0.3282       0.09238074]
 [311.           0.32160002   0.09864227]
 [312.           0.3166       0.10500382]
 [313.           0.3112       0.11300088]
 [314.           0.3172       0.12107518]
 [315.           0.323        0.12820493]
 [316.           0.33540002   0.12083171]
 [317.           0.35419998   0.10990313]
 [318.           0.3626       0.10636634]
 [319.           0.36180001   0.0905577 ]
 [320.           0.3684       0.08031064]
 [321.           0.368        0.07052305]
 [322.           0.3644       0.06402187]
 [323.           0.3572       0.06320759]
 [324.           0.35320002   0.08602733]
 [325.           0.34900004   0.09668764]
 [326.           0.3386       0.10054006]
 [327.           0.32119998   0.09341412]
 [328.           0.3204       0.08450621]
 [329.           0.3284       0.0788562 ]
 [330.           0.3306       0.08298975]
 [331.           0.3292       0.07326799]
 [332.           0.3114       0.04901326]
 [333.           0.31399998   0.04608687]
 [334.           0.32080004   0.04622445]
 [335.           0.32800004   0.04326083]
 [336.           0.3336       0.04457355]
 [337.           0.339        0.05175423]
 [338.           0.3378       0.05705874]
 [339.           0.3398       0.06192496]
 [340.           0.35619998   0.09531894]
 [341.           0.3516       0.10458872]
 [342.           0.342        0.1032957 ]
 [343.           0.3396       0.09976372]
 [344.           0.3368       0.09776093]
 [345.           0.33240002   0.10857394]
 [346.           0.3208       0.12791482]
 [347.           0.3124       0.13134229]
 [348.           0.3142       0.12654328]
 [349.           0.31500003   0.09811983]
 [350.           0.3328       0.09122884]
 [351.           0.352        0.0796963 ]
 [352.           0.36400002   0.06558582]
 [353.           0.36740002   0.06027686]
 [354.           0.35619998   0.04707121]
 [355.           0.3384       0.03684155]
 [356.           0.32460004   0.03501857]
 [357.           0.32         0.0385357 ]
 [358.           0.32160002   0.04309059]
 [359.           0.321        0.05372616]
 [360.           0.3264       0.07026593]
 [361.           0.3278       0.09395584]
 [362.           0.3242       0.11287692]
 [363.           0.328        0.12088838]
 [364.           0.33380002   0.12360906]
 [365.           0.33940002   0.12387817]
 [366.           0.3334       0.11702266]
 [367.           0.33699998   0.11589652]
 [368.           0.342        0.10948058]
 [369.           0.34600002   0.10763133]
 [370.           0.34340003   0.10740019]
 [371.           0.3356       0.10683773]
 [372.           0.33520004   0.10590184]
 [373.           0.33479998   0.10129758]
 [374.           0.34100002   0.09792345]
 [375.           0.3468       0.09333113]
 [376.           0.3464       0.09045331]
 [377.           0.3388       0.08544707]
 [378.           0.3396       0.09400693]
 [379.           0.341        0.09719311]
 [380.           0.33         0.09012491]
 [381.           0.3364       0.07092813]
 [382.           0.3318       0.04851495]
 [383.           0.33540002   0.05465619]
 [384.           0.3388       0.05202596]
 [385.           0.3396       0.05335072]
 [386.           0.3442       0.0452736 ]
 [387.           0.3544       0.04188436]
 [388.           0.3658       0.04729903]
 [389.           0.368        0.05690342]
 [390.           0.3694       0.0670619 ]
 [391.           0.3752       0.07294656]
 [392.           0.37600002   0.08789197]
 [393.           0.36960003   0.10508712]
 [394.           0.364        0.10536128]
 [395.           0.34600002   0.08616264]
 [396.           0.3344       0.08420391]
 [397.           0.3218       0.08295903]
 [398.           0.3046       0.09354038]
 [399.           0.304        0.10951485]
 [400.           0.3004       0.10319544]]
Dataset       :Computers
Model         :GCN
Conden ratio  :0.25
GC            :5
LearnA        :0
Max Test Accuracy:
0.527
Best Result: Epoch   Acc  Std.
               392 0.3760  0.0879
