Set seed
Model APPNP
--------------------------------------------------
The 1th iteration:
--------------------------------------------------
--------------------------------------------------
The 2th iteration:
--------------------------------------------------
--------------------------------------------------
The 3th iteration:
--------------------------------------------------
--------------------------------------------------
The 4th iteration:
--------------------------------------------------
--------------------------------------------------
The 5th iteration:
--------------------------------------------------
[[  1.           0.10140001   0.00114017]
 [  2.           0.1104       0.02159398]
 [  3.           0.10039999   0.00089442]
 [  4.           0.1002       0.00044721]
 [  5.           0.10040001   0.00054772]
 [  6.           0.10040001   0.00054772]
 [  7.           0.1          0.        ]
 [  8.           0.1          0.        ]
 [  9.           0.1          0.        ]
 [ 10.           0.1          0.        ]
 [ 11.           0.1          0.        ]
 [ 12.           0.1          0.        ]
 [ 13.           0.1002       0.00044721]
 [ 14.           0.1002       0.00044721]
 [ 15.           0.1006       0.00089442]
 [ 16.           0.12100001   0.04529901]
 [ 17.           0.1414       0.09090544]
 [ 18.           0.14060001   0.08688959]
 [ 19.           0.14680001   0.06704998]
 [ 20.           0.1368       0.04880267]
 [ 21.           0.15100001   0.05539855]
 [ 22.           0.1676       0.06478658]
 [ 23.           0.19099998   0.06681317]
 [ 24.           0.1962       0.08332587]
 [ 25.           0.19759999   0.08285711]
 [ 26.           0.2306       0.07024457]
 [ 27.           0.2798       0.03466554]
 [ 28.           0.2984       0.02056211]
 [ 29.           0.284        0.01111306]
 [ 30.           0.2696       0.03533836]
 [ 31.           0.28320003   0.05733847]
 [ 32.           0.2854       0.06333482]
 [ 33.           0.30519998   0.0438714 ]
 [ 34.           0.3138       0.04623528]
 [ 35.           0.31780002   0.04842727]
 [ 36.           0.32220003   0.05305845]
 [ 37.           0.3228       0.05301606]
 [ 38.           0.31780002   0.04841177]
 [ 39.           0.31500003   0.04367494]
 [ 40.           0.30920002   0.03372241]
 [ 41.           0.30020002   0.0295161 ]
 [ 42.           0.297        0.03299241]
 [ 43.           0.30179998   0.03443399]
 [ 44.           0.305        0.03583294]
 [ 45.           0.3062       0.03474477]
 [ 46.           0.30760002   0.03435549]
 [ 47.           0.31440002   0.04010984]
 [ 48.           0.31739998   0.04324697]
 [ 49.           0.3198       0.04596956]
 [ 50.           0.3218       0.04990691]
 [ 51.           0.321        0.05006497]
 [ 52.           0.32000002   0.0496387 ]
 [ 53.           0.3184       0.04677394]
 [ 54.           0.3184       0.04163292]
 [ 55.           0.32320002   0.03859013]
 [ 56.           0.33020002   0.03982082]
 [ 57.           0.3328       0.04357409]
 [ 58.           0.331        0.04453649]
 [ 59.           0.33020002   0.04507994]
 [ 60.           0.32860002   0.04625256]
 [ 61.           0.3292       0.04667655]
 [ 62.           0.3292       0.04612158]
 [ 63.           0.3316       0.0453244 ]
 [ 64.           0.3326       0.04367839]
 [ 65.           0.3336       0.04324698]
 [ 66.           0.3366       0.04416221]
 [ 67.           0.338        0.0445926 ]
 [ 68.           0.33940002   0.04526921]
 [ 69.           0.3426       0.04559936]
 [ 70.           0.3456       0.04613351]
 [ 71.           0.345        0.04583668]
 [ 72.           0.34440002   0.04479173]
 [ 73.           0.3442       0.04284507]
 [ 74.           0.3464       0.04206306]
 [ 75.           0.35040003   0.04358669]
 [ 76.           0.35619998   0.04703934]
 [ 77.           0.3606       0.05028719]
 [ 78.           0.3644       0.05218046]
 [ 79.           0.3666       0.05276645]
 [ 80.           0.3672       0.05329351]
 [ 81.           0.3676       0.05271906]
 [ 82.           0.37219998   0.04745733]
 [ 83.           0.3792       0.03912415]
 [ 84.           0.38220003   0.03763243]
 [ 85.           0.3836       0.03643213]
 [ 86.           0.3816       0.03850065]
 [ 87.           0.3824       0.03785234]
 [ 88.           0.3808       0.04051791]
 [ 89.           0.3828       0.03878402]
 [ 90.           0.38660002   0.03394556]
 [ 91.           0.39180002   0.03130016]
 [ 92.           0.39560002   0.03138949]
 [ 93.           0.3986       0.03212943]
 [ 94.           0.3976       0.03152459]
 [ 95.           0.396        0.03091925]
 [ 96.           0.3948       0.03108377]
 [ 97.           0.39560002   0.03114964]
 [ 98.           0.398        0.03063495]
 [ 99.           0.40100002   0.0305041 ]
 [100.           0.4028       0.0298446 ]
 [101.           0.40440002   0.03079448]
 [102.           0.4066       0.03223818]
 [103.           0.40640002   0.03145314]
 [104.           0.4052       0.03007824]
 [105.           0.4034       0.0274372 ]
 [106.           0.40299997   0.02754087]
 [107.           0.4046       0.02719006]
 [108.           0.40700004   0.02843413]
 [109.           0.4094       0.0304516 ]
 [110.           0.41020003   0.03147539]
 [111.           0.41140005   0.03301969]
 [112.           0.41160002   0.03144519]
 [113.           0.4126       0.0279428 ]
 [114.           0.4158       0.02640454]
 [115.           0.41640002   0.02697777]
 [116.           0.4178       0.02752636]
 [117.           0.41940004   0.02881494]
 [118.           0.42319998   0.03146745]
 [119.           0.42459998   0.03308021]
 [120.           0.4252       0.03351417]
 [121.           0.4258       0.03359614]
 [122.           0.42580006   0.03367046]
 [123.           0.4264       0.03426076]
 [124.           0.4262       0.03367047]
 [125.           0.42720005   0.03515965]
 [126.           0.42700005   0.03495712]
 [127.           0.42880002   0.03664969]
 [128.           0.42940003   0.03726661]
 [129.           0.42940003   0.03726661]
 [130.           0.4292       0.03694861]
 [131.           0.42939997   0.03711199]
 [132.           0.43000004   0.03767625]
 [133.           0.42999998   0.03770941]
 [134.           0.429        0.03680354]
 [135.           0.42880002   0.03658141]
 [136.           0.42880002   0.03655408]
 [137.           0.429        0.03628362]
 [138.           0.42939997   0.03656912]
 [139.           0.429        0.03669468]
 [140.           0.42880002   0.03648561]
 [141.           0.4296       0.03719946]
 [142.           0.4292       0.036908  ]
 [143.           0.4292       0.03688088]
 [144.           0.4292       0.03682661]
 [145.           0.429        0.0366265 ]
 [146.           0.42860004   0.03676002]
 [147.           0.42840004   0.03663742]
 [148.           0.4296       0.03723977]
 [149.           0.42939997   0.03712546]
 [150.           0.4302       0.03777168]
 [151.           0.4298       0.03742593]
 [152.           0.4298       0.03737245]
 [153.           0.4298       0.03742593]
 [154.           0.4298       0.03695538]
 [155.           0.4296       0.03674643]
 [156.           0.4302       0.03735906]
 [157.           0.43039998   0.03807623]
 [158.           0.43080002   0.03833015]
 [159.           0.43079996   0.03826486]
 [160.           0.43100005   0.03836665]
 [161.           0.43080002   0.03775845]
 [162.           0.43000004   0.03705402]
 [163.           0.4296       0.03719946]
 [164.           0.4302       0.03827139]
 [165.           0.43039998   0.03848766]
 [166.           0.431        0.03903203]
 [167.           0.4316       0.03851365]
 [168.           0.4312       0.03807493]
 [169.           0.431        0.0383471 ]
 [170.           0.42999998   0.03750999]
 [171.           0.43060002   0.03813529]
 [172.           0.431        0.03894226]
 [173.           0.43140003   0.03881752]
 [174.           0.43100005   0.03852272]
 [175.           0.43080002   0.03822565]
 [176.           0.4296       0.03756728]
 [177.           0.42959997   0.03754064]
 [178.           0.43080002   0.03873885]
 [179.           0.43080002   0.0383171 ]
 [180.           0.43100005   0.03859404]
 [181.           0.4306       0.03817461]
 [182.           0.42960006   0.03723977]
 [183.           0.429        0.03711468]
 [184.           0.4298       0.0377849 ]
 [185.           0.43039998   0.03799737]
 [186.           0.43140003   0.03841615]
 [187.           0.4322       0.03955628]
 [188.           0.43120003   0.03858368]
 [189.           0.43060002   0.0380828 ]
 [190.           0.4296       0.03729343]
 [191.           0.42939997   0.0371793 ]
 [192.           0.4292       0.03708369]
 [193.           0.4302       0.03743928]
 [194.           0.431        0.03848376]
 [195.           0.432        0.03926195]
 [196.           0.43080002   0.0381733 ]
 [197.           0.4296       0.0371322 ]
 [198.           0.43000004   0.03757659]
 [199.           0.4302       0.03800921]
 [200.           0.43080002   0.03797631]
 [201.           0.43120003   0.03815365]
 [202.           0.4324       0.03920843]
 [203.           0.4316       0.03897179]
 [204.           0.43060002   0.0380828 ]
 [205.           0.43000004   0.03756994]
 [206.           0.43140003   0.03848767]
 [207.           0.43140003   0.03839662]
 [208.           0.43100005   0.03795393]
 [209.           0.4312       0.03863548]
 [210.           0.432        0.03891016]
 [211.           0.43120003   0.03823218]
 [212.           0.431        0.03800001]
 [213.           0.432        0.03894228]
 [214.           0.432        0.03889089]
 [215.           0.43140003   0.03877241]
 [216.           0.43120003   0.03902179]
 [217.           0.43140003   0.03840964]
 [218.           0.431        0.03844477]
 [219.           0.4306       0.03806968]
 [220.           0.43140003   0.03887544]
 [221.           0.43140003   0.03881752]
 [222.           0.431        0.03978064]
 [223.           0.43080002   0.03864194]
 [224.           0.43179998   0.03913055]
 [225.           0.43260002   0.03983466]
 [226.           0.4316       0.03890758]
 [227.           0.43080002   0.03869367]
 [228.           0.43120003   0.03866782]
 [229.           0.43080002   0.03827141]
 [230.           0.43179998   0.03863548]
 [231.           0.43179998   0.0390794 ]
 [232.           0.432        0.0392683 ]
 [233.           0.432        0.03926195]
 [234.           0.43100005   0.0383862 ]
 [235.           0.4312       0.03898974]
 [236.           0.4316       0.03935479]
 [237.           0.4324       0.03964594]
 [238.           0.432        0.0392683 ]
 [239.           0.4322       0.03944237]
 [240.           0.4316       0.04027779]
 [241.           0.43100005   0.03973034]
 [242.           0.4316       0.03935479]
 [243.           0.4324       0.03918929]
 [244.           0.4322       0.03946137]
 [245.           0.4316       0.03936115]
 [246.           0.43140003   0.03917015]
 [247.           0.43140003   0.03917015]
 [248.           0.43220004   0.03944237]
 [249.           0.43219995   0.03899616]
 [250.           0.4322       0.03900898]
 [251.           0.43080002   0.039073  ]
 [252.           0.4316       0.03890116]
 [253.           0.4316       0.03889474]
 [254.           0.43179998   0.03862254]
 [255.           0.43179998   0.03954364]
 [256.           0.4316       0.03934844]
 [257.           0.4312       0.03899615]
 [258.           0.4306       0.03799079]
 [259.           0.4312       0.03806836]
 [260.           0.43179998   0.03862253]
 [261.           0.43179998   0.03954364]
 [262.           0.43179998   0.03954364]
 [263.           0.43179998   0.039531  ]
 [264.           0.4302       0.03762578]
 [265.           0.43060002   0.03798421]
 [266.           0.431        0.03834058]
 [267.           0.4316       0.03935479]
 [268.           0.43140003   0.03917015]
 [269.           0.43120003   0.03898973]
 [270.           0.431        0.03880076]
 [271.           0.4306       0.03754065]
 [272.           0.431        0.03790119]
 [273.           0.431        0.03882654]
 [274.           0.43039998   0.03873369]
 [275.           0.43079996   0.03861605]
 [276.           0.43080002   0.03864193]
 [277.           0.43140003   0.03873371]
 [278.           0.4316       0.03889474]
 [279.           0.43080002   0.03864194]
 [280.           0.43080002   0.03864194]
 [281.           0.43100005   0.03836665]
 [282.           0.43140003   0.03825311]
 [283.           0.43140003   0.03871433]
 [284.           0.43240005   0.03963331]
 [285.           0.4322       0.03946137]
 [286.           0.43080002   0.03863547]
 [287.           0.431        0.03880721]
 [288.           0.43080002   0.03862254]
 [289.           0.43140003   0.03826617]
 [290.           0.43140003   0.03873371]
 [291.           0.431        0.03882653]
 [292.           0.4312       0.03898974]
 [293.           0.4312       0.03898974]
 [294.           0.43120003   0.03898333]
 [295.           0.431        0.03881365]
 [296.           0.43140003   0.03917013]
 [297.           0.43179998   0.03909859]
 [298.           0.43179998   0.0390794 ]
 [299.           0.4316       0.03843567]
 [300.           0.43060002   0.03844867]
 [301.           0.4306       0.03843566]
 [302.           0.4316       0.03936115]
 [303.           0.43219995   0.03899616]
 [304.           0.43199998   0.03880721]
 [305.           0.4324       0.03872081]
 [306.           0.43140003   0.03825311]
 [307.           0.43080002   0.0390986 ]
 [308.           0.43140003   0.03917015]
 [309.           0.43179998   0.03863548]
 [310.           0.43199998   0.03883298]
 [311.           0.43199998   0.03926831]
 [312.           0.43140003   0.03919567]
 [313.           0.43039998   0.03917652]
 [314.           0.43199998   0.03926831]
 [315.           0.4316       0.03844216]
 [316.           0.43179998   0.03910499]
 [317.           0.43140003   0.04009739]
 [318.           0.43039998   0.0405931 ]
 [319.           0.43199998   0.03928104]
 [320.           0.43199998   0.03926831]
 [321.           0.43180004   0.03908581]
 [322.           0.432        0.0392683 ]
 [323.           0.43080002   0.03907942]
 [324.           0.431        0.04068784]
 [325.           0.43140003   0.03966485]
 [326.           0.4322       0.03899616]
 [327.           0.43179998   0.03861607]
 [328.           0.4316       0.03936115]
 [329.           0.4306       0.04078358]
 [330.           0.43080002   0.04097805]
 [331.           0.4316       0.03985975]
 [332.           0.43179998   0.03911138]
 [333.           0.431        0.03881365]
 [334.           0.431        0.03974292]
 [335.           0.43039998   0.0405931 ]
 [336.           0.43079996   0.04096584]
 [337.           0.4316       0.03938019]
 [338.           0.4312       0.03856423]
 [339.           0.4312       0.03856423]
 [340.           0.43000004   0.04118251]
 [341.           0.4306       0.04125894]
 [342.           0.43179998   0.040015  ]
 [343.           0.43179998   0.03911138]
 [344.           0.43080002   0.0396005 ]
 [345.           0.43000004   0.04075537]
 [346.           0.43039998   0.04107677]
 [347.           0.4316       0.04029019]
 [348.           0.43199998   0.03927468]
 [349.           0.43140003   0.03873371]
 [350.           0.43000004   0.0402368 ]
 [351.           0.4306       0.04128318]
 [352.           0.43080002   0.03958157]
 [353.           0.43179998   0.03911138]
 [354.           0.432        0.03883298]
 [355.           0.4306       0.04035841]
 [356.           0.4302       0.04234028]
 [357.           0.43039998   0.0415668 ]
 [358.           0.4316       0.0389397 ]
 [359.           0.4322       0.03856423]
 [360.           0.43199998   0.0392874 ]
 [361.           0.42980003   0.04197261]
 [362.           0.42980003   0.04197261]
 [363.           0.4316       0.03985348]
 [364.           0.432        0.03883298]
 [365.           0.43179998   0.03959419]
 [366.           0.4306       0.04037698]
 [367.           0.4302       0.04142706]
 [368.           0.4306       0.03939924]
 [369.           0.43199998   0.03886515]
 [370.           0.43179998   0.03959419]
 [371.           0.4306       0.04037698]
 [372.           0.43000004   0.04027407]
 [373.           0.4306       0.03938656]
 [374.           0.431        0.0393065 ]
 [375.           0.43140003   0.040141  ]
 [376.           0.4306       0.04038936]
 [377.           0.4312       0.03995873]
 [378.           0.43080002   0.03958157]
 [379.           0.4306       0.03988484]
 [380.           0.43000004   0.04077377]
 [381.           0.4306       0.04134367]
 [382.           0.43079996   0.04055491]
 [383.           0.4316       0.04037698]
 [384.           0.43080002   0.0396005 ]
 [385.           0.43039998   0.04060542]
 [386.           0.42980003   0.04102072]
 [387.           0.4306       0.04035221]
 [388.           0.43039998   0.04019081]
 [389.           0.4306       0.0398723 ]
 [390.           0.42939997   0.0392594 ]
 [391.           0.43000004   0.04026786]
 [392.           0.43000004   0.04079829]
 [393.           0.431        0.04028647]
 [394.           0.43120003   0.03992118]
 [395.           0.4296       0.03944998]
 [396.           0.42840004   0.04030261]
 [397.           0.4292       0.04099024]
 [398.           0.4302       0.03998375]
 [399.           0.43140003   0.03965855]
 [400.           0.43039998   0.03829231]]
Dataset       :Computers
Model         :APPNP
Conden ratio  :0.25
GC            :5
LearnA        :1
Max Test Accuracy:
0.465
Best Result: Epoch   Acc  Std.
               225 0.4326  0.0398
