Set seed
Model SGC
--------------------------------------------------
The 1th iteration:
--------------------------------------------------
--------------------------------------------------
The 2th iteration:
--------------------------------------------------
--------------------------------------------------
The 3th iteration:
--------------------------------------------------
--------------------------------------------------
The 4th iteration:
--------------------------------------------------
--------------------------------------------------
The 5th iteration:
--------------------------------------------------
[[  1.           0.122        0.0304795 ]
 [  2.           0.1018       0.05310085]
 [  3.           0.093        0.03068387]
 [  4.           0.102        0.00339116]
 [  5.           0.129        0.04509989]
 [  6.           0.1394       0.05274278]
 [  7.           0.16620003   0.06139788]
 [  8.           0.17980002   0.07110345]
 [  9.           0.172        0.04709034]
 [ 10.           0.15640001   0.05674768]
 [ 11.           0.1664       0.08014862]
 [ 12.           0.162        0.09605207]
 [ 13.           0.1454       0.05116933]
 [ 14.           0.1442       0.04319375]
 [ 15.           0.1494       0.03883684]
 [ 16.           0.1628       0.02738978]
 [ 17.           0.16860001   0.02682909]
 [ 18.           0.18020001   0.03948671]
 [ 19.           0.19100001   0.0397555 ]
 [ 20.           0.19399999   0.03354847]
 [ 21.           0.18900001   0.04030509]
 [ 22.           0.1976       0.06643267]
 [ 23.           0.20780002   0.08007622]
 [ 24.           0.21560001   0.08759166]
 [ 25.           0.20840001   0.0680463 ]
 [ 26.           0.2074       0.05910414]
 [ 27.           0.21079998   0.05308202]
 [ 28.           0.2178       0.05232304]
 [ 29.           0.22520001   0.05103626]
 [ 30.           0.22839999   0.05220441]
 [ 31.           0.23200002   0.0543691 ]
 [ 32.           0.23340002   0.0549618 ]
 [ 33.           0.2388       0.05483338]
 [ 34.           0.244        0.0518411 ]
 [ 35.           0.2502       0.0509431 ]
 [ 36.           0.2562       0.04650483]
 [ 37.           0.25820002   0.04473477]
 [ 38.           0.2606       0.04183659]
 [ 39.           0.26160002   0.04261807]
 [ 40.           0.2624       0.04412822]
 [ 41.           0.26360002   0.04531336]
 [ 42.           0.26500002   0.04616817]
 [ 43.           0.2684       0.04484751]
 [ 44.           0.27340004   0.04441058]
 [ 45.           0.279        0.04368066]
 [ 46.           0.28239998   0.04261807]
 [ 47.           0.2836       0.04036458]
 [ 48.           0.28280002   0.0391561 ]
 [ 49.           0.2824       0.03776638]
 [ 50.           0.287        0.03845127]
 [ 51.           0.2868       0.03914332]
 [ 52.           0.28860003   0.04070995]
 [ 53.           0.2902       0.0428684 ]
 [ 54.           0.2928       0.04447696]
 [ 55.           0.2954       0.04739515]
 [ 56.           0.29580003   0.05027624]
 [ 57.           0.29720002   0.04997199]
 [ 58.           0.2984       0.05153931]
 [ 59.           0.2996       0.05361716]
 [ 60.           0.3016       0.05705962]
 [ 61.           0.3018       0.05919629]
 [ 62.           0.3034       0.06178431]
 [ 63.           0.3052       0.06450349]
 [ 64.           0.3048       0.06388036]
 [ 65.           0.3046       0.06485215]
 [ 66.           0.30359998   0.06453526]
 [ 67.           0.303        0.06674203]
 [ 68.           0.3042       0.06876554]
 [ 69.           0.3046       0.07188394]
 [ 70.           0.306        0.07292462]
 [ 71.           0.30580002   0.07401824]
 [ 72.           0.305        0.07616758]
 [ 73.           0.3046       0.07597236]
 [ 74.           0.30380002   0.07663681]
 [ 75.           0.30280003   0.07723471]
 [ 76.           0.3016       0.07770008]
 [ 77.           0.30020002   0.07757061]
 [ 78.           0.2998       0.07774124]
 [ 79.           0.29860002   0.07831219]
 [ 80.           0.2996       0.07965112]
 [ 81.           0.29920003   0.07923195]
 [ 82.           0.2994       0.08005498]
 [ 83.           0.2988       0.07993872]
 [ 84.           0.2988       0.07924455]
 [ 85.           0.2976       0.07871658]
 [ 86.           0.29700002   0.07799359]
 [ 87.           0.2968       0.07772515]
 [ 88.           0.2964       0.07779653]
 [ 89.           0.29560003   0.07760669]
 [ 90.           0.29500002   0.07806408]
 [ 91.           0.29459998   0.07802115]
 [ 92.           0.29320002   0.07719263]
 [ 93.           0.2936       0.07743578]
 [ 94.           0.29340002   0.07754547]
 [ 95.           0.2938       0.0776962 ]
 [ 96.           0.2938       0.07764792]
 [ 97.           0.2926       0.07781581]
 [ 98.           0.2928       0.07783123]
 [ 99.           0.2938       0.07814538]
 [100.           0.2942       0.07880799]
 [101.           0.2936       0.07858627]
 [102.           0.2938       0.07809417]
 [103.           0.29340002   0.07876103]
 [104.           0.29380003   0.07856654]
 [105.           0.2942       0.07817096]
 [106.           0.293        0.07700974]
 [107.           0.29299998   0.07717188]
 [108.           0.29160002   0.07702792]
 [109.           0.29140002   0.07694998]
 [110.           0.29099998   0.07611504]
 [111.           0.2912       0.07599144]
 [112.           0.29220003   0.07683554]
 [113.           0.29200003   0.07643624]
 [114.           0.2916       0.0765983 ]
 [115.           0.29140002   0.07591641]
 [116.           0.2912       0.07516449]
 [117.           0.2912       0.07460362]
 [118.           0.2918       0.07562869]
 [119.           0.2924       0.07615642]
 [120.           0.2922       0.07496466]
 [121.           0.29200003   0.07501   ]
 [122.           0.2914       0.07424486]
 [123.           0.2912       0.07383563]
 [124.           0.2912       0.07315531]
 [125.           0.29180002   0.07328848]
 [126.           0.2924       0.07407632]
 [127.           0.2918       0.07431488]
 [128.           0.2916       0.07439288]
 [129.           0.2912       0.07414984]
 [130.           0.2912       0.07414984]
 [131.           0.2908       0.07406551]
 [132.           0.29099998   0.07455535]
 [133.           0.2908       0.07528745]
 [134.           0.2908       0.07612292]
 [135.           0.2908       0.07654541]
 [136.           0.2904       0.07673201]
 [137.           0.29000002   0.07589796]
 [138.           0.2892       0.07501134]
 [139.           0.2882       0.07438884]
 [140.           0.2876       0.07335734]
 [141.           0.2868       0.07164635]
 [142.           0.2864       0.07157025]
 [143.           0.286        0.0703278 ]
 [144.           0.286        0.07008923]
 [145.           0.2856       0.06975169]
 [146.           0.2854       0.06986272]
 [147.           0.2852       0.06997642]
 [148.           0.28480002   0.07016908]
 [149.           0.2836       0.06954711]
 [150.           0.28280002   0.06874374]
 [151.           0.28260002   0.06930224]
 [152.           0.2818       0.06977249]
 [153.           0.2814       0.0710338 ]
 [154.           0.28120002   0.07156605]
 [155.           0.28140002   0.07174469]
 [156.           0.28120002   0.07202221]
 [157.           0.2804       0.07147587]
 [158.           0.2804       0.07147587]
 [159.           0.28         0.07096478]
 [160.           0.28         0.07144578]
 [161.           0.2806       0.07164007]
 [162.           0.2806       0.07238992]
 [163.           0.2804       0.07255206]
 [164.           0.2806       0.07188395]
 [165.           0.2808       0.07182758]
 [166.           0.281        0.07250172]
 [167.           0.2814       0.07219626]
 [168.           0.2812       0.07225441]
 [169.           0.2806       0.07253136]
 [170.           0.2808       0.0722544 ]
 [171.           0.281        0.0722011 ]
 [172.           0.2808       0.07187281]
 [173.           0.2808       0.07137016]
 [174.           0.2804       0.07136735]
 [175.           0.2802       0.07205346]
 [176.           0.28059998   0.07210962]
 [177.           0.28079998   0.07183801]
 [178.           0.2806       0.07218242]
 [179.           0.2804       0.07166102]
 [180.           0.2802       0.07215402]
 [181.           0.2798       0.0727097 ]
 [182.           0.2796       0.07219972]
 [183.           0.2796       0.07166798]
 [184.           0.2798       0.07098734]
 [185.           0.2796       0.07043651]
 [186.           0.27940002   0.07028371]
 [187.           0.2796       0.07009494]
 [188.           0.2794       0.06974811]
 [189.           0.27920002   0.06940246]
 [190.           0.2794       0.06868624]
 [191.           0.2784       0.06827006]
 [192.           0.2784       0.06794336]
 [193.           0.2782       0.06812635]
 [194.           0.27760002   0.06749296]
 [195.           0.27760002   0.06695745]
 [196.           0.27780002   0.06677724]
 [197.           0.27800003   0.06713047]
 [198.           0.27780002   0.06677724]
 [199.           0.2786       0.0671327 ]
 [200.           0.2782       0.06726961]
 [201.           0.2782       0.06749593]
 [202.           0.279        0.06794482]
 [203.           0.279        0.06794482]
 [204.           0.279        0.06847263]
 [205.           0.279        0.06847263]
 [206.           0.27859998   0.06798381]
 [207.           0.2784       0.0675596 ]
 [208.           0.2782       0.06743663]
 [209.           0.2784       0.0677997 ]
 [210.           0.27920002   0.06795365]
 [211.           0.27920002   0.06795365]
 [212.           0.2794       0.0675855 ]
 [213.           0.27940002   0.06734464]
 [214.           0.279        0.06685805]
 [215.           0.279        0.06685805]
 [216.           0.2792       0.06680344]
 [217.           0.27879998   0.06604695]
 [218.           0.2788       0.06527022]
 [219.           0.2788       0.0651053 ]
 [220.           0.2788       0.06459644]
 [221.           0.279        0.06454843]
 [222.           0.27940002   0.0642674 ]
 [223.           0.27940002   0.06411163]
 [224.           0.2796       0.06447713]
 [225.           0.2796       0.06423628]
 [226.           0.2796       0.06423628]
 [227.           0.27940002   0.06386939]
 [228.           0.2792       0.06350354]
 [229.           0.279        0.0635492 ]
 [230.           0.279        0.0635492 ]
 [231.           0.2794       0.06328744]
 [232.           0.2796       0.06267217]
 [233.           0.2802       0.06279889]
 [234.           0.2802       0.06279889]
 [235.           0.2806       0.0635319 ]
 [236.           0.2804       0.06295078]
 [237.           0.2804       0.06289516]
 [238.           0.2804       0.06289516]
 [239.           0.2806       0.06278774]
 [240.           0.2804       0.06289516]
 [241.           0.281        0.0640039 ]
 [242.           0.28120002   0.06437547]
 [243.           0.28120002   0.06437547]
 [244.           0.2812       0.063896  ]
 [245.           0.28140002   0.06498692]
 [246.           0.282        0.06611731]
 [247.           0.28280002   0.06666858]
 [248.           0.2832       0.06694923]
 [249.           0.2836       0.06771114]
 [250.           0.2836       0.06771114]
 [251.           0.28379998   0.06761434]
 [252.           0.28379998   0.06761434]
 [253.           0.284        0.06799633]
 [254.           0.284        0.06732384]
 [255.           0.284        0.06732384]
 [256.           0.2842       0.06770673]
 [257.           0.28480002   0.06837909]
 [258.           0.285        0.0687641 ]
 [259.           0.28480002   0.06869644]
 [260.           0.28480002   0.06869644]
 [261.           0.28480002   0.06869644]
 [262.           0.28460002   0.06863163]
 [263.           0.2846       0.06930583]
 [264.           0.2846       0.06930583]
 [265.           0.28480002   0.06969362]
 [266.           0.285        0.06912669]
 [267.           0.2852       0.06951404]
 [268.           0.2852       0.06951404]
 [269.           0.2856       0.06961536]
 [270.           0.2852       0.06963261]
 [271.           0.285        0.06971011]
 [272.           0.28480002   0.06979757]
 [273.           0.28480002   0.06979757]
 [274.           0.2846       0.06987704]
 [275.           0.284        0.06903622]
 [276.           0.2844       0.06886798]
 [277.           0.28440002   0.0683981 ]
 [278.           0.284        0.06809185]
 [279.           0.2842       0.06823269]
 [280.           0.2842       0.06777684]
 [281.           0.284        0.06806982]
 [282.           0.2836       0.06824442]
 [283.           0.2836       0.06824442]
 [284.           0.284        0.06809185]
 [285.           0.2842       0.06803088]
 [286.           0.2844       0.06773699]
 [287.           0.2844       0.06773699]
 [288.           0.2844       0.06773699]
 [289.           0.2842       0.06758846]
 [290.           0.2846       0.06748186]
 [291.           0.28480002   0.06786531]
 [292.           0.2846       0.06748186]
 [293.           0.28480002   0.06707981]
 [294.           0.28480002   0.06707981]
 [295.           0.285        0.0671342 ]
 [296.           0.285        0.0671342 ]
 [297.           0.28480002   0.06718408]
 [298.           0.28480002   0.06718408]
 [299.           0.28480002   0.06673231]
 [300.           0.28520003   0.06650339]
 [301.           0.28520003   0.06650339]
 [302.           0.28520003   0.06650339]
 [303.           0.285        0.06646052]
 [304.           0.2844       0.06599469]
 [305.           0.284        0.06592798]
 [306.           0.2842       0.06551107]
 [307.           0.284        0.06560107]
 [308.           0.2838       0.065694  ]
 [309.           0.284        0.06566583]
 [310.           0.2836       0.0657404 ]
 [311.           0.28340003   0.06603257]
 [312.           0.2832       0.06601287]
 [313.           0.2832       0.06601287]
 [314.           0.28260002   0.06604771]
 [315.           0.28260002   0.06604771]
 [316.           0.28280002   0.06603181]
 [317.           0.2832       0.0664131 ]
 [318.           0.283        0.06561631]
 [319.           0.283        0.06561631]
 [320.           0.28340003   0.0656186 ]
 [321.           0.2832       0.06561022]
 [322.           0.2836       0.06550802]
 [323.           0.28340003   0.0655042 ]
 [324.           0.28340003   0.0655042 ]
 [325.           0.2832       0.06550343]
 [326.           0.283        0.06550573]
 [327.           0.2832       0.06541941]
 [328.           0.2836       0.06533223]
 [329.           0.2836       0.06533223]
 [330.           0.2836       0.06532076]
 [331.           0.284        0.06523419]
 [332.           0.2842       0.06523956]
 [333.           0.28480002   0.06493998]
 [334.           0.285        0.06532992]
 [335.           0.285        0.06532992]
 [336.           0.2852       0.06533911]
 [337.           0.2852       0.06533911]
 [338.           0.285        0.06532992]
 [339.           0.2852       0.06533911]
 [340.           0.2854       0.06535135]
 [341.           0.2854       0.06527097]
 [342.           0.2854       0.06527097]
 [343.           0.2854       0.06527097]
 [344.           0.2856       0.06528629]
 [345.           0.2856       0.06569095]
 [346.           0.2856       0.06569095]
 [347.           0.2856       0.06569095]
 [348.           0.2858       0.06567495]
 [349.           0.2858       0.06567495]
 [350.           0.286        0.06569246]
 [351.           0.286        0.06609842]
 [352.           0.28620002   0.06567876]
 [353.           0.28620002   0.06567876]
 [354.           0.2864       0.06569855]
 [355.           0.28620002   0.06636792]
 [356.           0.28620002   0.06636792]
 [357.           0.28620002   0.06636792]
 [358.           0.2864       0.06675552]
 [359.           0.2864       0.06675552]
 [360.           0.2866       0.06674428]
 [361.           0.2868       0.06713197]
 [362.           0.2868       0.06713197]
 [363.           0.2868       0.06713197]
 [364.           0.287        0.06752037]
 [365.           0.287        0.06752037]
 [366.           0.287        0.06752037]
 [367.           0.287        0.06752037]
 [368.           0.287        0.06752037]
 [369.           0.2872       0.06742921]
 [370.           0.2868       0.06705372]
 [371.           0.2868       0.06705372]
 [372.           0.287        0.06744256]
 [373.           0.287        0.06744256]
 [374.           0.2874       0.06753369]
 [375.           0.2876       0.06675553]
 [376.           0.2878       0.06645826]
 [377.           0.28800002   0.06685058]
 [378.           0.28840002   0.06674429]
 [379.           0.28840002   0.06674429]
 [380.           0.28840002   0.06674429]
 [381.           0.2882       0.06676226]
 [382.           0.28840002   0.06674429]
 [383.           0.28840002   0.06674429]
 [384.           0.28840002   0.06674429]
 [385.           0.28840002   0.06674429]
 [386.           0.28840002   0.06674429]
 [387.           0.28840002   0.06674429]
 [388.           0.2882       0.06683337]
 [389.           0.2882       0.06683337]
 [390.           0.2882       0.06683337]
 [391.           0.28840002   0.06653796]
 [392.           0.28840002   0.06653796]
 [393.           0.2882       0.066556  ]
 [394.           0.28800002   0.06664834]
 [395.           0.28779998   0.06674355]
 [396.           0.28779998   0.06674355]
 [397.           0.28779998   0.06674355]
 [398.           0.28779998   0.06674355]
 [399.           0.28779998   0.06674355]
 [400.           0.28779998   0.06674355]]
Dataset       :Computers
Model         :SGC
Conden ratio  :1.0
GC            :3
LearnA        :0
Max Test Accuracy:
0.4
Best Result: Epoch   Acc  Std.
               70 0.3060  0.0729
