Set seed
Model MLP
--------------------------------------------------
The 1th iteration:
--------------------------------------------------
--------------------------------------------------
The 2th iteration:
--------------------------------------------------
--------------------------------------------------
The 3th iteration:
--------------------------------------------------
--------------------------------------------------
The 4th iteration:
--------------------------------------------------
--------------------------------------------------
The 5th iteration:
--------------------------------------------------
[[  1.           0.10220001   0.0055857 ]
 [  2.           0.134        0.03243455]
 [  3.           0.1134       0.01393916]
 [  4.           0.13859999   0.05938686]
 [  5.           0.1418       0.06091142]
 [  6.           0.14600001   0.02413504]
 [  7.           0.1968       0.06373931]
 [  8.           0.20480001   0.05604641]
 [  9.           0.256        0.03147221]
 [ 10.           0.279        0.00961769]
 [ 11.           0.26760003   0.02855346]
 [ 12.           0.25500003   0.0327185 ]
 [ 13.           0.2536       0.03718602]
 [ 14.           0.2596       0.03491132]
 [ 15.           0.2656       0.03176161]
 [ 16.           0.27         0.0368714 ]
 [ 17.           0.2754       0.03455865]
 [ 18.           0.2854       0.02470425]
 [ 19.           0.305        0.0200624 ]
 [ 20.           0.31360003   0.01316434]
 [ 21.           0.317        0.01853376]
 [ 22.           0.32000002   0.02263846]
 [ 23.           0.3194       0.02170945]
 [ 24.           0.326        0.02066398]
 [ 25.           0.3304       0.02138459]
 [ 26.           0.3292       0.01970279]
 [ 27.           0.32680002   0.01606861]
 [ 28.           0.32680002   0.01338657]
 [ 29.           0.332        0.01471393]
 [ 30.           0.3356       0.01324009]
 [ 31.           0.3352       0.01636154]
 [ 32.           0.33600003   0.01767767]
 [ 33.           0.34420002   0.01207062]
 [ 34.           0.3476       0.0128569 ]
 [ 35.           0.3454       0.01076104]
 [ 36.           0.3448       0.01265701]
 [ 37.           0.3454       0.01504327]
 [ 38.           0.34759998   0.0133903 ]
 [ 39.           0.3504       0.01383112]
 [ 40.           0.354        0.015346  ]
 [ 41.           0.35380003   0.01639206]
 [ 42.           0.3502       0.0155467 ]
 [ 43.           0.356        0.01582719]
 [ 44.           0.3594       0.01840652]
 [ 45.           0.3586       0.01657709]
 [ 46.           0.35819998   0.01832212]
 [ 47.           0.3558       0.02081346]
 [ 48.           0.3622       0.02082546]
 [ 49.           0.364        0.02009975]
 [ 50.           0.3612       0.02404579]
 [ 51.           0.3614       0.02059855]
 [ 52.           0.3616       0.02210882]
 [ 53.           0.35919997   0.02373184]
 [ 54.           0.365        0.02427962]
 [ 55.           0.3636       0.02496598]
 [ 56.           0.36339998   0.02554017]
 [ 57.           0.36420003   0.02640454]
 [ 58.           0.36139998   0.02491586]
 [ 59.           0.3652       0.02586889]
 [ 60.           0.3644       0.02540275]
 [ 61.           0.3616       0.02982114]
 [ 62.           0.3634       0.033441  ]
 [ 63.           0.3612       0.03011146]
 [ 64.           0.3644       0.02951779]
 [ 65.           0.3608       0.02496398]
 [ 66.           0.35840002   0.0267451 ]
 [ 67.           0.35639998   0.02784421]
 [ 68.           0.359        0.02762246]
 [ 69.           0.363        0.031     ]
 [ 70.           0.3632       0.02942278]
 [ 71.           0.3596       0.0290224 ]
 [ 72.           0.3606       0.02729102]
 [ 73.           0.3604       0.02646319]
 [ 74.           0.36380002   0.02983622]
 [ 75.           0.36360002   0.02853594]
 [ 76.           0.3644       0.0275554 ]
 [ 77.           0.3646       0.028369  ]
 [ 78.           0.3642       0.0280125 ]
 [ 79.           0.36200002   0.02525867]
 [ 80.           0.3622       0.02541063]
 [ 81.           0.3658       0.02562615]
 [ 82.           0.36900002   0.02658007]
 [ 83.           0.3704       0.02643482]
 [ 84.           0.3694       0.02494595]
 [ 85.           0.3694       0.02582247]
 [ 86.           0.3716       0.02639697]
 [ 87.           0.37100002   0.02521904]
 [ 88.           0.3708       0.02538109]
 [ 89.           0.373        0.0259326 ]
 [ 90.           0.3714       0.02734593]
 [ 91.           0.37060001   0.0278801 ]
 [ 92.           0.3702       0.02821701]
 [ 93.           0.3702       0.02752635]
 [ 94.           0.3714       0.02652922]
 [ 95.           0.37400004   0.02633439]
 [ 96.           0.3752       0.02710535]
 [ 97.           0.3754       0.02748272]
 [ 98.           0.377        0.02764055]
 [ 99.           0.3766       0.02856222]
 [100.           0.3764       0.02853594]
 [101.           0.3774       0.02825421]
 [102.           0.3776       0.02804995]
 [103.           0.37620002   0.0274536 ]
 [104.           0.3764       0.02719006]
 [105.           0.3776       0.02706104]
 [106.           0.37780002   0.02716983]
 [107.           0.37840003   0.02663268]
 [108.           0.37860003   0.0264159 ]
 [109.           0.37939999   0.02648207]
 [110.           0.37900004   0.0262964 ]
 [111.           0.379        0.02641024]
 [112.           0.3792       0.02634769]
 [113.           0.3786       0.0263116 ]
 [114.           0.3788       0.02635717]
 [115.           0.37960002   0.02539292]
 [116.           0.3802       0.02578178]
 [117.           0.3804       0.02540275]
 [118.           0.37980002   0.02453976]
 [119.           0.3798       0.02414954]
 [120.           0.37939999   0.02377604]
 [121.           0.37939999   0.02377604]
 [122.           0.38         0.02362202]
 [123.           0.3798       0.02344568]
 [124.           0.37919998   0.02338161]
 [125.           0.37820002   0.02359449]
 [126.           0.37840003   0.02393324]
 [127.           0.37840003   0.02393324]
 [128.           0.3784       0.02336236]
 [129.           0.37820002   0.02331737]
 [130.           0.37859997   0.02321206]
 [131.           0.3804       0.0224232 ]
 [132.           0.38120002   0.02219685]
 [133.           0.3824       0.02155922]
 [134.           0.3822       0.02173016]
 [135.           0.38260004   0.02177843]
 [136.           0.3824       0.02140795]
 [137.           0.38320002   0.0207774 ]
 [138.           0.38360003   0.02045238]
 [139.           0.3842       0.02025339]
 [140.           0.3846       0.02009477]
 [141.           0.38480002   0.01976614]
 [142.           0.38480002   0.01976614]
 [143.           0.38439998   0.01980657]
 [144.           0.385        0.02003746]
 [145.           0.38540003   0.01996998]
 [146.           0.3856       0.02025587]
 [147.           0.3862       0.02033962]
 [148.           0.38639998   0.02036664]
 [149.           0.3866       0.02067124]
 [150.           0.387        0.02065188]
 [151.           0.3874       0.02071956]
 [152.           0.38840002   0.02124383]
 [153.           0.38860002   0.02214273]
 [154.           0.3874       0.02267819]
 [155.           0.38719997   0.02264289]
 [156.           0.38680002   0.02344568]
 [157.           0.3864       0.02380756]
 [158.           0.38560003   0.02380756]
 [159.           0.38560003   0.0239228 ]
 [160.           0.3854       0.02418264]
 [161.           0.38480002   0.02477297]
 [162.           0.3846       0.02477499]
 [163.           0.3844       0.02478508]
 [164.           0.3842       0.02446834]
 [165.           0.38439998   0.02446017]
 [166.           0.38459998   0.02446017]
 [167.           0.38439998   0.02438852]
 [168.           0.3838       0.02504397]
 [169.           0.384        0.02510977]
 [170.           0.384        0.02502999]
 [171.           0.384        0.02502999]
 [172.           0.3842       0.02480323]
 [173.           0.3842       0.02480323]
 [174.           0.38320002   0.02465157]
 [175.           0.3836       0.02434749]
 [176.           0.3832       0.02443768]
 [177.           0.383        0.02437212]
 [178.           0.3828       0.02442745]
 [179.           0.38200003   0.02436186]
 [180.           0.38200003   0.02417644]
 [181.           0.38180003   0.02446835]
 [182.           0.38120002   0.02478306]
 [183.           0.3806       0.02478507]
 [184.           0.38120002   0.02477297]
 [185.           0.38120002   0.02480322]
 [186.           0.381        0.02519921]
 [187.           0.3806       0.02515552]
 [188.           0.3806       0.02515552]
 [189.           0.38059998   0.02518532]
 [190.           0.3812       0.0252923 ]
 [191.           0.3814       0.02534364]
 [192.           0.38079998   0.02528241]
 [193.           0.381        0.02524877]
 [194.           0.3808       0.02577208]
 [195.           0.38079998   0.02511375]
 [196.           0.381        0.0254067 ]
 [197.           0.38140002   0.02540276]
 [198.           0.38140002   0.02547156]
 [199.           0.38120002   0.02501399]
 [200.           0.3812       0.02496397]
 [201.           0.3806       0.02483546]
 [202.           0.37939999   0.02495596]
 [203.           0.3788       0.02512369]
 [204.           0.379        0.02505993]
 [205.           0.3792       0.02490381]
 [206.           0.3792       0.02490381]
 [207.           0.37939999   0.02457234]
 [208.           0.3802       0.02420123]
 [209.           0.3794       0.02439877]
 [210.           0.37840003   0.0253239 ]
 [211.           0.3778       0.02585924]
 [212.           0.3776       0.02600577]
 [213.           0.37840003   0.02554017]
 [214.           0.3788       0.0253811 ]
 [215.           0.3794       0.02494594]
 [216.           0.3794       0.02494594]
 [217.           0.3794       0.02547154]
 [218.           0.37960002   0.02519524]
 [219.           0.37960002   0.02519524]
 [220.           0.3794       0.02534364]
 [221.           0.38000003   0.0255049 ]
 [222.           0.379        0.02614383]
 [223.           0.37920004   0.02618587]
 [224.           0.37960002   0.02583215]
 [225.           0.37960002   0.02583215]
 [226.           0.37960002   0.02567684]
 [227.           0.37980002   0.02551862]
 [228.           0.38         0.02525866]
 [229.           0.3802       0.02524281]
 [230.           0.38         0.02540669]
 [231.           0.3802       0.02544994]
 [232.           0.3804       0.02528437]
 [233.           0.3806       0.02502598]
 [234.           0.3808       0.02486362]
 [235.           0.38059998   0.02512567]
 [236.           0.381        0.0246069 ]
 [237.           0.3808       0.02486362]
 [238.           0.381        0.0246069 ]
 [239.           0.38059998   0.02512567]
 [240.           0.3808       0.02486362]
 [241.           0.38079998   0.02497398]
 [242.           0.381        0.0247083 ]
 [243.           0.38059998   0.02512567]
 [244.           0.3804       0.02484552]
 [245.           0.3802       0.02510378]
 [246.           0.38         0.02525866]
 [247.           0.37960002   0.02567684]
 [248.           0.3798       0.02542046]
 [249.           0.37939999   0.02593838]
 [250.           0.3798       0.02534166]
 [251.           0.379        0.02636285]
 [252.           0.3798       0.02534166]
 [253.           0.3778       0.02789624]
 [254.           0.3798       0.02534166]
 [255.           0.3774       0.02863215]
 [256.           0.3796       0.02552058]
 [257.           0.3774       0.02833372]
 [258.           0.37900004   0.0261916 ]
 [259.           0.3788       0.02644238]
 [260.           0.3778       0.02749909]
 [261.           0.379        0.02620114]
 [262.           0.37719998   0.0285517 ]
 [263.           0.3788       0.02639506]
 [264.           0.3784       0.02694067]
 [265.           0.3786       0.02676377]
 [266.           0.379        0.02625834]
 [267.           0.3768       0.02728003]
 [268.           0.379        0.02667396]
 [269.           0.37719998   0.02643293]
 [270.           0.37820002   0.02695736]
 [271.           0.37820002   0.02695736]
 [272.           0.3774       0.02835137]
 [273.           0.3788       0.02652735]
 [274.           0.3776       0.0281922 ]
 [275.           0.37800002   0.02739525]
 [276.           0.3776       0.02726353]
 [277.           0.3766       0.02849211]
 [278.           0.3774       0.02688495]
 [279.           0.3764       0.02898793]
 [280.           0.3776       0.02783523]
 [281.           0.37620002   0.02968501]
 [282.           0.3774       0.02808557]
 [283.           0.3772       0.02834078]
 [284.           0.37680003   0.02867403]
 [285.           0.3776       0.02760072]
 [286.           0.3764       0.02923696]
 [287.           0.3776       0.02743719]
 [288.           0.3764       0.02908264]
 [289.           0.3776       0.02743719]
 [290.           0.3766       0.02905684]
 [291.           0.377        0.0281425 ]
 [292.           0.377        0.02887906]
 [293.           0.3768       0.02863913]
 [294.           0.3778       0.02734412]
 [295.           0.37600002   0.02905168]
 [296.           0.378        0.02707398]
 [297.           0.37600002   0.02905168]
 [298.           0.3778       0.02697592]
 [299.           0.37640002   0.02898792]
 [300.           0.378        0.02717537]
 [301.           0.3766       0.02907404]
 [302.           0.3776       0.02787114]
 [303.           0.3776       0.02852718]
 [304.           0.37719998   0.02796784]
 [305.           0.3776       0.02852718]
 [306.           0.37719998   0.02796784]
 [307.           0.3766       0.0286845 ]
 [308.           0.37680003   0.02813716]
 [309.           0.3764       0.0288236 ]
 [310.           0.37680003   0.02837604]
 [311.           0.37620002   0.02871759]
 [312.           0.37680003   0.02837604]
 [313.           0.3756       0.02789802]
 [314.           0.377        0.02755903]
 [315.           0.375        0.0289223 ]
 [316.           0.377        0.02755903]
 [317.           0.3744       0.0292626 ]
 [318.           0.37719998   0.02737152]
 [319.           0.3738       0.02904652]
 [320.           0.37780002   0.02732582]
 [321.           0.3746       0.03022086]
 [322.           0.3774       0.02719008]
 [323.           0.375        0.03029026]
 [324.           0.37559998   0.02828957]
 [325.           0.37620002   0.02827897]
 [326.           0.3746       0.02923696]
 [327.           0.3768       0.02720661]
 [328.           0.37479997   0.02908952]
 [329.           0.37680003   0.02733496]
 [330.           0.3758       0.02838486]
 [331.           0.37600002   0.02887906]
 [332.           0.3768       0.0278514 ]
 [333.           0.3752       0.02938878]
 [334.           0.3772       0.02660264]
 [335.           0.375        0.02969007]
 [336.           0.377        0.02686076]
 [337.           0.37600002   0.02899138]
 [338.           0.37600002   0.02822234]
 [339.           0.37620002   0.02753543]
 [340.           0.3756       0.02945845]
 [341.           0.3766       0.02619733]
 [342.           0.3752       0.02966816]
 [343.           0.3764       0.02519523]
 [344.           0.3754       0.02937346]
 [345.           0.3758       0.02644239]
 [346.           0.37600002   0.02887906]
 [347.           0.3754       0.02703331]
 [348.           0.37600002   0.02822234]
 [349.           0.3754       0.02751   ]
 [350.           0.37620002   0.02794102]
 [351.           0.3754       0.02909124]
 [352.           0.37600002   0.02691654]
 [353.           0.3754       0.02909124]
 [354.           0.3752       0.02609981]
 [355.           0.3754       0.02909124]
 [356.           0.3754       0.02620686]
 [357.           0.3756       0.02879757]
 [358.           0.3758       0.02644239]
 [359.           0.3758       0.0285079 ]
 [360.           0.37559998   0.02673574]
 [361.           0.37620002   0.02831431]
 [362.           0.37579998   0.02686446]
 [363.           0.37600002   0.02729469]
 [364.           0.37640002   0.02880626]
 [365.           0.37579998   0.02628118]
 [366.           0.37579998   0.02889118]
 [367.           0.37579998   0.02628118]
 [368.           0.37579998   0.02889118]
 [369.           0.3766       0.02594803]
 [370.           0.3756       0.02918562]
 [371.           0.3764       0.02558906]
 [372.           0.37579998   0.02889118]
 [373.           0.3768       0.02504396]
 [374.           0.37620002   0.02884788]
 [375.           0.37680003   0.02501399]
 [376.           0.37620002   0.02884788]
 [377.           0.37620002   0.02583989]
 [378.           0.3762       0.02833196]
 [379.           0.3766       0.0265763 ]
 [380.           0.3758       0.02696664]
 [381.           0.37680003   0.02694809]
 [382.           0.3756       0.02684772]
 [383.           0.37680003   0.02759892]
 [384.           0.3758       0.02655561]
 [385.           0.37719998   0.02754452]
 [386.           0.3754       0.02543227]
 [387.           0.3774       0.02804105]
 [388.           0.3752       0.02494394]
 [389.           0.37719998   0.02819929]
 [390.           0.375        0.025     ]
 [391.           0.37719998   0.02772545]
 [392.           0.37460002   0.0259673 ]
 [393.           0.3776       0.02718089]
 [394.           0.3748       0.02675257]
 [395.           0.37680003   0.02589788]
 [396.           0.37600002   0.02831078]
 [397.           0.37600002   0.0249299 ]
 [398.           0.37620002   0.0280571 ]
 [399.           0.3756       0.0255793 ]
 [400.           0.3766       0.02741898]]
Dataset       :Computers
Model         :MLP
Conden ratio  :0.5
GC            :3
LearnA        :0
Max Test Accuracy:
0.421
Best Result: Epoch   Acc  Std.
               153 0.3886  0.0221
