Set seed
Model APPNP
--------------------------------------------------
The 1th iteration:
--------------------------------------------------
--------------------------------------------------
The 2th iteration:
--------------------------------------------------
--------------------------------------------------
The 3th iteration:
--------------------------------------------------
--------------------------------------------------
The 4th iteration:
--------------------------------------------------
--------------------------------------------------
The 5th iteration:
--------------------------------------------------
[[  1.           0.1206       0.02759166]
 [  2.           0.1218       0.03398088]
 [  3.           0.1182       0.03906661]
 [  4.           0.1122       0.01100909]
 [  5.           0.1046       0.00554978]
 [  6.           0.11979999   0.02459065]
 [  7.           0.1576       0.03510413]
 [  8.           0.1668       0.0584012 ]
 [  9.           0.17760001   0.04898265]
 [ 10.           0.1528       0.04374586]
 [ 11.           0.16440001   0.06215143]
 [ 12.           0.1552       0.03873887]
 [ 13.           0.1456       0.03984094]
 [ 14.           0.1648       0.05488807]
 [ 15.           0.172        0.04077376]
 [ 16.           0.149        0.02878367]
 [ 17.           0.15820001   0.03271391]
 [ 18.           0.1972       0.08473311]
 [ 19.           0.15640001   0.02594802]
 [ 20.           0.1578       0.02093323]
 [ 21.           0.15359999   0.02721764]
 [ 22.           0.17019999   0.03465112]
 [ 23.           0.18800001   0.00857322]
 [ 24.           0.1752       0.02913246]
 [ 25.           0.1668       0.02363683]
 [ 26.           0.163        0.02879236]
 [ 27.           0.1642       0.02192487]
 [ 28.           0.1636       0.03070505]
 [ 29.           0.1856       0.02112581]
 [ 30.           0.18500002   0.04042895]
 [ 31.           0.20279999   0.04513536]
 [ 32.           0.19260001   0.04513646]
 [ 33.           0.1894       0.04391241]
 [ 34.           0.1892       0.04148735]
 [ 35.           0.19520001   0.03616215]
 [ 36.           0.20939998   0.04643059]
 [ 37.           0.20060001   0.04027158]
 [ 38.           0.1992       0.04109379]
 [ 39.           0.1954       0.04183061]
 [ 40.           0.2076       0.04176482]
 [ 41.           0.2108       0.04526809]
 [ 42.           0.21540001   0.03884329]
 [ 43.           0.20820001   0.03486689]
 [ 44.           0.1936       0.03590682]
 [ 45.           0.2074       0.04003499]
 [ 46.           0.2174       0.04128318]
 [ 47.           0.2182       0.03858367]
 [ 48.           0.2076       0.03603193]
 [ 49.           0.21         0.0392492 ]
 [ 50.           0.2224       0.02742808]
 [ 51.           0.2282       0.0300616 ]
 [ 52.           0.21339999   0.03150874]
 [ 53.           0.20580001   0.03020265]
 [ 54.           0.21440001   0.03340359]
 [ 55.           0.22879998   0.0244479 ]
 [ 56.           0.2382       0.03327462]
 [ 57.           0.2244       0.02484553]
 [ 58.           0.2188       0.03520938]
 [ 59.           0.23200002   0.03108859]
 [ 60.           0.239        0.02700926]
 [ 61.           0.24159999   0.03620498]
 [ 62.           0.22979999   0.02325295]
 [ 63.           0.2278       0.03014466]
 [ 64.           0.2506       0.0214546 ]
 [ 65.           0.2592       0.01580189]
 [ 66.           0.2458       0.02958378]
 [ 67.           0.2362       0.02842885]
 [ 68.           0.2386       0.02674509]
 [ 69.           0.26180002   0.02145227]
 [ 70.           0.266        0.02967322]
 [ 71.           0.2686       0.02704256]
 [ 72.           0.24820001   0.03607908]
 [ 73.           0.24679999   0.02263183]
 [ 74.           0.2606       0.04147047]
 [ 75.           0.2762       0.02781547]
 [ 76.           0.2854       0.02760072]
 [ 77.           0.264        0.04096949]
 [ 78.           0.26139998   0.03688224]
 [ 79.           0.275        0.0334664 ]
 [ 80.           0.29099998   0.01801389]
 [ 81.           0.27620003   0.03543586]
 [ 82.           0.2772       0.04568041]
 [ 83.           0.27         0.03159904]
 [ 84.           0.2802       0.02703146]
 [ 85.           0.2894       0.02494593]
 [ 86.           0.28480002   0.0295415 ]
 [ 87.           0.2734       0.03667833]
 [ 88.           0.2628       0.02824358]
 [ 89.           0.28660002   0.01908664]
 [ 90.           0.2864       0.01050238]
 [ 91.           0.27780002   0.02788728]
 [ 92.           0.28280002   0.03054013]
 [ 93.           0.29060003   0.02724519]
 [ 94.           0.29439998   0.02971195]
 [ 95.           0.2744       0.02683841]
 [ 96.           0.28120002   0.02158007]
 [ 97.           0.2904       0.03308022]
 [ 98.           0.28599998   0.04028026]
 [ 99.           0.28260002   0.02316895]
 [100.           0.28059998   0.0140819 ]
 [101.           0.2878       0.01548225]
 [102.           0.28620002   0.04227529]
 [103.           0.29720002   0.03247613]
 [104.           0.28500003   0.03270322]
 [105.           0.2854       0.02053777]
 [106.           0.2942       0.02868275]
 [107.           0.30240002   0.03134167]
 [108.           0.283        0.03118493]
 [109.           0.272        0.01624808]
 [110.           0.2884       0.03138153]
 [111.           0.2954       0.03056632]
 [112.           0.28599998   0.02019901]
 [113.           0.2936       0.02659511]
 [114.           0.28959998   0.0281922 ]
 [115.           0.2836       0.02080385]
 [116.           0.28280002   0.0156109 ]
 [117.           0.2916       0.01647118]
 [118.           0.2984       0.04134369]
 [119.           0.28239998   0.03526046]
 [120.           0.2716       0.0232336 ]
 [121.           0.28779998   0.01901841]
 [122.           0.29860002   0.02208619]
 [123.           0.2852       0.01681367]
 [124.           0.275        0.02723968]
 [125.           0.28460002   0.02339444]
 [126.           0.281        0.0327032 ]
 [127.           0.2844       0.01970533]
 [128.           0.282        0.01270826]
 [129.           0.29340002   0.0305254 ]
 [130.           0.2952       0.04101462]
 [131.           0.2802       0.02026574]
 [132.           0.28120002   0.00831866]
 [133.           0.28640002   0.01388525]
 [134.           0.2882       0.03412769]
 [135.           0.279        0.03494281]
 [136.           0.2894       0.01619568]
 [137.           0.2912       0.01508974]
 [138.           0.2758       0.02386838]
 [139.           0.2738       0.02686447]
 [140.           0.2954       0.03530297]
 [141.           0.30020002   0.03356635]
 [142.           0.2784       0.01975601]
 [143.           0.262        0.01937782]
 [144.           0.3008       0.02552841]
 [145.           0.2998       0.03122019]
 [146.           0.2844       0.01956528]
 [147.           0.2764       0.02349042]
 [148.           0.3008       0.03300302]
 [149.           0.2936       0.02539291]
 [150.           0.2626       0.02656689]
 [151.           0.2778       0.01649848]
 [152.           0.299        0.0318826 ]
 [153.           0.3012       0.03503142]
 [154.           0.2788       0.01912328]
 [155.           0.2802       0.02142894]
 [156.           0.296        0.02185176]
 [157.           0.2876       0.01566204]
 [158.           0.27780002   0.02730751]
 [159.           0.2872       0.04061034]
 [160.           0.307        0.03403674]
 [161.           0.29140002   0.02858845]
 [162.           0.2716       0.02832491]
 [163.           0.2772       0.0225211 ]
 [164.           0.30060002   0.03198125]
 [165.           0.2996       0.02505594]
 [166.           0.277        0.04127347]
 [167.           0.2804       0.04030261]
 [168.           0.2886       0.02800536]
 [169.           0.2998       0.01377317]
 [170.           0.29000002   0.04686683]
 [171.           0.2754       0.04848506]
 [172.           0.2806       0.03437732]
 [173.           0.2972       0.02221938]
 [174.           0.29200003   0.03123299]
 [175.           0.2804       0.02977079]
 [176.           0.2902       0.03021918]
 [177.           0.293        0.02917191]
 [178.           0.294        0.04406246]
 [179.           0.2788       0.0374326 ]
 [180.           0.2954       0.02608256]
 [181.           0.2926       0.02848333]
 [182.           0.289        0.04310452]
 [183.           0.2872       0.05328884]
 [184.           0.2818       0.03456443]
 [185.           0.2788       0.02064461]
 [186.           0.28120002   0.03442674]
 [187.           0.29379997   0.03965728]
 [188.           0.2874       0.03288313]
 [189.           0.2754       0.01903417]
 [190.           0.281        0.03530581]
 [191.           0.3046       0.05403055]
 [192.           0.294        0.03537655]
 [193.           0.2738       0.00925742]
 [194.           0.2846       0.04186048]
 [195.           0.3052       0.06388035]
 [196.           0.29720002   0.04304301]
 [197.           0.2806       0.01171751]
 [198.           0.28719997   0.03875178]
 [199.           0.2968       0.04996199]
 [200.           0.2998       0.02824359]
 [201.           0.2922       0.02937177]
 [202.           0.28959998   0.04824727]
 [203.           0.2918       0.05116835]
 [204.           0.29239997   0.018743  ]
 [205.           0.2882       0.01502333]
 [206.           0.2908       0.04670334]
 [207.           0.2984       0.04843861]
 [208.           0.301        0.03825572]
 [209.           0.2876       0.0184743 ]
 [210.           0.28379998   0.02319915]
 [211.           0.3076       0.036025  ]
 [212.           0.3146       0.03949431]
 [213.           0.28500003   0.01711724]
 [214.           0.2852       0.03806836]
 [215.           0.304        0.04480513]
 [216.           0.30900002   0.03396321]
 [217.           0.29         0.02221487]
 [218.           0.2818       0.03027706]
 [219.           0.2924       0.03396028]
 [220.           0.2954       0.02304993]
 [221.           0.3056       0.03335116]
 [222.           0.30040002   0.04425833]
 [223.           0.28500003   0.03178049]
 [224.           0.2924       0.02844818]
 [225.           0.301        0.04689883]
 [226.           0.2986       0.03766033]
 [227.           0.29720002   0.03904741]
 [228.           0.29920003   0.03546407]
 [229.           0.29560003   0.02761884]
 [230.           0.2938       0.03653355]
 [231.           0.2958       0.0288652 ]
 [232.           0.2966       0.03450072]
 [233.           0.3014       0.03450072]
 [234.           0.2886       0.04907953]
 [235.           0.2888       0.03992118]
 [236.           0.30780002   0.03821256]
 [237.           0.3052       0.02288449]
 [238.           0.2852       0.0546873 ]
 [239.           0.29720002   0.0458879 ]
 [240.           0.3022       0.03436132]
 [241.           0.3          0.02973214]
 [242.           0.2922       0.03299546]
 [243.           0.2922       0.04200239]
 [244.           0.30080003   0.03616903]
 [245.           0.292        0.02585537]
 [246.           0.2932       0.02840246]
 [247.           0.29720002   0.047119  ]
 [248.           0.2904       0.04020945]
 [249.           0.289        0.02154066]
 [250.           0.304        0.0248797 ]
 [251.           0.30760002   0.05743953]
 [252.           0.2928       0.04799687]
 [253.           0.2782       0.02342435]
 [254.           0.3008       0.02836724]
 [255.           0.3064       0.0403398 ]
 [256.           0.295        0.03730282]
 [257.           0.2876       0.01933391]
 [258.           0.30380002   0.03810118]
 [259.           0.30159998   0.05867538]
 [260.           0.2924       0.04336242]
 [261.           0.28620002   0.02780647]
 [262.           0.29320002   0.0342739 ]
 [263.           0.3056       0.04251235]
 [264.           0.301        0.0346987 ]
 [265.           0.28239998   0.02330879]
 [266.           0.2936       0.02979599]
 [267.           0.3108       0.03259141]
 [268.           0.3074       0.03085126]
 [269.           0.28860003   0.02509581]
 [270.           0.2854       0.02565735]
 [271.           0.30060002   0.04234737]
 [272.           0.31000003   0.03672193]
 [273.           0.2962       0.03462947]
 [274.           0.2886       0.0174442 ]
 [275.           0.2922       0.02997833]
 [276.           0.2996       0.04145841]
 [277.           0.2994       0.03774652]
 [278.           0.29060003   0.03010481]
 [279.           0.30780002   0.03325959]
 [280.           0.30780002   0.04441509]
 [281.           0.2884       0.03283748]
 [282.           0.2926       0.03656911]
 [283.           0.3072       0.03621051]
 [284.           0.30240002   0.02656689]
 [285.           0.2892       0.03176791]
 [286.           0.293        0.03988107]
 [287.           0.3032       0.0444882 ]
 [288.           0.30200002   0.0261247 ]
 [289.           0.29200003   0.01524796]
 [290.           0.2904       0.03152459]
 [291.           0.2984       0.0462039 ]
 [292.           0.30060002   0.03735372]
 [293.           0.2974       0.02200682]
 [294.           0.30560002   0.03275362]
 [295.           0.2998       0.02983622]
 [296.           0.2924       0.02187007]
 [297.           0.2996       0.0322924 ]
 [298.           0.30560002   0.05322875]
 [299.           0.3066       0.04478057]
 [300.           0.2876       0.01806378]
 [301.           0.29060003   0.01463899]
 [302.           0.29680002   0.03874532]
 [303.           0.30819997   0.05127085]
 [304.           0.30380002   0.04304299]
 [305.           0.2928       0.02728918]
 [306.           0.2942       0.02294995]
 [307.           0.301        0.0339264 ]
 [308.           0.2976       0.03811561]
 [309.           0.2946       0.02753724]
 [310.           0.3014       0.02781727]
 [311.           0.3034       0.03369422]
 [312.           0.299        0.03680353]
 [313.           0.29700002   0.03422717]
 [314.           0.28959998   0.02799644]
 [315.           0.3024       0.03416577]
 [316.           0.306        0.03770941]
 [317.           0.2964       0.03455864]
 [318.           0.2854       0.03634968]
 [319.           0.3016       0.02720845]
 [320.           0.3048       0.02981107]
 [321.           0.29200003   0.03809199]
 [322.           0.29060003   0.03237747]
 [323.           0.3106       0.02856221]
 [324.           0.3016       0.03599722]
 [325.           0.29060003   0.03210608]
 [326.           0.296        0.02852193]
 [327.           0.3072       0.017936  ]
 [328.           0.301        0.02872281]
 [329.           0.2936       0.03908068]
 [330.           0.2962       0.04013353]
 [331.           0.3          0.02767671]
 [332.           0.2996       0.02364953]
 [333.           0.2976       0.03125381]
 [334.           0.301        0.0394905 ]
 [335.           0.2976       0.03719946]
 [336.           0.2846       0.02598653]
 [337.           0.29640004   0.0241516 ]
 [338.           0.31360003   0.03279176]
 [339.           0.3084       0.03264659]
 [340.           0.2928       0.02937175]
 [341.           0.2942       0.02305862]
 [342.           0.3058       0.02255438]
 [343.           0.3132       0.03984596]
 [344.           0.3022       0.03395143]
 [345.           0.2928       0.02224185]
 [346.           0.2962       0.02280789]
 [347.           0.3052       0.0368402 ]
 [348.           0.3012       0.03490989]
 [349.           0.2936       0.02466373]
 [350.           0.2928       0.02799465]
 [351.           0.305        0.03223352]
 [352.           0.30560002   0.03454417]
 [353.           0.29200003   0.03247306]
 [354.           0.28840002   0.03013801]
 [355.           0.3072       0.02459065]
 [356.           0.30640003   0.02627356]
 [357.           0.29700002   0.03829492]
 [358.           0.2936       0.03843567]
 [359.           0.3034       0.02614001]
 [360.           0.30200002   0.01653783]
 [361.           0.28780004   0.02309111]
 [362.           0.2962       0.03898333]
 [363.           0.30580002   0.03688766]
 [364.           0.29880002   0.02708689]
 [365.           0.2854       0.02167488]
 [366.           0.295        0.02144762]
 [367.           0.30900002   0.04236154]
 [368.           0.30500004   0.03809199]
 [369.           0.2876       0.02557929]
 [370.           0.28519997   0.01025671]
 [371.           0.304        0.02584569]
 [372.           0.3104       0.04569245]
 [373.           0.29340002   0.0462093 ]
 [374.           0.29099998   0.01971041]
 [375.           0.30060002   0.01706752]
 [376.           0.29999998   0.02602883]
 [377.           0.2972       0.04495777]
 [378.           0.2956       0.03933574]
 [379.           0.3032       0.02874369]
 [380.           0.3028       0.02537124]
 [381.           0.2938       0.02889118]
 [382.           0.2906       0.03860441]
 [383.           0.2994       0.02832489]
 [384.           0.30780002   0.02772544]
 [385.           0.2958       0.0325684 ]
 [386.           0.2932       0.03751933]
 [387.           0.2954       0.03207492]
 [388.           0.2994       0.02247889]
 [389.           0.299        0.0261534 ]
 [390.           0.2946       0.03919566]
 [391.           0.3034       0.03898462]
 [392.           0.2954       0.02625452]
 [393.           0.2946       0.02246775]
 [394.           0.30200002   0.03451812]
 [395.           0.3016       0.04127711]
 [396.           0.297        0.03459047]
 [397.           0.293        0.02989147]
 [398.           0.30040002   0.02630209]
 [399.           0.3076       0.02921131]
 [400.           0.29860002   0.04094265]]
Dataset       :Computers
Model         :APPNP
Conden ratio  :1.0
GC            :2
LearnA        :1
Max Test Accuracy:
0.406
Best Result: Epoch   Acc  Std.
               212 0.3146  0.0395
