Set seed
Model MLP
--------------------------------------------------
The 1th iteration:
--------------------------------------------------
--------------------------------------------------
The 2th iteration:
--------------------------------------------------
--------------------------------------------------
The 3th iteration:
--------------------------------------------------
--------------------------------------------------
The 4th iteration:
--------------------------------------------------
--------------------------------------------------
The 5th iteration:
--------------------------------------------------
[[  1.           0.14100002   0.03629738]
 [  2.           0.1718       0.05111947]
 [  3.           0.19719999   0.06306108]
 [  4.           0.22979999   0.07443923]
 [  5.           0.26659998   0.08602791]
 [  6.           0.30420002   0.09452356]
 [  7.           0.34780002   0.09288004]
 [  8.           0.3934       0.09193639]
 [  9.           0.43420002   0.08991495]
 [ 10.           0.4758       0.08382839]
 [ 11.           0.51420003   0.07481109]
 [ 12.           0.5412       0.06648835]
 [ 13.           0.5686       0.05695876]
 [ 14.           0.59199995   0.05455272]
 [ 15.           0.61020005   0.05139747]
 [ 16.           0.6246       0.04653279]
 [ 17.           0.6382       0.04550495]
 [ 18.           0.6488       0.04446572]
 [ 19.           0.6564       0.04371271]
 [ 20.           0.6642       0.0410329 ]
 [ 21.           0.6702       0.03925174]
 [ 22.           0.6762       0.03704996]
 [ 23.           0.67980003   0.0346078 ]
 [ 24.           0.6828       0.03531571]
 [ 25.           0.68500006   0.03501429]
 [ 26.           0.6876       0.03408518]
 [ 27.           0.69         0.03492133]
 [ 28.           0.69060004   0.03669196]
 [ 29.           0.6912       0.03868074]
 [ 30.           0.69180006   0.03904742]
 [ 31.           0.6918       0.03813396]
 [ 32.           0.69180006   0.03649247]
 [ 33.           0.6934       0.03524627]
 [ 34.           0.69259995   0.0338201 ]
 [ 35.           0.6944       0.03354549]
 [ 36.           0.69500005   0.03303029]
 [ 37.           0.6944       0.03189516]
 [ 38.           0.6954       0.03233882]
 [ 39.           0.6958       0.03328212]
 [ 40.           0.69699997   0.03268792]
 [ 41.           0.6976       0.03230015]
 [ 42.           0.6968       0.03301061]
 [ 43.           0.698        0.03553167]
 [ 44.           0.69979995   0.03377425]
 [ 45.           0.701        0.0336675 ]
 [ 46.           0.7002       0.03164963]
 [ 47.           0.6992       0.03139586]
 [ 48.           0.69740003   0.03169068]
 [ 49.           0.6976       0.02964455]
 [ 50.           0.69740003   0.03072947]
 [ 51.           0.6978       0.0314436 ]
 [ 52.           0.6966       0.03145313]
 [ 53.           0.695        0.03099192]
 [ 54.           0.6924       0.0277903 ]
 [ 55.           0.6926       0.02857097]
 [ 56.           0.6912       0.02818155]
 [ 57.           0.68880004   0.02694812]
 [ 58.           0.68640006   0.02719008]
 [ 59.           0.687        0.02652358]
 [ 60.           0.686        0.0280446 ]
 [ 61.           0.68479997   0.02517339]
 [ 62.           0.68560004   0.02452144]
 [ 63.           0.6844       0.02393321]
 [ 64.           0.6832       0.02220809]
 [ 65.           0.6842       0.02151045]
 [ 66.           0.6846       0.02035435]
 [ 67.           0.684        0.0178045 ]
 [ 68.           0.6854       0.0169056 ]
 [ 69.           0.6852       0.01843094]
 [ 70.           0.68640006   0.01874301]
 [ 71.           0.6862       0.02024104]
 [ 72.           0.688        0.02038381]
 [ 73.           0.68979996   0.02036418]
 [ 74.           0.6898       0.02078943]
 [ 75.           0.69200003   0.02260532]
 [ 76.           0.6922       0.02237632]
 [ 77.           0.6922       0.02312359]
 [ 78.           0.69400007   0.02322714]
 [ 79.           0.6944       0.02429609]
 [ 80.           0.6954       0.02550096]
 [ 81.           0.6964       0.02655748]
 [ 82.           0.69820005   0.02684587]
 [ 83.           0.699        0.02673012]
 [ 84.           0.7002       0.02823474]
 [ 85.           0.703        0.02773985]
 [ 86.           0.70400006   0.02834609]
 [ 87.           0.70480007   0.02874372]
 [ 88.           0.70659995   0.03034467]
 [ 89.           0.70780003   0.03132414]
 [ 90.           0.70940006   0.03233112]
 [ 91.           0.7116       0.032746  ]
 [ 92.           0.71320003   0.03456444]
 [ 93.           0.7156       0.03473901]
 [ 94.           0.7166       0.03569736]
 [ 95.           0.7174       0.03626708]
 [ 96.           0.7184       0.03608738]
 [ 97.           0.7184       0.03711199]
 [ 98.           0.7192001    0.03793021]
 [ 99.           0.71999997   0.03829492]
 [100.           0.7202       0.03891272]
 [101.           0.7198       0.03855774]
 [102.           0.7216       0.03901668]
 [103.           0.72220004   0.0388806 ]
 [104.           0.72200006   0.03845128]
 [105.           0.72200006   0.0386523 ]
 [106.           0.7218       0.03816672]
 [107.           0.7232       0.03871303]
 [108.           0.72360003   0.03913184]
 [109.           0.72340006   0.03962071]
 [110.           0.72480005   0.03975174]
 [111.           0.7246       0.03982839]
 [112.           0.72580004   0.03936623]
 [113.           0.7266       0.03958283]
 [114.           0.72660005   0.03971525]
 [115.           0.72660005   0.03905512]
 [116.           0.72800004   0.03874918]
 [117.           0.7284       0.03938654]
 [118.           0.72900003   0.0392492 ]
 [119.           0.72900003   0.03975552]
 [120.           0.7298       0.03946134]
 [121.           0.7306       0.03984093]
 [122.           0.7308       0.03948671]
 [123.           0.73         0.03961689]
 [124.           0.7304       0.0403708 ]
 [125.           0.73080003   0.04005869]
 [126.           0.73120004   0.04034475]
 [127.           0.731        0.04019949]
 [128.           0.73080003   0.03996498]
 [129.           0.73120004   0.03960682]
 [130.           0.7318       0.03932175]
 [131.           0.7322       0.0390474 ]
 [132.           0.733        0.03774254]
 [133.           0.73300004   0.03783518]
 [134.           0.7336       0.03758059]
 [135.           0.7342       0.03788403]
 [136.           0.73480004   0.03808149]
 [137.           0.7342       0.03774519]
 [138.           0.736        0.03590962]
 [139.           0.736        0.03590962]
 [140.           0.736        0.03533413]
 [141.           0.736        0.03533413]
 [142.           0.73640007   0.0350471 ]
 [143.           0.73660004   0.0352179 ]
 [144.           0.7368       0.03529448]
 [145.           0.73700005   0.03541187]
 [146.           0.73800004   0.03435114]
 [147.           0.73800004   0.03433658]
 [148.           0.73800004   0.03433658]
 [149.           0.73800004   0.03430745]
 [150.           0.73840004   0.03400443]
 [151.           0.7382       0.03392936]
 [152.           0.7384       0.03348581]
 [153.           0.7382       0.03338711]
 [154.           0.73800004   0.03331665]
 [155.           0.7376       0.03311042]
 [156.           0.73800004   0.03333165]
 [157.           0.7376       0.03325357]
 [158.           0.73780006   0.03338712]
 [159.           0.73800004   0.03294692]
 [160.           0.73800004   0.03294692]
 [161.           0.7380001    0.03352612]
 [162.           0.73820007   0.03369273]
 [163.           0.73800004   0.03364521]
 [164.           0.73820007   0.03369273]
 [165.           0.73840004   0.03386444]
 [166.           0.739        0.03311345]
 [167.           0.7386       0.03298941]
 [168.           0.7382       0.03276736]
 [169.           0.7384       0.03295149]
 [170.           0.7386       0.03308778]
 [171.           0.7388       0.0331994 ]
 [172.           0.739        0.03327914]
 [173.           0.73920006   0.03284359]
 [174.           0.7394       0.03240834]
 [175.           0.7394       0.03253921]
 [176.           0.7394       0.03253921]
 [177.           0.7396       0.0326236 ]
 [178.           0.7398       0.03158639]
 [179.           0.7398       0.03219005]
 [180.           0.7396       0.03217607]
 [181.           0.7396       0.03217607]
 [182.           0.7398       0.03233727]
 [183.           0.73999995   0.03242682]
 [184.           0.7402       0.03259907]
 [185.           0.7402       0.03259907]
 [186.           0.73999995   0.03242682]
 [187.           0.7402       0.03147539]
 [188.           0.73999995   0.03131294]
 [189.           0.7398       0.03054013]
 [190.           0.73999995   0.03055323]
 [191.           0.7402       0.0307197 ]
 [192.           0.73980004   0.02988645]
 [193.           0.73980004   0.02988645]
 [194.           0.73980004   0.02988645]
 [195.           0.7402       0.0302192 ]
 [196.           0.741        0.0299082 ]
 [197.           0.741        0.0300666 ]
 [198.           0.74120003   0.02963444]
 [199.           0.7408       0.02988645]
 [200.           0.7408       0.03039241]
 [201.           0.7412       0.0307197 ]
 [202.           0.74139994   0.0308107 ]
 [203.           0.74139994   0.0308107 ]
 [204.           0.74140006   0.03022085]
 [205.           0.7412       0.03065453]
 [206.           0.74120003   0.03005327]
 [207.           0.74120003   0.02945675]
 [208.           0.7412       0.02952456]
 [209.           0.7416       0.02925407]
 [210.           0.7422       0.02952457]
 [211.           0.7422       0.02952457]
 [212.           0.74200004   0.0299583 ]
 [213.           0.74200004   0.03011644]
 [214.           0.7422       0.03029356]
 [215.           0.7422       0.03029356]
 [216.           0.743        0.02985801]
 [217.           0.7432       0.02943126]
 [218.           0.7436001    0.02900518]
 [219.           0.74380004   0.02857796]
 [220.           0.744        0.02815139]
 [221.           0.7442       0.02783342]
 [222.           0.745        0.02670205]
 [223.           0.7462       0.02541064]
 [224.           0.746        0.02520912]
 [225.           0.746        0.02520912]
 [226.           0.74660003   0.02474471]
 [227.           0.74680007   0.02433515]
 [228.           0.74700004   0.02392698]
 [229.           0.74700004   0.02392698]
 [230.           0.7476       0.02349042]
 [231.           0.74799997   0.0214476 ]
 [232.           0.748        0.02084466]
 [233.           0.74840003   0.02085187]
 [234.           0.74880004   0.02002998]
 [235.           0.749        0.01962142]
 [236.           0.74880004   0.02002998]
 [237.           0.7488       0.01965198]
 [238.           0.7486       0.01965453]
 [239.           0.749        0.0197104 ]
 [240.           0.7494001    0.0195525 ]
 [241.           0.7494001    0.0195525 ]
 [242.           0.7494001    0.0195525 ]
 [243.           0.7494       0.01956527]
 [244.           0.7496       0.01973068]
 [245.           0.74960005   0.01933391]
 [246.           0.7498       0.01951153]
 [247.           0.75         0.01949359]
 [248.           0.7504       0.01908664]
 [249.           0.75         0.01924838]
 [250.           0.7502       0.01924058]
 [251.           0.7504       0.01860913]
 [252.           0.75079995   0.01779607]
 [253.           0.7506       0.01779887]
 [254.           0.75100005   0.01739253]
 [255.           0.75100005   0.01739253]
 [256.           0.7512       0.01738391]
 [257.           0.7512       0.01738391]
 [258.           0.7514       0.01738679]
 [259.           0.7518       0.01779608]
 [260.           0.75159997   0.01757272]
 [261.           0.75200003   0.01779045]
 [262.           0.7528       0.01745564]
 [263.           0.7526       0.01728582]
 [264.           0.75240004   0.01730027]
 [265.           0.7526       0.01755848]
 [266.           0.7528       0.01728293]
 [267.           0.7528       0.01661927]
 [268.           0.7526       0.01700882]
 [269.           0.75240004   0.0170382 ]
 [270.           0.75240004   0.01650153]
 [271.           0.75240004   0.01650153]
 [272.           0.7522       0.01636154]
 [273.           0.75200003   0.01674813]
 [274.           0.7522       0.01636154]
 [275.           0.75220007   0.01622344]
 [276.           0.7524       0.01608725]
 [277.           0.7524       0.01608725]
 [278.           0.7524       0.01608725]
 [279.           0.75240004   0.01637987]
 [280.           0.75240004   0.01637987]
 [281.           0.75220007   0.01642255]
 [282.           0.75220007   0.01642255]
 [283.           0.75200003   0.01680773]
 [284.           0.75200003   0.01671824]
 [285.           0.75200003   0.01671824]
 [286.           0.75200003   0.01671824]
 [287.           0.75200003   0.01607793]
 [288.           0.75200003   0.01607793]
 [289.           0.7518       0.01646815]
 [290.           0.7518       0.0161926 ]
 [291.           0.75200003   0.01617097]
 [292.           0.7518       0.0161926 ]
 [293.           0.7518       0.0161926 ]
 [294.           0.7518       0.0161926 ]
 [295.           0.75159997   0.01619567]
 [296.           0.7514       0.01659216]
 [297.           0.752        0.01577974]
 [298.           0.75220007   0.01538507]
 [299.           0.75200003   0.0151987 ]
 [300.           0.75200003   0.0151987 ]
 [301.           0.75200003   0.0151987 ]
 [302.           0.75200003   0.0151987 ]
 [303.           0.75200003   0.0151987 ]
 [304.           0.75200003   0.0151987 ]
 [305.           0.75159997   0.0156141 ]
 [306.           0.75159997   0.0156141 ]
 [307.           0.75159997   0.01537204]
 [308.           0.75159997   0.01537204]
 [309.           0.75159997   0.01537204]
 [310.           0.7518       0.01480542]
 [311.           0.7518       0.01480542]
 [312.           0.75200003   0.01435271]
 [313.           0.7528       0.01439443]
 [314.           0.7526       0.01417038]
 [315.           0.75240004   0.01457053]
 [316.           0.75240004   0.01457053]
 [317.           0.752        0.01433527]
 [318.           0.7524       0.01477498]
 [319.           0.75240004   0.01457052]
 [320.           0.75240004   0.01457052]
 [321.           0.7526       0.01460481]
 [322.           0.75240004   0.01501001]
 [323.           0.7526       0.01522499]
 [324.           0.753        0.0144222 ]
 [325.           0.7526       0.01401071]
 [326.           0.7526       0.01401071]
 [327.           0.75240004   0.01397496]
 [328.           0.75240004   0.01379492]
 [329.           0.7528       0.01359044]
 [330.           0.7526       0.01339029]
 [331.           0.7526       0.01339029]
 [332.           0.75220007   0.01359044]
 [333.           0.75220007   0.01359044]
 [334.           0.7522       0.0136088 ]
 [335.           0.75240004   0.0135757 ]
 [336.           0.75240004   0.0135757 ]
 [337.           0.7526       0.01379492]
 [338.           0.7526       0.01379492]
 [339.           0.7522       0.01388162]
 [340.           0.75200003   0.01383834]
 [341.           0.75220007   0.01407834]
 [342.           0.75240004   0.01411734]
 [343.           0.75240004   0.01411734]
 [344.           0.752        0.01380216]
 [345.           0.752        0.01380216]
 [346.           0.7522       0.01375499]
 [347.           0.752        0.01350924]
 [348.           0.7518       0.01355358]
 [349.           0.75159997   0.01350183]
 [350.           0.7514       0.01346475]
 [351.           0.7512       0.01386362]
 [352.           0.7512       0.01386362]
 [353.           0.75100005   0.01361984]
 [354.           0.75100005   0.0133604 ]
 [355.           0.7512       0.01359044]
 [356.           0.7512       0.01359044]
 [357.           0.7512       0.01359044]
 [358.           0.7514       0.01375862]
 [359.           0.75159997   0.01379493]
 [360.           0.7518       0.01377317]
 [361.           0.752        0.01324763]
 [362.           0.75220007   0.01331164]
 [363.           0.75240004   0.01329661]
 [364.           0.75240004   0.01329661]
 [365.           0.75240004   0.01329661]
 [366.           0.75240004   0.01329661]
 [367.           0.7526       0.0133716 ]
 [368.           0.7526       0.0133716 ]
 [369.           0.7528       0.01359042]
 [370.           0.7528       0.01359042]
 [371.           0.7532       0.01377316]
 [372.           0.7532       0.01377316]
 [373.           0.7532       0.01377316]
 [374.           0.7532       0.01377316]
 [375.           0.7532       0.01377316]
 [376.           0.7532       0.01377316]
 [377.           0.7532       0.0136821 ]
 [378.           0.75299996   0.01349073]
 [379.           0.75299996   0.01349073]
 [380.           0.7528       0.01331164]
 [381.           0.75240004   0.01306904]
 [382.           0.75240004   0.01306904]
 [383.           0.75240004   0.01306904]
 [384.           0.75240004   0.01306904]
 [385.           0.7526       0.01325895]
 [386.           0.7524       0.0131263 ]
 [387.           0.7526       0.01312631]
 [388.           0.7526       0.01312631]
 [389.           0.75280005   0.01269646]
 [390.           0.75280005   0.01269646]
 [391.           0.7532       0.0130269 ]
 [392.           0.7532       0.0130269 ]
 [393.           0.7532       0.0130269 ]
 [394.           0.7532       0.0130269 ]
 [395.           0.7532       0.01251799]
 [396.           0.75299996   0.01230853]
 [397.           0.7532       0.01239759]
 [398.           0.7534       0.01254193]
 [399.           0.75299996   0.01230853]
 [400.           0.75299996   0.01230853]]
Dataset       :Cora
Model         :MLP
Conden ratio  :1.0
GC            :1
LearnA        :0
Max Test Accuracy:
0.772
Best Result: Epoch   Acc  Std.
               398 0.7534  0.0125
