Set seed
Model MLP
--------------------------------------------------
The 1th iteration:
--------------------------------------------------
--------------------------------------------------
The 2th iteration:
--------------------------------------------------
--------------------------------------------------
The 3th iteration:
--------------------------------------------------
--------------------------------------------------
The 4th iteration:
--------------------------------------------------
--------------------------------------------------
The 5th iteration:
--------------------------------------------------
[[  1.           0.1288       0.03342455]
 [  2.           0.161        0.06537966]
 [  3.           0.17740001   0.07056061]
 [  4.           0.1962       0.07516116]
 [  5.           0.22719999   0.08942986]
 [  6.           0.2624       0.10755605]
 [  7.           0.291        0.11468435]
 [  8.           0.3296       0.1139728 ]
 [  9.           0.37         0.10850806]
 [ 10.           0.41219997   0.1055732 ]
 [ 11.           0.4554       0.10782764]
 [ 12.           0.49359998   0.11740869]
 [ 13.           0.5266       0.12797187]
 [ 14.           0.54940003   0.13161609]
 [ 15.           0.5666       0.13051936]
 [ 16.           0.58339995   0.13103929]
 [ 17.           0.5974       0.12485711]
 [ 18.           0.60580003   0.11915202]
 [ 19.           0.6148       0.1103413 ]
 [ 20.           0.6222       0.10741834]
 [ 21.           0.6276       0.10306453]
 [ 22.           0.63199997   0.10132127]
 [ 23.           0.6326       0.09711745]
 [ 24.           0.634        0.09472858]
 [ 25.           0.6363999    0.08977637]
 [ 26.           0.6394       0.08492819]
 [ 27.           0.6394       0.07762927]
 [ 28.           0.637        0.07188881]
 [ 29.           0.63640004   0.06714014]
 [ 30.           0.637        0.06407027]
 [ 31.           0.6376       0.06203872]
 [ 32.           0.63780004   0.05946176]
 [ 33.           0.6368       0.05718567]
 [ 34.           0.63760006   0.05350982]
 [ 35.           0.63740003   0.04904896]
 [ 36.           0.6382       0.0474837 ]
 [ 37.           0.63780004   0.04548294]
 [ 38.           0.63740003   0.04265325]
 [ 39.           0.6386       0.04116792]
 [ 40.           0.63900006   0.04021817]
 [ 41.           0.6384       0.04052532]
 [ 42.           0.6396       0.03955124]
 [ 43.           0.6408       0.03780478]
 [ 44.           0.6416001    0.03423889]
 [ 45.           0.64180005   0.03461501]
 [ 46.           0.6418       0.03345444]
 [ 47.           0.64280003   0.03198751]
 [ 48.           0.64239997   0.02970353]
 [ 49.           0.642        0.02949577]
 [ 50.           0.64180005   0.02758985]
 [ 51.           0.6424       0.02607299]
 [ 52.           0.6412       0.0255284 ]
 [ 53.           0.6408       0.02564565]
 [ 54.           0.6412       0.02699444]
 [ 55.           0.6422       0.02547941]
 [ 56.           0.6412       0.02404579]
 [ 57.           0.6394       0.02246777]
 [ 58.           0.639        0.02143594]
 [ 59.           0.63760006   0.02077981]
 [ 60.           0.638        0.02012463]
 [ 61.           0.6372       0.01853915]
 [ 62.           0.63600004   0.01689675]
 [ 63.           0.63580006   0.01636153]
 [ 64.           0.63519996   0.01578609]
 [ 65.           0.63519996   0.01497331]
 [ 66.           0.6334       0.01327778]
 [ 67.           0.63339996   0.01357573]
 [ 68.           0.6332       0.01418451]
 [ 69.           0.63280004   0.01269646]
 [ 70.           0.63339996   0.01156722]
 [ 71.           0.6336       0.01163186]
 [ 72.           0.63420004   0.01181947]
 [ 73.           0.6336       0.0115888 ]
 [ 74.           0.63420004   0.01207062]
 [ 75.           0.63360006   0.01152386]
 [ 76.           0.63420004   0.01190379]
 [ 77.           0.63560003   0.01108153]
 [ 78.           0.6358       0.009985  ]
 [ 79.           0.6358       0.0085557 ]
 [ 80.           0.6358       0.00901111]
 [ 81.           0.63780004   0.00884305]
 [ 82.           0.6368       0.00870056]
 [ 83.           0.6372       0.00872929]
 [ 84.           0.6372       0.00870058]
 [ 85.           0.638        0.00717634]
 [ 86.           0.63780004   0.00694261]
 [ 87.           0.638        0.00651923]
 [ 88.           0.6384       0.00589915]
 [ 89.           0.6386       0.00594137]
 [ 90.           0.6382       0.00443846]
 [ 91.           0.63860005   0.00487854]
 [ 92.           0.63960004   0.00364691]
 [ 93.           0.6398       0.00356371]
 [ 94.           0.6404       0.00378154]
 [ 95.           0.6406       0.00466904]
 [ 96.           0.642        0.00463684]
 [ 97.           0.642        0.00441591]
 [ 98.           0.642        0.00435889]
 [ 99.           0.64180005   0.00438179]
 [100.           0.6408       0.0046583 ]
 [101.           0.6408       0.00476445]
 [102.           0.641        0.00412309]
 [103.           0.641        0.00412309]
 [104.           0.6406       0.00384708]
 [105.           0.6406       0.00378154]
 [106.           0.6414       0.00415933]
 [107.           0.6416       0.00439319]
 [108.           0.642        0.00353555]
 [109.           0.64280003   0.00286357]
 [110.           0.64320004   0.00192355]
 [111.           0.6442       0.00319375]
 [112.           0.64460003   0.00296649]
 [113.           0.64460003   0.00260767]
 [114.           0.64440006   0.00288098]
 [115.           0.6448       0.00216794]
 [116.           0.64460003   0.00336157]
 [117.           0.64460003   0.00296649]
 [118.           0.64440006   0.00260767]
 [119.           0.64440006   0.00207365]
 [120.           0.64460003   0.00207365]
 [121.           0.64540005   0.00230219]
 [122.           0.6464       0.00320934]
 [123.           0.6462       0.0034205 ]
 [124.           0.6466       0.00378153]
 [125.           0.64680004   0.00396231]
 [126.           0.64720005   0.00303315]
 [127.           0.64800006   0.00187083]
 [128.           0.64860004   0.00230219]
 [129.           0.6484       0.00219092]
 [130.           0.6488       0.00286358]
 [131.           0.64820004   0.0031145 ]
 [132.           0.6482       0.00342054]
 [133.           0.6488       0.00303313]
 [134.           0.6494       0.00350713]
 [135.           0.64919996   0.00356369]
 [136.           0.6496       0.00350712]
 [137.           0.6492       0.00408655]
 [138.           0.6496       0.00415932]
 [139.           0.6498       0.00432433]
 [140.           0.65020007   0.00496989]
 [141.           0.6508       0.00558569]
 [142.           0.65099996   0.00529151]
 [143.           0.6512       0.00521537]
 [144.           0.6512       0.00521537]
 [145.           0.6506       0.00661815]
 [146.           0.65040004   0.00673051]
 [147.           0.6502       0.00657267]
 [148.           0.6492001    0.00571838]
 [149.           0.64860004   0.00559463]
 [150.           0.649        0.00604152]
 [151.           0.6488       0.00540369]
 [152.           0.6484       0.00602494]
 [153.           0.6488       0.00516721]
 [154.           0.6488       0.00443847]
 [155.           0.6488001    0.00511858]
 [156.           0.648        0.00509903]
 [157.           0.6484       0.004827  ]
 [158.           0.64800006   0.005     ]
 [159.           0.6478       0.00526307]
 [160.           0.6482       0.00420712]
 [161.           0.648        0.00430115]
 [162.           0.64820004   0.00438176]
 [163.           0.6482       0.00432434]
 [164.           0.6484       0.00444969]
 [165.           0.649        0.003937  ]
 [166.           0.64919996   0.00363318]
 [167.           0.64919996   0.00294958]
 [168.           0.649        0.00291549]
 [169.           0.649        0.00291549]
 [170.           0.6488       0.00249001]
 [171.           0.6494       0.00207365]
 [172.           0.6492       0.00178886]
 [173.           0.6492       0.00228035]
 [174.           0.6494       0.00230217]
 [175.           0.649        0.0023452 ]
 [176.           0.64860004   0.00207364]
 [177.           0.64800006   0.00223607]
 [178.           0.64820004   0.00216795]
 [179.           0.64820004   0.00216795]
 [180.           0.6474       0.00270185]
 [181.           0.6474       0.00270185]
 [182.           0.64760005   0.00260768]
 [183.           0.64680004   0.00319375]
 [184.           0.647        0.00324036]
 [185.           0.64680004   0.00294957]
 [186.           0.64720005   0.00192353]
 [187.           0.6474       0.00207365]
 [188.           0.64779997   0.00216796]
 [189.           0.64779997   0.00216796]
 [190.           0.64779997   0.00303316]
 [191.           0.6474       0.00288098]
 [192.           0.648        0.00406202]
 [193.           0.648        0.00406202]
 [194.           0.6484       0.00421901]
 [195.           0.6488       0.00460436]
 [196.           0.6488       0.00460436]
 [197.           0.64860004   0.00461519]
 [198.           0.6488       0.00486828]
 [199.           0.6496       0.0051769 ]
 [200.           0.6502       0.00481663]
 [201.           0.6492       0.00396234]
 [202.           0.64860004   0.00304959]
 [203.           0.64919996   0.00258842]
 [204.           0.6496       0.00207361]
 [205.           0.6496       0.00230213]
 [206.           0.6496       0.00270184]
 [207.           0.6494       0.00378154]
 [208.           0.65000004   0.004062  ]
 [209.           0.6498       0.00443845]
 [210.           0.65000004   0.005     ]
 [211.           0.65020007   0.00506951]
 [212.           0.65040004   0.00472229]
 [213.           0.65040004   0.00472229]
 [214.           0.65040004   0.00472229]
 [215.           0.6514       0.00497995]
 [216.           0.6514       0.00497995]
 [217.           0.6514       0.00497995]
 [218.           0.65080005   0.00496991]
 [219.           0.6514       0.00550454]
 [220.           0.6518       0.00535725]
 [221.           0.6516       0.00606631]
 [222.           0.6518       0.00626099]
 [223.           0.6514       0.00634822]
 [224.           0.6514       0.00694984]
 [225.           0.6512       0.0067231 ]
 [226.           0.6514       0.00684105]
 [227.           0.6512       0.0066483 ]
 [228.           0.6516       0.00658026]
 [229.           0.6516       0.00610735]
 [230.           0.6514       0.0068775 ]
 [231.           0.6514       0.00743641]
 [232.           0.6516       0.00712742]
 [233.           0.6516       0.00673055]
 [234.           0.652        0.00710633]
 [235.           0.652        0.00710633]
 [236.           0.652        0.00717636]
 [237.           0.652        0.00717636]
 [238.           0.65200007   0.00774598]
 [239.           0.65180004   0.00810556]
 [240.           0.6518       0.00810556]
 [241.           0.6518       0.00858486]
 [242.           0.6524       0.00835463]
 [243.           0.6524       0.00835463]
 [244.           0.6528       0.00846759]
 [245.           0.65320003   0.00837854]
 [246.           0.6532       0.00892746]
 [247.           0.65320003   0.00906642]
 [248.           0.6538       0.00973138]
 [249.           0.6544       0.00944987]
 [250.           0.65440005   0.00999002]
 [251.           0.6542       0.00983362]
 [252.           0.654        0.00969536]
 [253.           0.65440005   0.01016368]
 [254.           0.65480006   0.01098638]
 [255.           0.6552       0.01091788]
 [256.           0.656        0.01113553]
 [257.           0.6568       0.01194571]
 [258.           0.657        0.01193734]
 [259.           0.657        0.01193734]
 [260.           0.65720004   0.01229636]
 [261.           0.65720004   0.01217374]
 [262.           0.6578       0.01300766]
 [263.           0.6584       0.01275927]
 [264.           0.658        0.01264912]
 [265.           0.658        0.01264912]
 [266.           0.6582       0.01267675]
 [267.           0.6582       0.01267675]
 [268.           0.6588       0.01312249]
 [269.           0.6588       0.01312249]
 [270.           0.6592       0.01321739]
 [271.           0.6598       0.01251797]
 [272.           0.65959996   0.01215729]
 [273.           0.66         0.01256979]
 [274.           0.66         0.01256979]
 [275.           0.66020006   0.01263723]
 [276.           0.65999997   0.01228819]
 [277.           0.65999997   0.01228819]
 [278.           0.6598       0.01194571]
 [279.           0.65999997   0.0120208 ]
 [280.           0.6598       0.01225559]
 [281.           0.6598       0.01225559]
 [282.           0.66020006   0.01245793]
 [283.           0.66         0.01270825]
 [284.           0.65980005   0.01239759]
 [285.           0.65900004   0.01137979]
 [286.           0.65900004   0.01137979]
 [287.           0.65860003   0.01096814]
 [288.           0.65860003   0.01096814]
 [289.           0.6584       0.01069111]
 [290.           0.6582       0.00990958]
 [291.           0.6584       0.01006479]
 [292.           0.6584       0.01006479]
 [293.           0.65860003   0.00981326]
 [294.           0.65819997   0.00944456]
 [295.           0.65819997   0.00944456]
 [296.           0.658        0.00921955]
 [297.           0.6578       0.00909397]
 [298.           0.6578       0.00909397]
 [299.           0.6578       0.00909397]
 [300.           0.65800005   0.00886004]
 [301.           0.65800005   0.00886004]
 [302.           0.6578       0.00864292]
 [303.           0.65720004   0.00875786]
 [304.           0.65720004   0.00875786]
 [305.           0.65720004   0.00875786]
 [306.           0.657        0.008544  ]
 [307.           0.657        0.008544  ]
 [308.           0.6568       0.00834865]
 [309.           0.6568       0.00834865]
 [310.           0.6568       0.00834865]
 [311.           0.6574001    0.00844393]
 [312.           0.6574001    0.00844393]
 [313.           0.6574001    0.00844393]
 [314.           0.6574001    0.00804983]
 [315.           0.65720004   0.00794982]
 [316.           0.65720004   0.00794982]
 [317.           0.6574       0.00779741]
 [318.           0.6574001    0.00817312]
 [319.           0.6574001    0.00817312]
 [320.           0.6574001    0.00817312]
 [321.           0.65720004   0.00810554]
 [322.           0.65720004   0.00810554]
 [323.           0.65760005   0.00826436]
 [324.           0.6578       0.00846758]
 [325.           0.65760005   0.00864869]
 [326.           0.6578       0.00875785]
 [327.           0.6582       0.00870058]
 [328.           0.65840006   0.00890506]
 [329.           0.65860003   0.00904433]
 [330.           0.65860003   0.00904433]
 [331.           0.65860003   0.00904433]
 [332.           0.6584       0.00884872]
 [333.           0.658        0.00848526]
 [334.           0.658        0.00848526]
 [335.           0.658        0.00848526]
 [336.           0.65819997   0.00831863]
 [337.           0.658        0.00815473]
 [338.           0.658        0.00815473]
 [339.           0.658        0.00815473]
 [340.           0.65819997   0.00834864]
 [341.           0.6584       0.00820365]
 [342.           0.6584       0.00820365]
 [343.           0.65860003   0.00838451]
 [344.           0.6584       0.00826438]
 [345.           0.65880007   0.00867179]
 [346.           0.65880007   0.00867179]
 [347.           0.65880007   0.00867179]
 [348.           0.65880007   0.00867179]
 [349.           0.65860003   0.0084735 ]
 [350.           0.65880007   0.00858488]
 [351.           0.65880007   0.00858488]
 [352.           0.65900004   0.00845578]
 [353.           0.6584       0.00829456]
 [354.           0.65819997   0.00807464]
 [355.           0.65819997   0.00807464]
 [356.           0.6584       0.00826438]
 [357.           0.65819997   0.00807464]
 [358.           0.65819997   0.00807464]
 [359.           0.65819997   0.00807464]
 [360.           0.65819997   0.00807464]
 [361.           0.65819997   0.00807464]
 [362.           0.65819997   0.00807464]
 [363.           0.658        0.0079057 ]
 [364.           0.658        0.0079057 ]
 [365.           0.658        0.0079057 ]
 [366.           0.658        0.0079057 ]
 [367.           0.658        0.0079057 ]
 [368.           0.6578       0.00775886]
 [369.           0.658        0.00800001]
 [370.           0.658        0.00800001]
 [371.           0.658        0.00800001]
 [372.           0.658        0.00800001]
 [373.           0.658        0.00800001]
 [374.           0.6578       0.00837857]
 [375.           0.65819997   0.00864292]
 [376.           0.6578       0.00828856]
 [377.           0.658        0.00851471]
 [378.           0.658        0.00851471]
 [379.           0.658        0.00851471]
 [380.           0.65760005   0.00879206]
 [381.           0.65760005   0.00879206]
 [382.           0.6578       0.00895546]
 [383.           0.658        0.00860232]
 [384.           0.6578       0.00849705]
 [385.           0.65760005   0.00841425]
 [386.           0.65760005   0.00884871]
 [387.           0.65760005   0.00884871]
 [388.           0.6574001    0.00879202]
 [389.           0.6574001    0.00879202]
 [390.           0.6574001    0.00879202]
 [391.           0.65760005   0.00861973]
 [392.           0.65760005   0.00861973]
 [393.           0.65760005   0.00861973]
 [394.           0.6578       0.00867178]
 [395.           0.6574001    0.00859069]
 [396.           0.65720004   0.00858485]
 [397.           0.65760005   0.00918149]
 [398.           0.6578       0.00949736]
 [399.           0.6578       0.00949736]
 [400.           0.65760005   0.00965918]]
Dataset       :Cora
Model         :MLP
Conden ratio  :0.5
GC            :5
LearnA        :0
Max Test Accuracy:
0.737
Best Result: Epoch   Acc  Std.
               275 0.6602  0.0126
