Set seed
Model GCN
--------------------------------------------------
The 1th iteration:
--------------------------------------------------
--------------------------------------------------
The 2th iteration:
--------------------------------------------------
--------------------------------------------------
The 3th iteration:
--------------------------------------------------
--------------------------------------------------
The 4th iteration:
--------------------------------------------------
--------------------------------------------------
The 5th iteration:
--------------------------------------------------
[[  1.           0.21200001   0.1019804 ]
 [  2.           0.256        0.12653655]
 [  3.           0.2976       0.14282963]
 [  4.           0.33800003   0.15695064]
 [  5.           0.37919998   0.16549078]
 [  6.           0.4132       0.17528749]
 [  7.           0.4374       0.18009245]
 [  8.           0.46199998   0.17766964]
 [  9.           0.4842       0.1760531 ]
 [ 10.           0.5044       0.16975808]
 [ 11.           0.5228       0.16487327]
 [ 12.           0.53940004   0.16061227]
 [ 13.           0.5562       0.15196775]
 [ 14.           0.57299995   0.14135595]
 [ 15.           0.58400005   0.13515364]
 [ 16.           0.59540004   0.12682785]
 [ 17.           0.60719997   0.12292559]
 [ 18.           0.61800003   0.11372555]
 [ 19.           0.6272       0.10795227]
 [ 20.           0.6352       0.10358424]
 [ 21.           0.63939995   0.10066181]
 [ 22.           0.6416       0.09802193]
 [ 23.           0.646        0.09484988]
 [ 24.           0.64860004   0.09358045]
 [ 25.           0.6514       0.09039803]
 [ 26.           0.6568       0.08898146]
 [ 27.           0.66020006   0.08591098]
 [ 28.           0.66440004   0.08511345]
 [ 29.           0.6666       0.08373351]
 [ 30.           0.6694       0.0836439 ]
 [ 31.           0.6732       0.08427753]
 [ 32.           0.67399997   0.08561833]
 [ 33.           0.6764       0.08576597]
 [ 34.           0.67920005   0.08441386]
 [ 35.           0.6798       0.08253304]
 [ 36.           0.6804       0.08094319]
 [ 37.           0.6816       0.08020475]
 [ 38.           0.68200004   0.08020911]
 [ 39.           0.6836       0.07862441]
 [ 40.           0.68359995   0.07762279]
 [ 41.           0.6844       0.07708631]
 [ 42.           0.6844       0.07651994]
 [ 43.           0.6844       0.0770344 ]
 [ 44.           0.685        0.0775016 ]
 [ 45.           0.6846       0.07711873]
 [ 46.           0.6844       0.07649706]
 [ 47.           0.6822001    0.07583995]
 [ 48.           0.681        0.07521967]
 [ 49.           0.6804       0.07432225]
 [ 50.           0.67819995   0.0734214 ]
 [ 51.           0.677        0.07393578]
 [ 52.           0.67520005   0.07433167]
 [ 53.           0.67359996   0.07496867]
 [ 54.           0.67260003   0.07502199]
 [ 55.           0.6706       0.07288552]
 [ 56.           0.66959995   0.07302259]
 [ 57.           0.66760004   0.07125868]
 [ 58.           0.66639996   0.07053227]
 [ 59.           0.6652       0.06922933]
 [ 60.           0.6626       0.0676853 ]
 [ 61.           0.6626       0.06708056]
 [ 62.           0.66         0.06513449]
 [ 63.           0.65860003   0.06503307]
 [ 64.           0.6592       0.06353896]
 [ 65.           0.6566       0.06172763]
 [ 66.           0.65580004   0.06085393]
 [ 67.           0.65500003   0.05880902]
 [ 68.           0.6548       0.05802758]
 [ 69.           0.6538       0.05614891]
 [ 70.           0.65320003   0.05363488]
 [ 71.           0.6524       0.05288478]
 [ 72.           0.6494       0.05158779]
 [ 73.           0.6492       0.05051434]
 [ 74.           0.648        0.0484252 ]
 [ 75.           0.64820004   0.04797604]
 [ 76.           0.64779997   0.04791868]
 [ 77.           0.6468       0.04496331]
 [ 78.           0.6462       0.04360848]
 [ 79.           0.6452       0.04253471]
 [ 80.           0.64379996   0.0419309 ]
 [ 81.           0.6434       0.04241227]
 [ 82.           0.64280003   0.04143912]
 [ 83.           0.6424       0.04088153]
 [ 84.           0.642        0.04066325]
 [ 85.           0.64239997   0.03942463]
 [ 86.           0.6412       0.03823219]
 [ 87.           0.6414       0.03639094]
 [ 88.           0.642        0.03551055]
 [ 89.           0.6412       0.03471599]
 [ 90.           0.641        0.03338413]
 [ 91.           0.6412       0.03325959]
 [ 92.           0.64100003   0.03359315]
 [ 93.           0.64239997   0.03367937]
 [ 94.           0.642        0.0334888 ]
 [ 95.           0.6418       0.03331966]
 [ 96.           0.64239997   0.03194212]
 [ 97.           0.642        0.03135283]
 [ 98.           0.64280003   0.03080908]
 [ 99.           0.64320004   0.03032655]
 [100.           0.6434       0.02979597]
 [101.           0.6434       0.02990485]
 [102.           0.644        0.02947881]
 [103.           0.6446       0.0284394 ]
 [104.           0.64440006   0.02835137]
 [105.           0.645        0.02806244]
 [106.           0.64519995   0.02725254]
 [107.           0.646        0.02692581]
 [108.           0.6468       0.02641403]
 [109.           0.647        0.02673015]
 [110.           0.6474       0.02634957]
 [111.           0.64779997   0.02654618]
 [112.           0.648        0.02556365]
 [113.           0.6474       0.02562812]
 [114.           0.6476       0.02542244]
 [115.           0.64779997   0.02426315]
 [116.           0.647        0.023696  ]
 [117.           0.64659995   0.02272224]
 [118.           0.647        0.02272665]
 [119.           0.6462       0.02190207]
 [120.           0.646        0.02111871]
 [121.           0.647        0.0214709 ]
 [122.           0.64779997   0.02215178]
 [123.           0.6478       0.02234282]
 [124.           0.64720005   0.02254331]
 [125.           0.64720005   0.02155689]
 [126.           0.6464       0.02235622]
 [127.           0.6462       0.02151045]
 [128.           0.6456       0.02161714]
 [129.           0.64460003   0.02209751]
 [130.           0.6448       0.02228675]
 [131.           0.6448       0.0222081 ]
 [132.           0.645        0.02232712]
 [133.           0.645        0.02210205]
 [134.           0.646        0.02199999]
 [135.           0.6462       0.02128848]
 [136.           0.647        0.02105943]
 [137.           0.6474       0.02148953]
 [138.           0.6482       0.0225211 ]
 [139.           0.6488       0.02402497]
 [140.           0.65040004   0.02371289]
 [141.           0.6506       0.02352234]
 [142.           0.6508       0.02393116]
 [143.           0.651        0.02398958]
 [144.           0.65180004   0.02340299]
 [145.           0.6528       0.02501401]
 [146.           0.653        0.02460689]
 [147.           0.6526       0.02550097]
 [148.           0.65180004   0.02487369]
 [149.           0.6524       0.0233088 ]
 [150.           0.65320003   0.02384743]
 [151.           0.6534       0.02402706]
 [152.           0.6538       0.02270904]
 [153.           0.65500003   0.02307596]
 [154.           0.6554       0.02326585]
 [155.           0.6552       0.0233923 ]
 [156.           0.65480006   0.02326369]
 [157.           0.6556       0.02364953]
 [158.           0.6554       0.02448062]
 [159.           0.65580004   0.02452958]
 [160.           0.6566       0.0244806 ]
 [161.           0.6574001    0.0242549 ]
 [162.           0.65760005   0.02449082]
 [163.           0.658        0.02462724]
 [164.           0.6584       0.02472449]
 [165.           0.65760005   0.0252646 ]
 [166.           0.65760005   0.02668893]
 [167.           0.658        0.02701851]
 [168.           0.65860003   0.02757354]
 [169.           0.65900004   0.02695367]
 [170.           0.6598       0.02664021]
 [171.           0.661        0.0261725 ]
 [172.           0.66160005   0.02625453]
 [173.           0.6614       0.02625451]
 [174.           0.6622       0.02503397]
 [175.           0.662        0.02459674]
 [176.           0.66160005   0.02394369]
 [177.           0.66099995   0.02356905]
 [178.           0.6608       0.02330665]
 [179.           0.6608       0.02290633]
 [180.           0.66120005   0.02211787]
 [181.           0.6614       0.02161713]
 [182.           0.6612       0.02118255]
 [183.           0.6614       0.02050122]
 [184.           0.66160005   0.02073161]
 [185.           0.66099995   0.0199875 ]
 [186.           0.6606       0.01971802]
 [187.           0.66040003   0.01926916]
 [188.           0.66         0.02083266]
 [189.           0.66020006   0.020142  ]
 [190.           0.66020006   0.02014197]
 [191.           0.65880007   0.02184492]
 [192.           0.659        0.02210204]
 [193.           0.6594       0.0225455 ]
 [194.           0.6584       0.02187007]
 [195.           0.65819997   0.02291723]
 [196.           0.6588       0.02302607]
 [197.           0.65880007   0.02248777]
 [198.           0.65880007   0.02284074]
 [199.           0.65880007   0.02316679]
 [200.           0.6592       0.02425282]
 [201.           0.65860003   0.0235223 ]
 [202.           0.65860003   0.0231905 ]
 [203.           0.65900004   0.02306514]
 [204.           0.6592       0.0230152 ]
 [205.           0.66020006   0.02253219]
 [206.           0.6608       0.02278595]
 [207.           0.66099995   0.02269361]
 [208.           0.66099995   0.02332378]
 [209.           0.662        0.02331309]
 [210.           0.6624       0.02325511]
 [211.           0.66300005   0.0232809 ]
 [212.           0.6632       0.02293903]
 [213.           0.6636       0.02334093]
 [214.           0.6638       0.0229826 ]
 [215.           0.6632       0.02365799]
 [216.           0.66300005   0.02320562]
 [217.           0.66359997   0.02364953]
 [218.           0.66379994   0.02380546]
 [219.           0.6634       0.02363895]
 [220.           0.66300005   0.02440285]
 [221.           0.66359997   0.02425488]
 [222.           0.6628       0.02355208]
 [223.           0.6628       0.02357328]
 [224.           0.66179997   0.02386839]
 [225.           0.66040003   0.02416197]
 [226.           0.66020006   0.02353083]
 [227.           0.66020006   0.02378446]
 [228.           0.6594       0.0239437 ]
 [229.           0.66         0.0244847 ]
 [230.           0.6598       0.02330665]
 [231.           0.6598       0.02299348]
 [232.           0.6592       0.02312359]
 [233.           0.6594       0.02273324]
 [234.           0.6588       0.02253222]
 [235.           0.6584       0.02294123]
 [236.           0.6588       0.02299346]
 [237.           0.658        0.02242766]
 [238.           0.6578       0.02181056]
 [239.           0.65760005   0.02166334]
 [240.           0.6574001    0.02176696]
 [241.           0.65720004   0.02178762]
 [242.           0.65720004   0.02184493]
 [243.           0.6574       0.0214313 ]
 [244.           0.657        0.02225984]
 [245.           0.65720004   0.02243212]
 [246.           0.6582       0.02178762]
 [247.           0.6578       0.02148722]
 [248.           0.658        0.02178304]
 [249.           0.658        0.02178304]
 [250.           0.65860003   0.02183576]
 [251.           0.6586       0.02261195]
 [252.           0.6594       0.02300653]
 [253.           0.6594       0.02296301]
 [254.           0.65959996   0.02277717]
 [255.           0.65959996   0.02358603]
 [256.           0.65959996   0.02415161]
 [257.           0.66040003   0.02369176]
 [258.           0.6606       0.02331951]
 [259.           0.66040003   0.02304994]
 [260.           0.66         0.02459675]
 [261.           0.66         0.02348404]
 [262.           0.66040003   0.024684  ]
 [263.           0.66020006   0.02487368]
 [264.           0.6602       0.02521308]
 [265.           0.6608       0.02523292]
 [266.           0.66160005   0.02739161]
 [267.           0.6622       0.02811049]
 [268.           0.6624       0.02806776]
 [269.           0.66220003   0.02819928]
 [270.           0.66260004   0.02891885]
 [271.           0.66160005   0.02916848]
 [272.           0.662        0.03012474]
 [273.           0.6622       0.02990318]
 [274.           0.6628       0.0299199 ]
 [275.           0.662        0.02916333]
 [276.           0.662        0.02987476]
 [277.           0.6626       0.02992991]
 [278.           0.6628       0.03006161]
 [279.           0.66239995   0.029653  ]
 [280.           0.6628       0.02996164]
 [281.           0.66300005   0.02919759]
 [282.           0.66400003   0.0299416 ]
 [283.           0.664        0.02935132]
 [284.           0.6642       0.02847279]
 [285.           0.6638       0.0287263 ]
 [286.           0.6636       0.02941598]
 [287.           0.6642       0.02960067]
 [288.           0.66499996   0.02950423]
 [289.           0.6648       0.03002831]
 [290.           0.6652       0.03001166]
 [291.           0.66520005   0.03048278]
 [292.           0.6654       0.03035292]
 [293.           0.664        0.02922329]
 [294.           0.66359997   0.02840424]
 [295.           0.6646       0.02927117]
 [296.           0.6642       0.0293462 ]
 [297.           0.66359997   0.02756447]
 [298.           0.6634       0.02780826]
 [299.           0.6634       0.0269314 ]
 [300.           0.6646       0.02620687]
 [301.           0.6642       0.02601344]
 [302.           0.6646       0.02602498]
 [303.           0.66600007   0.02712012]
 [304.           0.6648       0.02720661]
 [305.           0.6654       0.02681977]
 [306.           0.665        0.02727636]
 [307.           0.6648       0.0275445 ]
 [308.           0.6642       0.02791414]
 [309.           0.6642       0.02737151]
 [310.           0.66359997   0.02708874]
 [311.           0.6632       0.0274718 ]
 [312.           0.66340005   0.02830725]
 [313.           0.6636       0.02847455]
 [314.           0.664        0.02885307]
 [315.           0.6644       0.02884961]
 [316.           0.6642       0.02896032]
 [317.           0.66359997   0.03053357]
 [318.           0.66359997   0.03070505]
 [319.           0.6648       0.03105961]
 [320.           0.66480005   0.03106767]
 [321.           0.665        0.03104028]
 [322.           0.6656       0.03034468]
 [323.           0.6656       0.03021258]
 [324.           0.6652       0.02932918]
 [325.           0.66660005   0.02849211]
 [326.           0.66760004   0.02833373]
 [327.           0.66760004   0.02792491]
 [328.           0.668        0.02800893]
 [329.           0.6674       0.02793384]
 [330.           0.6684       0.02910841]
 [331.           0.668        0.03108858]
 [332.           0.6686       0.03018774]
 [333.           0.6684       0.02955163]
 [334.           0.6678       0.02872629]
 [335.           0.667        0.03043845]
 [336.           0.6664       0.02950086]
 [337.           0.6666       0.02980437]
 [338.           0.66679996   0.03072783]
 [339.           0.6672       0.03011977]
 [340.           0.6676       0.0305745 ]
 [341.           0.66800004   0.03121698]
 [342.           0.6678       0.03239908]
 [343.           0.6672       0.03153885]
 [344.           0.6662       0.03171277]
 [345.           0.667        0.03091116]
 [346.           0.66740006   0.03154837]
 [347.           0.66760004   0.0309887 ]
 [348.           0.6672       0.03065453]
 [349.           0.6672       0.03087392]
 [350.           0.6678       0.03196404]
 [351.           0.6674       0.03176163]
 [352.           0.6674       0.03194213]
 [353.           0.66800004   0.03210919]
 [354.           0.6684       0.03235429]
 [355.           0.66800004   0.03270321]
 [356.           0.66880006   0.03395144]
 [357.           0.6678       0.032874  ]
 [358.           0.66800004   0.03330164]
 [359.           0.66800004   0.03354101]
 [360.           0.6686       0.0332686 ]
 [361.           0.66880006   0.03348433]
 [362.           0.66880006   0.03277499]
 [363.           0.66880006   0.03364076]
 [364.           0.6684       0.03403381]
 [365.           0.6692       0.03369274]
 [366.           0.6696       0.03404848]
 [367.           0.67080003   0.03358125]
 [368.           0.6714       0.03271544]
 [369.           0.671        0.03303786]
 [370.           0.67080003   0.03257607]
 [371.           0.67         0.03243455]
 [372.           0.67020005   0.03214343]
 [373.           0.67         0.03266495]
 [374.           0.67         0.03322649]
 [375.           0.67080003   0.03338712]
 [376.           0.672        0.03366749]
 [377.           0.67219996   0.03353654]
 [378.           0.6722       0.03244535]
 [379.           0.6722       0.03207336]
 [380.           0.6728       0.03208894]
 [381.           0.67300004   0.03154361]
 [382.           0.6732       0.03193275]
 [383.           0.67300004   0.03249616]
 [384.           0.6734       0.03260828]
 [385.           0.67340004   0.03172223]
 [386.           0.67359996   0.03191864]
 [387.           0.6738       0.03163384]
 [388.           0.67300004   0.0308626 ]
 [389.           0.674        0.03178051]
 [390.           0.6742       0.03105963]
 [391.           0.6742       0.03055652]
 [392.           0.6742       0.03016124]
 [393.           0.67440003   0.03046802]
 [394.           0.6742       0.03129217]
 [395.           0.6742       0.0309548 ]
 [396.           0.67399997   0.03152777]
 [397.           0.67480004   0.03227538]
 [398.           0.67440003   0.03265425]
 [399.           0.6754       0.03274599]
 [400.           0.675        0.03284813]]
Dataset       :Cora
Model         :GCN
Conden ratio  :0.5
GC            :1
LearnA        :1
Max Test Accuracy:
0.758
Best Result: Epoch   Acc  Std.
               44 0.6850  0.0775
