Set seed
Model GCN
--------------------------------------------------
The 1th iteration:
--------------------------------------------------
--------------------------------------------------
The 2th iteration:
--------------------------------------------------
--------------------------------------------------
The 3th iteration:
--------------------------------------------------
--------------------------------------------------
The 4th iteration:
--------------------------------------------------
--------------------------------------------------
The 5th iteration:
--------------------------------------------------
[[  1.           0.25620002   0.12956735]
 [  2.           0.3248       0.12842391]
 [  3.           0.38680002   0.11670775]
 [  4.           0.42880002   0.09487991]
 [  5.           0.47880003   0.05095293]
 [  6.           0.52360004   0.02484552]
 [  7.           0.5594       0.03743396]
 [  8.           0.5894       0.05179093]
 [  9.           0.6100001    0.0646877 ]
 [ 10.           0.6214       0.06793598]
 [ 11.           0.6348       0.07176141]
 [ 12.           0.645        0.07638715]
 [ 13.           0.6544       0.07514519]
 [ 14.           0.66099995   0.07568022]
 [ 15.           0.6666       0.07641208]
 [ 16.           0.6716       0.0781972 ]
 [ 17.           0.677        0.0785016 ]
 [ 18.           0.6786       0.07922307]
 [ 19.           0.6782       0.07970384]
 [ 20.           0.68         0.0813388 ]
 [ 21.           0.68020004   0.08056489]
 [ 22.           0.6804       0.07707012]
 [ 23.           0.6792       0.07645062]
 [ 24.           0.68020004   0.07652912]
 [ 25.           0.67980003   0.07443588]
 [ 26.           0.6812       0.07309379]
 [ 27.           0.6812       0.07342137]
 [ 28.           0.68079996   0.07312114]
 [ 29.           0.6794       0.07183874]
 [ 30.           0.6784       0.07181086]
 [ 31.           0.6754       0.0714164 ]
 [ 32.           0.6742       0.07077923]
 [ 33.           0.6724       0.07099153]
 [ 34.           0.6696       0.0709246 ]
 [ 35.           0.6682       0.07073329]
 [ 36.           0.6662       0.07252035]
 [ 37.           0.6632       0.07148914]
 [ 38.           0.6628       0.07040384]
 [ 39.           0.6606       0.07270353]
 [ 40.           0.6584       0.07443989]
 [ 41.           0.6552       0.07408577]
 [ 42.           0.652        0.07512324]
 [ 43.           0.6488       0.0738458 ]
 [ 44.           0.6454       0.07296093]
 [ 45.           0.6408       0.07109291]
 [ 46.           0.6388       0.07049256]
 [ 47.           0.636        0.06939378]
 [ 48.           0.63320005   0.06643194]
 [ 49.           0.6302       0.06502846]
 [ 50.           0.6272       0.06335376]
 [ 51.           0.6224       0.06043839]
 [ 52.           0.61840004   0.05806291]
 [ 53.           0.6146       0.05697191]
 [ 54.           0.6114       0.05322874]
 [ 55.           0.6072001    0.05120255]
 [ 56.           0.6034       0.05078681]
 [ 57.           0.59980005   0.04934268]
 [ 58.           0.59700006   0.04848194]
 [ 59.           0.59540004   0.04721546]
 [ 60.           0.59260005   0.04519735]
 [ 61.           0.5896       0.04215211]
 [ 62.           0.58720005   0.04103293]
 [ 63.           0.58540004   0.04093653]
 [ 64.           0.5838       0.04114244]
 [ 65.           0.5802       0.04106946]
 [ 66.           0.57960004   0.04119831]
 [ 67.           0.57680005   0.04145722]
 [ 68.           0.5748       0.04038814]
 [ 69.           0.572        0.04047841]
 [ 70.           0.56820005   0.03726527]
 [ 71.           0.56560004   0.03524627]
 [ 72.           0.56520003   0.03441947]
 [ 73.           0.562        0.03229551]
 [ 74.           0.5602       0.03218229]
 [ 75.           0.55860007   0.03100486]
 [ 76.           0.5564       0.03027872]
 [ 77.           0.55560005   0.0296277 ]
 [ 78.           0.5542       0.02928651]
 [ 79.           0.5522       0.02879583]
 [ 80.           0.5506       0.02804105]
 [ 81.           0.54980004   0.02794996]
 [ 82.           0.54840004   0.02720846]
 [ 83.           0.5476       0.02593839]
 [ 84.           0.5468       0.02585923]
 [ 85.           0.54660004   0.02583216]
 [ 86.           0.5458       0.02495397]
 [ 87.           0.5448       0.02412883]
 [ 88.           0.54440004   0.02376552]
 [ 89.           0.5436       0.02267819]
 [ 90.           0.5428       0.02281885]
 [ 91.           0.5432       0.02262078]
 [ 92.           0.5432       0.02174167]
 [ 93.           0.5436       0.02094756]
 [ 94.           0.5432       0.02046218]
 [ 95.           0.5434       0.02124383]
 [ 96.           0.54420006   0.02055967]
 [ 97.           0.5438       0.02063251]
 [ 98.           0.5444       0.02103093]
 [ 99.           0.54399997   0.02111871]
 [100.           0.5436       0.02085185]
 [101.           0.5432       0.02046216]
 [102.           0.54300004   0.01983682]
 [103.           0.5432       0.020401  ]
 [104.           0.5434       0.01950126]
 [105.           0.5434       0.01950126]
 [106.           0.5436       0.01998249]
 [107.           0.5444       0.01923017]
 [108.           0.5442       0.0191494 ]
 [109.           0.5454001    0.018636  ]
 [110.           0.54539996   0.019857  ]
 [111.           0.54539996   0.019857  ]
 [112.           0.546        0.02034699]
 [113.           0.5464       0.02081583]
 [114.           0.5464       0.02081583]
 [115.           0.54660004   0.02054993]
 [116.           0.5464       0.02076777]
 [117.           0.547        0.02065188]
 [118.           0.5484       0.02086384]
 [119.           0.54800004   0.01940361]
 [120.           0.5486       0.01908665]
 [121.           0.5504       0.01741552]
 [122.           0.55120003   0.01768332]
 [123.           0.55179995   0.01699119]
 [124.           0.553        0.01767768]
 [125.           0.5528       0.01803329]
 [126.           0.5534       0.01786896]
 [127.           0.554        0.01804159]
 [128.           0.5544       0.01825649]
 [129.           0.5558       0.01833576]
 [130.           0.5564       0.01803608]
 [131.           0.558        0.01756416]
 [132.           0.5598       0.01815763]
 [133.           0.5606       0.01828386]
 [134.           0.56159997   0.01875634]
 [135.           0.5622       0.01956271]
 [136.           0.5632       0.01986707]
 [137.           0.5636       0.01988216]
 [138.           0.56400007   0.02040833]
 [139.           0.56420004   0.02064461]
 [140.           0.5646       0.02133774]
 [141.           0.5646       0.02095948]
 [142.           0.566        0.0206519 ]
 [143.           0.566        0.02040832]
 [144.           0.56700003   0.01963415]
 [145.           0.568        0.0190788 ]
 [146.           0.5684       0.01871631]
 [147.           0.569        0.01861452]
 [148.           0.571        0.01919636]
 [149.           0.5718       0.0186869 ]
 [150.           0.5722       0.01922758]
 [151.           0.57240003   0.01942419]
 [152.           0.57320005   0.01956272]
 [153.           0.5736       0.01979395]
 [154.           0.5736       0.02019405]
 [155.           0.5738       0.01958826]
 [156.           0.5738       0.01920159]
 [157.           0.574        0.01958317]
 [158.           0.5738       0.02036421]
 [159.           0.5734       0.0207437 ]
 [160.           0.5734       0.02074366]
 [161.           0.5736       0.02052559]
 [162.           0.574        0.02056698]
 [163.           0.574        0.02070026]
 [164.           0.5742       0.02058398]
 [165.           0.57420003   0.02063248]
 [166.           0.5746       0.02103095]
 [167.           0.5748       0.02125324]
 [168.           0.57540005   0.02133777]
 [169.           0.5756       0.02157081]
 [170.           0.57559997   0.02192715]
 [171.           0.5756       0.02166335]
 [172.           0.5764       0.02104283]
 [173.           0.5766       0.02076777]
 [174.           0.577        0.0206034 ]
 [175.           0.577        0.0206034 ]
 [176.           0.5774       0.02005743]
 [177.           0.5778       0.01994242]
 [178.           0.5784       0.01967994]
 [179.           0.578        0.0194936 ]
 [180.           0.5784001    0.01951409]
 [181.           0.57860005   0.01921716]
 [182.           0.57860005   0.01916505]
 [183.           0.5788       0.01897893]
 [184.           0.579        0.01838478]
 [185.           0.5798       0.01857957]
 [186.           0.57960004   0.01875633]
 [187.           0.5794       0.01850134]
 [188.           0.57900006   0.01835755]
 [189.           0.57919997   0.01817138]
 [190.           0.579        0.0183439 ]
 [191.           0.5788       0.01804714]
 [192.           0.5788       0.01804714]
 [193.           0.5786       0.01824279]
 [194.           0.5788       0.01804716]
 [195.           0.5782       0.01866013]
 [196.           0.5778       0.018593  ]
 [197.           0.5776       0.01879628]
 [198.           0.5776       0.01879628]
 [199.           0.5776       0.01879628]
 [200.           0.5786       0.01962906]
 [201.           0.5788       0.01989223]
 [202.           0.579        0.02009976]
 [203.           0.579        0.02057912]
 [204.           0.57960004   0.02094755]
 [205.           0.57960004   0.02094755]
 [206.           0.5802       0.02083744]
 [207.           0.58000004   0.02101189]
 [208.           0.5804       0.02110211]
 [209.           0.5806       0.02138457]
 [210.           0.58100003   0.02148254]
 [211.           0.5808       0.02166102]
 [212.           0.5808       0.02075332]
 [213.           0.58120006   0.02041324]
 [214.           0.58100003   0.02057914]
 [215.           0.5808       0.0207774 ]
 [216.           0.5804       0.02112584]
 [217.           0.5808       0.02175315]
 [218.           0.58100003   0.02159861]
 [219.           0.5812       0.02096903]
 [220.           0.58140004   0.02119671]
 [221.           0.58140004   0.02119671]
 [222.           0.5818       0.02174169]
 [223.           0.5822       0.02230919]
 [224.           0.5822       0.02278597]
 [225.           0.5822       0.02323143]
 [226.           0.5824       0.02349042]
 [227.           0.583        0.02382226]
 [228.           0.583        0.02382226]
 [229.           0.5836       0.02418267]
 [230.           0.5834       0.02433723]
 [231.           0.58400005   0.02472853]
 [232.           0.58400005   0.02472853]
 [233.           0.5838       0.02489378]
 [234.           0.58400005   0.02512966]
 [235.           0.58440006   0.02478506]
 [236.           0.58500004   0.02428989]
 [237.           0.58500004   0.02428989]
 [238.           0.5846       0.0241723 ]
 [239.           0.5844       0.02483546]
 [240.           0.5846       0.02510577]
 [241.           0.5836       0.02427549]
 [242.           0.5838       0.02452957]
 [243.           0.5838       0.02452957]
 [244.           0.584        0.0243105 ]
 [245.           0.5838       0.02405619]
 [246.           0.5838       0.02405619]
 [247.           0.5838       0.02402499]
 [248.           0.5838       0.02401457]
 [249.           0.58360004   0.0237655 ]
 [250.           0.58360004   0.0237655 ]
 [251.           0.5838       0.02357328]
 [252.           0.5838       0.02357328]
 [253.           0.5838       0.02357328]
 [254.           0.5834       0.02302824]
 [255.           0.5834       0.02302824]
 [256.           0.5836       0.02333023]
 [257.           0.5836       0.02333023]
 [258.           0.5834       0.02314735]
 [259.           0.5838       0.02279695]
 [260.           0.5836       0.02299568]
 [261.           0.5838       0.02236515]
 [262.           0.5842       0.02290634]
 [263.           0.584        0.02310846]
 [264.           0.58339995   0.0236072 ]
 [265.           0.58339995   0.0236072 ]
 [266.           0.58339995   0.02317971]
 [267.           0.5836       0.02337305]
 [268.           0.5834       0.0235648 ]
 [269.           0.5838       0.0241081 ]
 [270.           0.5838       0.0241081 ]
 [271.           0.5838       0.0241081 ]
 [272.           0.5838       0.0241081 ]
 [273.           0.5838       0.0241081 ]
 [274.           0.5834       0.02446019]
 [275.           0.5836       0.02469414]
 [276.           0.5834       0.02446019]
 [277.           0.5834       0.02446019]
 [278.           0.5836       0.02427552]
 [279.           0.584        0.02440289]
 [280.           0.5846       0.02526461]
 [281.           0.5842       0.02513367]
 [282.           0.5838       0.02459067]
 [283.           0.5836       0.02427552]
 [284.           0.5844       0.02358603]
 [285.           0.5844       0.02358603]
 [286.           0.5844       0.02311492]
 [287.           0.58460003   0.0229085 ]
 [288.           0.5852       0.0237634 ]
 [289.           0.58500004   0.02392696]
 [290.           0.5846       0.02329807]
 [291.           0.58479995   0.02311276]
 [292.           0.5844       0.02251223]
 [293.           0.58460003   0.02232264]
 [294.           0.5848       0.02215175]
 [295.           0.58480006   0.02257653]
 [296.           0.58500004   0.02148254]
 [297.           0.5858       0.02167259]
 [298.           0.58540004   0.02114949]
 [299.           0.58540004   0.02069539]
 [300.           0.5852       0.0204377 ]
 [301.           0.5858       0.01991734]
 [302.           0.5858       0.01989221]
 [303.           0.5858       0.02036419]
 [304.           0.5862       0.0194859 ]
 [305.           0.58580005   0.01987963]
 [306.           0.5852       0.0195627 ]
 [307.           0.5852       0.0195627 ]
 [308.           0.5848       0.01901839]
 [309.           0.585        0.01937782]
 [310.           0.5848       0.01914942]
 [311.           0.58460003   0.01892882]
 [312.           0.58480006   0.01925357]
 [313.           0.58480006   0.01925357]
 [314.           0.58480006   0.01925357]
 [315.           0.5848       0.01920157]
 [316.           0.5848       0.01920157]
 [317.           0.5842       0.01971548]
 [318.           0.58400005   0.01988719]
 [319.           0.58400005   0.02028548]
 [320.           0.58479995   0.02080145]
 [321.           0.58479995   0.02080145]
 [322.           0.585        0.02104758]
 [323.           0.58540004   0.02112584]
 [324.           0.5856       0.02183577]
 [325.           0.5862       0.02174168]
 [326.           0.587        0.02237185]
 [327.           0.5866       0.02230024]
 [328.           0.587        0.02284733]
 [329.           0.587        0.02375922]
 [330.           0.587        0.02375922]
 [331.           0.58820003   0.02360509]
 [332.           0.58820003   0.02360509]
 [333.           0.588        0.02334522]
 [334.           0.58820003   0.02405619]
 [335.           0.5886       0.02370233]
 [336.           0.589        0.02332382]
 [337.           0.5892       0.0231452 ]
 [338.           0.5892       0.0231452 ]
 [339.           0.5896       0.0228101 ]
 [340.           0.58980006   0.0226429 ]
 [341.           0.58980006   0.0226429 ]
 [342.           0.59000003   0.0224277 ]
 [343.           0.5902       0.02270906]
 [344.           0.5902       0.02226436]
 [345.           0.59059995   0.0228101 ]
 [346.           0.5912       0.02275302]
 [347.           0.591        0.02242766]
 [348.           0.59120005   0.02268698]
 [349.           0.591        0.0224165 ]
 [350.           0.5912       0.02272002]
 [351.           0.59180003   0.02309111]
 [352.           0.592        0.02293469]
 [353.           0.592        0.02293469]
 [354.           0.5916       0.02232262]
 [355.           0.5918       0.02214046]
 [356.           0.5916       0.02232262]
 [357.           0.5916       0.02232262]
 [358.           0.592        0.02196587]
 [359.           0.5924       0.02258982]
 [360.           0.5924       0.02258982]
 [361.           0.5924       0.02258982]
 [362.           0.59180003   0.0226429 ]
 [363.           0.59180003   0.02308031]
 [364.           0.5916       0.02234501]
 [365.           0.59120005   0.02269799]
 [366.           0.591        0.02246106]
 [367.           0.5908       0.02266495]
 [368.           0.5906       0.02238973]
 [369.           0.591        0.02252777]
 [370.           0.591        0.02302172]
 [371.           0.5912       0.02328517]
 [372.           0.5912       0.02328517]
 [373.           0.5912       0.02328517]
 [374.           0.591        0.02350531]
 [375.           0.591        0.02350531]
 [376.           0.5908       0.02373184]
 [377.           0.59040004   0.0240894 ]
 [378.           0.5898       0.02378445]
 [379.           0.5896       0.02391234]
 [380.           0.5892       0.02439672]
 [381.           0.5892       0.02439672]
 [382.           0.5894       0.02415161]
 [383.           0.5886       0.02388097]
 [384.           0.5892       0.02387889]
 [385.           0.5888       0.02425284]
 [386.           0.5894       0.02456219]
 [387.           0.5898       0.02461097]
 [388.           0.59000003   0.02438236]
 [389.           0.59000003   0.02442337]
 [390.           0.59000003   0.02435161]
 [391.           0.59000003   0.02435161]
 [392.           0.59000003   0.02435161]
 [393.           0.5906       0.02371287]
 [394.           0.5906       0.02371287]
 [395.           0.5908       0.02350957]
 [396.           0.5906       0.02371287]
 [397.           0.59160006   0.0245825 ]
 [398.           0.5912       0.02403537]
 [399.           0.5914       0.02383901]
 [400.           0.591        0.02331308]]
Dataset       :Cora
Model         :GCN
Conden ratio  :0.25
GC            :5
LearnA        :1
Max Test Accuracy:
0.786
Best Result: Epoch   Acc  Std.
               26 0.6812  0.0731
