Set seed
Model GCN
--------------------------------------------------
The 1th iteration:
--------------------------------------------------
--------------------------------------------------
The 2th iteration:
--------------------------------------------------
--------------------------------------------------
The 3th iteration:
--------------------------------------------------
--------------------------------------------------
The 4th iteration:
--------------------------------------------------
--------------------------------------------------
The 5th iteration:
--------------------------------------------------
[[  1.           0.2106       0.10156425]
 [  2.           0.2548       0.12459815]
 [  3.           0.30200002   0.1456245 ]
 [  4.           0.34600002   0.16236532]
 [  5.           0.38579997   0.17308004]
 [  6.           0.4224       0.18269181]
 [  7.           0.45160004   0.18207774]
 [  8.           0.4744       0.18407148]
 [  9.           0.49160004   0.18360367]
 [ 10.           0.5104       0.18187718]
 [ 11.           0.5262       0.17527749]
 [ 12.           0.5438       0.16859925]
 [ 13.           0.56100005   0.16198148]
 [ 14.           0.577        0.15437618]
 [ 15.           0.5878       0.147225  ]
 [ 16.           0.59840006   0.14242296]
 [ 17.           0.60840005   0.13670883]
 [ 18.           0.61560005   0.1313442 ]
 [ 19.           0.626        0.12596628]
 [ 20.           0.6314       0.12109005]
 [ 21.           0.6368       0.11473098]
 [ 22.           0.64180005   0.10977798]
 [ 23.           0.64779997   0.10689107]
 [ 24.           0.6514       0.10480127]
 [ 25.           0.6568       0.09888478]
 [ 26.           0.66040003   0.09554213]
 [ 27.           0.6656       0.09343876]
 [ 28.           0.6686       0.09290481]
 [ 29.           0.67060006   0.09416103]
 [ 30.           0.6724       0.0927378 ]
 [ 31.           0.67460006   0.09059137]
 [ 32.           0.6786       0.09003222]
 [ 33.           0.6806       0.08847203]
 [ 34.           0.6828       0.08761108]
 [ 35.           0.6844       0.08684066]
 [ 36.           0.684        0.08691087]
 [ 37.           0.6868       0.0866989 ]
 [ 38.           0.687        0.08585747]
 [ 39.           0.688        0.08582541]
 [ 40.           0.6872       0.08689765]
 [ 41.           0.68840003   0.08585628]
 [ 42.           0.68880004   0.08444349]
 [ 43.           0.6882       0.08475966]
 [ 44.           0.6884       0.08551198]
 [ 45.           0.68780005   0.08459432]
 [ 46.           0.6888       0.08480388]
 [ 47.           0.68880004   0.08471835]
 [ 48.           0.6886       0.08426328]
 [ 49.           0.687        0.08391664]
 [ 50.           0.68520004   0.08313964]
 [ 51.           0.683        0.08336068]
 [ 52.           0.6818       0.08389399]
 [ 53.           0.68060005   0.08526605]
 [ 54.           0.68020004   0.08507761]
 [ 55.           0.6798       0.08483926]
 [ 56.           0.6776       0.08427218]
 [ 57.           0.6752       0.08146595]
 [ 58.           0.67399997   0.07933789]
 [ 59.           0.67300004   0.07696426]
 [ 60.           0.67300004   0.07516981]
 [ 61.           0.67120004   0.0713281 ]
 [ 62.           0.6706       0.07072338]
 [ 63.           0.67         0.06933252]
 [ 64.           0.6676       0.06697612]
 [ 65.           0.66580003   0.06624348]
 [ 66.           0.6646       0.06495231]
 [ 67.           0.66440004   0.06298651]
 [ 68.           0.66359997   0.06242035]
 [ 69.           0.6646       0.0618773 ]
 [ 70.           0.66220003   0.06031334]
 [ 71.           0.66239995   0.05887529]
 [ 72.           0.6628       0.05814377]
 [ 73.           0.66239995   0.05695876]
 [ 74.           0.6612       0.05652168]
 [ 75.           0.66080004   0.05746911]
 [ 76.           0.66040003   0.05772608]
 [ 77.           0.6592       0.05869583]
 [ 78.           0.65860003   0.05805429]
 [ 79.           0.6584       0.05625654]
 [ 80.           0.658        0.05641366]
 [ 81.           0.6588       0.05577365]
 [ 82.           0.6568       0.05568843]
 [ 83.           0.6578       0.0546324 ]
 [ 84.           0.6566       0.05414147]
 [ 85.           0.658        0.052811  ]
 [ 86.           0.65860003   0.05145192]
 [ 87.           0.6584       0.04986279]
 [ 88.           0.65860003   0.04894181]
 [ 89.           0.65880007   0.04834976]
 [ 90.           0.6606       0.04843863]
 [ 91.           0.6614       0.04813835]
 [ 92.           0.6608       0.04762038]
 [ 93.           0.66260004   0.04665619]
 [ 94.           0.6632       0.04560373]
 [ 95.           0.6632       0.04560373]
 [ 96.           0.6644       0.04579083]
 [ 97.           0.66440004   0.04560483]
 [ 98.           0.6642       0.04452754]
 [ 99.           0.66580003   0.04361996]
 [100.           0.6668       0.04283339]
 [101.           0.6664       0.04163893]
 [102.           0.66580003   0.04106946]
 [103.           0.66580003   0.04059186]
 [104.           0.666        0.04006869]
 [105.           0.66660005   0.03930392]
 [106.           0.6676       0.03900383]
 [107.           0.66779995   0.03875822]
 [108.           0.6688       0.03826486]
 [109.           0.6704       0.03766033]
 [110.           0.6714       0.03700405]
 [111.           0.6722       0.03748599]
 [112.           0.67160004   0.03707829]
 [113.           0.6714       0.03777964]
 [114.           0.6728       0.03855775]
 [115.           0.6746       0.03870788]
 [116.           0.67520005   0.03972027]
 [117.           0.675        0.03932556]
 [118.           0.6754       0.04028398]
 [119.           0.67679995   0.03944236]
 [120.           0.67740005   0.03882395]
 [121.           0.6778       0.03894482]
 [122.           0.67819995   0.03919439]
 [123.           0.6784       0.03891401]
 [124.           0.6794       0.04001   ]
 [125.           0.6796       0.03941192]
 [126.           0.6806       0.04037078]
 [127.           0.68119997   0.0406165 ]
 [128.           0.6818       0.04123954]
 [129.           0.6818       0.04097194]
 [130.           0.682        0.04106702]
 [131.           0.6828       0.0416197 ]
 [132.           0.6828       0.0416197 ]
 [133.           0.6842       0.0422457 ]
 [134.           0.6844       0.0420868 ]
 [135.           0.6854       0.04274108]
 [136.           0.6858       0.04163171]
 [137.           0.68659997   0.04055615]
 [138.           0.687        0.04185094]
 [139.           0.68780005   0.04321688]
 [140.           0.6884       0.04367264]
 [141.           0.689        0.04326662]
 [142.           0.68920004   0.04358554]
 [143.           0.69040006   0.04277031]
 [144.           0.69020003   0.04358556]
 [145.           0.69020003   0.04339008]
 [146.           0.6914       0.04286373]
 [147.           0.6914       0.0432354 ]
 [148.           0.6914       0.04388965]
 [149.           0.6916       0.04375843]
 [150.           0.69180006   0.04409875]
 [151.           0.6922       0.044718  ]
 [152.           0.69259995   0.04479732]
 [153.           0.6936       0.04440495]
 [154.           0.69500005   0.04470458]
 [155.           0.6956       0.04436553]
 [156.           0.6958       0.04500222]
 [157.           0.6954       0.04451179]
 [158.           0.6962       0.04539494]
 [159.           0.69699997   0.04479397]
 [160.           0.6976       0.04451181]
 [161.           0.69780004   0.04364859]
 [162.           0.6982       0.04368868]
 [163.           0.6988       0.04379155]
 [164.           0.7002       0.04418936]
 [165.           0.7008       0.04342464]
 [166.           0.7016       0.04324118]
 [167.           0.7016       0.04328165]
 [168.           0.7014       0.04413955]
 [169.           0.7012       0.04406472]
 [170.           0.7012       0.04392833]
 [171.           0.7016       0.04392379]
 [172.           0.7026       0.04329318]
 [173.           0.7028       0.04296159]
 [174.           0.70320004   0.04314741]
 [175.           0.7034       0.04311379]
 [176.           0.7028       0.04253467]
 [177.           0.70320004   0.04200832]
 [178.           0.703        0.04164133]
 [179.           0.70320004   0.04075782]
 [180.           0.70339996   0.0405623 ]
 [181.           0.70320004   0.041421  ]
 [182.           0.7026       0.04209868]
 [183.           0.7028       0.04186525]
 [184.           0.70300007   0.04199404]
 [185.           0.70320004   0.04212718]
 [186.           0.70320004   0.04220427]
 [187.           0.7034       0.04155479]
 [188.           0.7038       0.0412335 ]
 [189.           0.7034       0.04093044]
 [190.           0.7034       0.04059927]
 [191.           0.70280004   0.04148132]
 [192.           0.7034       0.04145841]
 [193.           0.703        0.04119467]
 [194.           0.7034       0.04048209]
 [195.           0.7034001    0.04014099]
 [196.           0.70320004   0.04030755]
 [197.           0.70320004   0.04109989]
 [198.           0.7028       0.04029517]
 [199.           0.7022       0.04012107]
 [200.           0.7024       0.0411983 ]
 [201.           0.70320004   0.04194282]
 [202.           0.70239997   0.04184852]
 [203.           0.703        0.04256174]
 [204.           0.7028       0.04260517]
 [205.           0.702        0.04309871]
 [206.           0.70180005   0.04328046]
 [207.           0.70220006   0.04306622]
 [208.           0.70280004   0.04274578]
 [209.           0.702        0.04293599]
 [210.           0.70280004   0.0422753 ]
 [211.           0.703        0.04202975]
 [212.           0.7026       0.04180071]
 [213.           0.7028       0.0414994 ]
 [214.           0.702        0.04119466]
 [215.           0.7018       0.04180549]
 [216.           0.70220006   0.04127589]
 [217.           0.7020001    0.04165933]
 [218.           0.7016       0.04150061]
 [219.           0.70220006   0.04172169]
 [220.           0.7016       0.04245351]
 [221.           0.70180005   0.04216278]
 [222.           0.7018       0.04138478]
 [223.           0.70180005   0.0412456 ]
 [224.           0.7020001    0.04147286]
 [225.           0.7012       0.04017089]
 [226.           0.70140004   0.04029641]
 [227.           0.70100003   0.04144877]
 [228.           0.70100003   0.04144877]
 [229.           0.7012       0.040721  ]
 [230.           0.70100003   0.04052159]
 [231.           0.7012       0.04128801]
 [232.           0.7014       0.04159087]
 [233.           0.70180005   0.04162571]
 [234.           0.7026       0.04096095]
 [235.           0.70239997   0.04109503]
 [236.           0.7026       0.04118617]
 [237.           0.7016       0.04051296]
 [238.           0.70180005   0.04027034]
 [239.           0.702        0.03954113]
 [240.           0.70180005   0.03949938]
 [241.           0.70119995   0.03935353]
 [242.           0.7014       0.03938655]
 [243.           0.70080006   0.03946772]
 [244.           0.7006001    0.03962071]
 [245.           0.7002       0.0390218 ]
 [246.           0.7004       0.03902308]
 [247.           0.70100003   0.03839921]
 [248.           0.70100003   0.03839921]
 [249.           0.7026       0.03866265]
 [250.           0.7022       0.03883555]
 [251.           0.702        0.03913439]
 [252.           0.7016       0.03883684]
 [253.           0.7014       0.03877242]
 [254.           0.7014       0.03931667]
 [255.           0.7012       0.03957525]
 [256.           0.7016       0.03943729]
 [257.           0.70119995   0.04042523]
 [258.           0.7012       0.04075169]
 [259.           0.702        0.04038563]
 [260.           0.7024       0.04030259]
 [261.           0.70220006   0.04044378]
 [262.           0.7024       0.04065463]
 [263.           0.7034001    0.04169292]
 [264.           0.703        0.04200595]
 [265.           0.703        0.04220784]
 [266.           0.7032       0.04231668]
 [267.           0.7028       0.04175765]
 [268.           0.7028       0.04175765]
 [269.           0.7038       0.04095972]
 [270.           0.7036       0.04044503]
 [271.           0.7034       0.0400537 ]
 [272.           0.703        0.04024301]
 [273.           0.70419997   0.04072715]
 [274.           0.70480007   0.04146323]
 [275.           0.7044       0.04141619]
 [276.           0.70460004   0.04162692]
 [277.           0.704        0.0415632 ]
 [278.           0.7042       0.0419488 ]
 [279.           0.704        0.04174327]
 [280.           0.7048       0.04140894]
 [281.           0.70539993   0.04074679]
 [282.           0.70600003   0.04013102]
 [283.           0.7058       0.03993368]
 [284.           0.70600003   0.03957272]
 [285.           0.7058       0.0393154 ]
 [286.           0.7058       0.03988358]
 [287.           0.7056       0.03906789]
 [288.           0.70640004   0.0383836 ]
 [289.           0.7068       0.03804865]
 [290.           0.7066       0.03781268]
 [291.           0.7066       0.03785895]
 [292.           0.70640004   0.0377134 ]
 [293.           0.7068       0.03790383]
 [294.           0.70600003   0.03754998]
 [295.           0.7062       0.03795656]
 [296.           0.7062       0.03770543]
 [297.           0.70500004   0.03678993]
 [298.           0.70480007   0.03664286]
 [299.           0.70500004   0.03627671]
 [300.           0.7048       0.03643075]
 [301.           0.70419997   0.03642389]
 [302.           0.7038       0.03694186]
 [303.           0.70419997   0.03664288]
 [304.           0.7038       0.0369689 ]
 [305.           0.7044       0.03638405]
 [306.           0.7044       0.03586501]
 [307.           0.70500004   0.03610402]
 [308.           0.70480007   0.0364719 ]
 [309.           0.70460004   0.0365828 ]
 [310.           0.70460004   0.03561319]
 [311.           0.70480007   0.03556262]
 [312.           0.7048       0.03589848]
 [313.           0.7044       0.03639781]
 [314.           0.70419997   0.03704996]
 [315.           0.7038       0.03720481]
 [316.           0.7038       0.03720481]
 [317.           0.70460004   0.03661011]
 [318.           0.7044       0.0379447 ]
 [319.           0.7048       0.03822565]
 [320.           0.70460004   0.03799735]
 [321.           0.7048       0.03841485]
 [322.           0.7054       0.03805652]
 [323.           0.70500004   0.03762313]
 [324.           0.70519996   0.03772532]
 [325.           0.70480007   0.03668378]
 [326.           0.70480007   0.03774519]
 [327.           0.7054       0.03800394]
 [328.           0.70600003   0.03828184]
 [329.           0.70600003   0.03712814]
 [330.           0.7058       0.0369283 ]
 [331.           0.7052       0.03804865]
 [332.           0.70500004   0.03819031]
 [333.           0.70480007   0.0374326 ]
 [334.           0.7056       0.03812217]
 [335.           0.70600003   0.03848376]
 [336.           0.7066       0.03885616]
 [337.           0.70600003   0.03836667]
 [338.           0.70500004   0.03740322]
 [339.           0.70540005   0.03723305]
 [340.           0.7056       0.03739386]
 [341.           0.7046       0.03620495]
 [342.           0.7052       0.0361137 ]
 [343.           0.7042       0.03528029]
 [344.           0.70500004   0.03600693]
 [345.           0.70440006   0.03619805]
 [346.           0.70460004   0.03680081]
 [347.           0.7052       0.03701621]
 [348.           0.70460004   0.03742727]
 [349.           0.7044       0.03740053]
 [350.           0.7042       0.03804864]
 [351.           0.7042       0.03854477]
 [352.           0.7038       0.03928994]
 [353.           0.70419997   0.03995248]
 [354.           0.7034       0.04104022]
 [355.           0.704        0.04031747]
 [356.           0.704        0.04077376]
 [357.           0.7034       0.04111934]
 [358.           0.7034001    0.04051294]
 [359.           0.7034       0.04111934]
 [360.           0.7034001    0.04238278]
 [361.           0.7034001    0.04234144]
 [362.           0.704        0.0427668 ]
 [363.           0.70419997   0.04299651]
 [364.           0.70419997   0.04296162]
 [365.           0.70460004   0.04220546]
 [366.           0.70540005   0.04172888]
 [367.           0.70559996   0.04212244]
 [368.           0.70640004   0.04225282]
 [369.           0.70600003   0.04254998]
 [370.           0.70640004   0.04292785]
 [371.           0.70640004   0.04245349]
 [372.           0.7066       0.04228829]
 [373.           0.70600003   0.0420476 ]
 [374.           0.70680004   0.04114242]
 [375.           0.7072       0.03992117]
 [376.           0.70640004   0.03984721]
 [377.           0.70680004   0.03962575]
 [378.           0.70640004   0.03975299]
 [379.           0.70640004   0.03895254]
 [380.           0.7068       0.03891915]
 [381.           0.7076       0.03927848]
 [382.           0.70760006   0.03958913]
 [383.           0.7088       0.03964468]
 [384.           0.7088       0.04098414]
 [385.           0.70860004   0.04090599]
 [386.           0.7082       0.04025792]
 [387.           0.7078       0.04005871]
 [388.           0.708        0.04047221]
 [389.           0.708        0.03947783]
 [390.           0.70820004   0.03932809]
 [391.           0.7082       0.03927721]
 [392.           0.7082       0.03927721]
 [393.           0.70780003   0.0388677 ]
 [394.           0.70760006   0.03852659]
 [395.           0.7066       0.03817458]
 [396.           0.7072       0.03825179]
 [397.           0.7068       0.03821256]
 [398.           0.707        0.03944617]
 [399.           0.7066       0.03933573]
 [400.           0.7068       0.039531  ]]
Dataset       :Cora
Model         :GCN
Conden ratio  :0.5
GC            :1
LearnA        :0
Max Test Accuracy:
0.771
Best Result: Epoch   Acc  Std.
               383 0.7088  0.0396
