Set seed
Model SAGE
--------------------------------------------------
The 1th iteration:
--------------------------------------------------
--------------------------------------------------
The 2th iteration:
--------------------------------------------------
--------------------------------------------------
The 3th iteration:
--------------------------------------------------
--------------------------------------------------
The 4th iteration:
--------------------------------------------------
--------------------------------------------------
The 5th iteration:
--------------------------------------------------
[[  1.           0.14420001   0.10102573]
 [  2.           0.18380001   0.12057032]
 [  3.           0.22420001   0.13936715]
 [  4.           0.3014       0.18197061]
 [  5.           0.3668       0.19113137]
 [  6.           0.41360003   0.19103612]
 [  7.           0.44779998   0.19268163]
 [  8.           0.46760002   0.19309662]
 [  9.           0.4848       0.18583514]
 [ 10.           0.5072       0.17288928]
 [ 11.           0.5204       0.15861998]
 [ 12.           0.5304       0.1414012 ]
 [ 13.           0.5252       0.11890206]
 [ 14.           0.516        0.09498685]
 [ 15.           0.5058       0.0802789 ]
 [ 16.           0.5022       0.06093601]
 [ 17.           0.5          0.05043313]
 [ 18.           0.5026       0.04361534]
 [ 19.           0.51019996   0.04064111]
 [ 20.           0.5264       0.04316596]
 [ 21.           0.5436       0.0475689 ]
 [ 22.           0.5592       0.05617562]
 [ 23.           0.57400006   0.06181828]
 [ 24.           0.58440006   0.05564888]
 [ 25.           0.6          0.04882112]
 [ 26.           0.608        0.04040421]
 [ 27.           0.6208       0.02675255]
 [ 28.           0.63560003   0.01569395]
 [ 29.           0.6464       0.01519211]
 [ 30.           0.6482       0.01963923]
 [ 31.           0.6526       0.02198409]
 [ 32.           0.66         0.02012459]
 [ 33.           0.6672       0.01926655]
 [ 34.           0.6742       0.01986708]
 [ 35.           0.67820007   0.02900344]
 [ 36.           0.6828       0.03718467]
 [ 37.           0.68500006   0.03754331]
 [ 38.           0.687        0.03738315]
 [ 39.           0.69         0.03549651]
 [ 40.           0.6886       0.03395292]
 [ 41.           0.6884       0.03508275]
 [ 42.           0.6886       0.03971523]
 [ 43.           0.6934       0.04169294]
 [ 44.           0.6972       0.04327468]
 [ 45.           0.7008       0.04388849]
 [ 46.           0.7012       0.04727792]
 [ 47.           0.7018       0.04773575]
 [ 48.           0.70360005   0.04850049]
 [ 49.           0.7034       0.05038651]
 [ 50.           0.7038       0.05039542]
 [ 51.           0.7048       0.05277022]
 [ 52.           0.70559996   0.05088024]
 [ 53.           0.7072       0.05003698]
 [ 54.           0.7058       0.05096764]
 [ 55.           0.7056       0.05267637]
 [ 56.           0.70720005   0.05125621]
 [ 57.           0.70780003   0.05118788]
 [ 58.           0.7086       0.05221399]
 [ 59.           0.7076       0.05252429]
 [ 60.           0.70900005   0.05305187]
 [ 61.           0.71         0.05206246]
 [ 62.           0.70940006   0.05339758]
 [ 63.           0.71         0.0534743 ]
 [ 64.           0.7106       0.05309709]
 [ 65.           0.7108       0.05317615]
 [ 66.           0.7102       0.05419596]
 [ 67.           0.7110001    0.05287247]
 [ 68.           0.7120001    0.05285358]
 [ 69.           0.7112       0.05255188]
 [ 70.           0.711        0.05275886]
 [ 71.           0.71         0.05358638]
 [ 72.           0.7102       0.05277027]
 [ 73.           0.7106       0.05360317]
 [ 74.           0.7094       0.05230967]
 [ 75.           0.71080005   0.05370007]
 [ 76.           0.7086       0.05167978]
 [ 77.           0.7116       0.05372896]
 [ 78.           0.71120006   0.05334511]
 [ 79.           0.71080005   0.05234216]
 [ 80.           0.71220005   0.053317  ]
 [ 81.           0.714        0.05355842]
 [ 82.           0.713        0.05316954]
 [ 83.           0.71320003   0.05458204]
 [ 84.           0.71239996   0.05553648]
 [ 85.           0.7136       0.05468365]
 [ 86.           0.7142       0.0550972 ]
 [ 87.           0.71340007   0.05595803]
 [ 88.           0.71340007   0.05494813]
 [ 89.           0.7148       0.05556706]
 [ 90.           0.7142       0.05604197]
 [ 91.           0.71480006   0.05531456]
 [ 92.           0.7136       0.05594015]
 [ 93.           0.71360004   0.0565137 ]
 [ 94.           0.7128       0.05709378]
 [ 95.           0.7134       0.05839778]
 [ 96.           0.7134       0.05839778]
 [ 97.           0.71260005   0.05701139]
 [ 98.           0.71360004   0.05851755]
 [ 99.           0.7146       0.05835068]
 [100.           0.7136       0.05783425]
 [101.           0.71379995   0.0595164 ]
 [102.           0.7152       0.05882773]
 [103.           0.7136       0.0593995 ]
 [104.           0.7144       0.06026855]
 [105.           0.7144       0.05885829]
 [106.           0.7134       0.0597227 ]
 [107.           0.714        0.06074127]
 [108.           0.7136       0.05937424]
 [109.           0.7142       0.05891689]
 [110.           0.71340007   0.05930685]
 [111.           0.714        0.05856197]
 [112.           0.7146       0.05979798]
 [113.           0.71480006   0.05666742]
 [114.           0.71620005   0.0560821 ]
 [115.           0.7174       0.05493   ]
 [116.           0.7182       0.05415444]
 [117.           0.7184       0.05490264]
 [118.           0.7202       0.05264693]
 [119.           0.7176       0.0551616 ]
 [120.           0.7186       0.05559497]
 [121.           0.7192001    0.05551305]
 [122.           0.7186       0.05601607]
 [123.           0.7216       0.05229535]
 [124.           0.7216       0.05277595]
 [125.           0.7256       0.04876269]
 [126.           0.7282       0.04668727]
 [127.           0.72819996   0.04609449]
 [128.           0.7312       0.04440385]
 [129.           0.7304       0.04580174]
 [130.           0.728        0.04546978]
 [131.           0.7308       0.04808534]
 [132.           0.72360003   0.04755314]
 [133.           0.73060006   0.04877294]
 [134.           0.7262       0.04723026]
 [135.           0.7264       0.04723135]
 [136.           0.7297999    0.04850463]
 [137.           0.7274       0.04652204]
 [138.           0.7274       0.0458563 ]
 [139.           0.7306       0.04727371]
 [140.           0.7286       0.04629575]
 [141.           0.7302       0.04340735]
 [142.           0.7322       0.04721439]
 [143.           0.7324       0.04437682]
 [144.           0.7306       0.04652206]
 [145.           0.7342       0.04544999]
 [146.           0.7318       0.044891  ]
 [147.           0.731        0.04577663]
 [148.           0.73579997   0.04488541]
 [149.           0.73240006   0.04511432]
 [150.           0.7356       0.04375844]
 [151.           0.7356       0.04496444]
 [152.           0.73660004   0.0425476 ]
 [153.           0.7354       0.04304998]
 [154.           0.7378       0.04297324]
 [155.           0.73700005   0.0409878 ]
 [156.           0.738        0.04318563]
 [157.           0.7374       0.04380981]
 [158.           0.7378       0.04330935]
 [159.           0.7388       0.0445668 ]
 [160.           0.7384       0.04385542]
 [161.           0.73920006   0.04380294]
 [162.           0.73859996   0.0443486 ]
 [163.           0.7408       0.04284506]
 [164.           0.7402       0.04410441]
 [165.           0.7418       0.04337856]
 [166.           0.7412       0.04293831]
 [167.           0.74060005   0.04396933]
 [168.           0.7418       0.0441837 ]
 [169.           0.74060005   0.0432701 ]
 [170.           0.742        0.04480512]
 [171.           0.7414       0.04418482]
 [172.           0.7422       0.04399661]
 [173.           0.7412       0.04408741]
 [174.           0.74280006   0.04423459]
 [175.           0.74200004   0.04346264]
 [176.           0.7424       0.04396932]
 [177.           0.74200004   0.04346264]
 [178.           0.7426       0.04434299]
 [179.           0.74340004   0.04379272]
 [180.           0.7422001    0.04411009]
 [181.           0.74380004   0.0438771 ]
 [182.           0.7428       0.04374017]
 [183.           0.7442       0.04494106]
 [184.           0.744        0.04417012]
 [185.           0.7436       0.04475825]
 [186.           0.7438       0.0442685 ]
 [187.           0.74340004   0.04434299]
 [188.           0.7444       0.04471354]
 [189.           0.74419993   0.04498556]
 [190.           0.74520004   0.04514642]
 [191.           0.7446       0.04525261]
 [192.           0.74520004   0.04517411]
 [193.           0.74480003   0.04509658]
 [194.           0.74579996   0.0457023 ]
 [195.           0.7444       0.04390103]
 [196.           0.7458       0.04636485]
 [197.           0.74520004   0.04396252]
 [198.           0.74500006   0.0459837 ]
 [199.           0.7446       0.04362683]
 [200.           0.7444       0.04526916]
 [201.           0.7444       0.0442188 ]
 [202.           0.74480003   0.04525151]
 [203.           0.74340004   0.04421312]
 [204.           0.7452       0.0459369 ]
 [205.           0.74420005   0.04467328]
 [206.           0.74480003   0.04602391]
 [207.           0.7440001    0.04464864]
 [208.           0.74280006   0.04437002]
 [209.           0.745        0.04537622]
 [210.           0.7426       0.04437679]
 [211.           0.74340004   0.04495887]
 [212.           0.7426       0.0454401 ]
 [213.           0.7422       0.04411009]
 [214.           0.74200004   0.04558511]
 [215.           0.7422       0.04408173]
 [216.           0.7408001    0.04519625]
 [217.           0.7422       0.04434748]
 [218.           0.7412       0.04584432]
 [219.           0.7406       0.0449255 ]
 [220.           0.74020004   0.04584428]
 [221.           0.7408       0.04526809]
 [222.           0.7402       0.04511873]
 [223.           0.74060005   0.04439372]
 [224.           0.7394       0.04499223]
 [225.           0.7418       0.04569136]
 [226.           0.73920006   0.04497999]
 [227.           0.7408       0.0457023 ]
 [228.           0.7404       0.04588353]
 [229.           0.74100006   0.04647043]
 [230.           0.74100006   0.04507217]
 [231.           0.7412       0.04652099]
 [232.           0.7404       0.04636054]
 [233.           0.74060005   0.04588901]
 [234.           0.74         0.04748684]
 [235.           0.7404       0.04552801]
 [236.           0.73999995   0.04702659]
 [237.           0.74100006   0.04657788]
 [238.           0.7404       0.0464844 ]
 [239.           0.7408       0.04654244]
 [240.           0.7416       0.04592714]
 [241.           0.73899996   0.04683483]
 [242.           0.74160004   0.04671508]
 [243.           0.739        0.04733919]
 [244.           0.7404       0.04833529]
 [245.           0.73800004   0.04835806]
 [246.           0.739        0.04871858]
 [247.           0.73920006   0.04844274]
 [248.           0.73920006   0.0481425 ]
 [249.           0.74         0.04861584]
 [250.           0.7404       0.04791452]
 [251.           0.74         0.04830633]
 [252.           0.7396       0.04777868]
 [253.           0.74060005   0.04931834]
 [254.           0.74020004   0.04842725]
 [255.           0.7404       0.04959133]
 [256.           0.741        0.04920872]
 [257.           0.741        0.04927473]
 [258.           0.73999995   0.04997   ]
 [259.           0.7408       0.04861276]
 [260.           0.7394       0.05052031]
 [261.           0.74139994   0.04854688]
 [262.           0.7388       0.05039046]
 [263.           0.741        0.04879548]
 [264.           0.7392       0.04937308]
 [265.           0.74         0.04791658]
 [266.           0.7418       0.04960039]
 [267.           0.73859996   0.04890604]
 [268.           0.7428       0.04993698]
 [269.           0.73920006   0.04977651]
 [270.           0.7418       0.04923109]
 [271.           0.74060005   0.049963  ]
 [272.           0.73999995   0.04806765]
 [273.           0.7412       0.05070207]
 [274.           0.7402       0.04926664]
 [275.           0.7406       0.04841797]
 [276.           0.74100006   0.04912231]
 [277.           0.7394       0.0481643 ]
 [278.           0.74280006   0.05019662]
 [279.           0.73999995   0.04783827]
 [280.           0.7416       0.04934876]
 [281.           0.73999995   0.04833217]
 [282.           0.74060005   0.04878319]
 [283.           0.7404       0.05005797]
 [284.           0.7404       0.04828355]
 [285.           0.7396       0.0492727 ]
 [286.           0.7402       0.04930721]
 [287.           0.7394       0.0493133 ]
 [288.           0.7404       0.04930821]
 [289.           0.73920006   0.04808014]
 [290.           0.7404       0.04975742]
 [291.           0.739        0.0477284 ]
 [292.           0.7402       0.05020161]
 [293.           0.73920006   0.04838077]
 [294.           0.73980004   0.04869496]
 [295.           0.7402       0.04891011]
 [296.           0.7388       0.04869497]
 [297.           0.74060005   0.04959136]
 [298.           0.73920006   0.04775145]
 [299.           0.74120003   0.04992694]
 [300.           0.7394       0.04903878]
 [301.           0.74160004   0.04967193]
 [302.           0.7386       0.04874735]
 [303.           0.7412       0.05034581]
 [304.           0.73859996   0.04895712]
 [305.           0.74120003   0.05035577]
 [306.           0.73859996   0.04954594]
 [307.           0.74120003   0.05081046]
 [308.           0.7388       0.05080058]
 [309.           0.74060005   0.05063894]
 [310.           0.7396       0.05124744]
 [311.           0.73920006   0.04952981]
 [312.           0.74060005   0.05029216]
 [313.           0.7392       0.04919554]
 [314.           0.741        0.05063595]
 [315.           0.73840004   0.04971721]
 [316.           0.7408       0.05023647]
 [317.           0.7388       0.05005198]
 [318.           0.74060005   0.05037659]
 [319.           0.7402       0.05005699]
 [320.           0.7388       0.05005198]
 [321.           0.74060005   0.05007297]
 [322.           0.7382       0.04891525]
 [323.           0.7408       0.05016674]
 [324.           0.7388       0.04933254]
 [325.           0.7398       0.04948941]
 [326.           0.7388       0.0491803 ]
 [327.           0.739        0.04912741]
 [328.           0.73999995   0.05025436]
 [329.           0.7374       0.04881906]
 [330.           0.7402       0.05023644]
 [331.           0.73719996   0.0485716 ]
 [332.           0.73980004   0.05226089]
 [333.           0.73800004   0.04770746]
 [334.           0.73880005   0.05187679]
 [335.           0.7388       0.04805415]
 [336.           0.7394       0.05057966]
 [337.           0.73980004   0.0493275 ]
 [338.           0.7378       0.0484376 ]
 [339.           0.7394       0.0528091 ]
 [340.           0.7382       0.04788738]
 [341.           0.74020004   0.05124646]
 [342.           0.739        0.04892342]
 [343.           0.7386       0.04917622]
 [344.           0.739        0.04892342]
 [345.           0.73780006   0.04860249]
 [346.           0.7394       0.04965176]
 [347.           0.7374       0.04835082]
 [348.           0.7402       0.04985681]
 [349.           0.7374       0.05025736]
 [350.           0.7388       0.04857159]
 [351.           0.738        0.0505421 ]
 [352.           0.7382       0.04875141]
 [353.           0.7394       0.04980263]
 [354.           0.7382       0.04981163]
 [355.           0.739        0.05014977]
 [356.           0.7378       0.04877192]
 [357.           0.7388       0.04876165]
 [358.           0.7388       0.04950452]
 [359.           0.738        0.04889787]
 [360.           0.7388       0.0494338 ]
 [361.           0.7384       0.04928791]
 [362.           0.7382       0.05017668]
 [363.           0.7388       0.0482566 ]
 [364.           0.73780006   0.04985178]
 [365.           0.739        0.04874424]
 [366.           0.7384       0.04864977]
 [367.           0.7384       0.05000799]
 [368.           0.7376       0.04811757]
 [369.           0.73820007   0.04984675]
 [370.           0.73719996   0.04863334]
 [371.           0.7392       0.0492311 ]
 [372.           0.7368       0.04889479]
 [373.           0.7388       0.04871036]
 [374.           0.7364       0.04887023]
 [375.           0.7388       0.04845826]
 [376.           0.737        0.04804166]
 [377.           0.7374       0.04886512]
 [378.           0.7374       0.0480656 ]
 [379.           0.7374       0.04879345]
 [380.           0.7382       0.04903774]
 [381.           0.738        0.04811965]
 [382.           0.739        0.04987484]
 [383.           0.73859996   0.04843864]
 [384.           0.7384       0.05009789]
 [385.           0.738        0.04811966]
 [386.           0.73800004   0.04932038]
 [387.           0.73840004   0.04933354]
 [388.           0.7382       0.04935279]
 [389.           0.7386       0.04924733]
 [390.           0.73780006   0.04907341]
 [391.           0.73859996   0.04862921]
 [392.           0.7376       0.04897244]
 [393.           0.7388       0.04860762]
 [394.           0.7376       0.04847988]
 [395.           0.7382       0.04935787]
 [396.           0.7376       0.0485005 ]
 [397.           0.7388       0.04907341]
 [398.           0.73780006   0.04862303]
 [399.           0.7382       0.04999699]
 [400.           0.7386       0.04869088]]
Dataset       :Cora
Model         :SAGE
Conden ratio  :1.0
GC            :2
LearnA        :1
Max Test Accuracy:
0.784
Best Result: Epoch   Acc  Std.
               196 0.7458  0.0464
