Set seed
Model MLP
--------------------------------------------------
The 1th iteration:
--------------------------------------------------
--------------------------------------------------
The 2th iteration:
--------------------------------------------------
--------------------------------------------------
The 3th iteration:
--------------------------------------------------
--------------------------------------------------
The 4th iteration:
--------------------------------------------------
--------------------------------------------------
The 5th iteration:
--------------------------------------------------
[[  1.           0.138        0.04370927]
 [  2.           0.1594       0.05502999]
 [  3.           0.1918       0.05491084]
 [  4.           0.2278       0.06749593]
 [  5.           0.2632       0.08554063]
 [  6.           0.2978       0.10436811]
 [  7.           0.3342       0.11914153]
 [  8.           0.37240002   0.13112514]
 [  9.           0.41459998   0.13664299]
 [ 10.           0.4506       0.13067633]
 [ 11.           0.49119997   0.12308006]
 [ 12.           0.52820003   0.11398114]
 [ 13.           0.55579996   0.10254852]
 [ 14.           0.5818       0.09204727]
 [ 15.           0.602        0.08445708]
 [ 16.           0.6224       0.0759888 ]
 [ 17.           0.63519996   0.06721014]
 [ 18.           0.646        0.06126989]
 [ 19.           0.65880007   0.05907792]
 [ 20.           0.6666       0.05459214]
 [ 21.           0.67300004   0.05416179]
 [ 22.           0.6766       0.05056975]
 [ 23.           0.68160003   0.0493842 ]
 [ 24.           0.6842       0.04540043]
 [ 25.           0.6876       0.0431544 ]
 [ 26.           0.691        0.04018705]
 [ 27.           0.6958       0.04011484]
 [ 28.           0.6978       0.03840834]
 [ 29.           0.69920003   0.03678586]
 [ 30.           0.6998       0.03719141]
 [ 31.           0.70040005   0.03674644]
 [ 32.           0.70080006   0.03427391]
 [ 33.           0.70040005   0.03599027]
 [ 34.           0.7018       0.03662242]
 [ 35.           0.7012       0.03549226]
 [ 36.           0.6994       0.03486117]
 [ 37.           0.6976       0.03594857]
 [ 38.           0.6968       0.03698243]
 [ 39.           0.6932       0.03850585]
 [ 40.           0.69200003   0.03813136]
 [ 41.           0.691        0.03885228]
 [ 42.           0.6872       0.0364993 ]
 [ 43.           0.68600005   0.03502142]
 [ 44.           0.68380004   0.03604442]
 [ 45.           0.683        0.03665378]
 [ 46.           0.6818       0.03715105]
 [ 47.           0.67980003   0.03434677]
 [ 48.           0.6778       0.03120417]
 [ 49.           0.67460006   0.03074574]
 [ 50.           0.67440003   0.03107732]
 [ 51.           0.67399997   0.0299416 ]
 [ 52.           0.6738       0.02956686]
 [ 53.           0.6742       0.02733496]
 [ 54.           0.67399997   0.02627736]
 [ 55.           0.6728       0.02675259]
 [ 56.           0.6718       0.02423221]
 [ 57.           0.67080003   0.02113527]
 [ 58.           0.671        0.02155225]
 [ 59.           0.67160004   0.0195141 ]
 [ 60.           0.6696       0.01745854]
 [ 61.           0.6688       0.01745565]
 [ 62.           0.6698       0.0149733 ]
 [ 63.           0.6714       0.01250199]
 [ 64.           0.6726       0.011371  ]
 [ 65.           0.6726       0.0100648 ]
 [ 66.           0.6726       0.01006478]
 [ 67.           0.67340004   0.01064425]
 [ 68.           0.6742       0.01123387]
 [ 69.           0.6752       0.00980817]
 [ 70.           0.6756       0.00955511]
 [ 71.           0.67539996   0.00955509]
 [ 72.           0.6758       0.00846758]
 [ 73.           0.67660004   0.00879203]
 [ 74.           0.6778       0.00846758]
 [ 75.           0.6786       0.00709228]
 [ 76.           0.67840004   0.00712741]
 [ 77.           0.6784       0.0064653 ]
 [ 78.           0.68         0.00678233]
 [ 79.           0.681        0.00628487]
 [ 80.           0.6814       0.00756969]
 [ 81.           0.6814       0.00844394]
 [ 82.           0.6834       0.00795616]
 [ 83.           0.6848       0.00852642]
 [ 84.           0.6856       0.00907193]
 [ 85.           0.6868       0.00941806]
 [ 86.           0.68920004   0.00901111]
 [ 87.           0.69020003   0.00840833]
 [ 88.           0.6914       0.00942337]
 [ 89.           0.6932       0.01063956]
 [ 90.           0.6952       0.01169189]
 [ 91.           0.6972       0.01145426]
 [ 92.           0.6982       0.01207062]
 [ 93.           0.70040005   0.01322121]
 [ 94.           0.702        0.01467991]
 [ 95.           0.7044       0.01460477]
 [ 96.           0.7074       0.01690563]
 [ 97.           0.7092       0.01764085]
 [ 98.           0.71099997   0.01853374]
 [ 99.           0.71379995   0.02060824]
 [100.           0.71520007   0.02122968]
 [101.           0.71680003   0.02135883]
 [102.           0.71760005   0.02138458]
 [103.           0.71959996   0.02313654]
 [104.           0.7218       0.02489376]
 [105.           0.72279996   0.02537123]
 [106.           0.72360003   0.02589017]
 [107.           0.7242       0.02666832]
 [108.           0.7256       0.02740985]
 [109.           0.7272       0.02820814]
 [110.           0.72920007   0.02935474]
 [111.           0.7312       0.03026054]
 [112.           0.733        0.03084641]
 [113.           0.7352       0.03161013]
 [114.           0.73579997   0.03210453]
 [115.           0.7364       0.03250079]
 [116.           0.7368       0.03232956]
 [117.           0.73840004   0.03189515]
 [118.           0.73840004   0.03189515]
 [119.           0.739        0.0334066 ]
 [120.           0.74060005   0.03439187]
 [121.           0.74160004   0.03371646]
 [122.           0.74280006   0.03377426]
 [123.           0.74340004   0.03338863]
 [124.           0.74480003   0.03331968]
 [125.           0.7452       0.03367788]
 [126.           0.7458       0.03396617]
 [127.           0.7474       0.0343846 ]
 [128.           0.7482       0.03468719]
 [129.           0.74999994   0.03633868]
 [130.           0.75060004   0.03660328]
 [131.           0.75060004   0.03648699]
 [132.           0.7518       0.03772531]
 [133.           0.7532       0.03858366]
 [134.           0.7532       0.03858366]
 [135.           0.7526       0.03975928]
 [136.           0.7528       0.03928994]
 [137.           0.7524       0.03972783]
 [138.           0.75220007   0.03913054]
 [139.           0.753        0.03949049]
 [140.           0.75240004   0.03930392]
 [141.           0.7516       0.039469  ]
 [142.           0.7524       0.03992868]
 [143.           0.7532       0.03990236]
 [144.           0.7532       0.03933446]
 [145.           0.7528       0.03914972]
 [146.           0.7526       0.03909347]
 [147.           0.7528       0.0392772 ]
 [148.           0.7526       0.03909347]
 [149.           0.7534       0.0397341 ]
 [150.           0.75420004   0.04028896]
 [151.           0.75380003   0.04072713]
 [152.           0.7542       0.04099632]
 [153.           0.7542       0.04099632]
 [154.           0.75439996   0.04176482]
 [155.           0.7548       0.04188317]
 [156.           0.7546       0.04181268]
 [157.           0.7548       0.0408803 ]
 [158.           0.7554       0.04159085]
 [159.           0.75500005   0.04256173]
 [160.           0.7546       0.04295113]
 [161.           0.75439996   0.0429162 ]
 [162.           0.75439996   0.0429162 ]
 [163.           0.7542       0.04334396]
 [164.           0.75420004   0.04353964]
 [165.           0.7542       0.04349943]
 [166.           0.754        0.04458141]
 [167.           0.75380003   0.04448259]
 [168.           0.75360006   0.04511432]
 [169.           0.75360006   0.04511432]
 [170.           0.75380003   0.04509104]
 [171.           0.75380003   0.04560375]
 [172.           0.7534       0.04557741]
 [173.           0.75320005   0.04535086]
 [174.           0.75320005   0.04535086]
 [175.           0.75380003   0.04490769]
 [176.           0.754        0.04331282]
 [177.           0.75360006   0.04352356]
 [178.           0.7534       0.04383264]
 [179.           0.75360006   0.04340854]
 [180.           0.75380003   0.04340738]
 [181.           0.754        0.0437493 ]
 [182.           0.7544       0.04346034]
 [183.           0.7552       0.04345918]
 [184.           0.7548       0.04444883]
 [185.           0.7546       0.04421312]
 [186.           0.7554       0.04423007]
 [187.           0.75560004   0.0443148 ]
 [188.           0.7556       0.04433733]
 [189.           0.756        0.0444466 ]
 [190.           0.7558       0.04421766]
 [191.           0.75560004   0.04413958]
 [192.           0.7552       0.04391128]
 [193.           0.7554       0.04391243]
 [194.           0.756        0.04433397]
 [195.           0.756        0.04433397]
 [196.           0.756        0.04433397]
 [197.           0.7562       0.04391128]
 [198.           0.7564       0.04403181]
 [199.           0.756        0.04391469]
 [200.           0.7566       0.04411123]
 [201.           0.7566001    0.04324696]
 [202.           0.75640005   0.04359818]
 [203.           0.7562       0.0435913 ]
 [204.           0.7556       0.04329319]
 [205.           0.7554       0.04543459]
 [206.           0.7556001    0.04500889]
 [207.           0.75600004   0.04582578]
 [208.           0.7562       0.04589883]
 [209.           0.75640005   0.04604673]
 [210.           0.7566       0.04562128]
 [211.           0.75699997   0.0457001 ]
 [212.           0.7576       0.04593255]
 [213.           0.75780004   0.04623526]
 [214.           0.75820005   0.04650485]
 [215.           0.7584001    0.0466294 ]
 [216.           0.7584001    0.04613351]
 [217.           0.75860006   0.0458345 ]
 [218.           0.75879997   0.04519624]
 [219.           0.759        0.04526587]
 [220.           0.75879997   0.04535086]
 [221.           0.7596       0.04585085]
 [222.           0.75979996   0.04599131]
 [223.           0.76019996   0.04611075]
 [224.           0.7612       0.04647259]
 [225.           0.7612       0.04641338]
 [226.           0.7618       0.04701279]
 [227.           0.762        0.04658863]
 [228.           0.76240003   0.04574168]
 [229.           0.7626       0.0457526 ]
 [230.           0.76280004   0.04587703]
 [231.           0.7628       0.04593147]
 [232.           0.7632       0.04595325]
 [233.           0.7638       0.04631091]
 [234.           0.76460004   0.04593801]
 [235.           0.76460004   0.04593801]
 [236.           0.7648       0.0460076 ]
 [237.           0.7646       0.04643598]
 [238.           0.76500005   0.04608145]
 [239.           0.7652       0.04630009]
 [240.           0.7652001    0.04670867]
 [241.           0.76500005   0.04639505]
 [242.           0.7652       0.04646719]
 [243.           0.76500005   0.04689883]
 [244.           0.7652       0.04684762]
 [245.           0.7656       0.04645213]
 [246.           0.7662       0.04610533]
 [247.           0.7658       0.04583884]
 [248.           0.76559997   0.04627417]
 [249.           0.7656       0.04637671]
 [250.           0.76540005   0.04625257]
 [251.           0.76519996   0.04668725]
 [252.           0.7656       0.0470085 ]
 [253.           0.7658       0.0472091 ]
 [254.           0.7658       0.0472091 ]
 [255.           0.7658       0.0472091 ]
 [256.           0.7656       0.04714127]
 [257.           0.7654       0.04701914]
 [258.           0.7652       0.04690096]
 [259.           0.7652       0.04690096]
 [260.           0.7652       0.04676751]
 [261.           0.76519996   0.0461324 ]
 [262.           0.7656       0.04581811]
 [263.           0.766        0.04590752]
 [264.           0.766        0.04590752]
 [265.           0.766        0.04590752]
 [266.           0.766        0.04590752]
 [267.           0.766        0.04590752]
 [268.           0.766        0.04590752]
 [269.           0.766        0.04590752]
 [270.           0.7662       0.04606192]
 [271.           0.76640004   0.04562675]
 [272.           0.76640004   0.04562675]
 [273.           0.7666       0.04574166]
 [274.           0.7668       0.04530672]
 [275.           0.7678       0.04533981]
 [276.           0.7684       0.0445511 ]
 [277.           0.7684       0.0445511 ]
 [278.           0.769        0.04443537]
 [279.           0.7692       0.04451631]
 [280.           0.7692       0.04451631]
 [281.           0.7692       0.04506884]
 [282.           0.7692       0.0451132 ]
 [283.           0.76980007   0.04540596]
 [284.           0.77040005   0.04587265]
 [285.           0.77040005   0.04600328]
 [286.           0.77080005   0.04641875]
 [287.           0.77080005   0.04641875]
 [288.           0.7708       0.04586612]
 [289.           0.7712       0.04600763]
 [290.           0.7712       0.04600763]
 [291.           0.772        0.04580938]
 [292.           0.772        0.04580938]
 [293.           0.7724       0.04610096]
 [294.           0.7724       0.04610096]
 [295.           0.7724       0.04610096]
 [296.           0.7724       0.04610096]
 [297.           0.77220005   0.04607276]
 [298.           0.7726       0.04620929]
 [299.           0.77279997   0.04577881]
 [300.           0.7726       0.04575259]
 [301.           0.7726       0.04572526]
 [302.           0.77279997   0.04575149]
 [303.           0.77279997   0.04575149]
 [304.           0.77279997   0.04473478]
 [305.           0.7732       0.04387709]
 [306.           0.7738       0.04304883]
 [307.           0.77360004   0.04294531]
 [308.           0.77419996   0.04216275]
 [309.           0.77419996   0.04216275]
 [310.           0.774        0.04202379]
 [311.           0.7742001    0.04206186]
 [312.           0.7740001    0.04199404]
 [313.           0.77360004   0.04219954]
 [314.           0.77360004   0.04219954]
 [315.           0.7738       0.04242289]
 [316.           0.7740001    0.04199404]
 [317.           0.7748       0.04140894]
 [318.           0.77500004   0.04147288]
 [319.           0.7752       0.0410451 ]
 [320.           0.7754       0.04111328]
 [321.           0.7754       0.04111328]
 [322.           0.77599996   0.04079831]
 [323.           0.77599996   0.04079831]
 [324.           0.7764       0.0397907 ]
 [325.           0.7766       0.04001625]
 [326.           0.77680004   0.04005871]
 [327.           0.77680004   0.04053641]
 [328.           0.77660006   0.04048826]
 [329.           0.77680004   0.04053641]
 [330.           0.7768       0.03988357]
 [331.           0.7772       0.039531  ]
 [332.           0.7774       0.039753  ]
 [333.           0.7774       0.039753  ]
 [334.           0.7776       0.03932305]
 [335.           0.7778       0.0393726 ]
 [336.           0.7778       0.0393726 ]
 [337.           0.778        0.03942716]
 [338.           0.77860004   0.03927851]
 [339.           0.77900004   0.03940812]
 [340.           0.77900004   0.03940812]
 [341.           0.7788       0.03934081]
 [342.           0.7784       0.03904869]
 [343.           0.7786       0.03912544]
 [344.           0.77839994   0.03890757]
 [345.           0.77860004   0.03901664]
 [346.           0.7788       0.03911136]
 [347.           0.77839994   0.03944997]
 [348.           0.77820003   0.03941066]
 [349.           0.777        0.03973034]
 [350.           0.7774       0.0399412 ]
 [351.           0.7776       0.03999126]
 [352.           0.7776       0.03999126]
 [353.           0.7776       0.03999126]
 [354.           0.7774       0.04042647]
 [355.           0.7774       0.04042647]
 [356.           0.7776       0.04053763]
 [357.           0.7778       0.04010237]
 [358.           0.7784       0.03990364]
 [359.           0.7784       0.04038935]
 [360.           0.77820003   0.04032617]
 [361.           0.77800006   0.04027407]
 [362.           0.77800006   0.04027407]
 [363.           0.77820003   0.0398397 ]
 [364.           0.7784       0.03990364]
 [365.           0.7784       0.03990364]
 [366.           0.7786       0.03946898]
 [367.           0.7788       0.03903459]
 [368.           0.7786       0.03946898]
 [369.           0.7788       0.03903459]
 [370.           0.7788       0.03903459]
 [371.           0.779        0.0386005 ]
 [372.           0.779        0.0386005 ]
 [373.           0.77940005   0.03821387]
 [374.           0.77940005   0.03821387]
 [375.           0.7788       0.03787084]
 [376.           0.779        0.03792756]
 [377.           0.779        0.03792756]
 [378.           0.779        0.03792756]
 [379.           0.7788       0.03786424]
 [380.           0.7788       0.03786424]
 [381.           0.77860004   0.03775978]
 [382.           0.77860004   0.03775978]
 [383.           0.779        0.03818376]
 [384.           0.7792       0.03775181]
 [385.           0.77959996   0.03791174]
 [386.           0.77959996   0.03791174]
 [387.           0.7798       0.03747932]
 [388.           0.7798       0.03747932]
 [389.           0.77959996   0.03791174]
 [390.           0.7794       0.03781268]
 [391.           0.7794       0.03781268]
 [392.           0.7792       0.03771868]
 [393.           0.77940005   0.03793812]
 [394.           0.77940005   0.03793812]
 [395.           0.77940005   0.03793812]
 [396.           0.7792       0.03836928]
 [397.           0.77940005   0.03842917]
 [398.           0.77940005   0.03842917]
 [399.           0.77940005   0.03842917]
 [400.           0.77940005   0.03842917]]
Dataset       :Cora
Model         :MLP
Conden ratio  :1.0
GC            :4
LearnA        :1
Max Test Accuracy:
0.814
Best Result: Epoch   Acc  Std.
               387 0.7798  0.0375
