Set seed
Model GCN
--------------------------------------------------
The 1th iteration:
--------------------------------------------------
--------------------------------------------------
The 2th iteration:
--------------------------------------------------
--------------------------------------------------
The 3th iteration:
--------------------------------------------------
--------------------------------------------------
The 4th iteration:
--------------------------------------------------
--------------------------------------------------
The 5th iteration:
--------------------------------------------------
[[  1.           0.20761016   0.08317313]
 [  2.           0.2556742    0.07598426]
 [  3.           0.28157544   0.07711133]
 [  4.           0.2978638    0.07146195]
 [  5.           0.30534047   0.0668134 ]
 [  6.           0.31028038   0.06129792]
 [  7.           0.30961284   0.05839004]
 [  8.           0.30761012   0.05865086]
 [  9.           0.30427238   0.05990444]
 [ 10.           0.29853138   0.05759278]
 [ 11.           0.29586115   0.05440567]
 [ 12.           0.29559413   0.05119641]
 [ 13.           0.29586115   0.0505041 ]
 [ 14.           0.29732978   0.04935995]
 [ 15.           0.29893193   0.04895381]
 [ 16.           0.30040056   0.04740123]
 [ 17.           0.30280375   0.04622704]
 [ 18.           0.3044059    0.04603963]
 [ 19.           0.3068091    0.04590782]
 [ 20.           0.30974635   0.04621835]
 [ 21.           0.31228304   0.04728686]
 [ 22.           0.31522033   0.0475828 ]
 [ 23.           0.3189586    0.04993841]
 [ 24.           0.32216287   0.04966147]
 [ 25.           0.32643527   0.04970721]
 [ 26.           0.32990655   0.04978649]
 [ 27.           0.33377835   0.04980572]
 [ 28.           0.33671564   0.05120774]
 [ 29.           0.3391188    0.05238301]
 [ 30.           0.34392524   0.05377542]
 [ 31.           0.3465955    0.0560994 ]
 [ 32.           0.34993324   0.05802255]
 [ 33.           0.35113487   0.06034285]
 [ 34.           0.35367158   0.06185517]
 [ 35.           0.3562083    0.06288265]
 [ 36.           0.35821095   0.06551687]
 [ 37.           0.35941255   0.06517932]
 [ 38.           0.36275035   0.06658623]
 [ 39.           0.36528704   0.06699789]
 [ 40.           0.36568758   0.06723195]
 [ 41.           0.3659546    0.06919669]
 [ 42.           0.36889187   0.06957433]
 [ 43.           0.3716956    0.07012587]
 [ 44.           0.37263018   0.06908229]
 [ 45.           0.37703606   0.06901775]
 [ 46.           0.3787717    0.06986358]
 [ 47.           0.38304406   0.06863736]
 [ 48.           0.38638183   0.06832501]
 [ 49.           0.38958612   0.06890336]
 [ 50.           0.39319095   0.06804005]
 [ 51.           0.39612818   0.06670992]
 [ 52.           0.39813086   0.06611272]
 [ 53.           0.40106812   0.06533603]
 [ 54.           0.40293723   0.0650527 ]
 [ 55.           0.40560752   0.0656392 ]
 [ 56.           0.4081442    0.06475748]
 [ 57.           0.41028038   0.06500132]
 [ 58.           0.4129506    0.06361364]
 [ 59.           0.41495323   0.06334864]
 [ 60.           0.41615486   0.06227021]
 [ 61.           0.4173565    0.06213552]
 [ 62.           0.4186916    0.062044  ]
 [ 63.           0.4200267    0.06213194]
 [ 64.           0.4224299    0.06082722]
 [ 65.           0.42323095   0.0604701 ]
 [ 66.           0.42483312   0.06022197]
 [ 67.           0.4261682    0.05993641]
 [ 68.           0.42803738   0.0604432 ]
 [ 69.           0.42963955   0.06129283]
 [ 70.           0.4320427    0.06067684]
 [ 71.           0.43444595   0.05983744]
 [ 72.           0.43538052   0.05907858]
 [ 73.           0.43644857   0.05789953]
 [ 74.           0.43738317   0.05723964]
 [ 75.           0.43911886   0.0568314 ]
 [ 76.           0.4405875    0.05630674]
 [ 77.           0.44178906   0.0558087 ]
 [ 78.           0.4429907    0.05595862]
 [ 79.           0.44392523   0.05599722]
 [ 80.           0.4447263    0.0561252 ]
 [ 81.           0.44552737   0.05532189]
 [ 82.           0.44646198   0.055402  ]
 [ 83.           0.44873163   0.05591439]
 [ 84.           0.45060083   0.05627903]
 [ 85.           0.45220295   0.05649163]
 [ 86.           0.45460615   0.05657716]
 [ 87.           0.45700932   0.05742268]
 [ 88.           0.45914555   0.05842819]
 [ 89.           0.46181574   0.05848155]
 [ 90.           0.46488652   0.0597372 ]
 [ 91.           0.46742326   0.06155546]
 [ 92.           0.47022697   0.06293046]
 [ 93.           0.47409877   0.06466933]
 [ 94.           0.47583446   0.06555903]
 [ 95.           0.4774366    0.06616462]
 [ 96.           0.47930574   0.06740506]
 [ 97.           0.48157546   0.0669899 ]
 [ 98.           0.48371163   0.06888072]
 [ 99.           0.48491326   0.06960315]
 [100.           0.4862483    0.06958235]
 [101.           0.48838454   0.06942525]
 [102.           0.4905207    0.07021004]
 [103.           0.49172232   0.07104322]
 [104.           0.494526     0.06985845]
 [105.           0.49612817   0.06965403]
 [106.           0.49813086   0.06943779]
 [107.           0.50053406   0.07050454]
 [108.           0.5026702    0.06933116]
 [109.           0.50453943   0.06899029]
 [110.           0.506542     0.06849765]
 [111.           0.5081442    0.06855291]
 [112.           0.5105474    0.06804071]
 [113.           0.5118825    0.06755759]
 [114.           0.5136182    0.0676815 ]
 [115.           0.5146863    0.06694233]
 [116.           0.5156209    0.06675166]
 [117.           0.5164219    0.06658121]
 [118.           0.5170895    0.06743413]
 [119.           0.5170895    0.06653936]
 [120.           0.51762354   0.06668988]
 [121.           0.5184246    0.06670827]
 [122.           0.51909214   0.06660463]
 [123.           0.5202937    0.06802136]
 [124.           0.5213618    0.06827543]
 [125.           0.52202934   0.06935848]
 [126.           0.5228304    0.07006071]
 [127.           0.5233645    0.06995346]
 [128.           0.52496666   0.07040367]
 [129.           0.5268358    0.0703606 ]
 [130.           0.5273698    0.0696582 ]
 [131.           0.52817094   0.06885128]
 [132.           0.528705     0.06937616]
 [133.           0.529239     0.06924497]
 [134.           0.529239     0.06959162]
 [135.           0.52963954   0.06964955]
 [136.           0.52977306   0.06979176]
 [137.           0.5299066    0.07022588]
 [138.           0.53177565   0.07112629]
 [139.           0.5329773    0.07099303]
 [140.           0.53377837   0.07174543]
 [141.           0.5341789    0.07248971]
 [142.           0.53524697   0.07161766]
 [143.           0.53604805   0.07112691]
 [144.           0.5364486    0.07128274]
 [145.           0.53778374   0.07032607]
 [146.           0.53885186   0.06984729]
 [147.           0.53965294   0.06971031]
 [148.           0.54085445   0.07062297]
 [149.           0.54178905   0.0704021 ]
 [150.           0.5428571    0.07042234]
 [151.           0.5437917    0.0705254 ]
 [152.           0.54526037   0.07075692]
 [153.           0.546195     0.07106329]
 [154.           0.5465955    0.07137458]
 [155.           0.5476636    0.07062328]
 [156.           0.5487316    0.07075629]
 [157.           0.54993325   0.07064977]
 [158.           0.5504673    0.07096475]
 [159.           0.55126834   0.07062769]
 [160.           0.5520694    0.0707311 ]
 [161.           0.553538     0.07010838]
 [162.           0.5543391    0.06895993]
 [163.           0.55460614   0.06860326]
 [164.           0.5543391    0.06867177]
 [165.           0.55473965   0.06844166]
 [166.           0.5551402    0.06873339]
 [167.           0.5559413    0.06841951]
 [168.           0.5560748    0.06871134]
 [169.           0.55714285   0.06863119]
 [170.           0.5578104    0.06875285]
 [171.           0.55821097   0.06877195]
 [172.           0.5586115    0.06862924]
 [173.           0.558745     0.06822155]
 [174.           0.558745     0.0675965 ]
 [175.           0.5583445    0.06714108]
 [176.           0.55887854   0.06762682]
 [177.           0.5600801    0.0682999 ]
 [178.           0.5604806    0.06840519]
 [179.           0.5607476    0.06815784]
 [180.           0.56101465   0.06785904]
 [181.           0.56181574   0.06736141]
 [182.           0.5624833    0.06762056]
 [183.           0.5624833    0.06672662]
 [184.           0.5632844    0.06694133]
 [185.           0.5631509    0.06628606]
 [186.           0.5626168    0.06614608]
 [187.           0.5626168    0.06639823]
 [188.           0.5623498    0.0661363 ]
 [189.           0.5626168    0.06593182]
 [190.           0.56275034   0.06571112]
 [191.           0.5624833    0.06481251]
 [192.           0.56181574   0.06453344]
 [193.           0.5604806    0.06444189]
 [194.           0.5604806    0.06411083]
 [195.           0.56074774   0.06420183]
 [196.           0.5607477    0.06402457]
 [197.           0.5602137    0.06336412]
 [198.           0.5603471    0.0632448 ]
 [199.           0.5599466    0.06234316]
 [200.           0.55967957   0.06155764]
 [201.           0.55887854   0.06127611]
 [202.           0.558478     0.06128556]
 [203.           0.55941254   0.06132082]
 [204.           0.5602136    0.06211041]
 [205.           0.56114817   0.06277448]
 [206.           0.56181574   0.06315841]
 [207.           0.5614152    0.06400021]
 [208.           0.56141526   0.06456348]
 [209.           0.5614152    0.06485788]
 [210.           0.56154877   0.06494267]
 [211.           0.56154877   0.06494267]
 [212.           0.5622163    0.06452446]
 [213.           0.56181574   0.06441595]
 [214.           0.5612817    0.0641261 ]
 [215.           0.56114817   0.06396642]
 [216.           0.56088114   0.06356422]
 [217.           0.56101465   0.06368889]
 [218.           0.5608812    0.06353092]
 [219.           0.5607477    0.06374206]
 [220.           0.5610147    0.06328177]
 [221.           0.5615487    0.06318981]
 [222.           0.56154877   0.06291595]
 [223.           0.56114817   0.0627727 ]
 [224.           0.5611482    0.06238281]
 [225.           0.5614152    0.06228346]
 [226.           0.5611482    0.06178527]
 [227.           0.5611482    0.06139817]
 [228.           0.56061417   0.06142683]
 [229.           0.5607476    0.06046089]
 [230.           0.56088114   0.05979275]
 [231.           0.5607476    0.06009124]
 [232.           0.56101465   0.05965135]
 [233.           0.5616822    0.05920893]
 [234.           0.56194925   0.05877229]
 [235.           0.5623498    0.05800563]
 [236.           0.5626168    0.058306  ]
 [237.           0.5622163    0.05776082]
 [238.           0.56275034   0.05829379]
 [239.           0.56194925   0.05752309]
 [240.           0.56208277   0.05740017]
 [241.           0.5623498    0.05734502]
 [242.           0.5626168    0.05654445]
 [243.           0.5624833    0.05620494]
 [244.           0.56194925   0.05652869]
 [245.           0.56194925   0.05679218]
 [246.           0.56194925   0.05622832]
 [247.           0.5616822    0.05564315]
 [248.           0.56208277   0.05601114]
 [249.           0.56194925   0.05611726]
 [250.           0.5616822    0.05620097]
 [251.           0.5615487    0.05614901]
 [252.           0.5615487    0.05575877]
 [253.           0.5615487    0.05558666]
 [254.           0.5614152    0.05534483]
 [255.           0.5616822    0.05526344]
 [256.           0.56101465   0.05418241]
 [257.           0.56101465   0.05397639]
 [258.           0.56154877   0.05412854]
 [259.           0.5615487    0.0539698 ]
 [260.           0.56114817   0.05382966]
 [261.           0.56114817   0.05367629]
 [262.           0.56114817   0.05307097]
 [263.           0.56114817   0.05268753]
 [264.           0.5612817    0.05243487]
 [265.           0.5608812    0.05278639]
 [266.           0.56034714   0.05265791]
 [267.           0.5604807    0.0533557 ]
 [268.           0.5602137    0.05303906]
 [269.           0.5600802    0.05290571]
 [270.           0.5607476    0.05319343]
 [271.           0.56114817   0.05297642]
 [272.           0.5614152    0.05324576]
 [273.           0.56208277   0.05340037]
 [274.           0.5626168    0.05400902]
 [275.           0.5631509    0.05459414]
 [276.           0.56381845   0.05459006]
 [277.           0.56421894   0.05492534]
 [278.           0.5640854    0.05532268]
 [279.           0.5634179    0.0553227 ]
 [280.           0.5630173    0.0556972 ]
 [281.           0.56328434   0.05580671]
 [282.           0.56355137   0.05481165]
 [283.           0.56355137   0.05508739]
 [284.           0.56341785   0.05558587]
 [285.           0.56328434   0.05544218]
 [286.           0.56341785   0.05522191]
 [287.           0.5638184    0.05529972]
 [288.           0.56421894   0.05492534]
 [289.           0.564753     0.05526426]
 [290.           0.564753     0.05535692]
 [291.           0.5659546    0.05580072]
 [292.           0.5664887    0.05586895]
 [293.           0.5667557    0.05564196]
 [294.           0.56715626   0.05592077]
 [295.           0.5675568    0.05632533]
 [296.           0.56728977   0.05687842]
 [297.           0.5674233    0.05691484]
 [298.           0.56702274   0.05718744]
 [299.           0.5676903    0.05694342]
 [300.           0.5680908    0.05736329]
 [301.           0.5682243    0.05722795]
 [302.           0.5683578    0.05774771]
 [303.           0.5682244    0.05768361]
 [304.           0.5683579    0.05755251]
 [305.           0.5686249    0.05770292]
 [306.           0.56889194   0.05774345]
 [307.           0.5694259    0.05752039]
 [308.           0.56929237   0.05765079]
 [309.           0.56902534   0.0575835 ]
 [310.           0.56902534   0.05750411]
 [311.           0.56915885   0.05790953]
 [312.           0.56902534   0.05842666]
 [313.           0.56889194   0.05901631]
 [314.           0.5686249    0.05866792]
 [315.           0.56902546   0.0588825 ]
 [316.           0.569159     0.05932735]
 [317.           0.56969297   0.06042328]
 [318.           0.5700935    0.06065222]
 [319.           0.56996      0.06031219]
 [320.           0.5698265    0.0602867 ]
 [321.           0.56969297   0.06041776]
 [322.           0.56969297   0.06049516]
 [323.           0.56969297   0.0607341 ]
 [324.           0.5698265    0.06177444]
 [325.           0.56995994   0.06225193]
 [326.           0.56995994   0.06248772]
 [327.           0.5696929    0.06258962]
 [328.           0.5698264    0.06252016]
 [329.           0.5698264    0.0622684 ]
 [330.           0.57009345   0.06201454]
 [331.           0.56995994   0.06189298]
 [332.           0.57009345   0.06134987]
 [333.           0.5698264    0.06127465]
 [334.           0.56995994   0.06155726]
 [335.           0.5703605    0.06118367]
 [336.           0.57089454   0.06082353]
 [337.           0.57116157   0.06081108]
 [338.           0.5712951    0.060862  ]
 [339.           0.5714286    0.06106047]
 [340.           0.57116157   0.0613092 ]
 [341.           0.57102805   0.06119824]
 [342.           0.5712951    0.06168745]
 [343.           0.57102805   0.06137457]
 [344.           0.57116157   0.06116547]
 [345.           0.57102805   0.06208027]
 [346.           0.5712951    0.06133062]
 [347.           0.5712951    0.06110132]
 [348.           0.5715621    0.06118878]
 [349.           0.5714286    0.06123536]
 [350.           0.57116157   0.06144896]
 [351.           0.57116157   0.06104879]
 [352.           0.5712951    0.06092054]
 [353.           0.5716956    0.060462  ]
 [354.           0.5723632    0.05987876]
 [355.           0.57209617   0.06003743]
 [356.           0.5723632    0.05988435]
 [357.           0.5722297    0.06016609]
 [358.           0.5723632    0.06069739]
 [359.           0.57209617   0.06078066]
 [360.           0.5716956    0.06146887]
 [361.           0.57196265   0.06153374]
 [362.           0.5723632    0.06180148]
 [363.           0.57209617   0.06220469]
 [364.           0.5723632    0.06223081]
 [365.           0.57209617   0.06176434]
 [366.           0.57182914   0.06120007]
 [367.           0.57196265   0.06121972]
 [368.           0.57209617   0.06124083]
 [369.           0.57196265   0.06112867]
 [370.           0.57196265   0.06095162]
 [371.           0.57196265   0.06077774]
 [372.           0.5722297    0.06075573]
 [373.           0.57209617   0.06097648]
 [374.           0.5722297    0.06101739]
 [375.           0.5723632    0.06121827]
 [376.           0.57276374   0.06200916]
 [377.           0.5728972    0.06225373]
 [378.           0.57343125   0.06200198]
 [379.           0.57356477   0.06255011]
 [380.           0.57383174   0.0627993 ]
 [381.           0.57396525   0.06300972]
 [382.           0.57409877   0.06315912]
 [383.           0.57409877   0.06279825]
 [384.           0.5743658    0.06287201]
 [385.           0.57396525   0.06186777]
 [386.           0.57383174   0.0615685 ]
 [387.           0.57383174   0.06126193]
 [388.           0.57316417   0.06091725]
 [389.           0.57289714   0.06069886]
 [390.           0.57303065   0.06060187]
 [391.           0.5735647    0.06085283]
 [392.           0.5736982    0.06125828]
 [393.           0.5736982    0.06119824]
 [394.           0.57383174   0.06141087]
 [395.           0.57396525   0.06141775]
 [396.           0.5742323    0.06144134]
 [397.           0.5744993    0.06111444]
 [398.           0.5746328    0.06118331]
 [399.           0.57409877   0.06017831]
 [400.           0.57383174   0.06009791]]
Dataset       :CS
Model         :GCN
Conden ratio  :1.0
GC            :5
LearnA        :0
Max Test Accuracy:
0.6542056074766355
Best Result: Epoch   Acc  Std.
               398 0.5746  0.0612
