Set seed
Model SGC
--------------------------------------------------
The 1th iteration:
--------------------------------------------------
--------------------------------------------------
The 2th iteration:
--------------------------------------------------
--------------------------------------------------
The 3th iteration:
--------------------------------------------------
--------------------------------------------------
The 4th iteration:
--------------------------------------------------
--------------------------------------------------
The 5th iteration:
--------------------------------------------------
[[  1.           0.08865154   0.03234173]
 [  2.           0.12670226   0.06025305]
 [  3.           0.1424566    0.04127423]
 [  4.           0.18744993   0.08169241]
 [  5.           0.16568759   0.05389751]
 [  6.           0.19465955   0.02921504]
 [  7.           0.17116156   0.01063491]
 [  8.           0.14552736   0.02134616]
 [  9.           0.17303072   0.06434983]
 [ 10.           0.176502     0.05787682]
 [ 11.           0.1871829    0.06089164]
 [ 12.           0.17343123   0.02284078]
 [ 13.           0.18144193   0.03169102]
 [ 14.           0.21335113   0.02089036]
 [ 15.           0.20560749   0.02290702]
 [ 16.           0.21001334   0.03054975]
 [ 17.           0.21308413   0.02546972]
 [ 18.           0.21922565   0.02756695]
 [ 19.           0.21535383   0.03431789]
 [ 20.           0.22897196   0.02212526]
 [ 21.           0.2293725    0.01869517]
 [ 22.           0.22256342   0.01639663]
 [ 23.           0.2261682    0.01956749]
 [ 24.           0.24098797   0.03593042]
 [ 25.           0.25126836   0.04271476]
 [ 26.           0.2574099    0.04187449]
 [ 27.           0.264753     0.0477772 ]
 [ 28.           0.2751669    0.06639321]
 [ 29.           0.26061416   0.03735217]
 [ 30.           0.27236316   0.06532684]
 [ 31.           0.2743658    0.07053393]
 [ 32.           0.27650198   0.06671794]
 [ 33.           0.28157544   0.06489119]
 [ 34.           0.28317758   0.05511772]
 [ 35.           0.28504673   0.05656337]
 [ 36.           0.29132175   0.06551348]
 [ 37.           0.29252338   0.06778149]
 [ 38.           0.29212284   0.0661683 ]
 [ 39.           0.29225636   0.06597576]
 [ 40.           0.2929239    0.06845533]
 [ 41.           0.29198933   0.06771276]
 [ 42.           0.29372498   0.06955417]
 [ 43.           0.29439256   0.06917994]
 [ 44.           0.29345796   0.06598791]
 [ 45.           0.29479307   0.06644889]
 [ 46.           0.29572764   0.06999166]
 [ 47.           0.29746327   0.07357916]
 [ 48.           0.29719624   0.07406782]
 [ 49.           0.29719624   0.07341364]
 [ 50.           0.29746327   0.07223291]
 [ 51.           0.2987984    0.0723223 ]
 [ 52.           0.29973298   0.07377635]
 [ 53.           0.3          0.07432788]
 [ 54.           0.3          0.07447761]
 [ 55.           0.2986649    0.07348371]
 [ 56.           0.29853138   0.07373919]
 [ 57.           0.2998665    0.07472671]
 [ 58.           0.30066755   0.07524256]
 [ 59.           0.30080107   0.07499933]
 [ 60.           0.3012016    0.07532661]
 [ 61.           0.3010681    0.07491521]
 [ 62.           0.30093458   0.07515782]
 [ 63.           0.30053404   0.07495891]
 [ 64.           0.30026704   0.07492324]
 [ 65.           0.30026704   0.0737422 ]
 [ 66.           0.3010681    0.07452756]
 [ 67.           0.30106807   0.07414389]
 [ 68.           0.30093455   0.07386297]
 [ 69.           0.30093458   0.0742511 ]
 [ 70.           0.30066758   0.07406812]
 [ 71.           0.30053407   0.07404526]
 [ 72.           0.30066755   0.07432787]
 [ 73.           0.30040056   0.07389253]
 [ 74.           0.30120158   0.07417154]
 [ 75.           0.3014686    0.07448061]
 [ 76.           0.3014686    0.07448061]
 [ 77.           0.3013351    0.07445217]
 [ 78.           0.3008011    0.07397029]
 [ 79.           0.30053407   0.07340909]
 [ 80.           0.30040053   0.07274071]
 [ 81.           0.300267     0.072211  ]
 [ 82.           0.300267     0.07235125]
 [ 83.           0.30013353   0.07207233]
 [ 84.           0.2998665    0.07151493]
 [ 85.           0.29959947   0.07095817]
 [ 86.           0.29959947   0.07057246]
 [ 87.           0.29959947   0.07057246]
 [ 88.           0.29959947   0.07057246]
 [ 89.           0.29946595   0.07005308]
 [ 90.           0.29919896   0.06949873]
 [ 91.           0.2986649    0.06839216]
 [ 92.           0.29853138   0.06835272]
 [ 93.           0.29839787   0.06846119]
 [ 94.           0.29839787   0.06822482]
 [ 95.           0.29839787   0.06822482]
 [ 96.           0.29799733   0.06763209]
 [ 97.           0.29759678   0.06680472]
 [ 98.           0.29732975   0.06625412]
 [ 99.           0.2969292    0.06542975]
 [100.           0.29706272   0.06570434]
 [101.           0.29679573   0.06554067]
 [102.           0.29639518   0.06471858]
 [103.           0.2962617    0.06421986]
 [104.           0.2962617    0.06421986]
 [105.           0.29599467   0.06367491]
 [106.           0.29586115   0.06340278]
 [107.           0.29572764   0.0631309 ]
 [108.           0.2954606    0.06258785]
 [109.           0.2953271    0.06231669]
 [110.           0.2953271    0.06231669]
 [111.           0.29519358   0.0620458 ]
 [112.           0.29519358   0.0620458 ]
 [113.           0.29519358   0.0620458 ]
 [114.           0.29506007   0.0621599 ]
 [115.           0.29519358   0.0620458 ]
 [116.           0.29506007   0.06177515]
 [117.           0.29492658   0.06150477]
 [118.           0.29492658   0.06150477]
 [119.           0.29492658   0.06150477]
 [120.           0.29492658   0.06150477]
 [121.           0.29492658   0.06150477]
 [122.           0.2950601    0.06156017]
 [123.           0.29492658   0.06129066]
 [124.           0.29492658   0.06129066]
 [125.           0.29492658   0.06129066]
 [126.           0.29492658   0.06129066]
 [127.           0.29492658   0.06129066]
 [128.           0.29465955   0.06075243]
 [129.           0.29465955   0.06075243]
 [130.           0.29452604   0.06048373]
 [131.           0.29452604   0.06048373]
 [132.           0.29452604   0.06048373]
 [133.           0.29452604   0.06048373]
 [134.           0.29452604   0.06048373]
 [135.           0.29452604   0.06048373]
 [136.           0.29439253   0.05983297]
 [137.           0.29425904   0.059565  ]
 [138.           0.29425904   0.059565  ]
 [139.           0.29425904   0.059565  ]
 [140.           0.29425904   0.059565  ]
 [141.           0.29412553   0.0592973 ]
 [142.           0.29412553   0.0592973 ]
 [143.           0.29412553   0.0592973 ]
 [144.           0.29412553   0.0592973 ]
 [145.           0.293992     0.05902992]
 [146.           0.293992     0.05902992]
 [147.           0.293992     0.05902992]
 [148.           0.2938585    0.05876282]
 [149.           0.2938585    0.05876282]
 [150.           0.2938585    0.05876282]
 [151.           0.2938585    0.05876282]
 [152.           0.29372498   0.05849604]
 [153.           0.29372498   0.05849604]
 [154.           0.29372498   0.05849604]
 [155.           0.29372498   0.05849604]
 [156.           0.29372498   0.05849604]
 [157.           0.29372498   0.05849604]
 [158.           0.29372498   0.05849604]
 [159.           0.29372498   0.05849604]
 [160.           0.29359147   0.05843392]
 [161.           0.29359147   0.05843392]
 [162.           0.29345796   0.05816676]
 [163.           0.29332444   0.05789992]
 [164.           0.29332444   0.05789992]
 [165.           0.29332444   0.05789992]
 [166.           0.29345796   0.05796338]
 [167.           0.29345796   0.05796338]
 [168.           0.29345796   0.05796338]
 [169.           0.29345796   0.05796338]
 [170.           0.29345796   0.05796338]
 [171.           0.29345796   0.05796338]
 [172.           0.29345796   0.05796338]
 [173.           0.29332444   0.05769752]
 [174.           0.29319093   0.057432  ]
 [175.           0.29319093   0.057432  ]
 [176.           0.2930574    0.05716679]
 [177.           0.29319093   0.05723379]
 [178.           0.29319093   0.05723379]
 [179.           0.2929239    0.05690193]
 [180.           0.29279038   0.05663738]
 [181.           0.29265687   0.05657046]
 [182.           0.29265687   0.05657046]
 [183.           0.29265687   0.05657046]
 [184.           0.29265687   0.05657046]
 [185.           0.29265687   0.05657046]
 [186.           0.29265687   0.05657046]
 [187.           0.29265687   0.05657046]
 [188.           0.29265687   0.05657046]
 [189.           0.29265687   0.05657046]
 [190.           0.29265687   0.05657046]
 [191.           0.29265687   0.05657046]
 [192.           0.29279038   0.05647191]
 [193.           0.29279038   0.05647191]
 [194.           0.29279038   0.05647191]
 [195.           0.29265687   0.05620693]
 [196.           0.29238984   0.05604098]
 [197.           0.29238984   0.05604098]
 [198.           0.29225633   0.05577675]
 [199.           0.29225633   0.05577675]
 [200.           0.29238984   0.05566199]
 [201.           0.29238984   0.05566199]
 [202.           0.29238984   0.05566199]
 [203.           0.29198933   0.05525338]
 [204.           0.29198933   0.05525338]
 [205.           0.29198933   0.05525338]
 [206.           0.29198933   0.05525338]
 [207.           0.29198933   0.05525338]
 [208.           0.29198933   0.05525338]
 [209.           0.29198933   0.05525338]
 [210.           0.2921228    0.05551688]
 [211.           0.29198933   0.05525338]
 [212.           0.2918558    0.05499022]
 [213.           0.2918558    0.05499022]
 [214.           0.2918558    0.05499022]
 [215.           0.2918558    0.05499022]
 [216.           0.2918558    0.05499022]
 [217.           0.2917223    0.05472744]
 [218.           0.2917223    0.05472744]
 [219.           0.2917223    0.05472744]
 [220.           0.2917223    0.05472744]
 [221.           0.2917223    0.05472744]
 [222.           0.2917223    0.05472744]
 [223.           0.2917223    0.05472744]
 [224.           0.2917223    0.05472744]
 [225.           0.2917223    0.05472744]
 [226.           0.2917223    0.05472744]
 [227.           0.2917223    0.05472744]
 [228.           0.2917223    0.0545378 ]
 [229.           0.2917223    0.0545378 ]
 [230.           0.2917223    0.0545378 ]
 [231.           0.29158878   0.05427651]
 [232.           0.29158878   0.05427651]
 [233.           0.29132175   0.05375511]
 [234.           0.29132175   0.05375511]
 [235.           0.29132175   0.05375511]
 [236.           0.29132175   0.05338075]
 [237.           0.29118824   0.05312091]
 [238.           0.29118824   0.05312091]
 [239.           0.29118824   0.05312091]
 [240.           0.29118824   0.05312091]
 [241.           0.29118824   0.05312091]
 [242.           0.29118824   0.05312091]
 [243.           0.29118824   0.05312091]
 [244.           0.29118824   0.05312091]
 [245.           0.29118824   0.05312091]
 [246.           0.29118824   0.05312091]
 [247.           0.29118824   0.05312091]
 [248.           0.29105473   0.05286147]
 [249.           0.29105473   0.05286147]
 [250.           0.29105473   0.05286147]
 [251.           0.29105473   0.05286147]
 [252.           0.2909212    0.05336782]
 [253.           0.2909212    0.05336782]
 [254.           0.2909212    0.05336782]
 [255.           0.2909212    0.05336782]
 [256.           0.2909212    0.05336782]
 [257.           0.2909212    0.05336782]
 [258.           0.2909212    0.05336782]
 [259.           0.2909212    0.05336782]
 [260.           0.2909212    0.05336782]
 [261.           0.2909212    0.05336782]
 [262.           0.2909212    0.05336782]
 [263.           0.2909212    0.05336782]
 [264.           0.2909212    0.05336782]
 [265.           0.2909212    0.05336782]
 [266.           0.2909212    0.05336782]
 [267.           0.29078773   0.05349334]
 [268.           0.29092124   0.05375262]
 [269.           0.29078773   0.05349334]
 [270.           0.29078773   0.05349334]
 [271.           0.2906542    0.05341622]
 [272.           0.2906542    0.05341622]
 [273.           0.2906542    0.05341622]
 [274.           0.2906542    0.05341622]
 [275.           0.2906542    0.05341622]
 [276.           0.2906542    0.05341622]
 [277.           0.2906542    0.05341622]
 [278.           0.2906542    0.05341622]
 [279.           0.2906542    0.05341622]
 [280.           0.2906542    0.05341622]
 [281.           0.2906542    0.05341622]
 [282.           0.2906542    0.05341622]
 [283.           0.2906542    0.05341622]
 [284.           0.2906542    0.05341622]
 [285.           0.2906542    0.05341622]
 [286.           0.2906542    0.05341622]
 [287.           0.2906542    0.05341622]
 [288.           0.2906542    0.05341622]
 [289.           0.2906542    0.05341622]
 [290.           0.2906542    0.05341622]
 [291.           0.2906542    0.05341622]
 [292.           0.2906542    0.05341622]
 [293.           0.29078773   0.05367629]
 [294.           0.29078773   0.05367629]
 [295.           0.29078773   0.05367629]
 [296.           0.29078773   0.05367629]
 [297.           0.29078773   0.05367629]
 [298.           0.29078773   0.05367629]
 [299.           0.29078773   0.05367629]
 [300.           0.29078773   0.05367629]
 [301.           0.29078773   0.05367629]
 [302.           0.29078773   0.05367629]
 [303.           0.29078773   0.05367629]
 [304.           0.29078773   0.05367629]
 [305.           0.29078773   0.05367629]
 [306.           0.29078773   0.05367629]
 [307.           0.29078773   0.05367629]
 [308.           0.29078773   0.05367629]
 [309.           0.29078773   0.05367629]
 [310.           0.29078773   0.05367629]
 [311.           0.29078773   0.05367629]
 [312.           0.29078773   0.05367629]
 [313.           0.29078773   0.05367629]
 [314.           0.29078773   0.05367629]
 [315.           0.29078773   0.05367629]
 [316.           0.29078773   0.05367629]
 [317.           0.29078773   0.05367629]
 [318.           0.29078773   0.05367629]
 [319.           0.29092124   0.05393677]
 [320.           0.29092124   0.05357823]
 [321.           0.29092124   0.05357823]
 [322.           0.29092124   0.05357823]
 [323.           0.29105473   0.05348166]
 [324.           0.2909212    0.05322148]
 [325.           0.2909212    0.05322148]
 [326.           0.2907877    0.05296169]
 [327.           0.2907877    0.05296169]
 [328.           0.2907877    0.05296169]
 [329.           0.2907877    0.05296169]
 [330.           0.2907877    0.05296169]
 [331.           0.2907877    0.05296169]
 [332.           0.2907877    0.05296169]
 [333.           0.2907877    0.05296169]
 [334.           0.2906542    0.05305836]
 [335.           0.29078773   0.0533181 ]
 [336.           0.29078773   0.0533181 ]
 [337.           0.29078773   0.0533181 ]
 [338.           0.29078773   0.0533181 ]
 [339.           0.29078773   0.0533181 ]
 [340.           0.29078773   0.0533181 ]
 [341.           0.29078773   0.0533181 ]
 [342.           0.29078773   0.0533181 ]
 [343.           0.29078773   0.0533181 ]
 [344.           0.29078773   0.0533181 ]
 [345.           0.29078773   0.0533181 ]
 [346.           0.29078773   0.0533181 ]
 [347.           0.29078773   0.0533181 ]
 [348.           0.29078773   0.0533181 ]
 [349.           0.29078773   0.0533181 ]
 [350.           0.29078773   0.0533181 ]
 [351.           0.29078773   0.0533181 ]
 [352.           0.2906542    0.05324282]
 [353.           0.2906542    0.05324282]
 [354.           0.2906542    0.05324282]
 [355.           0.2906542    0.05324282]
 [356.           0.2906542    0.05324282]
 [357.           0.2906542    0.05324282]
 [358.           0.2906542    0.05324282]
 [359.           0.2906542    0.05324282]
 [360.           0.2906542    0.05324282]
 [361.           0.2906542    0.05324282]
 [362.           0.2906542    0.05324282]
 [363.           0.29078773   0.05314649]
 [364.           0.29078773   0.05314649]
 [365.           0.29078773   0.05314649]
 [366.           0.29078773   0.05314649]
 [367.           0.29078773   0.05314649]
 [368.           0.29078773   0.05314649]
 [369.           0.29078773   0.05314649]
 [370.           0.29078773   0.05314649]
 [371.           0.29078773   0.05314649]
 [372.           0.29078773   0.05314649]
 [373.           0.2906542    0.05288591]
 [374.           0.2906542    0.05288591]
 [375.           0.2906542    0.05288591]
 [376.           0.2906542    0.05288591]
 [377.           0.2906542    0.05288591]
 [378.           0.2906542    0.05288591]
 [379.           0.2906542    0.05288591]
 [380.           0.2906542    0.05288591]
 [381.           0.2906542    0.05288591]
 [382.           0.2906542    0.05288591]
 [383.           0.2905207    0.05301383]
 [384.           0.2906542    0.0532742 ]
 [385.           0.2906542    0.0532742 ]
 [386.           0.2906542    0.0532742 ]
 [387.           0.2906542    0.0532742 ]
 [388.           0.2906542    0.0532742 ]
 [389.           0.2906542    0.0532742 ]
 [390.           0.2906542    0.0532742 ]
 [391.           0.29078773   0.05353497]
 [392.           0.29078773   0.05353497]
 [393.           0.29078773   0.05353497]
 [394.           0.29078773   0.05353497]
 [395.           0.29078773   0.05353497]
 [396.           0.29078773   0.05353497]
 [397.           0.29078773   0.05353497]
 [398.           0.29078773   0.05353497]
 [399.           0.29078773   0.05353497]
 [400.           0.29078773   0.05353497]]
Dataset       :CS
Model         :SGC
Conden ratio  :1.0
GC            :2
LearnA        :1
Max Test Accuracy:
0.42857142857142855
Best Result: Epoch   Acc  Std.
               75 0.3015  0.0745
