Set seed
Model Cheby
--------------------------------------------------
The 1th iteration:
--------------------------------------------------
--------------------------------------------------
The 2th iteration:
--------------------------------------------------
--------------------------------------------------
The 3th iteration:
--------------------------------------------------
--------------------------------------------------
The 4th iteration:
--------------------------------------------------
--------------------------------------------------
The 5th iteration:
--------------------------------------------------
[[  1.           0.0740988    0.00958124]
 [  2.           0.09145527   0.00806612]
 [  3.           0.10493992   0.00977007]
 [  4.           0.12176235   0.01052963]
 [  5.           0.13805073   0.03318838]
 [  6.           0.16969292   0.03023745]
 [  7.           0.18291056   0.02837312]
 [  8.           0.20066755   0.03656847]
 [  9.           0.21201602   0.03888654]
 [ 10.           0.22216287   0.04597038]
 [ 11.           0.23351136   0.05176558]
 [ 12.           0.24793057   0.06024048]
 [ 13.           0.25620827   0.06524047]
 [ 14.           0.2670227    0.06666215]
 [ 15.           0.276502     0.07352434]
 [ 16.           0.2859813    0.07790219]
 [ 17.           0.2963952    0.0765845 ]
 [ 18.           0.3074766    0.08019104]
 [ 19.           0.3198932    0.0826887 ]
 [ 20.           0.33004004   0.08524964]
 [ 21.           0.34072098   0.08442363]
 [ 22.           0.35006675   0.08092264]
 [ 23.           0.35727638   0.07678265]
 [ 24.           0.3659546    0.07332405]
 [ 25.           0.37196264   0.0723882 ]
 [ 26.           0.3803738    0.07256653]
 [ 27.           0.3857143    0.07579254]
 [ 28.           0.39065418   0.07547142]
 [ 29.           0.3954606    0.0773626 ]
 [ 30.           0.39919892   0.07712808]
 [ 31.           0.40373832   0.0778003 ]
 [ 32.           0.40787718   0.07911181]
 [ 33.           0.4098799    0.07950234]
 [ 34.           0.41161546   0.07774615]
 [ 35.           0.41361815   0.07710873]
 [ 36.           0.41749      0.07677425]
 [ 37.           0.42069426   0.0787086 ]
 [ 38.           0.42283043   0.07834996]
 [ 39.           0.42389852   0.07660487]
 [ 40.           0.423765     0.0751074 ]
 [ 41.           0.42229643   0.07302748]
 [ 42.           0.4224299    0.07290808]
 [ 43.           0.42389852   0.07350402]
 [ 44.           0.42496663   0.07281205]
 [ 45.           0.42656875   0.07187481]
 [ 46.           0.4264353    0.07051718]
 [ 47.           0.42616826   0.07033242]
 [ 48.           0.42616826   0.0692839 ]
 [ 49.           0.4269693    0.06801647]
 [ 50.           0.42763683   0.06835958]
 [ 51.           0.42870495   0.06919347]
 [ 52.           0.42963955   0.06941564]
 [ 53.           0.4291055    0.06762188]
 [ 54.           0.42937252   0.06738091]
 [ 55.           0.42937252   0.06712415]
 [ 56.           0.43030706   0.06653938]
 [ 57.           0.43124166   0.06776113]
 [ 58.           0.4321762    0.06740109]
 [ 59.           0.43324432   0.06798436]
 [ 60.           0.43337783   0.06783244]
 [ 61.           0.4340454    0.06709261]
 [ 62.           0.43431243   0.06718089]
 [ 63.           0.43444592   0.06737265]
 [ 64.           0.435247     0.06695896]
 [ 65.           0.43564755   0.0665946 ]
 [ 66.           0.4367156    0.06607869]
 [ 67.           0.43711615   0.06631766]
 [ 68.           0.4376502    0.06553048]
 [ 69.           0.43831778   0.0658747 ]
 [ 70.           0.4385848    0.06555666]
 [ 71.           0.43911883   0.06557773]
 [ 72.           0.43951938   0.06549988]
 [ 73.           0.43951938   0.06508525]
 [ 74.           0.4397864    0.06469517]
 [ 75.           0.43991986   0.06513043]
 [ 76.           0.44045392   0.06482763]
 [ 77.           0.44085446   0.06414384]
 [ 78.           0.441255     0.06381892]
 [ 79.           0.44178906   0.06313866]
 [ 80.           0.44232312   0.06215201]
 [ 81.           0.44339117   0.06066765]
 [ 82.           0.4435247    0.06014609]
 [ 83.           0.44325766   0.05995574]
 [ 84.           0.44392523   0.0598702 ]
 [ 85.           0.44419226   0.05960276]
 [ 86.           0.44405875   0.05921609]
 [ 87.           0.44379172   0.05885186]
 [ 88.           0.44392523   0.05875448]
 [ 89.           0.44432577   0.05846098]
 [ 90.           0.4445928    0.05827086]
 [ 91.           0.44526035   0.0583721 ]
 [ 92.           0.44526035   0.0584198 ]
 [ 93.           0.44512683   0.05827928]
 [ 94.           0.4447263    0.0578649 ]
 [ 95.           0.44445926   0.05746109]
 [ 96.           0.44459277   0.05728361]
 [ 97.           0.44459277   0.057373  ]
 [ 98.           0.44432577   0.05679648]
 [ 99.           0.44432575   0.05710752]
 [100.           0.44405872   0.05663306]
 [101.           0.44432575   0.05677883]
 [102.           0.4439252    0.05685021]
 [103.           0.4436582    0.05696885]
 [104.           0.4435247    0.05692385]
 [105.           0.44365817   0.05705287]
 [106.           0.44405872   0.05688038]
 [107.           0.4437917    0.0569215 ]
 [108.           0.4437917    0.05643008]
 [109.           0.4429907    0.0557192 ]
 [110.           0.44285718   0.05559509]
 [111.           0.44312415   0.05584463]
 [112.           0.44312415   0.0562521 ]
 [113.           0.4429907    0.0562089 ]
 [114.           0.44272366   0.05584263]
 [115.           0.44245663   0.05564277]
 [116.           0.44245663   0.05536175]
 [117.           0.44232312   0.05521505]
 [118.           0.44232312   0.05493997]
 [119.           0.4420561    0.05396155]
 [120.           0.4420561    0.05371737]
 [121.           0.4421896    0.05330975]
 [122.           0.4421896    0.05293433]
 [123.           0.44245663   0.05315864]
 [124.           0.44245663   0.05341163]
 [125.           0.4421896    0.05318839]
 [126.           0.4421896    0.05318839]
 [127.           0.44192258   0.0533043 ]
 [128.           0.44138852   0.05284967]
 [129.           0.4411215    0.05266595]
 [130.           0.441255     0.05283618]
 [131.           0.441255     0.05287412]
 [132.           0.44152203   0.05239491]
 [133.           0.44178906   0.05195676]
 [134.           0.4420561    0.05136154]
 [135.           0.4420561    0.0514374 ]
 [136.           0.4421896    0.05135764]
 [137.           0.44232312   0.05074661]
 [138.           0.44285718   0.05020142]
 [139.           0.44285718   0.05020142]
 [140.           0.44325766   0.0506178 ]
 [141.           0.4435247    0.05051116]
 [142.           0.44325766   0.05024667]
 [143.           0.44285718   0.05029676]
 [144.           0.44285718   0.05016369]
 [145.           0.44285718   0.04969735]
 [146.           0.4429907    0.04961883]
 [147.           0.44272366   0.04947672]
 [148.           0.44339117   0.04969915]
 [149.           0.4435247    0.04971529]
 [150.           0.44325766   0.04946007]
 [151.           0.44339117   0.04938206]
 [152.           0.4435247    0.04924697]
 [153.           0.4436582    0.04906793]
 [154.           0.44379172   0.04914461]
 [155.           0.44405875   0.04883533]
 [156.           0.44379172   0.04860207]
 [157.           0.44379172   0.04860207]
 [158.           0.44405875   0.04874856]
 [159.           0.44432575   0.04837969]
 [160.           0.44445926   0.04841835]
 [161.           0.4448598    0.04790529]
 [162.           0.44499332   0.04766047]
 [163.           0.44526035   0.04781543]
 [164.           0.44526035   0.04774548]
 [165.           0.4448598    0.04768384]
 [166.           0.44459277   0.04732831]
 [167.           0.4448598    0.04728969]
 [168.           0.4447263    0.04711457]
 [169.           0.44459277   0.04665023]
 [170.           0.4448598    0.04687323]
 [171.           0.44512683   0.04710274]
 [172.           0.44499332   0.04734855]
 [173.           0.4447263    0.04683233]
 [174.           0.44459277   0.04714435]
 [175.           0.44459277   0.04672898]
 [176.           0.44512683   0.04717601]
 [177.           0.44512683   0.04733867]
 [178.           0.4448598    0.0484211 ]
 [179.           0.44499332   0.04810487]
 [180.           0.4447263    0.04829624]
 [181.           0.4447263    0.04871427]
 [182.           0.44512683   0.04832622]
 [183.           0.4448598    0.04823207]
 [184.           0.4447263    0.04812061]
 [185.           0.44459277   0.04807568]
 [186.           0.4437917    0.04813682]
 [187.           0.4439252    0.0478876 ]
 [188.           0.4439252    0.0478876 ]
 [189.           0.44405872   0.04799774]
 [190.           0.44432575   0.04828056]
 [191.           0.44445926   0.04803256]
 [192.           0.44432575   0.04792156]
 [193.           0.44419223   0.04781217]
 [194.           0.44419223   0.04781217]
 [195.           0.44432575   0.04828056]
 [196.           0.44419223   0.04781217]
 [197.           0.44419223   0.04781217]
 [198.           0.44405872   0.04806038]
 [199.           0.44405875   0.04812755]
 [200.           0.44432577   0.04835203]
 [201.           0.44419223   0.0488905 ]
 [202.           0.44432575   0.0490611 ]
 [203.           0.44432575   0.048701  ]
 [204.           0.44445926   0.04845285]
 [205.           0.44432575   0.04853142]
 [206.           0.44432575   0.04853142]
 [207.           0.44419223   0.04835895]
 [208.           0.44445926   0.04814606]
 [209.           0.44432575   0.04803301]
 [210.           0.44419223   0.04720952]
 [211.           0.4437917    0.04717601]
 [212.           0.4439252    0.04728828]
 [213.           0.44379172   0.04742333]
 [214.           0.44379172   0.04700329]
 [215.           0.4435247    0.04666359]
 [216.           0.4435247    0.04666359]
 [217.           0.4435247    0.04666359]
 [218.           0.4436582    0.04677805]
 [219.           0.4436582    0.04677805]
 [220.           0.44405872   0.04676329]
 [221.           0.44392523   0.04701182]
 [222.           0.44379172   0.0469701 ]
 [223.           0.44379172   0.04680377]
 [224.           0.44419226   0.04729676]
 [225.           0.44379172   0.0468466 ]
 [226.           0.44405875   0.04717837]
 [227.           0.44392523   0.04692644]
 [228.           0.44405875   0.04713111]
 [229.           0.44405875   0.04713111]
 [230.           0.44379172   0.04680377]
 [231.           0.44405875   0.04717837]
 [232.           0.44419223   0.04725198]
 [233.           0.44405875   0.0474609 ]
 [234.           0.44405875   0.0474609 ]
 [235.           0.44379172   0.04714058]
 [236.           0.44392523   0.04730006]
 [237.           0.4436582    0.04742613]
 [238.           0.44392523   0.04733774]
 [239.           0.44405872   0.04750078]
 [240.           0.44392523   0.04733774]
 [241.           0.44432575   0.04766515]
 [242.           0.44405872   0.04734338]
 [243.           0.44419223   0.04774455]
 [244.           0.44432575   0.04737914]
 [245.           0.44432575   0.04737914]
 [246.           0.44445926   0.047835  ]
 [247.           0.44405875   0.04743272]
 [248.           0.44392523   0.04742943]
 [249.           0.44379172   0.04726566]
 [250.           0.44392523   0.04754908]
 [251.           0.4435247    0.04722133]
 [252.           0.4436582    0.04738854]
 [253.           0.4436582    0.04726613]
 [254.           0.4436582    0.04726613]
 [255.           0.44339117   0.04693689]
 [256.           0.4435247    0.04703221]
 [257.           0.4435247    0.04696821]
 [258.           0.4435247    0.04696821]
 [259.           0.44379172   0.04688464]
 [260.           0.4436582    0.04651535]
 [261.           0.44405872   0.04694638]
 [262.           0.44379172   0.04616627]
 [263.           0.44419223   0.04664449]
 [264.           0.44445926   0.04640456]
 [265.           0.4447263    0.04672516]
 [266.           0.4447263    0.04667506]
 [267.           0.4448598    0.04673756]
 [268.           0.4447263    0.0465795 ]
 [269.           0.4447263    0.0465795 ]
 [270.           0.4447263    0.0465795 ]
 [271.           0.4447263    0.0462651 ]
 [272.           0.44499332   0.04658475]
 [273.           0.4448598    0.04647461]
 [274.           0.44459277   0.04661679]
 [275.           0.44445926   0.04635892]
 [276.           0.4448598    0.04684232]
 [277.           0.44445926   0.04635892]
 [278.           0.44499332   0.04690649]
 [279.           0.44445926   0.04655317]
 [280.           0.4447263    0.04727981]
 [281.           0.44445926   0.04655317]
 [282.           0.44539386   0.04734809]
 [283.           0.44512683   0.04662968]
 [284.           0.44552737   0.04663733]
 [285.           0.44592792   0.04694542]
 [286.           0.4456609    0.04699903]
 [287.           0.44606143   0.04740923]
 [288.           0.44592792   0.04725765]
 [289.           0.44619495   0.04768617]
 [290.           0.44606143   0.04743741]
 [291.           0.44632846   0.04773521]
 [292.           0.44592792   0.04729064]
 [293.           0.44619495   0.04792156]
 [294.           0.44619495   0.04785875]
 [295.           0.44619495   0.04792156]
 [296.           0.44632846   0.04743788]
 [297.           0.44632846   0.04737678]
 [298.           0.44619495   0.04727084]
 [299.           0.44619495   0.04727084]
 [300.           0.44632846   0.04737678]
 [301.           0.44632846   0.0473203 ]
 [302.           0.44659543   0.04720812]
 [303.           0.44672894   0.04655556]
 [304.           0.44686246   0.04669941]
 [305.           0.44672894   0.04655556]
 [306.           0.446729     0.04661297]
 [307.           0.446729     0.04621451]
 [308.           0.44699603   0.04646742]
 [309.           0.44686252   0.0463594 ]
 [310.           0.44686252   0.0463594 ]
 [311.           0.446729     0.04625306]
 [312.           0.446729     0.04625306]
 [313.           0.446729     0.04625306]
 [314.           0.44606143   0.04570789]
 [315.           0.44646192   0.04587577]
 [316.           0.44646192   0.04564691]
 [317.           0.4465955    0.04584321]
 [318.           0.44672894   0.04549535]
 [319.           0.447263     0.04568742]
 [320.           0.44686246   0.04524045]
 [321.           0.4471295    0.0459413 ]
 [322.           0.44659543   0.0453914 ]
 [323.           0.44659543   0.04562154]
 [324.           0.44646192   0.04547331]
 [325.           0.44646192   0.04547331]
 [326.           0.44659543   0.04562154]
 [327.           0.44646192   0.04547331]
 [328.           0.44699597   0.04560346]
 [329.           0.44672894   0.04566401]
 [330.           0.44672894   0.04606481]
 [331.           0.44659543   0.04591849]
 [332.           0.44672894   0.04566401]
 [333.           0.44699597   0.04572789]
 [334.           0.4471295    0.04575906]
 [335.           0.447263     0.04590394]
 [336.           0.44699597   0.0462415 ]
 [337.           0.4471295    0.0463445 ]
 [338.           0.44699597   0.0462415 ]
 [339.           0.44686246   0.04609672]
 [340.           0.4471295    0.04598736]
 [341.           0.44699597   0.04584226]
 [342.           0.447263     0.04613393]
 [343.           0.4471295    0.04593402]
 [344.           0.4471295    0.04593402]
 [345.           0.44699603   0.04579119]
 [346.           0.447263     0.04567279]
 [347.           0.447263     0.04567279]
 [348.           0.44699603   0.04542968]
 [349.           0.44739652   0.04586606]
 [350.           0.44699603   0.04542968]
 [351.           0.44753003   0.0459636 ]
 [352.           0.447263     0.04567279]
 [353.           0.44739652   0.04581746]
 [354.           0.44739652   0.04581746]
 [355.           0.44739652   0.04581746]
 [356.           0.44753003   0.0459636 ]
 [357.           0.44739652   0.04576879]
 [358.           0.44753003   0.04591267]
 [359.           0.447263     0.0460227 ]
 [360.           0.44739652   0.04581746]
 [361.           0.44739652   0.04576879]
 [362.           0.44739652   0.04576879]
 [363.           0.44766355   0.04596602]
 [364.           0.44739652   0.04576879]
 [365.           0.44779706   0.04571277]
 [366.           0.44766355   0.04561568]
 [367.           0.44766355   0.04600963]
 [368.           0.44739652   0.04572496]
 [369.           0.44779706   0.04610831]
 [370.           0.44753003   0.04582524]
 [371.           0.44766355   0.04600963]
 [372.           0.44766355   0.04592723]
 [373.           0.44793057   0.04620872]
 [374.           0.44793057   0.04612667]
 [375.           0.44833112   0.04650576]
 [376.           0.44859812   0.04684803]
 [377.           0.44833112   0.04667315]
 [378.           0.44859812   0.04645878]
 [379.           0.44846463   0.04638294]
 [380.           0.4492657    0.04630505]
 [381.           0.44886515   0.04595147]
 [382.           0.44953272   0.04582766]
 [383.           0.44859812   0.04683614]
 [384.           0.44833112   0.04703695]
 [385.           0.44966623   0.04518131]
 [386.           0.44953272   0.0450801 ]
 [387.           0.4493992    0.04711456]
 [388.           0.45006678   0.04587092]
 [389.           0.45006678   0.04623619]
 [390.           0.44979975   0.04709565]
 [391.           0.44979975   0.04670607]
 [392.           0.45073435   0.04642616]
 [393.           0.44993326   0.04682186]
 [394.           0.45006678   0.04731984]
 [395.           0.4503338    0.04643624]
 [396.           0.4493992    0.04895382]
 [397.           0.45006678   0.04618798]
 [398.           0.44993326   0.0464396 ]
 [399.           0.44886515   0.04846251]
 [400.           0.45006678   0.04654121]]
Dataset       :CS
Model         :Cheby
Conden ratio  :0.25
GC            :2
LearnA        :0
Max Test Accuracy:
0.4986648865153538
Best Result: Epoch   Acc  Std.
               392 0.4507  0.0464
