Set seed
Model MLP
--------------------------------------------------
The 1th iteration:
--------------------------------------------------
--------------------------------------------------
The 2th iteration:
--------------------------------------------------
--------------------------------------------------
The 3th iteration:
--------------------------------------------------
--------------------------------------------------
The 4th iteration:
--------------------------------------------------
--------------------------------------------------
The 5th iteration:
--------------------------------------------------
[[  1.           0.08251001   0.02833226]
 [  2.           0.10320427   0.04536096]
 [  3.           0.11588786   0.03897811]
 [  4.           0.15153538   0.04888914]
 [  5.           0.20654206   0.08432988]
 [  6.           0.2526035    0.12335049]
 [  7.           0.27396533   0.14571756]
 [  8.           0.2950601    0.1477338 ]
 [  9.           0.3201602    0.134415  ]
 [ 10.           0.34592792   0.11618499]
 [ 11.           0.37610146   0.10596041]
 [ 12.           0.3962617    0.10473898]
 [ 13.           0.41068092   0.10470899]
 [ 14.           0.42082778   0.10514455]
 [ 15.           0.43417892   0.09955395]
 [ 16.           0.44766355   0.08853322]
 [ 17.           0.46502003   0.07879518]
 [ 18.           0.4797063    0.06903584]
 [ 19.           0.49332443   0.06382763]
 [ 20.           0.50293726   0.06224873]
 [ 21.           0.51014686   0.063255  ]
 [ 22.           0.51428574   0.06463005]
 [ 23.           0.5170895    0.0656426 ]
 [ 24.           0.5208278    0.06443634]
 [ 25.           0.52216285   0.06441041]
 [ 26.           0.52590126   0.06740735]
 [ 27.           0.5276369    0.06753318]
 [ 28.           0.52670234   0.06827543]
 [ 29.           0.52630174   0.06808195]
 [ 30.           0.5271028    0.06893732]
 [ 31.           0.5281709    0.07063716]
 [ 32.           0.52897197   0.06979975]
 [ 33.           0.52723634   0.07114476]
 [ 34.           0.5275033    0.07354555]
 [ 35.           0.5261682    0.07172025]
 [ 36.           0.5263018    0.07159776]
 [ 37.           0.5255007    0.07303479]
 [ 38.           0.52296394   0.07340332]
 [ 39.           0.5209613    0.07193308]
 [ 40.           0.5178905    0.07151025]
 [ 41.           0.5170895    0.07005626]
 [ 42.           0.5170895    0.06965115]
 [ 43.           0.5160214    0.06839933]
 [ 44.           0.51348466   0.0674916 ]
 [ 45.           0.51241654   0.06543693]
 [ 46.           0.51068085   0.06345477]
 [ 47.           0.5101468    0.0622036 ]
 [ 48.           0.5082777    0.0603421 ]
 [ 49.           0.50534046   0.05945941]
 [ 50.           0.5044059    0.05918636]
 [ 51.           0.50480646   0.05770873]
 [ 52.           0.5050735    0.0566649 ]
 [ 53.           0.5041389    0.05501454]
 [ 54.           0.50387186   0.05440157]
 [ 55.           0.5030708    0.05453086]
 [ 56.           0.50280374   0.0554422 ]
 [ 57.           0.5024032    0.05492781]
 [ 58.           0.5022697    0.05491563]
 [ 59.           0.5025367    0.0542765 ]
 [ 60.           0.5022697    0.05329301]
 [ 61.           0.5016021    0.05243953]
 [ 62.           0.5012016    0.05167941]
 [ 63.           0.5009346    0.0522693 ]
 [ 64.           0.50133514   0.05160737]
 [ 65.           0.5016022    0.0512034 ]
 [ 66.           0.5021362    0.0510984 ]
 [ 67.           0.5021362    0.0510984 ]
 [ 68.           0.5017356    0.05118378]
 [ 69.           0.50226974   0.05088912]
 [ 70.           0.5024032    0.05070048]
 [ 71.           0.5025367    0.05078567]
 [ 72.           0.50200266   0.05076285]
 [ 73.           0.5016021    0.05085408]
 [ 74.           0.50120157   0.0507769 ]
 [ 75.           0.50120157   0.05062749]
 [ 76.           0.5008011    0.05004762]
 [ 77.           0.5008011    0.05014103]
 [ 78.           0.50053406   0.05022539]
 [ 79.           0.5008011    0.05035388]
 [ 80.           0.50133514   0.05053848]
 [ 81.           0.5009346    0.05104648]
 [ 82.           0.5008011    0.05117465]
 [ 83.           0.5006676    0.05076065]
 [ 84.           0.5006676    0.05105173]
 [ 85.           0.5009346    0.05116421]
 [ 86.           0.5006676    0.05117161]
 [ 87.           0.50040054   0.0514075 ]
 [ 88.           0.5001335    0.0515218 ]
 [ 89.           0.500267     0.05178322]
 [ 90.           0.5          0.05154688]
 [ 91.           0.49973297   0.05145083]
 [ 92.           0.4998665    0.05149801]
 [ 93.           0.5001335    0.05146988]
 [ 94.           0.5001335    0.05146122]
 [ 95.           0.50053406   0.05137021]
 [ 96.           0.50053406   0.05169234]
 [ 97.           0.5001335    0.05166432]
 [ 98.           0.4998665    0.05168587]
 [ 99.           0.4998665    0.05179783]
 [100.           0.4998665    0.05190311]
 [101.           0.5001335    0.05243275]
 [102.           0.5          0.05249985]
 [103.           0.5          0.05249985]
 [104.           0.5          0.05249985]
 [105.           0.500267     0.05236727]
 [106.           0.5001335    0.05243913]
 [107.           0.5          0.05251258]
 [108.           0.5          0.05251258]
 [109.           0.4998665    0.05301385]
 [110.           0.49959946   0.05304368]
 [111.           0.4991989    0.0531314 ]
 [112.           0.49906546   0.05309197]
 [113.           0.49893194   0.05304578]
 [114.           0.49866492   0.05284249]
 [115.           0.49879843   0.05245824]
 [116.           0.49893194   0.05238641]
 [117.           0.49879843   0.05244761]
 [118.           0.49879843   0.0526596 ]
 [119.           0.4985314    0.05278638]
 [120.           0.49866486   0.05282773]
 [121.           0.49866486   0.05282773]
 [122.           0.49853134   0.05256218]
 [123.           0.49866486   0.05282773]
 [124.           0.4983979    0.0525202 ]
 [125.           0.49826437   0.05291959]
 [126.           0.49799734   0.05271795]
 [127.           0.49786383   0.05267863]
 [128.           0.49799734   0.0529457 ]
 [129.           0.4975968    0.05258595]
 [130.           0.4977303    0.05318419]
 [131.           0.4974633    0.05254737]
 [132.           0.4975968    0.05281423]
 [133.           0.49786383   0.05334902]
 [134.           0.4971963    0.05257492]
 [135.           0.4975968    0.05328048]
 [136.           0.49732977   0.05284248]
 [137.           0.4974633    0.05334483]
 [138.           0.49773026   0.05308145]
 [139.           0.49799728   0.05305291]
 [140.           0.49839783   0.05339745]
 [141.           0.4982643    0.05313181]
 [142.           0.49853134   0.05366343]
 [143.           0.4981308    0.05342414]
 [144.           0.4981308    0.05331978]
 [145.           0.4981308    0.0535512 ]
 [146.           0.49786377   0.05334901]
 [147.           0.4981308    0.05344499]
 [148.           0.4981308    0.05311042]
 [149.           0.49799728   0.05317665]
 [150.           0.49786383   0.05314187]
 [151.           0.4975968    0.05338075]
 [152.           0.4975968    0.05338075]
 [153.           0.4975968    0.05338075]
 [154.           0.4975968    0.05338075]
 [155.           0.49746332   0.05344917]
 [156.           0.49759683   0.05327839]
 [157.           0.49759683   0.05327839]
 [158.           0.49773034   0.05354746]
 [159.           0.49759683   0.05327839]
 [160.           0.49759683   0.05327839]
 [161.           0.49759683   0.05327839]
 [162.           0.49746332   0.05300964]
 [163.           0.49759683   0.05327839]
 [164.           0.49759683   0.05327839]
 [165.           0.4977303    0.05320933]
 [166.           0.49786383   0.05347833]
 [167.           0.4977303    0.05320933]
 [168.           0.49786383   0.05303905]
 [169.           0.4975968    0.0525011 ]
 [170.           0.49773034   0.05310875]
 [171.           0.49786383   0.05226673]
 [172.           0.49799734   0.05253589]
 [173.           0.49786383   0.05226673]
 [174.           0.49799734   0.05253589]
 [175.           0.49813086   0.05280538]
 [176.           0.49799734   0.05277287]
 [177.           0.49786383   0.0525028 ]
 [178.           0.49786383   0.0525028 ]
 [179.           0.49786383   0.0525028 ]
 [180.           0.49746332   0.0516945 ]
 [181.           0.49799734   0.052434  ]
 [182.           0.49746332   0.0516945 ]
 [183.           0.49786383   0.0525028 ]
 [184.           0.49773034   0.05257322]
 [185.           0.49799734   0.05277287]
 [186.           0.49786383   0.0525028 ]
 [187.           0.49786383   0.05240297]
 [188.           0.49786383   0.05240297]
 [189.           0.49773034   0.05179613]
 [190.           0.49786383   0.05230722]
 [191.           0.49759683   0.05176601]
 [192.           0.49799734   0.0525783 ]
 [193.           0.49759683   0.05176601]
 [194.           0.49773034   0.05159571]
 [195.           0.49786377   0.05186661]
 [196.           0.49759683   0.0516626 ]
 [197.           0.49786377   0.05220488]
 [198.           0.49746332   0.05173113]
 [199.           0.4975968    0.05244165]
 [200.           0.49759683   0.05176601]
 [201.           0.49786383   0.05230722]
 [202.           0.4977303    0.05203645]
 [203.           0.4981308    0.05240937]
 [204.           0.49799734   0.0525783 ]
 [205.           0.49799728   0.05213784]
 [206.           0.4981308    0.05207241]
 [207.           0.4982643    0.05190354]
 [208.           0.4981308    0.05207241]
 [209.           0.49853134   0.05200819]
 [210.           0.49799728   0.05150362]
 [211.           0.49839783   0.05198291]
 [212.           0.4981308    0.05143739]
 [213.           0.49839783   0.05198291]
 [214.           0.49799728   0.05150362]
 [215.           0.49839783   0.05198291]
 [216.           0.49786383   0.05123124]
 [217.           0.4982643    0.05204931]
 [218.           0.4981308    0.05177632]
 [219.           0.4982643    0.05204931]
 [220.           0.4981308    0.05177632]
 [221.           0.49839783   0.05198291]
 [222.           0.4982643    0.05204931]
 [223.           0.49839783   0.05198291]
 [224.           0.49853134   0.05191816]
 [225.           0.49853134   0.05181719]
 [226.           0.49866486   0.05175179]
 [227.           0.49853134   0.05181719]
 [228.           0.49839783   0.05154384]
 [229.           0.49893188   0.05186062]
 [230.           0.49839783   0.05144649]
 [231.           0.49866486   0.05131292]
 [232.           0.49826437   0.05049793]
 [233.           0.49853134   0.05104385]
 [234.           0.49879837   0.05100018]
 [235.           0.49866492   0.05063101]
 [236.           0.49879837   0.05124861]
 [237.           0.49933243   0.05156201]
 [238.           0.49893188   0.05074   ]
 [239.           0.4990654    0.05101373]
 [240.           0.4991989    0.05041577]
 [241.           0.49959946   0.05055524]
 [242.           0.49959946   0.05080585]
 [243.           0.49973297   0.05064771]
 [244.           0.49973297   0.05056626]
 [245.           0.49973297   0.04978244]
 [246.           0.4998665    0.05005874]
 [247.           0.5001335    0.04975066]
 [248.           0.5          0.04947355]
 [249.           0.5          0.04904386]
 [250.           0.50013345   0.04932109]
 [251.           0.5          0.04913007]
 [252.           0.50026697   0.04903383]
 [253.           0.500267     0.04840732]
 [254.           0.50040054   0.04814191]
 [255.           0.5009346    0.04812568]
 [256.           0.5010681    0.04751767]
 [257.           0.5021362    0.04733866]
 [258.           0.50186914   0.04667745]
 [259.           0.50293726   0.04619808]
 [260.           0.5025367    0.0464909 ]
 [261.           0.5026702    0.04600818]
 [262.           0.5021362    0.0468228 ]
 [263.           0.5022697    0.0467447 ]
 [264.           0.50186914   0.04708381]
 [265.           0.5017356    0.04652971]
 [266.           0.50186914   0.04697246]
 [267.           0.5024032    0.04562543]
 [268.           0.5022697    0.04664448]
 [269.           0.50293726   0.04515417]
 [270.           0.5030708    0.04598055]
 [271.           0.5026702    0.04512554]
 [272.           0.5026702    0.04591365]
 [273.           0.5024032    0.04581307]
 [274.           0.5024032    0.04630892]
 [275.           0.5024032    0.04581307]
 [276.           0.5025367    0.04591704]
 [277.           0.5033378    0.04541595]
 [278.           0.5030708    0.04534131]
 [279.           0.50293726   0.04544684]
 [280.           0.5033378    0.04540613]
 [281.           0.5034713    0.04591702]
 [282.           0.5033378    0.04540613]
 [283.           0.5034713    0.04513394]
 [284.           0.5030708    0.04511468]
 [285.           0.50373834   0.04534131]
 [286.           0.5030708    0.04514924]
 [287.           0.5034713    0.04544635]
 [288.           0.50293726   0.04537078]
 [289.           0.5032043    0.04516603]
 [290.           0.5032043    0.04538012]
 [291.           0.5030708    0.04525769]
 [292.           0.5033378    0.04527344]
 [293.           0.5033378    0.04526853]
 [294.           0.5034713    0.04496578]
 [295.           0.50373834   0.04501085]
 [296.           0.50387186   0.04493851]
 [297.           0.5034713    0.04511173]
 [298.           0.50387186   0.04493851]
 [299.           0.5036048    0.04511964]
 [300.           0.50387186   0.04493851]
 [301.           0.50387186   0.04493851]
 [302.           0.50373834   0.04493157]
 [303.           0.50387186   0.04481936]
 [304.           0.5040054    0.04470886]
 [305.           0.5040054    0.04470886]
 [306.           0.5040054    0.04470886]
 [307.           0.5040054    0.04470886]
 [308.           0.50373834   0.04485713]
 [309.           0.5040054    0.04470886]
 [310.           0.5034713    0.04496084]
 [311.           0.5040054    0.04470886]
 [312.           0.50387186   0.04470488]
 [313.           0.50373834   0.04474523]
 [314.           0.5041389    0.04460008]
 [315.           0.5040054    0.04467396]
 [316.           0.50387186   0.04466997]
 [317.           0.50387186   0.04488394]
 [318.           0.50373834   0.04474523]
 [319.           0.5044059    0.04506279]
 [320.           0.5042724    0.0447751 ]
 [321.           0.50387186   0.04500294]
 [322.           0.5041389    0.04448753]
 [323.           0.5041389    0.04448753]
 [324.           0.50387186   0.04461008]
 [325.           0.50453943   0.04495586]
 [326.           0.5042724    0.04438023]
 [327.           0.5040054    0.04492762]
 [328.           0.5042724    0.04438023]
 [329.           0.50387186   0.04507468]
 [330.           0.5041389    0.04449004]
 [331.           0.5041389    0.04517588]
 [332.           0.5040054    0.04453159]
 [333.           0.5041389    0.0447771 ]
 [334.           0.5041389    0.04437972]
 [335.           0.50387186   0.04453009]
 [336.           0.5042724    0.04466798]
 [337.           0.5041389    0.04449004]
 [338.           0.5044059    0.04503064]
 [339.           0.5040054    0.04448904]
 [340.           0.50387186   0.04453009]
 [341.           0.5042724    0.04438023]
 [342.           0.5040054    0.04448653]
 [343.           0.5040054    0.04492513]
 [344.           0.50387186   0.04459509]
 [345.           0.50387186   0.04466997]
 [346.           0.50387186   0.04459509]
 [347.           0.5040054    0.04448653]
 [348.           0.5036048    0.04466797]
 [349.           0.5040054    0.04448653]
 [350.           0.50387186   0.04459509]
 [351.           0.50373834   0.04456059]
 [352.           0.5036048    0.04470538]
 [353.           0.50387186   0.04448753]
 [354.           0.5036048    0.04470538]
 [355.           0.50387186   0.04448753]
 [356.           0.5034713    0.04481688]
 [357.           0.5040054    0.04438123]
 [358.           0.5036048    0.04471285]
 [359.           0.5040054    0.04438123]
 [360.           0.50373834   0.0446006 ]
 [361.           0.5041389    0.04427667]
 [362.           0.5040054    0.04478605]
 [363.           0.5040054    0.0443963 ]
 [364.           0.5042724    0.04407795]
 [365.           0.50387186   0.04441486]
 [366.           0.5042724    0.04407795]
 [367.           0.50387186   0.04432446]
 [368.           0.5044059    0.04397927]
 [369.           0.50387186   0.04462257]
 [370.           0.5044059    0.04399447]
 [371.           0.5040054    0.04414716]
 [372.           0.50453943   0.04392301]
 [373.           0.5044059    0.04404003]
 [374.           0.50453943   0.04392301]
 [375.           0.50467294   0.04403092]
 [376.           0.5044059    0.04404003]
 [377.           0.50480646   0.04391286]
 [378.           0.5042724    0.04404762]
 [379.           0.50494      0.04391083]
 [380.           0.5042724    0.04404762]
 [381.           0.50494      0.04391083]
 [382.           0.50467294   0.04403092]
 [383.           0.50494      0.0437965 ]
 [384.           0.50480646   0.0440294 ]
 [385.           0.50480646   0.04380108]
 [386.           0.50480646   0.0440294 ]
 [387.           0.5044059    0.04393112]
 [388.           0.50494      0.04391083]
 [389.           0.50453943   0.04384177]
 [390.           0.5050735    0.04381941]
 [391.           0.5046729    0.04372624]
 [392.           0.50467294   0.04394481]
 [393.           0.50453943   0.04384177]
 [394.           0.5044059    0.04395901]
 [395.           0.50480646   0.04382652]
 [396.           0.50467294   0.04383313]
 [397.           0.50494      0.04393873]
 [398.           0.50467294   0.04383313]
 [399.           0.50494      0.04393873]
 [400.           0.50467294   0.04383313]]
Dataset       :CS
Model         :MLP
Conden ratio  :0.25
GC            :1
LearnA        :1
Max Test Accuracy:
0.6134846461949266
Best Result: Epoch   Acc  Std.
               32 0.5290  0.0698
