Set seed
Model Cheby
--------------------------------------------------
The 1th iteration:
--------------------------------------------------
--------------------------------------------------
The 2th iteration:
--------------------------------------------------
--------------------------------------------------
The 3th iteration:
--------------------------------------------------
--------------------------------------------------
The 4th iteration:
--------------------------------------------------
--------------------------------------------------
The 5th iteration:
--------------------------------------------------
[[  1.           0.06528705   0.01642922]
 [  2.           0.0716956    0.00478131]
 [  3.           0.08224299   0.02278217]
 [  4.           0.07449933   0.00893878]
 [  5.           0.07369827   0.01286325]
 [  6.           0.07890521   0.01246563]
 [  7.           0.07583445   0.0130524 ]
 [  8.           0.07316422   0.01213228]
 [  9.           0.07449933   0.01102581]
 [ 10.           0.0811749    0.01915434]
 [ 11.           0.08304406   0.02208291]
 [ 12.           0.09118825   0.02508717]
 [ 13.           0.07850467   0.01240471]
 [ 14.           0.08865153   0.02692414]
 [ 15.           0.09065421   0.02823694]
 [ 16.           0.09692924   0.02816979]
 [ 17.           0.09826436   0.02924097]
 [ 18.           0.0917223    0.02681717]
 [ 19.           0.09038719   0.02865289]
 [ 20.           0.09345795   0.02884046]
 [ 21.           0.10066755   0.0310769 ]
 [ 22.           0.09359145   0.02763072]
 [ 23.           0.09465954   0.02651133]
 [ 24.           0.09238985   0.03134888]
 [ 25.           0.09158879   0.03221748]
 [ 26.           0.09212283   0.03180542]
 [ 27.           0.09252336   0.03152253]
 [ 28.           0.09559413   0.03148646]
 [ 29.           0.09572764   0.02994198]
 [ 30.           0.09492657   0.03054902]
 [ 31.           0.09519359   0.0321108 ]
 [ 32.           0.09546062   0.03127559]
 [ 33.           0.09946596   0.03143193]
 [ 34.           0.10387182   0.03390308]
 [ 35.           0.10480642   0.0348155 ]
 [ 36.           0.10507343   0.03507565]
 [ 37.           0.10253672   0.03323602]
 [ 38.           0.10053404   0.03438922]
 [ 39.           0.10173564   0.03758706]
 [ 40.           0.10200267   0.03651907]
 [ 41.           0.10293724   0.0367229 ]
 [ 42.           0.10453939   0.03764926]
 [ 43.           0.10734313   0.03912589]
 [ 44.           0.11028037   0.04256531]
 [ 45.           0.11201602   0.04652444]
 [ 46.           0.11028037   0.05069785]
 [ 47.           0.10841122   0.05566518]
 [ 48.           0.11081443   0.06056215]
 [ 49.           0.11214954   0.06054743]
 [ 50.           0.11508679   0.0569923 ]
 [ 51.           0.11615487   0.05517549]
 [ 52.           0.11495328   0.05338033]
 [ 53.           0.11321763   0.05402386]
 [ 54.           0.11134847   0.0561133 ]
 [ 55.           0.10841122   0.05634946]
 [ 56.           0.11014686   0.06000217]
 [ 57.           0.11255007   0.0660436 ]
 [ 58.           0.11455274   0.0690213 ]
 [ 59.           0.11562083   0.066753  ]
 [ 60.           0.11815756   0.07118014]
 [ 61.           0.11735647   0.07091263]
 [ 62.           0.11481977   0.06592777]
 [ 63.           0.11602136   0.06541783]
 [ 64.           0.1153538    0.06438272]
 [ 65.           0.11388519   0.06235959]
 [ 66.           0.11562083   0.06337466]
 [ 67.           0.11548731   0.06245492]
 [ 68.           0.11388519   0.06113085]
 [ 69.           0.11602137   0.0636308 ]
 [ 70.           0.11748999   0.06575518]
 [ 71.           0.11575434   0.06391589]
 [ 72.           0.11602137   0.06283443]
 [ 73.           0.11588786   0.06201204]
 [ 74.           0.11495328   0.06215344]
 [ 75.           0.11655541   0.0629039 ]
 [ 76.           0.11655541   0.06218606]
 [ 77.           0.11615487   0.06330888]
 [ 78.           0.11735647   0.06380739]
 [ 79.           0.11615487   0.06463247]
 [ 80.           0.11775701   0.06415773]
 [ 81.           0.11575434   0.06465073]
 [ 82.           0.11922564   0.06442285]
 [ 83.           0.11642189   0.06614979]
 [ 84.           0.11909213   0.064649  ]
 [ 85.           0.11748999   0.06597845]
 [ 86.           0.12029373   0.06621005]
 [ 87.           0.11829106   0.06763341]
 [ 88.           0.12162884   0.06772395]
 [ 89.           0.11869159   0.0674817 ]
 [ 90.           0.12016022   0.06739678]
 [ 91.           0.1210948    0.06817026]
 [ 92.           0.11962616   0.06937035]
 [ 93.           0.12269694   0.06891436]
 [ 94.           0.12016022   0.07036314]
 [ 95.           0.12269693   0.07029407]
 [ 96.           0.12082777   0.07094498]
 [ 97.           0.12296396   0.07055035]
 [ 98.           0.12082777   0.07256898]
 [ 99.           0.12510014   0.07140143]
 [100.           0.12122831   0.07294352]
 [101.           0.12683578   0.07291969]
 [102.           0.12202938   0.07333924]
 [103.           0.12643525   0.07455237]
 [104.           0.12216289   0.07375822]
 [105.           0.12723632   0.07288393]
 [106.           0.1233645    0.07413998]
 [107.           0.12389853   0.0750038 ]
 [108.           0.1283044    0.07482058]
 [109.           0.12349802   0.07527868]
 [110.           0.1271028    0.07830444]
 [111.           0.12563418   0.07509998]
 [112.           0.12630175   0.08061477]
 [113.           0.1283044    0.0745954 ]
 [114.           0.1257677    0.0794429 ]
 [115.           0.12790388   0.07781633]
 [116.           0.12630175   0.07938931]
 [117.           0.13137518   0.07945944]
 [118.           0.12630175   0.07891075]
 [119.           0.13137518   0.08117254]
 [120.           0.12643526   0.07750648]
 [121.           0.13057409   0.08195138]
 [122.           0.12790386   0.07816346]
 [123.           0.12950602   0.07854225]
 [124.           0.12977302   0.082693  ]
 [125.           0.13244326   0.07834569]
 [126.           0.13124166   0.08641779]
 [127.           0.13204272   0.07941877]
 [128.           0.1317757    0.08603535]
 [129.           0.13404539   0.08185046]
 [130.           0.13124166   0.0856473 ]
 [131.           0.13578103   0.08479232]
 [132.           0.1329773    0.08601049]
 [133.           0.1364486    0.08956786]
 [134.           0.13324432   0.08522873]
 [135.           0.13778372   0.09016664]
 [136.           0.13204272   0.08554942]
 [137.           0.13871829   0.08849774]
 [138.           0.13497998   0.08972544]
 [139.           0.13471296   0.08524545]
 [140.           0.13671564   0.089992  ]
 [141.           0.13671564   0.08852921]
 [142.           0.1364486    0.091267  ]
 [143.           0.14072095   0.08914495]
 [144.           0.13511348   0.08676004]
 [145.           0.13871829   0.08945684]
 [146.           0.13898532   0.08724255]
 [147.           0.13724966   0.0878143 ]
 [148.           0.14312416   0.08821807]
 [149.           0.14112149   0.08456471]
 [150.           0.13724966   0.09257474]
 [151.           0.14259012   0.08586167]
 [152.           0.14459279   0.08599131]
 [153.           0.14178906   0.08650927]
 [154.           0.14285715   0.08668219]
 [155.           0.14672898   0.08639304]
 [156.           0.14379172   0.08603795]
 [157.           0.1435247    0.08800616]
 [158.           0.14499334   0.08296847]
 [159.           0.1459279    0.08415134]
 [160.           0.14058745   0.0775783 ]
 [161.           0.14566088   0.08304498]
 [162.           0.1459279    0.08234604]
 [163.           0.14232309   0.08005031]
 [164.           0.14619492   0.08435155]
 [165.           0.14726302   0.08284511]
 [166.           0.14712952   0.08419767]
 [167.           0.14218959   0.08656772]
 [168.           0.13791722   0.08440647]
 [169.           0.14018692   0.08568943]
 [170.           0.1447263    0.08343044]
 [171.           0.14806409   0.08326201]
 [172.           0.14873163   0.08437716]
 [173.           0.1459279    0.08374259]
 [174.           0.14165555   0.09086426]
 [175.           0.14045393   0.088261  ]
 [176.           0.14779708   0.08566161]
 [177.           0.14926569   0.08377185]
 [178.           0.15020028   0.08417173]
 [179.           0.1507343    0.08539431]
 [180.           0.14926569   0.08325024]
 [181.           0.14806409   0.08721444]
 [182.           0.14259012   0.08395252]
 [183.           0.14339119   0.08805476]
 [184.           0.14632843   0.08860592]
 [185.           0.14766356   0.08488661]
 [186.           0.15166889   0.08593403]
 [187.           0.15220295   0.08554369]
 [188.           0.15113485   0.08664311]
 [189.           0.15020026   0.08851988]
 [190.           0.14899866   0.08709428]
 [191.           0.15260346   0.08726961]
 [192.           0.15193592   0.08832031]
 [193.           0.1493992    0.09074771]
 [194.           0.15327103   0.08850428]
 [195.           0.15073432   0.0877874 ]
 [196.           0.15153538   0.09084905]
 [197.           0.153004     0.08586528]
 [198.           0.15140186   0.08952406]
 [199.           0.15126836   0.08804362]
 [200.           0.15353806   0.08854254]
 [201.           0.1493992    0.09101983]
 [202.           0.15367156   0.08729616]
 [203.           0.15353805   0.09110987]
 [204.           0.15273699   0.08961113]
 [205.           0.15487318   0.08950116]
 [206.           0.15153538   0.08998531]
 [207.           0.15500668   0.08877175]
 [208.           0.15340455   0.09131923]
 [209.           0.15487318   0.08889039]
 [210.           0.15367156   0.09194779]
 [211.           0.15514019   0.08887485]
 [212.           0.15273699   0.09281008]
 [213.           0.15594125   0.08833544]
 [214.           0.1542056    0.09185517]
 [215.           0.1528705    0.09077913]
 [216.           0.1576769    0.09063591]
 [217.           0.1564753    0.09051563]
 [218.           0.14979973   0.09679411]
 [219.           0.14926569   0.0964043 ]
 [220.           0.15620828   0.0924536 ]
 [221.           0.15861148   0.09084979]
 [222.           0.16048065   0.09157167]
 [223.           0.16008012   0.09111648]
 [224.           0.15620828   0.09466721]
 [225.           0.15020028   0.09655719]
 [226.           0.153004     0.09888791]
 [227.           0.15927903   0.0922939 ]
 [228.           0.16088118   0.09173381]
 [229.           0.1612817    0.09117173]
 [230.           0.16074766   0.0911397 ]
 [231.           0.16061416   0.09332983]
 [232.           0.15714286   0.09342171]
 [233.           0.1552737    0.09627016]
 [234.           0.15393858   0.09741824]
 [235.           0.15260349   0.09701715]
 [236.           0.15433912   0.09879435]
 [237.           0.15540722   0.09492037]
 [238.           0.15954606   0.09630995]
 [239.           0.15914552   0.09262767]
 [240.           0.16208279   0.09368582]
 [241.           0.16061416   0.09396747]
 [242.           0.15554073   0.09493516]
 [243.           0.15821095   0.09766426]
 [244.           0.16048065   0.09225166]
 [245.           0.16088118   0.09518012]
 [246.           0.15367156   0.09826063]
 [247.           0.15674232   0.09922418]
 [248.           0.16181575   0.09314462]
 [249.           0.16328438   0.09263249]
 [250.           0.16408545   0.09413426]
 [251.           0.16435246   0.09263105]
 [252.           0.16488652   0.0944858 ]
 [253.           0.16395195   0.09356113]
 [254.           0.16421895   0.09430878]
 [255.           0.16368492   0.09334988]
 [256.           0.16208278   0.09649532]
 [257.           0.15567423   0.1002018 ]
 [258.           0.15634179   0.10115235]
 [259.           0.16101468   0.09870069]
 [260.           0.164753     0.09564413]
 [261.           0.16622162   0.09590539]
 [262.           0.16582109   0.09485368]
 [263.           0.1670227    0.09692616]
 [264.           0.16675568   0.09768296]
 [265.           0.16688918   0.100959  ]
 [266.           0.16248332   0.10596041]
 [267.           0.15981308   0.10165904]
 [268.           0.16181576   0.09533519]
 [269.           0.16395195   0.09207154]
 [270.           0.16395195   0.0893599 ]
 [271.           0.1635514    0.0871462 ]
 [272.           0.16221629   0.0844888 ]
 [273.           0.1612817    0.08539066]
 [274.           0.16101469   0.08491284]
 [275.           0.16194928   0.0845713 ]
 [276.           0.16288386   0.0854238 ]
 [277.           0.1623498    0.0870495 ]
 [278.           0.16381843   0.08759708]
 [279.           0.1635514    0.08603328]
 [280.           0.16461949   0.09004918]
 [281.           0.16461949   0.08765683]
 [282.           0.16608812   0.08969066]
 [283.           0.164753     0.09188234]
 [284.           0.16341789   0.09109936]
 [285.           0.16608813   0.09293243]
 [286.           0.16675568   0.09045013]
 [287.           0.16755675   0.09210228]
 [288.           0.16315086   0.0941558 ]
 [289.           0.15847798   0.09910982]
 [290.           0.15847798   0.10066459]
 [291.           0.15941255   0.09820732]
 [292.           0.16728972   0.09565718]
 [293.           0.1682243    0.09256439]
 [294.           0.16995995   0.09467616]
 [295.           0.16889186   0.09190612]
 [296.           0.17009346   0.09611589]
 [297.           0.16755675   0.09056042]
 [298.           0.1682243    0.0968498 ]
 [299.           0.1635514    0.09709108]
 [300.           0.1623498    0.10019068]
 [301.           0.16368492   0.10111601]
 [302.           0.16662216   0.09767863]
 [303.           0.17036049   0.09970804]
 [304.           0.16929238   0.09629793]
 [305.           0.17036049   0.09719589]
 [306.           0.17102803   0.0971053 ]
 [307.           0.16982643   0.09538426]
 [308.           0.16982643   0.09771512]
 [309.           0.16728972   0.09156922]
 [310.           0.17129505   0.09634997]
 [311.           0.1695594    0.09243311]
 [312.           0.16982643   0.09503555]
 [313.           0.17049399   0.09509768]
 [314.           0.17049399   0.09399237]
 [315.           0.17116155   0.09641816]
 [316.           0.16929239   0.0917139 ]
 [317.           0.17169559   0.09692846]
 [318.           0.16982643   0.09416408]
 [319.           0.17102803   0.09484992]
 [320.           0.17116156   0.09606975]
 [321.           0.1695594    0.09347463]
 [322.           0.17222965   0.09581824]
 [323.           0.17076102   0.09423835]
 [324.           0.17156208   0.09555744]
 [325.           0.17076102   0.09312285]
 [326.           0.17022696   0.09442212]
 [327.           0.17169559   0.09318862]
 [328.           0.16942589   0.09403006]
 [329.           0.17209613   0.09516068]
 [330.           0.16942589   0.09201078]
 [331.           0.17209612   0.09522387]
 [332.           0.16929238   0.09315418]
 [333.           0.17116156   0.09233375]
 [334.           0.17089453   0.09346867]
 [335.           0.17009346   0.09173793]
 [336.           0.17249666   0.09376096]
 [337.           0.16929239   0.09326416]
 [338.           0.17169559   0.0941023 ]
 [339.           0.17209613   0.09232385]
 [340.           0.17129506   0.09123159]
 [341.           0.16648865   0.09839229]
 [342.           0.16275035   0.10059018]
 [343.           0.16194926   0.10203426]
 [344.           0.1623498    0.10277491]
 [345.           0.16288386   0.09973777]
 [346.           0.16648865   0.09691029]
 [347.           0.17209613   0.09215596]
 [348.           0.17383178   0.09410135]
 [349.           0.1728972    0.09134435]
 [350.           0.17356476   0.09364016]
 [351.           0.16795729   0.09715141]
 [352.           0.1623498    0.1008645 ]
 [353.           0.16221629   0.10483512]
 [354.           0.16168225   0.10160403]
 [355.           0.16448598   0.10045964]
 [356.           0.17156208   0.09455182]
 [357.           0.17369826   0.09315395]
 [358.           0.17436583   0.09324599]
 [359.           0.17196262   0.09248687]
 [360.           0.17343125   0.09454287]
 [361.           0.16315086   0.10217173]
 [362.           0.16048065   0.10260697]
 [363.           0.16368492   0.10437864]
 [364.           0.17009346   0.09490981]
 [365.           0.17489986   0.0940746 ]
 [366.           0.17489986   0.09420595]
 [367.           0.1718291    0.09611496]
 [368.           0.17463283   0.09505314]
 [369.           0.17436583   0.09160791]
 [370.           0.17476635   0.09496965]
 [371.           0.17236316   0.09361564]
 [372.           0.16795729   0.0974914 ]
 [373.           0.16635513   0.10113694]
 [374.           0.16395195   0.09831075]
 [375.           0.16635515   0.1018756 ]
 [376.           0.16648865   0.10017533]
 [377.           0.16849132   0.09450892]
 [378.           0.17329773   0.0954368 ]
 [379.           0.17383178   0.09378827]
 [380.           0.17343126   0.09148865]
 [381.           0.17516689   0.09295305]
 [382.           0.17489986   0.09247046]
 [383.           0.17583445   0.09355159]
 [384.           0.17516689   0.0919044 ]
 [385.           0.17503338   0.09269838]
 [386.           0.17516689   0.09358373]
 [387.           0.17383178   0.0917394 ]
 [388.           0.17516689   0.0928979 ]
 [389.           0.17383178   0.08968347]
 [390.           0.1763685    0.09437184]
 [391.           0.17476635   0.09303667]
 [392.           0.17369826   0.08983836]
 [393.           0.17610148   0.09387827]
 [394.           0.17610148   0.09214991]
 [395.           0.17436582   0.08948174]
 [396.           0.17676902   0.09294681]
 [397.           0.17556743   0.09197154]
 [398.           0.1753004    0.09060789]
 [399.           0.176502     0.09356231]
 [400.           0.17476636   0.08994247]]
Dataset       :CS
Model         :Cheby
Conden ratio  :0.5
GC            :5
LearnA        :1
Max Test Accuracy:
0.3364485981308411
Best Result: Epoch   Acc  Std.
               396 0.1768  0.0929
