Set seed
Model Cheby
--------------------------------------------------
The 1th iteration:
--------------------------------------------------
--------------------------------------------------
The 2th iteration:
--------------------------------------------------
--------------------------------------------------
The 3th iteration:
--------------------------------------------------
--------------------------------------------------
The 4th iteration:
--------------------------------------------------
--------------------------------------------------
The 5th iteration:
--------------------------------------------------
[[  1.           0.06542056   0.03983026]
 [  2.           0.07623499   0.03223822]
 [  3.           0.06421896   0.0072269 ]
 [  4.           0.06902537   0.02155702]
 [  5.           0.06889186   0.0123218 ]
 [  6.           0.07249667   0.01035897]
 [  7.           0.07222964   0.01329595]
 [  8.           0.07783712   0.02744543]
 [  9.           0.06835782   0.00793522]
 [ 10.           0.06675567   0.00249777]
 [ 11.           0.07049399   0.00799119]
 [ 12.           0.07022697   0.00739453]
 [ 13.           0.06929239   0.00348155]
 [ 14.           0.08611482   0.02702574]
 [ 15.           0.08558078   0.02862877]
 [ 16.           0.08624833   0.028842  ]
 [ 17.           0.0694259    0.00397743]
 [ 18.           0.07102805   0.0050089 ]
 [ 19.           0.08197597   0.02677893]
 [ 20.           0.08451269   0.02692497]
 [ 21.           0.08678238   0.02428567]
 [ 22.           0.09158879   0.02672896]
 [ 23.           0.09105475   0.02948077]
 [ 24.           0.0858478    0.02628428]
 [ 25.           0.0858478    0.02513597]
 [ 26.           0.09052069   0.02663794]
 [ 27.           0.09212283   0.0283181 ]
 [ 28.           0.09025367   0.02914174]
 [ 29.           0.08798398   0.02791952]
 [ 30.           0.08998665   0.02670811]
 [ 31.           0.09158879   0.02663292]
 [ 32.           0.09212283   0.03051472]
 [ 33.           0.09572764   0.03127416]
 [ 34.           0.09506008   0.02881186]
 [ 35.           0.09038719   0.0271844 ]
 [ 36.           0.09372497   0.02800796]
 [ 37.           0.09826436   0.03138014]
 [ 38.           0.09839787   0.03503433]
 [ 39.           0.10013352   0.03423792]
 [ 40.           0.09933244   0.03258539]
 [ 41.           0.09706275   0.03251077]
 [ 42.           0.10013352   0.0332809 ]
 [ 43.           0.09986649   0.03453469]
 [ 44.           0.10240322   0.03824523]
 [ 45.           0.10680908   0.03975467]
 [ 46.           0.10387182   0.03931677]
 [ 47.           0.10427237   0.03856375]
 [ 48.           0.10534046   0.03798157]
 [ 49.           0.10360481   0.03918564]
 [ 50.           0.10761016   0.0414165 ]
 [ 51.           0.10747664   0.04213547]
 [ 52.           0.10640855   0.04252656]
 [ 53.           0.10867824   0.04269077]
 [ 54.           0.10654207   0.04247414]
 [ 55.           0.10801067   0.04254699]
 [ 56.           0.10787717   0.04294367]
 [ 57.           0.10747664   0.04343738]
 [ 58.           0.10894527   0.04328682]
 [ 59.           0.10547397   0.04363187]
 [ 60.           0.11174901   0.04493902]
 [ 61.           0.10934579   0.04654839]
 [ 62.           0.11068092   0.04561274]
 [ 63.           0.10907878   0.04433502]
 [ 64.           0.10854473   0.04508257]
 [ 65.           0.11201602   0.04478206]
 [ 66.           0.1058745    0.04590296]
 [ 67.           0.11214954   0.04584079]
 [ 68.           0.11255007   0.04724019]
 [ 69.           0.11094793   0.0477814 ]
 [ 70.           0.11602137   0.04882391]
 [ 71.           0.11415221   0.04987502]
 [ 72.           0.11495327   0.05138106]
 [ 73.           0.11855809   0.05157195]
 [ 74.           0.11588786   0.0510814 ]
 [ 75.           0.1152203    0.05141834]
 [ 76.           0.11748999   0.050291  ]
 [ 77.           0.11455274   0.05077076]
 [ 78.           0.11655541   0.05153521]
 [ 79.           0.11748999   0.0512608 ]
 [ 80.           0.11428572   0.05212802]
 [ 81.           0.11922564   0.05241192]
 [ 82.           0.11655541   0.05337032]
 [ 83.           0.11842457   0.05298904]
 [ 84.           0.11748999   0.05294571]
 [ 85.           0.1188251    0.05371862]
 [ 86.           0.11722296   0.05402386]
 [ 87.           0.12056074   0.05412687]
 [ 88.           0.11575434   0.05432411]
 [ 89.           0.1212283    0.05493996]
 [ 90.           0.11922564   0.05518882]
 [ 91.           0.12069426   0.05553655]
 [ 92.           0.12042723   0.05557505]
 [ 93.           0.1210948    0.05586097]
 [ 94.           0.12176235   0.05676705]
 [ 95.           0.12269693   0.05706029]
 [ 96.           0.12056074   0.05744014]
 [ 97.           0.123498     0.05702044]
 [ 98.           0.12242991   0.05708605]
 [ 99.           0.12082777   0.0571512 ]
 [100.           0.12309747   0.05666098]
 [101.           0.12323099   0.05684159]
 [102.           0.12176235   0.0571777 ]
 [103.           0.1233645    0.05699582]
 [104.           0.123498     0.05717653]
 [105.           0.12376501   0.05732754]
 [106.           0.12376501   0.05769946]
 [107.           0.12389853   0.05750799]
 [108.           0.12443259   0.05817825]
 [109.           0.12469961   0.05817212]
 [110.           0.12456609   0.05835988]
 [111.           0.12550068   0.05853792]
 [112.           0.12456609   0.05835988]
 [113.           0.12389853   0.05860183]
 [114.           0.12323099   0.05848574]
 [115.           0.1257677    0.05854857]
 [116.           0.12403204   0.05839195]
 [117.           0.12510014   0.05853335]
 [118.           0.12469959   0.05835568]
 [119.           0.1257677    0.05837706]
 [120.           0.12403204   0.05839195]
 [121.           0.12550066   0.05836255]
 [122.           0.1259012    0.05838661]
 [123.           0.12189586   0.05876319]
 [124.           0.12536716   0.05818361]
 [125.           0.12429907   0.05856531]
 [126.           0.12416556   0.0581905 ]
 [127.           0.1257677    0.05872337]
 [128.           0.1257677    0.05854857]
 [129.           0.12616824   0.05857597]
 [130.           0.12496662   0.05700755]
 [131.           0.12510014   0.05782868]
 [132.           0.12616824   0.05927175]
 [133.           0.12603472   0.05926874]
 [134.           0.12483311   0.05817135]
 [135.           0.12523365   0.05835416]
 [136.           0.1257677    0.05872337]
 [137.           0.1257677    0.05854857]
 [138.           0.12563418   0.05854248]
 [139.           0.12550066   0.05836255]
 [140.           0.12563418   0.05854248]
 [141.           0.12563418   0.05854248]
 [142.           0.12536716   0.05818361]
 [143.           0.1259012    0.05855618]
 [144.           0.1259012    0.05872906]
 [145.           0.12643525   0.05876698]
 [146.           0.12723632   0.05871578]
 [147.           0.12723632   0.05871578]
 [148.           0.12643525   0.05876698]
 [149.           0.12616824   0.05874499]
 [150.           0.12630175   0.05858814]
 [151.           0.12643525   0.05876698]
 [152.           0.12630175   0.05858814]
 [153.           0.12630175   0.05889349]
 [154.           0.12616824   0.05874499]
 [155.           0.12656878   0.05874993]
 [156.           0.12656876   0.05878026]
 [157.           0.12656878   0.05874993]
 [158.           0.12616824   0.05874499]
 [159.           0.12603472   0.05887835]
 [160.           0.1257677    0.05854857]
 [161.           0.12616824   0.05871464]
 [162.           0.12616824   0.05874499]
 [163.           0.12603472   0.05887835]
 [164.           0.1257677    0.05858091]
 [165.           0.12603472   0.05887835]
 [166.           0.1259012    0.05838661]
 [167.           0.12563418   0.05834232]
 [168.           0.12563418   0.05834232]
 [169.           0.1259012    0.05835988]
 [170.           0.1259012    0.05835988]
 [171.           0.12536716   0.0579899 ]
 [172.           0.12536716   0.0579899 ]
 [173.           0.12563418   0.05803215]
 [174.           0.12523365   0.05781519]
 [175.           0.12510014   0.05766083]
 [176.           0.12536716   0.0579899 ]
 [177.           0.12550066   0.05802178]
 [178.           0.12523365   0.05781519]
 [179.           0.1257677    0.05835034]
 [180.           0.12550066   0.05816561]
 [181.           0.12550066   0.05816561]
 [182.           0.12563418   0.05834232]
 [183.           0.12536716   0.0579899 ]
 [184.           0.12536716   0.0579899 ]
 [185.           0.12523365   0.05781519]
 [186.           0.12523365   0.05781519]
 [187.           0.12536715   0.05801294]
 [188.           0.1257677    0.05835034]
 [189.           0.12523365   0.05783638]
 [190.           0.12536716   0.0579899 ]
 [191.           0.12550066   0.0581905 ]
 [192.           0.12550066   0.05816561]
 [193.           0.12536716   0.0579899 ]
 [194.           0.12550066   0.05816561]
 [195.           0.12563418   0.05834232]
 [196.           0.12550066   0.05816561]
 [197.           0.12563418   0.05834232]
 [198.           0.12550066   0.05816561]
 [199.           0.12550066   0.05816561]
 [200.           0.12563418   0.05834232]
 [201.           0.12563418   0.05834232]
 [202.           0.12563418   0.05834232]
 [203.           0.12550066   0.0581905 ]
 [204.           0.12563418   0.05834232]
 [205.           0.12550066   0.0581905 ]
 [206.           0.12563418   0.05834232]
 [207.           0.12550066   0.0581905 ]
 [208.           0.12563418   0.05834232]
 [209.           0.12603472   0.05887835]
 [210.           0.12563418   0.05834232]
 [211.           0.12603472   0.05887835]
 [212.           0.12563418   0.05834232]
 [213.           0.12616824   0.05905897]
 [214.           0.1257677    0.05852002]
 [215.           0.12603472   0.05891051]
 [216.           0.12563418   0.05834232]
 [217.           0.1259012    0.05872906]
 [218.           0.1257677    0.05852002]
 [219.           0.1259012    0.05872906]
 [220.           0.12563418   0.05834232]
 [221.           0.12603472   0.05887835]
 [222.           0.1257677    0.05852002]
 [223.           0.12616824   0.05905897]
 [224.           0.1257677    0.05852002]
 [225.           0.1259012    0.05872906]
 [226.           0.12563418   0.05834232]
 [227.           0.1259012    0.05872906]
 [228.           0.12563418   0.05834232]
 [229.           0.12603472   0.05891051]
 [230.           0.1259012    0.0586987 ]
 [231.           0.12616824   0.05905897]
 [232.           0.1259012    0.0586987 ]
 [233.           0.12603472   0.05887835]
 [234.           0.12563418   0.05834232]
 [235.           0.12603472   0.05887835]
 [236.           0.12563418   0.05834232]
 [237.           0.12563418   0.0587192 ]
 [238.           0.12563418   0.05834232]
 [239.           0.12536716   0.05853487]
 [240.           0.12563418   0.05834232]
 [241.           0.12563418   0.058867  ]
 [242.           0.1257677    0.05886927]
 [243.           0.1259012    0.05905066]
 [244.           0.12536716   0.05850631]
 [245.           0.1259012    0.05905066]
 [246.           0.12536716   0.05850631]
 [247.           0.1259012    0.05905066]
 [248.           0.12536716   0.05850631]
 [249.           0.12563418   0.0587192 ]
 [250.           0.1257677    0.05904878]
 [251.           0.12536716   0.05853487]
 [252.           0.1259012    0.05923151]
 [253.           0.1259012    0.05905066]
 [254.           0.1259012    0.05923151]
 [255.           0.12630175   0.05924053]
 [256.           0.12563418   0.058867  ]
 [257.           0.12630175   0.05924053]
 [258.           0.12563418   0.058867  ]
 [259.           0.12603472   0.05923302]
 [260.           0.1259012    0.05923151]
 [261.           0.12563418   0.0587192 ]
 [262.           0.12603472   0.05941518]
 [263.           0.12563418   0.0587192 ]
 [264.           0.12603472   0.05941518]
 [265.           0.12630175   0.05960052]
 [266.           0.12603472   0.05941518]
 [267.           0.1259012    0.05923151]
 [268.           0.12563418   0.058867  ]
 [269.           0.12603472   0.05941518]
 [270.           0.1257677    0.05904878]
 [271.           0.12616824   0.05956425]
 [272.           0.1257677    0.05904878]
 [273.           0.12616824   0.05956425]
 [274.           0.12563418   0.058867  ]
 [275.           0.12630175   0.05956499]
 [276.           0.1259012    0.05923151]
 [277.           0.12630175   0.05974801]
 [278.           0.1259012    0.05919952]
 [279.           0.12643526   0.05993269]
 [280.           0.12616824   0.05938254]
 [281.           0.12630175   0.05974801]
 [282.           0.12616824   0.05956425]
 [283.           0.12656876   0.0601183 ]
 [284.           0.12616824   0.05956425]
 [285.           0.12643526   0.05993269]
 [286.           0.12616824   0.05956425]
 [287.           0.12670228   0.0603048 ]
 [288.           0.12630175   0.05974801]
 [289.           0.12670228   0.0603048 ]
 [290.           0.12643526   0.05993269]
 [291.           0.12670228   0.0603048 ]
 [292.           0.12643526   0.05993269]
 [293.           0.12670228   0.0603048 ]
 [294.           0.12643526   0.05993269]
 [295.           0.12670228   0.0603048 ]
 [296.           0.12643526   0.05993269]
 [297.           0.12683578   0.06049221]
 [298.           0.12670228   0.0603048 ]
 [299.           0.12670228   0.0603048 ]
 [300.           0.12656876   0.0601183 ]
 [301.           0.1271028    0.06086969]
 [302.           0.12656876   0.0601183 ]
 [303.           0.12670228   0.0603048 ]
 [304.           0.12656876   0.0601183 ]
 [305.           0.12683578   0.06049221]
 [306.           0.12656876   0.0601183 ]
 [307.           0.1271028    0.06086969]
 [308.           0.12683578   0.06049221]
 [309.           0.1271028    0.06082574]
 [310.           0.12683578   0.06049221]
 [311.           0.1271028    0.06082574]
 [312.           0.12683578   0.06045168]
 [313.           0.1269693    0.06063826]
 [314.           0.12683578   0.06045168]
 [315.           0.1269693    0.06063826]
 [316.           0.12683578   0.06045168]
 [317.           0.1271028    0.06082574]
 [318.           0.1269693    0.06063826]
 [319.           0.12723632   0.0610141 ]
 [320.           0.1271028    0.0606368 ]
 [321.           0.1271028    0.06082574]
 [322.           0.12683578   0.06045168]
 [323.           0.1269693    0.06063826]
 [324.           0.12683578   0.06045168]
 [325.           0.1271028    0.06082574]
 [326.           0.12736984   0.0604561 ]
 [327.           0.12763685   0.0608272 ]
 [328.           0.1269693    0.06063826]
 [329.           0.12723632   0.0610141 ]
 [330.           0.12723632   0.0606368 ]
 [331.           0.12723632   0.0610141 ]
 [332.           0.12683578   0.06045168]
 [333.           0.1269693    0.06063826]
 [334.           0.12683578   0.06045168]
 [335.           0.12763685   0.0608272 ]
 [336.           0.1271028    0.06045094]
 [337.           0.1271028    0.06082574]
 [338.           0.12683578   0.06045168]
 [339.           0.1271028    0.06082574]
 [340.           0.12723632   0.0606368 ]
 [341.           0.12736984   0.06082354]
 [342.           0.1269693    0.06063826]
 [343.           0.1271028    0.06082574]
 [344.           0.1271028    0.06082574]
 [345.           0.1269693    0.06063826]
 [346.           0.1271028    0.06082574]
 [347.           0.12683578   0.06045168]
 [348.           0.1271028    0.06082574]
 [349.           0.1269693    0.06063826]
 [350.           0.1269693    0.06063826]
 [351.           0.1271028    0.06082574]
 [352.           0.12670226   0.06026599]
 [353.           0.1271028    0.06082574]
 [354.           0.1271028    0.06078544]
 [355.           0.1271028    0.06082574]
 [356.           0.1269693    0.06059967]
 [357.           0.1271028    0.06082574]
 [358.           0.12683578   0.06045168]
 [359.           0.1269693    0.06063826]
 [360.           0.1269693    0.06063826]
 [361.           0.1271028    0.06082574]
 [362.           0.1269693    0.06063826]
 [363.           0.1271028    0.06082574]
 [364.           0.1271028    0.06082574]
 [365.           0.12683578   0.06045168]
 [366.           0.12736984   0.06120334]
 [367.           0.12670226   0.06026599]
 [368.           0.1271028    0.06078544]
 [369.           0.12670228   0.0603048 ]
 [370.           0.1271028    0.06078544]
 [371.           0.12683578   0.06045168]
 [372.           0.1271028    0.06082574]
 [373.           0.12683578   0.06045168]
 [374.           0.1271028    0.06082574]
 [375.           0.1269693    0.06063826]
 [376.           0.1271028    0.06082574]
 [377.           0.1271028    0.06082574]
 [378.           0.12723632   0.0610141 ]
 [379.           0.1271028    0.06082574]
 [380.           0.1269693    0.06063826]
 [381.           0.1271028    0.06082574]
 [382.           0.12656876   0.06008122]
 [383.           0.1271028    0.06078544]
 [384.           0.12683578   0.06045168]
 [385.           0.1271028    0.06078544]
 [386.           0.12683578   0.06045168]
 [387.           0.12736984   0.06115964]
 [388.           0.12683578   0.06045168]
 [389.           0.1271028    0.06082574]
 [390.           0.1269693    0.06063826]
 [391.           0.1271028    0.06082574]
 [392.           0.1269693    0.06063826]
 [393.           0.12723632   0.0610141 ]
 [394.           0.1269693    0.06063826]
 [395.           0.12736984   0.06115964]
 [396.           0.12683578   0.06045168]
 [397.           0.1269693    0.06063826]
 [398.           0.12683578   0.06045168]
 [399.           0.12723632   0.0610141 ]
 [400.           0.1271028    0.06082574]]
Dataset       :CS
Model         :Cheby
Conden ratio  :1.0
GC            :4
LearnA        :1
Max Test Accuracy:
0.19692923898531375
Best Result: Epoch   Acc  Std.
               327 0.1276  0.0608
