Set seed
Model SGC
--------------------------------------------------
The 1th iteration:
--------------------------------------------------
--------------------------------------------------
The 2th iteration:
--------------------------------------------------
--------------------------------------------------
The 3th iteration:
--------------------------------------------------
--------------------------------------------------
The 4th iteration:
--------------------------------------------------
--------------------------------------------------
The 5th iteration:
--------------------------------------------------
[[  1.           0.2893191    0.03377137]
 [  2.           0.3683578    0.07169852]
 [  3.           0.40413886   0.08438008]
 [  4.           0.429239     0.07949255]
 [  5.           0.44833112   0.07056963]
 [  6.           0.4608812    0.06716431]
 [  7.           0.4714286    0.06063642]
 [  8.           0.48170897   0.05220747]
 [  9.           0.48518023   0.04542919]
 [ 10.           0.4914553    0.0398174 ]
 [ 11.           0.49225637   0.0357925 ]
 [ 12.           0.49425903   0.03219744]
 [ 13.           0.49599466   0.02897921]
 [ 14.           0.49746332   0.02679557]
 [ 15.           0.49826437   0.02342925]
 [ 16.           0.49946594   0.02238258]
 [ 17.           0.4990654    0.01914271]
 [ 18.           0.49879837   0.01875347]
 [ 19.           0.4991989    0.01747417]
 [ 20.           0.4985314    0.01764549]
 [ 21.           0.4963952    0.0158015 ]
 [ 22.           0.49359146   0.01541608]
 [ 23.           0.49185583   0.01575065]
 [ 24.           0.4897196    0.01498363]
 [ 25.           0.4887851    0.0147196 ]
 [ 26.           0.48598132   0.01479959]
 [ 27.           0.48397866   0.01588869]
 [ 28.           0.4823765    0.01476644]
 [ 29.           0.48064086   0.01449536]
 [ 30.           0.47703606   0.01442292]
 [ 31.           0.47343126   0.01554419]
 [ 32.           0.4700935    0.01463608]
 [ 33.           0.46728975   0.01439508]
 [ 34.           0.46528706   0.01421599]
 [ 35.           0.46194926   0.01441059]
 [ 36.           0.45821095   0.01478905]
 [ 37.           0.45447263   0.01542908]
 [ 38.           0.4503338    0.01673958]
 [ 39.           0.44686252   0.01713424]
 [ 40.           0.4439252    0.01717582]
 [ 41.           0.441255     0.01794351]
 [ 42.           0.43925235   0.0189814 ]
 [ 43.           0.43684912   0.01930498]
 [ 44.           0.43497998   0.01916598]
 [ 45.           0.43230978   0.01827326]
 [ 46.           0.43004003   0.01822931]
 [ 47.           0.4269693    0.01817546]
 [ 48.           0.42403206   0.01631353]
 [ 49.           0.42056075   0.01757971]
 [ 50.           0.41708946   0.01877129]
 [ 51.           0.4138852    0.01718878]
 [ 52.           0.41001335   0.01849626]
 [ 53.           0.40720963   0.01961641]
 [ 54.           0.40507346   0.0190365 ]
 [ 55.           0.40320426   0.01916828]
 [ 56.           0.4          0.01981082]
 [ 57.           0.3975968    0.01954014]
 [ 58.           0.39559412   0.01900252]
 [ 59.           0.39345795   0.01904936]
 [ 60.           0.39158878   0.02044838]
 [ 61.           0.3905207    0.01933035]
 [ 62.           0.38851807   0.01943382]
 [ 63.           0.38638183   0.01974884]
 [ 64.           0.38477972   0.01867728]
 [ 65.           0.3821095    0.01681263]
 [ 66.           0.3797063    0.0174933 ]
 [ 67.           0.37823763   0.01543052]
 [ 68.           0.37757012   0.01591392]
 [ 69.           0.37663552   0.0156442 ]
 [ 70.           0.37489986   0.01545938]
 [ 71.           0.3727637    0.01510951]
 [ 72.           0.37142858   0.01508738]
 [ 73.           0.36849135   0.0148672 ]
 [ 74.           0.36769027   0.01474227]
 [ 75.           0.36755675   0.01523436]
 [ 76.           0.36648867   0.01528107]
 [ 77.           0.3655541    0.01528545]
 [ 78.           0.36408544   0.01618464]
 [ 79.           0.3622163    0.01555278]
 [ 80.           0.3610147    0.01512277]
 [ 81.           0.35941255   0.01486418]
 [ 82.           0.35927904   0.01405362]
 [ 83.           0.35874498   0.01345586]
 [ 84.           0.35941255   0.01299251]
 [ 85.           0.359012     0.01337114]
 [ 86.           0.35834444   0.01455212]
 [ 87.           0.35607478   0.01443065]
 [ 88.           0.35433912   0.0148552 ]
 [ 89.           0.3539386    0.01420343]
 [ 90.           0.35567424   0.01404569]
 [ 91.           0.35514018   0.01340942]
 [ 92.           0.35514018   0.01440284]
 [ 93.           0.35473964   0.01344758]
 [ 94.           0.3542056    0.01403935]
 [ 95.           0.35487315   0.01409478]
 [ 96.           0.35607478   0.01431438]
 [ 97.           0.35714287   0.01447999]
 [ 98.           0.35687587   0.01414212]
 [ 99.           0.3575434    0.01414212]
 [100.           0.359012     0.01431283]
 [101.           0.35994658   0.01461324]
 [102.           0.35981306   0.01524457]
 [103.           0.35847795   0.01481465]
 [104.           0.35927904   0.01492255]
 [105.           0.3598131    0.01482217]
 [106.           0.36061415   0.01470444]
 [107.           0.3611482    0.0142473 ]
 [108.           0.36074767   0.0143066 ]
 [109.           0.3611482    0.01528836]
 [110.           0.36141524   0.01551692]
 [111.           0.36181575   0.01523727]
 [112.           0.36168227   0.0151154 ]
 [113.           0.36181578   0.01601441]
 [114.           0.36168227   0.01616259]
 [115.           0.36194927   0.01587747]
 [116.           0.36248332   0.01574076]
 [117.           0.36261684   0.01646985]
 [118.           0.36275035   0.01573084]
 [119.           0.36341792   0.01509476]
 [120.           0.36368492   0.01539293]
 [121.           0.3640855    0.014546  ]
 [122.           0.36421895   0.01433771]
 [123.           0.364486     0.01503855]
 [124.           0.36502004   0.01532039]
 [125.           0.36608812   0.01612256]
 [126.           0.3667557    0.01563139]
 [127.           0.36742327   0.01596982]
 [128.           0.3679573    0.01601719]
 [129.           0.3683578    0.01606579]
 [130.           0.3694259    0.01575915]
 [131.           0.37049398   0.01577611]
 [132.           0.37036046   0.01537121]
 [133.           0.3716956    0.01555852]
 [134.           0.3724967    0.01547668]
 [135.           0.3728972    0.01603942]
 [136.           0.37356475   0.01589289]
 [137.           0.37369826   0.01621078]
 [138.           0.37436584   0.01478755]
 [139.           0.37449935   0.01426292]
 [140.           0.37570095   0.01446767]
 [141.           0.37596795   0.01457508]
 [142.           0.376502     0.01460258]
 [143.           0.3773031    0.01446765]
 [144.           0.37703606   0.01386205]
 [145.           0.37823766   0.01381536]
 [146.           0.3786382    0.01385401]
 [147.           0.37930575   0.01425042]
 [148.           0.3789052    0.01419716]
 [149.           0.37930575   0.01356965]
 [150.           0.3798398    0.01300452]
 [151.           0.3797063    0.01283552]
 [152.           0.38024032   0.01343929]
 [153.           0.38050735   0.01404252]
 [154.           0.3811749    0.01362372]
 [155.           0.38237652   0.01414054]
 [156.           0.38304406   0.01359424]
 [157.           0.3834446    0.01368574]
 [158.           0.3834446    0.01337281]
 [159.           0.38357812   0.01312051]
 [160.           0.3833111    0.01233084]
 [161.           0.3842457    0.0130182 ]
 [162.           0.3845127    0.01314086]
 [163.           0.38504672   0.01250132]
 [164.           0.38544726   0.01200303]
 [165.           0.38624832   0.01143259]
 [166.           0.38664886   0.01118431]
 [167.           0.38664886   0.01140135]
 [168.           0.38664886   0.01138179]
 [169.           0.38744995   0.01078058]
 [170.           0.38731644   0.01081979]
 [171.           0.388251     0.01083212]
 [172.           0.3890521    0.01078884]
 [173.           0.38971964   0.01106415]
 [174.           0.3903872    0.0111344 ]
 [175.           0.39118823   0.01110031]
 [176.           0.39225635   0.01108627]
 [177.           0.3929239    0.01057187]
 [178.           0.39332443   0.01070591]
 [179.           0.39439252   0.01123401]
 [180.           0.39479306   0.01085267]
 [181.           0.39506006   0.01088137]
 [182.           0.39572763   0.01101367]
 [183.           0.3966622    0.01172888]
 [184.           0.39813086   0.01199375]
 [185.           0.39893192   0.01244953]
 [186.           0.3998665    0.01314087]
 [187.           0.3998665    0.01342602]
 [188.           0.40040055   0.01324558]
 [189.           0.40040055   0.01241189]
 [190.           0.4013351    0.01311031]
 [191.           0.40173563   0.01366781]
 [192.           0.4022697    0.01399164]
 [193.           0.40307078   0.0143284 ]
 [194.           0.4036048    0.01434547]
 [195.           0.40427238   0.01466043]
 [196.           0.40507346   0.01500444]
 [197.           0.40560752   0.01522702]
 [198.           0.40667558   0.01587045]
 [199.           0.40774366   0.01641566]
 [200.           0.4081442    0.01671961]
 [201.           0.40934584   0.0166381 ]
 [202.           0.41001335   0.0166381 ]
 [203.           0.41081437   0.01608105]
 [204.           0.41121492   0.01639936]
 [205.           0.41108146   0.01637489]
 [206.           0.41174898   0.01575066]
 [207.           0.41161552   0.01560998]
 [208.           0.41214952   0.01560998]
 [209.           0.41255006   0.01611151]
 [210.           0.4128171    0.01595586]
 [211.           0.4129506    0.01665283]
 [212.           0.41335115   0.01640207]
 [213.           0.41361818   0.01633537]
 [214.           0.4138852    0.01605609]
 [215.           0.41455278   0.01558427]
 [216.           0.41455278   0.01558427]
 [217.           0.41455275   0.01583953]
 [218.           0.4149533    0.01592791]
 [219.           0.41535378   0.01553701]
 [220.           0.41535378   0.01553701]
 [221.           0.4154873    0.01531458]
 [222.           0.4154873    0.01543052]
 [223.           0.4154873    0.01516102]
 [224.           0.41575432   0.01505632]
 [225.           0.41668892   0.01403775]
 [226.           0.41682243   0.01416574]
 [227.           0.41695595   0.01368572]
 [228.           0.4173565    0.01349555]
 [229.           0.41775703   0.0137976 ]
 [230.           0.41802406   0.01326239]
 [231.           0.41762352   0.01328085]
 [232.           0.41789052   0.0136564 ]
 [233.           0.41789052   0.01377012]
 [234.           0.41815755   0.01371012]
 [235.           0.41829106   0.01392779]
 [236.           0.41815755   0.01371012]
 [237.           0.41829106   0.0135384 ]
 [238.           0.41882512   0.0129151 ]
 [239.           0.41909215   0.01337115]
 [240.           0.4192256    0.01373773]
 [241.           0.41895863   0.01362862]
 [242.           0.41922566   0.01369712]
 [243.           0.41922566   0.01331771]
 [244.           0.41882512   0.01339778]
 [245.           0.4185581    0.01357456]
 [246.           0.41829106   0.0144152 ]
 [247.           0.41842458   0.01465131]
 [248.           0.41842458   0.01427385]
 [249.           0.4185581    0.01387489]
 [250.           0.4186916    0.01374907]
 [251.           0.41895863   0.01372638]
 [252.           0.41895863   0.01335614]
 [253.           0.41895863   0.01335614]
 [254.           0.41909215   0.01303362]
 [255.           0.41895863   0.01294957]
 [256.           0.4186916    0.01279202]
 [257.           0.4186916    0.01279202]
 [258.           0.41882512   0.01260957]
 [259.           0.4184246    0.01224926]
 [260.           0.4185581    0.0122183 ]
 [261.           0.41815758   0.01226018]
 [262.           0.41815758   0.01226018]
 [263.           0.41775703   0.01224926]
 [264.           0.41775703   0.01233988]
 [265.           0.41762352   0.01244058]
 [266.           0.41762352   0.01270639]
 [267.           0.4173565    0.01280073]
 [268.           0.41775703   0.01351205]
 [269.           0.41789052   0.01345917]
 [270.           0.41775703   0.01351205]
 [271.           0.41789052   0.01359916]
 [272.           0.417757     0.01342934]
 [273.           0.41802403   0.01322874]
 [274.           0.41802403   0.01357785]
 [275.           0.41829106   0.01335614]
 [276.           0.41802403   0.01290476]
 [277.           0.41829106   0.013222  ]
 [278.           0.41842458   0.01344592]
 [279.           0.41842458   0.01377337]
 [280.           0.4185581    0.01386687]
 [281.           0.41829106   0.01368573]
 [282.           0.4185581    0.01364824]
 [283.           0.4185581    0.01364824]
 [284.           0.4186916    0.01372475]
 [285.           0.4185581    0.01349225]
 [286.           0.4186916    0.01361881]
 [287.           0.4185581    0.01338446]
 [288.           0.4185581    0.01338446]
 [289.           0.4186916    0.01309331]
 [290.           0.41882512   0.01308649]
 [291.           0.4186916    0.01328756]
 [292.           0.4186916    0.01328756]
 [293.           0.41842458   0.01315272]
 [294.           0.41815755   0.01327246]
 [295.           0.41802403   0.01337947]
 [296.           0.41749      0.01324725]
 [297.           0.4173565    0.01343764]
 [298.           0.4173565    0.01343764]
 [299.           0.41708946   0.01364333]
 [300.           0.41722298   0.01372961]
 [301.           0.41708946   0.01374097]
 [302.           0.41708946   0.01374097]
 [303.           0.41682243   0.01371013]
 [304.           0.41695595   0.01394379]
 [305.           0.41682243   0.01403934]
 [306.           0.41695595   0.01394379]
 [307.           0.41682243   0.0139996 ]
 [308.           0.41708946   0.01378144]
 [309.           0.4173565    0.01377335]
 [310.           0.41695595   0.01408687]
 [311.           0.41708946   0.01443683]
 [312.           0.41708946   0.01443683]
 [313.           0.41682243   0.01443837]
 [314.           0.41668892   0.01462848]
 [315.           0.41668892   0.01462848]
 [316.           0.41682243   0.01461477]
 [317.           0.41682243   0.01470596]
 [318.           0.41682243   0.01470596]
 [319.           0.4164219    0.01407738]
 [320.           0.41628838   0.0141736 ]
 [321.           0.4165554    0.01419245]
 [322.           0.4164219    0.01420344]
 [323.           0.4165554    0.01410583]
 [324.           0.41668892   0.01433616]
 [325.           0.41668892   0.01433616]
 [326.           0.41682243   0.01432217]
 [327.           0.41695595   0.01431438]
 [328.           0.41682243   0.01441521]
 [329.           0.41682243   0.01418931]
 [330.           0.4165554    0.01374583]
 [331.           0.4165554    0.01374583]
 [332.           0.4165554    0.01374583]
 [333.           0.4165554    0.01374583]
 [334.           0.41682243   0.01384757]
 [335.           0.41668892   0.01395816]
 [336.           0.41682243   0.01384757]
 [337.           0.41708946   0.01395817]
 [338.           0.41682243   0.0140552 ]
 [339.           0.41668892   0.01405362]
 [340.           0.41668892   0.01373286]
 [341.           0.41695595   0.01395177]
 [342.           0.41708946   0.01405361]
 [343.           0.4173565    0.01387811]
 [344.           0.4176235    0.01390378]
 [345.           0.41749      0.01398367]
 [346.           0.41749      0.01398367]
 [347.           0.41748998   0.01413425]
 [348.           0.4176235    0.01427542]
 [349.           0.417757     0.01438271]
 [350.           0.417757     0.01417203]
 [351.           0.41802403   0.01393419]
 [352.           0.41789052   0.01416888]
 [353.           0.41775703   0.0146741 ]
 [354.           0.41789055   0.01467866]
 [355.           0.41802406   0.01468928]
 [356.           0.41802406   0.01468928]
 [357.           0.41802406   0.01453681]
 [358.           0.41815755   0.01436877]
 [359.           0.41789055   0.01468625]
 [360.           0.41815758   0.01463001]
 [361.           0.41815758   0.01463001]
 [362.           0.4184246    0.01465131]
 [363.           0.4186916    0.01478001]
 [364.           0.41882512   0.01453834]
 [365.           0.4186916    0.0145138 ]
 [366.           0.41842458   0.01430504]
 [367.           0.4185581    0.01441831]
 [368.           0.4185581    0.01441831]
 [369.           0.4186916    0.01460563]
 [370.           0.41842458   0.01449844]
 [371.           0.41842458   0.01449844]
 [372.           0.4185581    0.01441831]
 [373.           0.41882512   0.01419716]
 [374.           0.41882512   0.01419716]
 [375.           0.41882512   0.01419716]
 [376.           0.41882512   0.01377498]
 [377.           0.41895863   0.01389577]
 [378.           0.41935918   0.01417203]
 [379.           0.41935918   0.01417203]
 [380.           0.4194927    0.01430661]
 [381.           0.41935918   0.01439821]
 [382.           0.4194927    0.01456896]
 [383.           0.41962615   0.01470596]
 [384.           0.41975966   0.01498216]
 [385.           0.4200267    0.01515957]
 [386.           0.4200267    0.01515957]
 [387.           0.4201602    0.01532912]
 [388.           0.42029372   0.01554562]
 [389.           0.42029372   0.0157874 ]
 [390.           0.42042723   0.01596843]
 [391.           0.42042723   0.01596843]
 [392.           0.42029372   0.01595586]
 [393.           0.42042723   0.01550113]
 [394.           0.42042723   0.01550113]
 [395.           0.42082778   0.01550256]
 [396.           0.4209613    0.0156954 ]
 [397.           0.4209613    0.0156954 ]
 [398.           0.42136183   0.01557998]
 [399.           0.42136183   0.01592651]
 [400.           0.42162886   0.01582969]]
Dataset       :CS
Model         :SGC
Conden ratio  :1.0
GC            :4
LearnA        :0
Max Test Accuracy:
0.568090787716956
Best Result: Epoch   Acc  Std.
               16 0.4995  0.0224
