Set seed
Model Cheby
--------------------------------------------------
The 1th iteration:
--------------------------------------------------
--------------------------------------------------
The 2th iteration:
--------------------------------------------------
--------------------------------------------------
The 3th iteration:
--------------------------------------------------
--------------------------------------------------
The 4th iteration:
--------------------------------------------------
--------------------------------------------------
The 5th iteration:
--------------------------------------------------
[[  1.           0.14552738   0.03429644]
 [  2.           0.23217623   0.04083406]
 [  3.           0.2963952    0.04814513]
 [  4.           0.34178907   0.05325622]
 [  5.           0.37463287   0.05079884]
 [  6.           0.40173563   0.04116829]
 [  7.           0.42202935   0.03264687]
 [  8.           0.43871832   0.02932847]
 [  9.           0.45140192   0.02530735]
 [ 10.           0.45794392   0.01998773]
 [ 11.           0.46301737   0.01732178]
 [ 12.           0.46795732   0.01444919]
 [ 13.           0.47102806   0.01411847]
 [ 14.           0.4723632    0.01601858]
 [ 15.           0.476502     0.0173975 ]
 [ 16.           0.4781041    0.01874751]
 [ 17.           0.48064086   0.02011552]
 [ 18.           0.48144194   0.02166424]
 [ 19.           0.48210946   0.02724499]
 [ 20.           0.4834446    0.02927906]
 [ 21.           0.48558074   0.03150129]
 [ 22.           0.48825103   0.03254846]
 [ 23.           0.4915888    0.03537612]
 [ 24.           0.49439248   0.03538555]
 [ 25.           0.4955941    0.03799682]
 [ 26.           0.4991989    0.04027366]
 [ 27.           0.4990654    0.04258155]
 [ 28.           0.49959946   0.04315329]
 [ 29.           0.5021362    0.04511664]
 [ 30.           0.5036048    0.04538305]
 [ 31.           0.506008     0.0466072 ]
 [ 32.           0.505741     0.04805621]
 [ 33.           0.5065421    0.05008989]
 [ 34.           0.5084112    0.0510465 ]
 [ 35.           0.5118825    0.05311254]
 [ 36.           0.5137517    0.05503519]
 [ 37.           0.51441926   0.05606804]
 [ 38.           0.5149533    0.05691602]
 [ 39.           0.518024     0.05932435]
 [ 40.           0.51909214   0.06000144]
 [ 41.           0.5210948    0.0611618 ]
 [ 42.           0.5217624    0.06330293]
 [ 43.           0.52309746   0.06365389]
 [ 44.           0.5251002    0.06502701]
 [ 45.           0.52496666   0.06471447]
 [ 46.           0.5272363    0.06507632]
 [ 47.           0.5291055    0.0660925 ]
 [ 48.           0.5303071    0.06570195]
 [ 49.           0.5308411    0.06585067]
 [ 50.           0.5317757    0.06622722]
 [ 51.           0.5324432    0.06580872]
 [ 52.           0.5332443    0.06774699]
 [ 53.           0.53364486   0.06823722]
 [ 54.           0.53538054   0.06936166]
 [ 55.           0.5365821    0.06925946]
 [ 56.           0.5376502    0.06987634]
 [ 57.           0.53938586   0.07135366]
 [ 58.           0.5399199    0.07216315]
 [ 59.           0.5408545    0.07344247]
 [ 60.           0.5424566    0.07363518]
 [ 61.           0.5437917    0.07288543]
 [ 62.           0.54405874   0.07355703]
 [ 63.           0.54512686   0.07464647]
 [ 64.           0.54686254   0.07509997]
 [ 65.           0.5473966    0.0756831 ]
 [ 66.           0.5477971    0.07527661]
 [ 67.           0.5485981    0.07544926]
 [ 68.           0.5480642    0.07584485]
 [ 69.           0.5487316    0.07605606]
 [ 70.           0.5492657    0.07626874]
 [ 71.           0.55006677   0.07633971]
 [ 72.           0.5516689    0.0773194 ]
 [ 73.           0.5520694    0.07689521]
 [ 74.           0.5526035    0.07631696]
 [ 75.           0.5544726    0.07644269]
 [ 76.           0.5550067    0.07600861]
 [ 77.           0.5562083    0.07665485]
 [ 78.           0.5576769    0.07633621]
 [ 79.           0.55887854   0.07666942]
 [ 80.           0.5602136    0.07693634]
 [ 81.           0.56128174   0.07654873]
 [ 82.           0.5622163    0.07670137]
 [ 83.           0.5623498    0.07596903]
 [ 84.           0.5624833    0.07542594]
 [ 85.           0.5632844    0.07389918]
 [ 86.           0.56435245   0.07397029]
 [ 87.           0.5659546    0.07385997]
 [ 88.           0.56702274   0.07344431]
 [ 89.           0.56795734   0.07321765]
 [ 90.           0.56995994   0.07383281]
 [ 91.           0.57089454   0.07351977]
 [ 92.           0.5722297    0.07409189]
 [ 93.           0.57383174   0.07346552]
 [ 94.           0.5753004    0.07337569]
 [ 95.           0.57676905   0.07374462]
 [ 96.           0.5779706    0.07377847]
 [ 97.           0.57903874   0.07334109]
 [ 98.           0.5794393    0.07423851]
 [ 99.           0.57997334   0.07405581]
 [100.           0.5810414    0.07466584]
 [101.           0.5818424    0.07428586]
 [102.           0.5826435    0.07448328]
 [103.           0.58304405   0.07481788]
 [104.           0.5834446    0.07509492]
 [105.           0.58558077   0.07602882]
 [106.           0.58651537   0.07557644]
 [107.           0.5869159    0.07631551]
 [108.           0.5878505    0.07621496]
 [109.           0.58838457   0.07639017]
 [110.           0.5891856    0.07709284]
 [111.           0.58958614   0.07740261]
 [112.           0.5899867    0.07731763]
 [113.           0.5903872    0.07829306]
 [114.           0.5905207    0.0785303 ]
 [115.           0.5901202    0.07882261]
 [116.           0.59052074   0.07898301]
 [117.           0.59145534   0.07893277]
 [118.           0.5917223    0.07840677]
 [119.           0.59198934   0.07859243]
 [120.           0.5926569    0.07884149]
 [121.           0.59305745   0.07866495]
 [122.           0.59345794   0.07864997]
 [123.           0.59372497   0.07871172]
 [124.           0.594526     0.07840682]
 [125.           0.594526     0.0786551 ]
 [126.           0.5955941    0.07949589]
 [127.           0.5957276    0.07978855]
 [128.           0.5965287    0.07974245]
 [129.           0.59679574   0.0800943 ]
 [130.           0.59786385   0.07984299]
 [131.           0.5989319    0.08042938]
 [132.           0.599733     0.08036868]
 [133.           0.6006676    0.08089206]
 [134.           0.6008011    0.08111156]
 [135.           0.60106814   0.08077793]
 [136.           0.60173565   0.08111376]
 [137.           0.60173565   0.08089644]
 [138.           0.6020027    0.08148076]
 [139.           0.6029372    0.08143427]
 [140.           0.6029372    0.08150128]
 [141.           0.60307074   0.08173906]
 [142.           0.6036048    0.08207067]
 [143.           0.6034713    0.08192611]
 [144.           0.6044059    0.08118656]
 [145.           0.6046729    0.08162013]
 [146.           0.60507345   0.08132367]
 [147.           0.605474     0.0810841 ]
 [148.           0.60600805   0.08185592]
 [149.           0.6068091    0.082009  ]
 [150.           0.60614157   0.0817832 ]
 [151.           0.6068091    0.08207013]
 [152.           0.6069426    0.08173604]
 [153.           0.6068091    0.08105525]
 [154.           0.6072096    0.08112201]
 [155.           0.60734314   0.08067691]
 [156.           0.6069426    0.08086312]
 [157.           0.6069426    0.0811588 ]
 [158.           0.6070761    0.08113299]
 [159.           0.60761017   0.08079007]
 [160.           0.6077437    0.08052102]
 [161.           0.60761017   0.08011711]
 [162.           0.60747665   0.07988119]
 [163.           0.6077437    0.07978014]
 [164.           0.60747665   0.07945748]
 [165.           0.60761017   0.07937387]
 [166.           0.6078772    0.07954381]
 [167.           0.6081442    0.07922723]
 [168.           0.6080107    0.07920242]
 [169.           0.60827774   0.07896577]
 [170.           0.60841125   0.07888139]
 [171.           0.60854477   0.07834427]
 [172.           0.6089453    0.07805477]
 [173.           0.6088118    0.07742363]
 [174.           0.60841125   0.07794224]
 [175.           0.60841125   0.07749785]
 [176.           0.6080107    0.07695805]
 [177.           0.6081442    0.07673566]
 [178.           0.6080107    0.0767435 ]
 [179.           0.6080107    0.0770463 ]
 [180.           0.60761017   0.07797054]
 [181.           0.6078772    0.07817773]
 [182.           0.6070761    0.07888703]
 [183.           0.6070761    0.07898583]
 [184.           0.6070761    0.07856438]
 [185.           0.6069426    0.07847612]
 [186.           0.60654205   0.0788997 ]
 [187.           0.60654205   0.07909714]
 [188.           0.60667557   0.07899398]
 [189.           0.60667557   0.0791011 ]
 [190.           0.6069426    0.07890086]
 [191.           0.6072096    0.07910562]
 [192.           0.6072096    0.07910562]
 [193.           0.6072096    0.07901683]
 [194.           0.6072096    0.07838834]
 [195.           0.60761017   0.0776211 ]
 [196.           0.60747665   0.07763056]
 [197.           0.6078772    0.07785068]
 [198.           0.6078772    0.07774185]
 [199.           0.6077437    0.07784354]
 [200.           0.6080107    0.07753349]
 [201.           0.6081442    0.07723632]
 [202.           0.60827774   0.07702892]
 [203.           0.60841125   0.07701619]
 [204.           0.60854477   0.07692789]
 [205.           0.6089453    0.07683632]
 [206.           0.6089453    0.07704481]
 [207.           0.6086783    0.07747597]
 [208.           0.60854477   0.07757974]
 [209.           0.60854477   0.07726026]
 [210.           0.60854477   0.07726026]
 [211.           0.60827774   0.07748174]
 [212.           0.60841125   0.07727613]
 [213.           0.60841125   0.07746621]
 [214.           0.60854477   0.07736401]
 [215.           0.60854477   0.07727901]
 [216.           0.6086783    0.07707229]
 [217.           0.60854477   0.07708994]
 [218.           0.6088118    0.07689081]
 [219.           0.6086783    0.07741556]
 [220.           0.60827774   0.07782033]
 [221.           0.60841125   0.07811783]
 [222.           0.6080107    0.07823297]
 [223.           0.6078772    0.0786735 ]
 [224.           0.6078772    0.07856581]
 [225.           0.6078772    0.07848492]
 [226.           0.6078772    0.07840682]
 [227.           0.6078772    0.07840682]
 [228.           0.60747665   0.078342  ]
 [229.           0.6077437    0.07815064]
 [230.           0.6077437    0.07846361]
 [231.           0.60761017   0.07867035]
 [232.           0.60734314   0.07903207]
 [233.           0.60734314   0.07903207]
 [234.           0.6077437    0.07841817]
 [235.           0.6077437    0.07841817]
 [236.           0.6077437    0.07841817]
 [237.           0.60761017   0.07844488]
 [238.           0.6080107    0.07843492]
 [239.           0.60827774   0.07831126]
 [240.           0.6081442    0.07826942]
 [241.           0.60827774   0.07806617]
 [242.           0.60827774   0.07806617]
 [243.           0.6078772    0.07765436]
 [244.           0.6081442    0.07766786]
 [245.           0.6081442    0.07784551]
 [246.           0.6081442    0.07777968]
 [247.           0.6081442    0.07760759]
 [248.           0.60827774   0.07740553]
 [249.           0.60841125   0.07731076]
 [250.           0.60841125   0.07714197]
 [251.           0.60841125   0.07714197]
 [252.           0.6086783    0.07701449]
 [253.           0.6090788    0.07673798]
 [254.           0.6090788    0.07679603]
 [255.           0.6089453    0.07682909]
 [256.           0.6089453    0.07688852]
 [257.           0.6086783    0.07695515]
 [258.           0.60841125   0.07676844]
 [259.           0.60827774   0.07675073]
 [260.           0.6081442    0.07652921]
 [261.           0.6081442    0.07652921]
 [262.           0.6081442    0.07652921]
 [263.           0.60827774   0.0764759 ]
 [264.           0.6081442    0.07636599]
 [265.           0.6080107    0.07629652]
 [266.           0.6080107    0.07629652]
 [267.           0.6081442    0.07609708]
 [268.           0.6081442    0.07609708]
 [269.           0.6081442    0.07604729]
 [270.           0.60827774   0.07544631]
 [271.           0.60827774   0.07544631]
 [272.           0.60854477   0.0751596 ]
 [273.           0.6088118    0.07487356]
 [274.           0.6089453    0.07478781]
 [275.           0.6090788    0.07458825]
 [276.           0.6088118    0.07468736]
 [277.           0.6088118    0.07437945]
 [278.           0.6088118    0.07454252]
 [279.           0.6088118    0.07454252]
 [280.           0.6089453    0.07434408]
 [281.           0.6086783    0.07417304]
 [282.           0.6089453    0.0739233 ]
 [283.           0.60921234   0.07383915]
 [284.           0.60934585   0.07381169]
 [285.           0.60947937   0.07361762]
 [286.           0.60947937   0.07372499]
 [287.           0.60947937   0.07372499]
 [288.           0.60947937   0.07372499]
 [289.           0.6096129    0.07363942]
 [290.           0.6096129    0.07344247]
 [291.           0.6097464    0.07355495]
 [292.           0.6097464    0.07355495]
 [293.           0.6096129    0.07333165]
 [294.           0.6097464    0.07324682]
 [295.           0.6096129    0.07330428]
 [296.           0.60934585   0.0731095 ]
 [297.           0.60947937   0.07305401]
 [298.           0.6096129    0.07327997]
 [299.           0.60934585   0.07336659]
 [300.           0.60934585   0.073175  ]
 [301.           0.60934585   0.073175  ]
 [302.           0.60947937   0.07325504]
 [303.           0.60947937   0.07325504]
 [304.           0.6097464    0.07300306]
 [305.           0.6097464    0.07300306]
 [306.           0.6097464    0.07300306]
 [307.           0.6098799    0.07311133]
 [308.           0.6096129    0.07339088]
 [309.           0.6096129    0.07303786]
 [310.           0.6096129    0.07292489]
 [311.           0.6096129    0.07292489]
 [312.           0.6097464    0.0728717 ]
 [313.           0.6097464    0.0728717 ]
 [314.           0.6096129    0.07264477]
 [315.           0.60947937   0.07269781]
 [316.           0.6096129    0.07267849]
 [317.           0.60934585   0.07262328]
 [318.           0.60934585   0.07248048]
 [319.           0.60947937   0.07239528]
 [320.           0.60934585   0.07259107]
 [321.           0.60934585   0.07270455]
 [322.           0.60934585   0.07270455]
 [323.           0.60934585   0.07270455]
 [324.           0.60921234   0.07290226]
 [325.           0.60921234   0.07290226]
 [326.           0.6096129    0.07254196]
 [327.           0.6096129    0.07223569]
 [328.           0.6097464    0.07203676]
 [329.           0.6098799    0.07181527]
 [330.           0.6098799    0.07216655]
 [331.           0.61028045   0.07227885]
 [332.           0.6102804    0.07211686]
 [333.           0.6101469    0.07219654]
 [334.           0.6101469    0.07219654]
 [335.           0.6102804    0.0720009 ]
 [336.           0.6101469    0.07206059]
 [337.           0.61001337   0.07212148]
 [338.           0.6102804    0.07228812]
 [339.           0.6105474    0.07264051]
 [340.           0.61068094   0.07244516]
 [341.           0.6105474    0.07250541]
 [342.           0.6104139    0.07239468]
 [343.           0.61068094   0.07225576]
 [344.           0.6101469    0.07263648]
 [345.           0.6104139    0.07267115]
 [346.           0.6104139    0.0725392 ]
 [347.           0.6104139    0.07217892]
 [348.           0.6105474    0.0721048 ]
 [349.           0.6105474    0.0721048 ]
 [350.           0.6104139    0.07228842]
 [351.           0.6104139    0.07216656]
 [352.           0.6105474    0.07239468]
 [353.           0.6101469    0.07254902]
 [354.           0.6101469    0.07254902]
 [355.           0.6101469    0.07254902]
 [356.           0.6101469    0.07254902]
 [357.           0.6102804    0.07235434]
 [358.           0.6102804    0.07235434]
 [359.           0.6104139    0.07216038]
 [360.           0.6105474    0.07226684]
 [361.           0.6105474    0.07226684]
 [362.           0.6102804    0.07265089]
 [363.           0.6105474    0.07244082]
 [364.           0.6105474    0.07274009]
 [365.           0.61081445   0.07265642]
 [366.           0.6110815    0.07269567]
 [367.           0.6110815    0.07251767]
 [368.           0.61081445   0.07218723]
 [369.           0.6105474    0.07244698]
 [370.           0.6110815    0.07239466]
 [371.           0.61094797   0.07247126]
 [372.           0.61068094   0.07273213]
 [373.           0.61068094   0.07273213]
 [374.           0.61068094   0.07272753]
 [375.           0.61068094   0.07254502]
 [376.           0.6108144    0.07229366]
 [377.           0.6106809    0.07236666]
 [378.           0.6106809    0.07236666]
 [379.           0.61094797   0.07234816]
 [380.           0.61094797   0.07234816]
 [381.           0.610681     0.07249433]
 [382.           0.6108144    0.07206213]
 [383.           0.6109479    0.07228966]
 [384.           0.61081445   0.07218109]
 [385.           0.6108144    0.07219037]
 [386.           0.6109479    0.07212459]
 [387.           0.61121494   0.0721604 ]
 [388.           0.6110814    0.0722391 ]
 [389.           0.6113485    0.07181964]
 [390.           0.61148196   0.07173986]
 [391.           0.61148196   0.07173986]
 [392.           0.6116155    0.07167833]
 [393.           0.611749     0.07145292]
 [394.           0.61174905   0.0714763 ]
 [395.           0.61188257   0.07142016]
 [396.           0.61174905   0.07161644]
 [397.           0.6120161    0.07152584]
 [398.           0.6120161    0.07152584]
 [399.           0.61241657   0.0716444 ]
 [400.           0.6125501    0.07159153]]
Dataset       :CS
Model         :Cheby
Conden ratio  :1.0
GC            :1
LearnA        :0
Max Test Accuracy:
0.7142857142857143
Best Result: Epoch   Acc  Std.
               400 0.6126  0.0716
