Set seed
Model MLP
--------------------------------------------------
The 1th iteration:
--------------------------------------------------
--------------------------------------------------
The 2th iteration:
--------------------------------------------------
--------------------------------------------------
The 3th iteration:
--------------------------------------------------
--------------------------------------------------
The 4th iteration:
--------------------------------------------------
--------------------------------------------------
The 5th iteration:
--------------------------------------------------
[[  1.           0.15620828   0.07279737]
 [  2.           0.21962619   0.10048115]
 [  3.           0.2503338    0.09023383]
 [  4.           0.27903873   0.08869842]
 [  5.           0.29919893   0.09636245]
 [  6.           0.32002673   0.09420431]
 [  7.           0.33724967   0.08921866]
 [  8.           0.35073432   0.08857222]
 [  9.           0.3638184    0.08838513]
 [ 10.           0.37102804   0.08497056]
 [ 11.           0.37249666   0.08181452]
 [ 12.           0.3726302    0.0775651 ]
 [ 13.           0.37236315   0.07272907]
 [ 14.           0.36942592   0.07005943]
 [ 15.           0.36929238   0.06855617]
 [ 16.           0.3706275    0.06266755]
 [ 17.           0.3695594    0.05958407]
 [ 18.           0.3698264    0.05392974]
 [ 19.           0.3695594    0.05148547]
 [ 20.           0.36995995   0.04757812]
 [ 21.           0.37129506   0.04477459]
 [ 22.           0.370494     0.0419898 ]
 [ 23.           0.37316424   0.03888482]
 [ 24.           0.37356478   0.03866531]
 [ 25.           0.37396526   0.03827086]
 [ 26.           0.3774366    0.03719674]
 [ 27.           0.37943926   0.03655018]
 [ 28.           0.38170895   0.03611415]
 [ 29.           0.38317758   0.03801852]
 [ 30.           0.38651535   0.03784818]
 [ 31.           0.3893191    0.03835808]
 [ 32.           0.39292392   0.03922884]
 [ 33.           0.39479306   0.04070344]
 [ 34.           0.39799735   0.04139768]
 [ 35.           0.4          0.04236067]
 [ 36.           0.4026702    0.04266726]
 [ 37.           0.40627503   0.04338245]
 [ 38.           0.40974632   0.04458509]
 [ 39.           0.4128171    0.04579606]
 [ 40.           0.41749      0.04831975]
 [ 41.           0.4200267    0.04999417]
 [ 42.           0.423765     0.04990049]
 [ 43.           0.4269693    0.05122514]
 [ 44.           0.42950603   0.05249263]
 [ 45.           0.43230972   0.05078831]
 [ 46.           0.43417892   0.05072025]
 [ 47.           0.43538055   0.05122471]
 [ 48.           0.43698263   0.05083216]
 [ 49.           0.43871832   0.05095648]
 [ 50.           0.44005337   0.05215365]
 [ 51.           0.441255     0.05256135]
 [ 52.           0.4436582    0.05217332]
 [ 53.           0.4447263    0.0519053 ]
 [ 54.           0.44552737   0.05257534]
 [ 55.           0.44592792   0.05336909]
 [ 56.           0.44632846   0.05381518]
 [ 57.           0.44539386   0.05529732]
 [ 58.           0.44552737   0.05631386]
 [ 59.           0.44686246   0.05641269]
 [ 60.           0.44846463   0.0558905 ]
 [ 61.           0.45100138   0.05526948]
 [ 62.           0.4554072    0.05469771]
 [ 63.           0.45927906   0.0536709 ]
 [ 64.           0.46168223   0.05385449]
 [ 65.           0.464219     0.051388  ]
 [ 66.           0.46742326   0.04787689]
 [ 67.           0.47089455   0.04311456]
 [ 68.           0.47249666   0.04130876]
 [ 69.           0.4751669    0.03952533]
 [ 70.           0.47716957   0.03811626]
 [ 71.           0.47903872   0.03689905]
 [ 72.           0.48170897   0.03411274]
 [ 73.           0.48357812   0.03345317]
 [ 74.           0.48598132   0.03212953]
 [ 75.           0.48825103   0.0317935 ]
 [ 76.           0.4895861    0.03171633]
 [ 77.           0.49118826   0.03222438]
 [ 78.           0.49172232   0.03267484]
 [ 79.           0.49225637   0.0319543 ]
 [ 80.           0.49345794   0.03333573]
 [ 81.           0.49479303   0.03350909]
 [ 82.           0.4954606    0.03469498]
 [ 83.           0.49572763   0.0363607 ]
 [ 84.           0.4966622    0.03602641]
 [ 85.           0.49652869   0.0360462 ]
 [ 86.           0.4967957    0.03581676]
 [ 87.           0.4967957    0.03643965]
 [ 88.           0.49706274   0.03632084]
 [ 89.           0.4974633    0.0369919 ]
 [ 90.           0.49826437   0.03816942]
 [ 91.           0.4977303    0.0389981 ]
 [ 92.           0.49866486   0.03901352]
 [ 93.           0.5001335    0.03949995]
 [ 94.           0.50200266   0.04095286]
 [ 95.           0.5021362    0.04161242]
 [ 96.           0.50293726   0.04189843]
 [ 97.           0.5044059    0.04184521]
 [ 98.           0.5053405    0.04168624]
 [ 99.           0.50627506   0.0410984 ]
 [100.           0.5081442    0.04007399]
 [101.           0.5088118    0.03897467]
 [102.           0.51014686   0.03925948]
 [103.           0.5113484    0.03795104]
 [104.           0.5137517    0.03790289]
 [105.           0.5150868    0.03849495]
 [106.           0.5162884    0.03877753]
 [107.           0.5170895    0.03816942]
 [108.           0.5180241    0.03789229]
 [109.           0.5185581    0.03749447]
 [110.           0.5190921    0.03835577]
 [111.           0.5200267    0.03785699]
 [112.           0.51989317   0.03671682]
 [113.           0.5204272    0.03691111]
 [114.           0.5204272    0.0371488 ]
 [115.           0.5204272    0.0373283 ]
 [116.           0.52056074   0.0378081 ]
 [117.           0.5209613    0.03792344]
 [118.           0.5209613    0.03853542]
 [119.           0.5217624    0.03917199]
 [120.           0.5217623    0.03939036]
 [121.           0.52216285   0.0404558 ]
 [122.           0.52216285   0.04064262]
 [123.           0.5218959    0.0407576 ]
 [124.           0.52256346   0.04148905]
 [125.           0.52309746   0.0417706 ]
 [126.           0.52389854   0.04231331]
 [127.           0.52403206   0.04319821]
 [128.           0.5246996    0.04396509]
 [129.           0.5252337    0.04457009]
 [130.           0.5259012    0.04560051]
 [131.           0.52630174   0.04578144]
 [132.           0.5271028    0.04663493]
 [133.           0.5284379    0.04761837]
 [134.           0.529239     0.04843905]
 [135.           0.5309746    0.04919488]
 [136.           0.53164214   0.04962106]
 [137.           0.53257674   0.05013435]
 [138.           0.53257674   0.04974619]
 [139.           0.5331108    0.05093943]
 [140.           0.5343124    0.05186062]
 [141.           0.534713     0.052468  ]
 [142.           0.5351135    0.05245228]
 [143.           0.5351135    0.0520279 ]
 [144.           0.5359146    0.05252191]
 [145.           0.5365821    0.05172251]
 [146.           0.535781     0.05150925]
 [147.           0.53618157   0.05157367]
 [148.           0.5364486    0.05142699]
 [149.           0.5364486    0.05145731]
 [150.           0.5364486    0.0512208 ]
 [151.           0.5363151    0.05056405]
 [152.           0.5364486    0.05040516]
 [153.           0.5363151    0.05076196]
 [154.           0.53604805   0.05063759]
 [155.           0.5364486    0.05038084]
 [156.           0.5364486    0.05038084]
 [157.           0.5360481    0.0502245 ]
 [158.           0.5360481    0.04981244]
 [159.           0.5359146    0.04914685]
 [160.           0.5363151    0.04891555]
 [161.           0.5367156    0.04827687]
 [162.           0.53644866   0.04894745]
 [163.           0.5367157    0.04879334]
 [164.           0.5371162    0.04859336]
 [165.           0.5372497    0.04865706]
 [166.           0.53711617   0.04799589]
 [167.           0.5373832    0.04781775]
 [168.           0.5373832    0.04781775]
 [169.           0.5375167    0.04788388]
 [170.           0.5376502    0.04722133]
 [171.           0.53791726   0.04715238]
 [172.           0.53778374   0.04643622]
 [173.           0.5381842    0.04620968]
 [174.           0.5380508    0.04532263]
 [175.           0.5383178    0.04502322]
 [176.           0.5380508    0.04520449]
 [177.           0.53858477   0.04534325]
 [178.           0.5388518    0.04568838]
 [179.           0.53925234   0.04528426]
 [180.           0.5389853    0.04551297]
 [181.           0.53925234   0.04566644]
 [182.           0.5395193    0.04583203]
 [183.           0.5389853    0.04591267]
 [184.           0.5391188    0.04586897]
 [185.           0.5389854    0.04551297]
 [186.           0.5391188    0.04547869]
 [187.           0.53938586   0.0455213 ]
 [188.           0.5396528    0.04601688]
 [189.           0.53951937   0.04497815]
 [190.           0.5396529    0.04483227]
 [191.           0.5399199    0.0443797 ]
 [192.           0.5403204    0.04417389]
 [193.           0.54072094   0.04395241]
 [194.           0.54072094   0.04395241]
 [195.           0.541255     0.04425906]
 [196.           0.541255     0.04425906]
 [197.           0.5413885    0.0442228 ]
 [198.           0.541522     0.04391541]
 [199.           0.54165554   0.04304992]
 [200.           0.54165554   0.0425449 ]
 [201.           0.54165554   0.04239277]
 [202.           0.54178905   0.04185055]
 [203.           0.541522     0.04196433]
 [204.           0.5413885    0.0421064 ]
 [205.           0.541522     0.04191652]
 [206.           0.5413885    0.04167555]
 [207.           0.5411215    0.04095994]
 [208.           0.5413885    0.04092564]
 [209.           0.5413885    0.04053176]
 [210.           0.541522     0.0403814 ]
 [211.           0.5413885    0.04029467]
 [212.           0.54178905   0.04063496]
 [213.           0.5421896    0.04042825]
 [214.           0.5420561    0.03995591]
 [215.           0.5421896    0.03992076]
 [216.           0.5423231    0.03988782]
 [217.           0.5421896    0.04003224]
 [218.           0.5420561    0.03995033]
 [219.           0.54192257   0.03959292]
 [220.           0.541522     0.03929918]
 [221.           0.5420561    0.03916745]
 [222.           0.5420561    0.03822018]
 [223.           0.5420561    0.03744275]
 [224.           0.5421896    0.03694371]
 [225.           0.5421896    0.03682289]
 [226.           0.5423231    0.03667494]
 [227.           0.5424566    0.03708578]
 [228.           0.5423231    0.03706775]
 [229.           0.5424566    0.03636989]
 [230.           0.54285717   0.03616345]
 [231.           0.5432577    0.03595955]
 [232.           0.5433912    0.03629138]
 [233.           0.5433912    0.03605114]
 [234.           0.5439252    0.03547296]
 [235.           0.54405874   0.0352417 ]
 [236.           0.54432577   0.03542961]
 [237.           0.5444593    0.03500572]
 [238.           0.54499334   0.0347662 ]
 [239.           0.5453939    0.03511817]
 [240.           0.5455274    0.03451469]
 [241.           0.5456609    0.03461847]
 [242.           0.5453939    0.03441641]
 [243.           0.54512686   0.03394576]
 [244.           0.54526037   0.03381356]
 [245.           0.5455274    0.03401723]
 [246.           0.5447263    0.03440025]
 [247.           0.54419225   0.03425875]
 [248.           0.54419225   0.03463071]
 [249.           0.54419225   0.03437562]
 [250.           0.5439252    0.03429126]
 [251.           0.5439252    0.03429126]
 [252.           0.54419225   0.03388928]
 [253.           0.54432577   0.03411928]
 [254.           0.54405874   0.03395037]
 [255.           0.54419225   0.03380369]
 [256.           0.54405874   0.03328426]
 [257.           0.5439252    0.03305721]
 [258.           0.54419225   0.03340587]
 [259.           0.54419225   0.03350908]
 [260.           0.54432577   0.03310501]
 [261.           0.54432577   0.03339985]
 [262.           0.5445928    0.03374762]
 [263.           0.5444593    0.03388993]
 [264.           0.54419225   0.03404016]
 [265.           0.5445928    0.03400413]
 [266.           0.5447263    0.03417603]
 [267.           0.5448598    0.03428473]
 [268.           0.5445928    0.03424572]
 [269.           0.5444593    0.03452502]
 [270.           0.5445928    0.03476556]
 [271.           0.5445928    0.03437885]
 [272.           0.5448598    0.0337377 ]
 [273.           0.54512686   0.0334898 ]
 [274.           0.54526037   0.03320851]
 [275.           0.5453939    0.03308617]
 [276.           0.5456609    0.03317897]
 [277.           0.5456609    0.03295324]
 [278.           0.5456609    0.03262708]
 [279.           0.5457944    0.03286863]
 [280.           0.5456609    0.03302081]
 [281.           0.54606146   0.03318369]
 [282.           0.5457944    0.03309494]
 [283.           0.54592794   0.03301337]
 [284.           0.5463285    0.03320584]
 [285.           0.546195     0.03322865]
 [286.           0.54606146   0.03331102]
 [287.           0.546195     0.03320181]
 [288.           0.54592794   0.03316152]
 [289.           0.5456609    0.03268508]
 [290.           0.5456609    0.03202046]
 [291.           0.5457944    0.0319194 ]
 [292.           0.5456609    0.03168469]
 [293.           0.5455274    0.03111988]
 [294.           0.5456609    0.03135243]
 [295.           0.5456609    0.0313631 ]
 [296.           0.5457944    0.03126347]
 [297.           0.546195     0.03092957]
 [298.           0.546195     0.03059638]
 [299.           0.546195     0.03066549]
 [300.           0.546195     0.03055266]
 [301.           0.546195     0.03055266]
 [302.           0.54606146   0.03032426]
 [303.           0.54606146   0.03031691]
 [304.           0.54606146   0.02992114]
 [305.           0.54606146   0.02960297]
 [306.           0.54592794   0.02948003]
 [307.           0.546195     0.02970591]
 [308.           0.546195     0.02970591]
 [309.           0.5463285    0.02962404]
 [310.           0.5463285    0.02962404]
 [311.           0.5465955    0.02934747]
 [312.           0.54686254   0.02949516]
 [313.           0.54699606   0.02961653]
 [314.           0.546729     0.02958793]
 [315.           0.546729     0.02958793]
 [316.           0.5465955    0.02976588]
 [317.           0.5465955    0.03008601]
 [318.           0.546195     0.0296233 ]
 [319.           0.546462     0.02986004]
 [320.           0.546462     0.02984139]
 [321.           0.546462     0.02984139]
 [322.           0.546729     0.02967441]
 [323.           0.546462     0.0295412 ]
 [324.           0.5463285    0.02942027]
 [325.           0.546462     0.0295412 ]
 [326.           0.546195     0.0296007 ]
 [327.           0.546462     0.03005339]
 [328.           0.546462     0.03005339]
 [329.           0.5463285    0.03023449]
 [330.           0.5465955    0.03026322]
 [331.           0.546462     0.03044747]
 [332.           0.5463285    0.03033015]
 [333.           0.546462     0.03044747]
 [334.           0.546195     0.03010453]
 [335.           0.546195     0.03010453]
 [336.           0.546195     0.03010453]
 [337.           0.546195     0.03010453]
 [338.           0.546195     0.03010453]
 [339.           0.546195     0.03010453]
 [340.           0.546195     0.02990402]
 [341.           0.546195     0.02990402]
 [342.           0.54606146   0.03020649]
 [343.           0.5463285    0.03024923]
 [344.           0.5463285    0.03024923]
 [345.           0.546462     0.03036319]
 [346.           0.546729     0.03050742]
 [347.           0.54672897   0.0302323 ]
 [348.           0.5465955    0.03000817]
 [349.           0.546729     0.03012526]
 [350.           0.546729     0.03012526]
 [351.           0.54686254   0.0300638 ]
 [352.           0.54699606   0.0301829 ]
 [353.           0.5471295    0.03040354]
 [354.           0.54686254   0.03037714]
 [355.           0.546996     0.03049865]
 [356.           0.546996     0.03049865]
 [357.           0.546996     0.03049865]
 [358.           0.546996     0.03049865]
 [359.           0.5471295    0.03030445]
 [360.           0.547263     0.03024483]
 [361.           0.547263     0.0305636 ]
 [362.           0.54753006   0.03031107]
 [363.           0.5477971    0.03097347]
 [364.           0.5477971    0.03097347]
 [365.           0.5479306    0.03118782]
 [366.           0.5479306    0.03118782]
 [367.           0.5479306    0.03118782]
 [368.           0.5477971    0.03106326]
 [369.           0.5479306    0.03097635]
 [370.           0.5479306    0.03097635]
 [371.           0.5480641    0.03110054]
 [372.           0.5480641    0.03110054]
 [373.           0.5480641    0.03110054]
 [374.           0.5480641    0.03110054]
 [375.           0.5480641    0.03110054]
 [376.           0.5481976    0.03131616]
 [377.           0.5481976    0.03131616]
 [378.           0.5480641    0.03137516]
 [379.           0.5480641    0.03151334]
 [380.           0.5480641    0.03151334]
 [381.           0.5480641    0.03151334]
 [382.           0.5479306    0.03129837]
 [383.           0.5479306    0.03129837]
 [384.           0.54766357   0.03095908]
 [385.           0.5477971    0.03106326]
 [386.           0.5477971    0.03106326]
 [387.           0.54766357   0.03084732]
 [388.           0.547797     0.03083288]
 [389.           0.54793054   0.03063642]
 [390.           0.547797     0.03051326]
 [391.           0.5476635    0.03039253]
 [392.           0.5476635    0.03039253]
 [393.           0.5476635    0.03039253]
 [394.           0.5476635    0.03039253]
 [395.           0.54753006   0.03017476]
 [396.           0.54753006   0.03017476]
 [397.           0.5475301    0.03000816]
 [398.           0.5475301    0.03000816]
 [399.           0.54766357   0.03012746]
 [400.           0.54766357   0.03012746]]
Dataset       :CS
Model         :MLP
Conden ratio  :1.0
GC            :5
LearnA        :0
Max Test Accuracy:
0.6174899866488651
Best Result: Epoch   Acc  Std.
               376 0.5482  0.0313
