Set seed
Model GCN
--------------------------------------------------
The 1th iteration:
--------------------------------------------------
--------------------------------------------------
The 2th iteration:
--------------------------------------------------
--------------------------------------------------
The 3th iteration:
--------------------------------------------------
--------------------------------------------------
The 4th iteration:
--------------------------------------------------
--------------------------------------------------
The 5th iteration:
--------------------------------------------------
[[  1.           0.23457944   0.06702648]
 [  2.           0.30493993   0.07049981]
 [  3.           0.34405875   0.0612492 ]
 [  4.           0.37329775   0.06012718]
 [  5.           0.3953271    0.06079239]
 [  6.           0.4044059    0.06047453]
 [  7.           0.40854475   0.05441919]
 [  8.           0.40934578   0.05158448]
 [  9.           0.4080107    0.05190958]
 [ 10.           0.40654206   0.05339203]
 [ 11.           0.40614152   0.05273825]
 [ 12.           0.40480644   0.0546533 ]
 [ 13.           0.405474     0.05679649]
 [ 14.           0.40574098   0.05675096]
 [ 15.           0.40787718   0.05593551]
 [ 16.           0.41014692   0.05658424]
 [ 17.           0.41148195   0.05719135]
 [ 18.           0.41308412   0.05701537]
 [ 19.           0.41361818   0.05777858]
 [ 20.           0.41522032   0.05767127]
 [ 21.           0.41615486   0.05908651]
 [ 22.           0.41749      0.06058717]
 [ 23.           0.4190921    0.06099731]
 [ 24.           0.4201602    0.06224873]
 [ 25.           0.42309746   0.0656151 ]
 [ 26.           0.42683578   0.06680506]
 [ 27.           0.43030712   0.06969593]
 [ 28.           0.43190917   0.07038529]
 [ 29.           0.4341789    0.07281052]
 [ 30.           0.43711615   0.07250048]
 [ 31.           0.4405875    0.07428201]
 [ 32.           0.44392523   0.07480957]
 [ 33.           0.4457944    0.07618839]
 [ 34.           0.44926572   0.07558883]
 [ 35.           0.4512684    0.07526389]
 [ 36.           0.45460615   0.07506528]
 [ 37.           0.4578104    0.07488906]
 [ 38.           0.4599466    0.07597692]
 [ 39.           0.46168223   0.07615064]
 [ 40.           0.46448597   0.07556435]
 [ 41.           0.46715623   0.07494406]
 [ 42.           0.46955943   0.0752988 ]
 [ 43.           0.47316423   0.0763972 ]
 [ 44.           0.47636852   0.07528696]
 [ 45.           0.47943926   0.07384789]
 [ 46.           0.48277703   0.07288668]
 [ 47.           0.4847797    0.07293558]
 [ 48.           0.48678237   0.07104759]
 [ 49.           0.49038717   0.07116073]
 [ 50.           0.49265692   0.06977165]
 [ 51.           0.4962617    0.06882734]
 [ 52.           0.4977303    0.06797713]
 [ 53.           0.4990654    0.06936425]
 [ 54.           0.500267     0.06976303]
 [ 55.           0.50280374   0.0683902 ]
 [ 56.           0.5041389    0.06864386]
 [ 57.           0.5058745    0.06978825]
 [ 58.           0.506008     0.07037739]
 [ 59.           0.5078772    0.0719854 ]
 [ 60.           0.5090788    0.07097577]
 [ 61.           0.51094794   0.06970873]
 [ 62.           0.51108146   0.07033242]
 [ 63.           0.51255006   0.06993179]
 [ 64.           0.51335114   0.06915096]
 [ 65.           0.51441926   0.06831068]
 [ 66.           0.5154873    0.06955319]
 [ 67.           0.5153538    0.0693392 ]
 [ 68.           0.51682246   0.06946664]
 [ 69.           0.51829106   0.06884836]
 [ 70.           0.5200267    0.06958138]
 [ 71.           0.5210948    0.0699544 ]
 [ 72.           0.52162886   0.07057752]
 [ 73.           0.523765     0.0708076 ]
 [ 74.           0.5242991    0.07070684]
 [ 75.           0.5244326    0.07135461]
 [ 76.           0.5256342    0.07216191]
 [ 77.           0.5269694    0.07154328]
 [ 78.           0.5281709    0.07197148]
 [ 79.           0.52963954   0.07218355]
 [ 80.           0.53044057   0.07137959]
 [ 81.           0.5316422    0.07203058]
 [ 82.           0.53364486   0.07265277]
 [ 83.           0.534713     0.07246144]
 [ 84.           0.5372497    0.07355312]
 [ 85.           0.53925234   0.07468046]
 [ 86.           0.541522     0.07553191]
 [ 87.           0.54259014   0.07518303]
 [ 88.           0.5447263    0.07636891]
 [ 89.           0.54686254   0.07751337]
 [ 90.           0.5488652    0.07689285]
 [ 91.           0.5518024    0.07795079]
 [ 92.           0.55287045   0.078176  ]
 [ 93.           0.55393857   0.07713733]
 [ 94.           0.5554072    0.07614245]
 [ 95.           0.55554074   0.0756395 ]
 [ 96.           0.5570094    0.0749934 ]
 [ 97.           0.5586115    0.07461331]
 [ 98.           0.5599466    0.07478929]
 [ 99.           0.5615487    0.07490095]
 [100.           0.56288385   0.07475057]
 [101.           0.564219     0.07494406]
 [102.           0.56502      0.07543774]
 [103.           0.5656876    0.07510176]
 [104.           0.56542057   0.07416341]
 [105.           0.5658211    0.0734731 ]
 [106.           0.5668892    0.07345156]
 [107.           0.56849134   0.07461809]
 [108.           0.5696929    0.07288394]
 [109.           0.57089454   0.07218014]
 [110.           0.57249665   0.07246388]
 [111.           0.57383174   0.07150432]
 [112.           0.57503337   0.07166309]
 [113.           0.576502     0.07111531]
 [114.           0.57690257   0.07075064]
 [115.           0.5782377    0.07034478]
 [116.           0.5785047    0.0702833 ]
 [117.           0.57903874   0.07017703]
 [118.           0.5789052    0.06951313]
 [119.           0.57917225   0.06976623]
 [120.           0.5798398    0.06970871]
 [121.           0.58010685   0.06907035]
 [122.           0.5805074    0.06900194]
 [123.           0.58090794   0.06956442]
 [124.           0.5813084    0.07000343]
 [125.           0.5818425    0.06991936]
 [126.           0.5823765    0.07100087]
 [127.           0.58291054   0.07116512]
 [128.           0.5837116    0.07141392]
 [129.           0.5833111    0.0712496 ]
 [130.           0.58397865   0.07097702]
 [131.           0.58411217   0.07122865]
 [132.           0.5849132    0.07070653]
 [133.           0.5859813    0.07091419]
 [134.           0.5861148    0.07119579]
 [135.           0.58638185   0.07150745]
 [136.           0.5866489    0.07211066]
 [137.           0.58718294   0.07149499]
 [138.           0.58744997   0.07228903]
 [139.           0.58825105   0.07281786]
 [140.           0.58838457   0.07195474]
 [141.           0.5885181    0.07287475]
 [142.           0.5893191    0.07340605]
 [143.           0.59025365   0.07335747]
 [144.           0.5905207    0.07311894]
 [145.           0.59038717   0.07317683]
 [146.           0.59025365   0.07308207]
 [147.           0.5903872    0.07289311]
 [148.           0.5905207    0.07326659]
 [149.           0.5915888    0.07341212]
 [150.           0.59225637   0.07375731]
 [151.           0.59225637   0.07453861]
 [152.           0.5933245    0.07439797]
 [153.           0.59359145   0.07423761]
 [154.           0.59399194   0.07403772]
 [155.           0.5937249    0.07454341]
 [156.           0.59372497   0.0742364 ]
 [157.           0.5943925    0.07416882]
 [158.           0.59412545   0.07401305]
 [159.           0.59452605   0.07442974]
 [160.           0.594793     0.07401455]
 [161.           0.594793     0.07394076]
 [162.           0.5954606    0.07357525]
 [163.           0.59519356   0.07335171]
 [164.           0.5954606    0.07306927]
 [165.           0.5955941    0.07266318]
 [166.           0.5954606    0.07267942]
 [167.           0.5962617    0.07333925]
 [168.           0.5974633    0.07350858]
 [169.           0.59786385   0.07326661]
 [170.           0.59786385   0.07289769]
 [171.           0.59773034   0.07295576]
 [172.           0.59799737   0.07230506]
 [173.           0.5985314    0.07225757]
 [174.           0.59866494   0.07196065]
 [175.           0.59933245   0.07136054]
 [176.           0.59919894   0.07161023]
 [177.           0.5987984    0.07110028]
 [178.           0.5990654    0.07027853]
 [179.           0.5990654    0.06990023]
 [180.           0.59919894   0.06968474]
 [181.           0.6          0.07006706]
 [182.           0.60026705   0.06963965]
 [183.           0.60013354   0.06892502]
 [184.           0.5998665    0.06862632]
 [185.           0.60040057   0.06818496]
 [186.           0.6010681    0.06874473]
 [187.           0.6010681    0.06840844]
 [188.           0.6008011    0.06812023]
 [189.           0.6006676    0.06764   ]
 [190.           0.6006676    0.06742884]
 [191.           0.6          0.06747511]
 [192.           0.59933245   0.06765976]
 [193.           0.5990654    0.06748699]
 [194.           0.5986649    0.06719713]
 [195.           0.5989319    0.06689137]
 [196.           0.59839785   0.06647906]
 [197.           0.59799737   0.06628236]
 [198.           0.59799737   0.06574228]
 [199.           0.59839785   0.06543864]
 [200.           0.5987984    0.06532684]
 [201.           0.5986649    0.06459521]
 [202.           0.5987984    0.06454278]
 [203.           0.59919894   0.06393856]
 [204.           0.59933245   0.06429961]
 [205.           0.5998665    0.06488296]
 [206.           0.60013354   0.06488536]
 [207.           0.60026705   0.06440867]
 [208.           0.6005341    0.06448679]
 [209.           0.6          0.06401134]
 [210.           0.5998665    0.06388974]
 [211.           0.599733     0.06372736]
 [212.           0.599733     0.06372736]
 [213.           0.59933245   0.06371477]
 [214.           0.59946597   0.06408023]
 [215.           0.5990654    0.06355581]
 [216.           0.59919894   0.0634523 ]
 [217.           0.5987984    0.06301255]
 [218.           0.59879845   0.0631891 ]
 [219.           0.599199     0.06368016]
 [220.           0.59933245   0.06249488]
 [221.           0.5990654    0.06241852]
 [222.           0.5989319    0.06235566]
 [223.           0.5995995    0.06217315]
 [224.           0.5995995    0.06281315]
 [225.           0.599733     0.06253976]
 [226.           0.5995995    0.06230025]
 [227.           0.59946597   0.06244064]
 [228.           0.59946597   0.06240138]
 [229.           0.599733     0.06245244]
 [230.           0.5995995    0.06191278]
 [231.           0.5995995    0.06191278]
 [232.           0.599733     0.06105974]
 [233.           0.59946597   0.06052719]
 [234.           0.5998665    0.0609794 ]
 [235.           0.5990654    0.05983595]
 [236.           0.59946597   0.05957545]
 [237.           0.5987984    0.05935251]
 [238.           0.59919894   0.05952982]
 [239.           0.599733     0.05947176]
 [240.           0.59959954   0.05894831]
 [241.           0.5993325    0.05895966]
 [242.           0.59879845   0.05873172]
 [243.           0.5981309    0.05833966]
 [244.           0.5985314    0.05841141]
 [245.           0.5983979    0.05863035]
 [246.           0.59786385   0.05832362]
 [247.           0.59679574   0.05811963]
 [248.           0.59679574   0.05811963]
 [249.           0.5963952    0.05835798]
 [250.           0.5963952    0.05827774]
 [251.           0.5966622    0.05827163]
 [252.           0.5963952    0.05771104]
 [253.           0.5962617    0.05794761]
 [254.           0.59612817   0.05719798]
 [255.           0.5962617    0.05674901]
 [256.           0.59586114   0.05646994]
 [257.           0.59599465   0.05665863]
 [258.           0.59599465   0.05627588]
 [259.           0.5963952    0.0562723 ]
 [260.           0.59612817   0.05589367]
 [261.           0.5965287    0.05586297]
 [262.           0.5966622    0.05601392]
 [263.           0.5966622    0.05640439]
 [264.           0.59692925   0.0564024 ]
 [265.           0.59706277   0.05656059]
 [266.           0.59706277   0.05670225]
 [267.           0.59692925   0.0557168 ]
 [268.           0.5971963    0.05604614]
 [269.           0.5974633    0.05601512]
 [270.           0.5975968    0.05646954]
 [271.           0.5973298    0.05649913]
 [272.           0.59706277   0.05606603]
 [273.           0.59773034   0.05678276]
 [274.           0.5982644    0.05762952]
 [275.           0.5983979    0.05784218]
 [276.           0.59839785   0.0578903 ]
 [277.           0.5983979    0.05777859]
 [278.           0.5990654    0.05839612]
 [279.           0.5985314    0.0579249 ]
 [280.           0.59893197   0.05818935]
 [281.           0.599199     0.05827009]
 [282.           0.599466     0.05876207]
 [283.           0.59986657   0.05885223]
 [284.           0.60040057   0.05957471]
 [285.           0.6005341    0.05982106]
 [286.           0.60106814   0.05993269]
 [287.           0.60120165   0.05973159]
 [288.           0.60133517   0.05953132]
 [289.           0.6017357    0.06010903]
 [290.           0.60200274   0.06040818]
 [291.           0.60226977   0.0600122 ]
 [292.           0.60267025   0.06020311]
 [293.           0.6029373    0.06020496]
 [294.           0.60333776   0.06016054]
 [295.           0.6036048    0.06035283]
 [296.           0.60400534   0.06006416]
 [297.           0.60413885   0.06010607]
 [298.           0.60413885   0.06035763]
 [299.           0.6044059    0.06026822]
 [300.           0.60453933   0.06070105]
 [301.           0.60467285   0.06055184]
 [302.           0.60480636   0.06040374]
 [303.           0.60480636   0.06031147]
 [304.           0.6048064    0.06047932]
 [305.           0.60493994   0.06058864]
 [306.           0.6050734    0.06005154]
 [307.           0.6053404    0.06009568]
 [308.           0.606008     0.06107214]
 [309.           0.606008     0.06146491]
 [310.           0.6061415    0.06161625]
 [311.           0.606008     0.06157899]
 [312.           0.6061415    0.06194446]
 [313.           0.6053405    0.06209247]
 [314.           0.60507345   0.06213767]
 [315.           0.60560745   0.06307335]
 [316.           0.60560745   0.06346779]
 [317.           0.6061415    0.06358282]
 [318.           0.606275     0.06339048]
 [319.           0.60640854   0.06359612]
 [320.           0.606275     0.06339048]
 [321.           0.606275     0.06389639]
 [322.           0.606275     0.06412264]
 [323.           0.6061415    0.06380669]
 [324.           0.60654205   0.06414209]
 [325.           0.60640854   0.06404997]
 [326.           0.606275     0.06345897]
 [327.           0.606008     0.06321447]
 [328.           0.606008     0.06349407]
 [329.           0.6061415    0.06284436]
 [330.           0.60640854   0.06274784]
 [331.           0.606275     0.06311571]
 [332.           0.6061415    0.06302492]
 [333.           0.606275     0.06320038]
 [334.           0.6061415    0.06292939]
 [335.           0.60654205   0.06336094]
 [336.           0.6068091    0.0635863 ]
 [337.           0.6070761    0.06352425]
 [338.           0.60761017   0.06386672]
 [339.           0.6078772    0.06336621]
 [340.           0.6081442    0.06347583]
 [341.           0.6080107    0.06345371]
 [342.           0.60827774   0.06349233]
 [343.           0.6080107    0.06342035]
 [344.           0.60827774   0.06326205]
 [345.           0.6086783    0.06339048]
 [346.           0.6088118    0.06347934]
 [347.           0.6086783    0.06353091]
 [348.           0.6088118    0.06355301]
 [349.           0.60854477   0.0634119 ]
 [350.           0.60854477   0.0634119 ]
 [351.           0.60841125   0.06319368]
 [352.           0.60841125   0.06326416]
 [353.           0.6081442    0.06283017]
 [354.           0.6081442    0.062585  ]
 [355.           0.6081442    0.062585  ]
 [356.           0.6081442    0.06298248]
 [357.           0.60841125   0.06322189]
 [358.           0.60854477   0.06344001]
 [359.           0.60827774   0.06233599]
 [360.           0.60854477   0.06237566]
 [361.           0.60841125   0.06255402]
 [362.           0.6088118    0.06321201]
 [363.           0.6086783    0.06319156]
 [364.           0.6086783    0.06282023]
 [365.           0.6086783    0.06282023]
 [366.           0.6086783    0.06282023]
 [367.           0.60854477   0.06213408]
 [368.           0.6086783    0.06215702]
 [369.           0.60854477   0.06253265]
 [370.           0.6089453    0.0622251 ]
 [371.           0.6086783    0.0621857 ]
 [372.           0.6089453    0.06226983]
 [373.           0.6090788    0.06235958]
 [374.           0.6090788    0.06248809]
 [375.           0.6090788    0.06285959]
 [376.           0.60947937   0.06297363]
 [377.           0.60947937   0.06317499]
 [378.           0.60974634   0.0632201 ]
 [379.           0.60974634   0.06359436]
 [380.           0.60974634   0.06323421]
 [381.           0.60974634   0.06283477]
 [382.           0.61001337   0.06289291]
 [383.           0.60987985   0.06266969]
 [384.           0.61001337   0.06209426]
 [385.           0.60987985   0.06163359]
 [386.           0.60947937   0.06134081]
 [387.           0.60934585   0.06127976]
 [388.           0.6092123    0.06166071]
 [389.           0.6093458    0.06148302]
 [390.           0.60974634   0.06253086]
 [391.           0.61001337   0.0629832 ]
 [392.           0.6101469    0.06323671]
 [393.           0.61041397   0.06312665]
 [394.           0.6100134    0.06284684]
 [395.           0.61014694   0.06328952]
 [396.           0.61028045   0.06337114]
 [397.           0.61068094   0.06332013]
 [398.           0.6104139    0.06323951]
 [399.           0.6102804    0.06245027]
 [400.           0.60974634   0.06176179]]
Dataset       :CS
Model         :GCN
Conden ratio  :1.0
GC            :2
LearnA        :0
Max Test Accuracy:
0.6969292389853138
Best Result: Epoch   Acc  Std.
               397 0.6107  0.0633
