Set seed
Model APPNP
--------------------------------------------------
The 1th iteration:
--------------------------------------------------
--------------------------------------------------
The 2th iteration:
--------------------------------------------------
--------------------------------------------------
The 3th iteration:
--------------------------------------------------
--------------------------------------------------
The 4th iteration:
--------------------------------------------------
--------------------------------------------------
The 5th iteration:
--------------------------------------------------
[[  1.           0.07543391   0.02437268]
 [  2.           0.09986649   0.00987442]
 [  3.           0.09692924   0.05865845]
 [  4.           0.11575434   0.06056693]
 [  5.           0.12670228   0.04892194]
 [  6.           0.14379172   0.0861544 ]
 [  7.           0.13871829   0.08785842]
 [  8.           0.14606142   0.06411917]
 [  9.           0.14726304   0.04929444]
 [ 10.           0.15393858   0.06149064]
 [ 11.           0.1671562    0.05374682]
 [ 12.           0.18771696   0.07045396]
 [ 13.           0.19452605   0.07367299]
 [ 14.           0.20253673   0.09773108]
 [ 15.           0.19546062   0.09940253]
 [ 16.           0.19746329   0.10578763]
 [ 17.           0.21094792   0.12238065]
 [ 18.           0.23217623   0.14825952]
 [ 19.           0.24712951   0.13661642]
 [ 20.           0.25367156   0.12985222]
 [ 21.           0.25006676   0.13630964]
 [ 22.           0.25607476   0.13810731]
 [ 23.           0.26635513   0.1395473 ]
 [ 24.           0.2719626    0.14341643]
 [ 25.           0.2789052    0.14605647]
 [ 26.           0.2845127    0.14368017]
 [ 27.           0.29038718   0.1381915 ]
 [ 28.           0.2965287    0.13515955]
 [ 29.           0.30053407   0.13019188]
 [ 30.           0.31962618   0.12804687]
 [ 31.           0.33204272   0.11965068]
 [ 32.           0.3496662    0.11912045]
 [ 33.           0.36154872   0.11785223]
 [ 34.           0.36969292   0.1132541 ]
 [ 35.           0.3739653    0.10563587]
 [ 36.           0.3801068    0.09029751]
 [ 37.           0.3974633    0.07583692]
 [ 38.           0.41361818   0.07518627]
 [ 39.           0.4185581    0.07545015]
 [ 40.           0.42042723   0.06787019]
 [ 41.           0.42403206   0.05973682]
 [ 42.           0.4307076    0.05765852]
 [ 43.           0.43738317   0.05518641]
 [ 44.           0.4465955    0.05437618]
 [ 45.           0.4567423    0.05281592]
 [ 46.           0.46542057   0.05604774]
 [ 47.           0.4703605    0.05586896]
 [ 48.           0.47409877   0.05318588]
 [ 49.           0.4735647    0.05105524]
 [ 50.           0.47476634   0.04820851]
 [ 51.           0.47196266   0.04510087]
 [ 52.           0.47476634   0.04349735]
 [ 53.           0.4810414    0.0438829 ]
 [ 54.           0.48571426   0.0445531 ]
 [ 55.           0.48598132   0.04302248]
 [ 56.           0.4849132    0.04253704]
 [ 57.           0.48731643   0.04462406]
 [ 58.           0.488518     0.04756641]
 [ 59.           0.48811752   0.04849651]
 [ 60.           0.48678237   0.04732219]
 [ 61.           0.48451272   0.04607691]
 [ 62.           0.4826435    0.04558977]
 [ 63.           0.4801068    0.04580284]
 [ 64.           0.4778371    0.04464504]
 [ 65.           0.47409877   0.04408503]
 [ 66.           0.476235     0.04596603]
 [ 67.           0.48010683   0.04785827]
 [ 68.           0.48117486   0.04817151]
 [ 69.           0.481976     0.04996207]
 [ 70.           0.48064086   0.05055612]
 [ 71.           0.48064086   0.05277712]
 [ 72.           0.48411217   0.05532148]
 [ 73.           0.48731643   0.0560847 ]
 [ 74.           0.4894526    0.05664879]
 [ 75.           0.49025366   0.05669635]
 [ 76.           0.48718292   0.05437904]
 [ 77.           0.48504677   0.05185204]
 [ 78.           0.48771697   0.05482222]
 [ 79.           0.487984     0.05462557]
 [ 80.           0.48771697   0.0536223 ]
 [ 81.           0.48664886   0.051482  ]
 [ 82.           0.48678237   0.05174836]
 [ 83.           0.48918554   0.05523481]
 [ 84.           0.4906542    0.05602907]
 [ 85.           0.49052072   0.056357  ]
 [ 86.           0.48998666   0.05699308]
 [ 87.           0.4887851    0.05613711]
 [ 88.           0.48971963   0.05646993]
 [ 89.           0.4914553    0.05964348]
 [ 90.           0.49212286   0.05942642]
 [ 91.           0.4903872    0.05609185]
 [ 92.           0.49078774   0.0567451 ]
 [ 93.           0.4923899    0.05945117]
 [ 94.           0.49132177   0.05741571]
 [ 95.           0.48998666   0.05567401]
 [ 96.           0.49359146   0.05960089]
 [ 97.           0.49439254   0.06051727]
 [ 98.           0.49425903   0.0597036 ]
 [ 99.           0.49332437   0.05875826]
 [100.           0.49412552   0.06049664]
 [101.           0.49465957   0.06003004]
 [102.           0.49425903   0.05830066]
 [103.           0.4953271    0.0600857 ]
 [104.           0.49612817   0.06266399]
 [105.           0.49599466   0.06199838]
 [106.           0.4953271    0.05916639]
 [107.           0.49599466   0.06080998]
 [108.           0.4981308    0.06289645]
 [109.           0.49706274   0.0609081 ]
 [110.           0.4954606    0.0593739 ]
 [111.           0.49692926   0.06231135]
 [112.           0.4983979    0.06363291]
 [113.           0.49959946   0.06367662]
 [114.           0.4983979    0.06313372]
 [115.           0.500267     0.06423753]
 [116.           0.5001335    0.06431173]
 [117.           0.4985314    0.06389289]
 [118.           0.49853134   0.06334303]
 [119.           0.5001335    0.06405136]
 [120.           0.5010681    0.06518786]
 [121.           0.5017356    0.06746715]
 [122.           0.50120157   0.06654569]
 [123.           0.50120157   0.06587604]
 [124.           0.50293726   0.0678032 ]
 [125.           0.50186914   0.06616121]
 [126.           0.50186914   0.06628066]
 [127.           0.5001335    0.06419729]
 [128.           0.50200266   0.06702051]
 [129.           0.50280374   0.06700455]
 [130.           0.50200266   0.06666046]
 [131.           0.5030708    0.06806066]
 [132.           0.5036048    0.06853532]
 [133.           0.5033378    0.06788596]
 [134.           0.50280374   0.06584052]
 [135.           0.5026702    0.06720313]
 [136.           0.50387186   0.06924172]
 [137.           0.50293726   0.06714939]
 [138.           0.50280374   0.06665447]
 [139.           0.5041389    0.0680456 ]
 [140.           0.50480646   0.06884641]
 [141.           0.5036048    0.06850606]
 [142.           0.5032043    0.06858214]
 [143.           0.50480646   0.06940085]
 [144.           0.50453943   0.06878489]
 [145.           0.50467294   0.0696118 ]
 [146.           0.50627506   0.07272632]
 [147.           0.5040054    0.06920248]
 [148.           0.5041389    0.06925461]
 [149.           0.5058745    0.07130276]
 [150.           0.50627506   0.07014366]
 [151.           0.5053405    0.06972536]
 [152.           0.50627506   0.07152146]
 [153.           0.50547403   0.07114006]
 [154.           0.506008     0.07192903]
 [155.           0.5070761    0.07281052]
 [156.           0.5066756    0.07248449]
 [157.           0.5058745    0.07104918]
 [158.           0.50720966   0.07279492]
 [159.           0.5080107    0.07464407]
 [160.           0.5081442    0.07372106]
 [161.           0.50627506   0.07166306]
 [162.           0.5072096    0.07269078]
 [163.           0.5072096    0.07144478]
 [164.           0.506542     0.07134959]
 [165.           0.5077437    0.07323315]
 [166.           0.5080107    0.07268557]
 [167.           0.5080107    0.07300369]
 [168.           0.5081442    0.0742571 ]
 [169.           0.5082777    0.07397631]
 [170.           0.5072096    0.0715118 ]
 [171.           0.5088118    0.07299972]
 [172.           0.50854474   0.07328454]
 [173.           0.5082777    0.07317682]
 [174.           0.50854474   0.07420004]
 [175.           0.5090788    0.07408313]
 [176.           0.5090788    0.07295116]
 [177.           0.50907874   0.07348673]
 [178.           0.50774366   0.07144821]
 [179.           0.5081442    0.07322069]
 [180.           0.5084112    0.07283502]
 [181.           0.50907874   0.07370471]
 [182.           0.5094793    0.07423908]
 [183.           0.5098798    0.07319326]
 [184.           0.5098798    0.07308816]
 [185.           0.50947934   0.07247896]
 [186.           0.5102804    0.07227606]
 [187.           0.51094794   0.07315094]
 [188.           0.50947934   0.07153364]
 [189.           0.5102804    0.07291601]
 [190.           0.5106809    0.07323828]
 [191.           0.5106809    0.07294258]
 [192.           0.5121495    0.07107111]
 [193.           0.5129506    0.07104164]
 [194.           0.51255006   0.07122144]
 [195.           0.51255006   0.07159588]
 [196.           0.512283     0.07115759]
 [197.           0.5126836    0.07016811]
 [198.           0.5126836    0.07026965]
 [199.           0.5136182    0.07168019]
 [200.           0.5129506    0.07117169]
 [201.           0.5132176    0.06913549]
 [202.           0.51428574   0.06899869]
 [203.           0.5145528    0.0693832 ]
 [204.           0.5148198    0.06907099]
 [205.           0.51441926   0.06934819]
 [206.           0.5145528    0.0695532 ]
 [207.           0.51441926   0.06956634]
 [208.           0.51441926   0.06974867]
 [209.           0.5149533    0.06883543]
 [210.           0.51481974   0.06793419]
 [211.           0.5156208    0.06833349]
 [212.           0.5154873    0.06805707]
 [213.           0.5156208    0.06776702]
 [214.           0.5156209    0.0691632 ]
 [215.           0.5152203    0.06825322]
 [216.           0.5156208    0.0683237 ]
 [217.           0.5162884    0.0688597 ]
 [218.           0.51588786   0.06861139]
 [219.           0.5164219    0.06788038]
 [220.           0.5173565    0.06826728]
 [221.           0.51749      0.06862111]
 [222.           0.51668894   0.06798764]
 [223.           0.51775706   0.06892762]
 [224.           0.51775706   0.06859709]
 [225.           0.51762354   0.06795912]
 [226.           0.51815754   0.06772558]
 [227.           0.5178905    0.06802923]
 [228.           0.5181576    0.06753287]
 [229.           0.51815754   0.0678587 ]
 [230.           0.51815754   0.0678587 ]
 [231.           0.5189586    0.06826988]
 [232.           0.5182911    0.06707302]
 [233.           0.51815754   0.06649382]
 [234.           0.51842463   0.06745397]
 [235.           0.5186916    0.06828685]
 [236.           0.5185581    0.06762352]
 [237.           0.51855814   0.06718885]
 [238.           0.51855814   0.06739912]
 [239.           0.51829106   0.06764032]
 [240.           0.5184246    0.06682341]
 [241.           0.5188251    0.06762846]
 [242.           0.51909214   0.06742586]
 [243.           0.51909214   0.06714276]
 [244.           0.5186916    0.06736539]
 [245.           0.51909214   0.06763539]
 [246.           0.5182911    0.06678505]
 [247.           0.51829106   0.06713446]
 [248.           0.5190921    0.06701484]
 [249.           0.5193591    0.06702382]
 [250.           0.5185581    0.06673633]
 [251.           0.51922566   0.06704778]
 [252.           0.5192256    0.06725679]
 [253.           0.5194926    0.06724519]
 [254.           0.51909214   0.06760574]
 [255.           0.51882505   0.06738092]
 [256.           0.5194927    0.06680141]
 [257.           0.5200267    0.06612016]
 [258.           0.5193592    0.0659582 ]
 [259.           0.5192256    0.06742223]
 [260.           0.5194926    0.0675543 ]
 [261.           0.5192256    0.06696129]
 [262.           0.5194927    0.06629583]
 [263.           0.51989317   0.06559642]
 [264.           0.5200267    0.06650322]
 [265.           0.5200267    0.06700554]
 [266.           0.5200267    0.06639084]
 [267.           0.5202937    0.06699324]
 [268.           0.52056074   0.06658255]
 [269.           0.5204272    0.06661634]
 [270.           0.5204272    0.06654438]
 [271.           0.51975965   0.06699156]
 [272.           0.51962614   0.06713609]
 [273.           0.52069426   0.06687573]
 [274.           0.52069426   0.06649314]
 [275.           0.5202937    0.06632302]
 [276.           0.51989317   0.06639659]
 [277.           0.52056074   0.06731638]
 [278.           0.5204272    0.06647906]
 [279.           0.52056074   0.06580161]
 [280.           0.52056074   0.06676635]
 [281.           0.52069426   0.06767556]
 [282.           0.51989317   0.06645861]
 [283.           0.51975965   0.06667818]
 [284.           0.5209613    0.06651257]
 [285.           0.52069426   0.06711022]
 [286.           0.52056074   0.06707767]
 [287.           0.5209613    0.06712612]
 [288.           0.5208278    0.06711251]
 [289.           0.52056074   0.06653401]
 [290.           0.52056074   0.066279  ]
 [291.           0.5212283    0.06776177]
 [292.           0.5209613    0.06769465]
 [293.           0.5202937    0.06669991]
 [294.           0.5202937    0.06609252]
 [295.           0.5204272    0.06631295]
 [296.           0.5213618    0.06744139]
 [297.           0.52056074   0.06733297]
 [298.           0.5201602    0.06643011]
 [299.           0.5204272    0.06601156]
 [300.           0.5209613    0.06677002]
 [301.           0.5213618    0.06744469]
 [302.           0.5208278    0.06667452]
 [303.           0.52069426   0.0670604 ]
 [304.           0.5202937    0.06695664]
 [305.           0.5208278    0.06772887]
 [306.           0.5204272    0.06661634]
 [307.           0.5210948    0.06608406]
 [308.           0.5209613    0.06625412]
 [309.           0.5212283    0.06809308]
 [310.           0.5209613    0.0673862 ]
 [311.           0.52056074   0.06690471]
 [312.           0.52069426   0.06645291]
 [313.           0.52136177   0.06696061]
 [314.           0.5208278    0.06746516]
 [315.           0.5214953    0.06693298]
 [316.           0.5209613    0.06697492]
 [317.           0.5212283    0.06686804]
 [318.           0.5209613    0.0668134 ]
 [319.           0.5210948    0.06665648]
 [320.           0.52056074   0.06670793]
 [321.           0.5210948    0.06746221]
 [322.           0.5208278    0.06693302]
 [323.           0.5212283    0.06633108]
 [324.           0.5213618    0.06698226]
 [325.           0.5218958    0.06743049]
 [326.           0.5209613    0.06702649]
 [327.           0.52056074   0.06627732]
 [328.           0.5213618    0.06713508]
 [329.           0.52216285   0.06779135]
 [330.           0.52149534   0.06728493]
 [331.           0.52149534   0.06771735]
 [332.           0.5217624    0.06790662]
 [333.           0.5210948    0.06778347]
 [334.           0.5212283    0.06680306]
 [335.           0.5217623    0.0668117 ]
 [336.           0.5213618    0.06732565]
 [337.           0.5209613    0.06649079]
 [338.           0.5208278    0.06673466]
 [339.           0.52136177   0.06696061]
 [340.           0.5213618    0.06722132]
 [341.           0.52149534   0.06750479]
 [342.           0.5210948    0.06723063]
 [343.           0.5213618    0.066944  ]
 [344.           0.5212283    0.06710255]
 [345.           0.5210948    0.0669167 ]
 [346.           0.5213618    0.06765415]
 [347.           0.5212283    0.06717888]
 [348.           0.5210948    0.06674834]
 [349.           0.52069426   0.06677571]
 [350.           0.5213618    0.06673065]
 [351.           0.5224299    0.06742753]
 [352.           0.52216285   0.06672461]
 [353.           0.5212283    0.06698459]
 [354.           0.5209613    0.06722067]
 [355.           0.52149534   0.06785051]
 [356.           0.5212283    0.06697126]
 [357.           0.5213618    0.06620769]
 [358.           0.5213618    0.06617403]
 [359.           0.52149534   0.06665782]
 [360.           0.5216288    0.0665678 ]
 [361.           0.5217623    0.06660462]
 [362.           0.5212283    0.06732135]
 [363.           0.5209613    0.06755956]
 [364.           0.5210948    0.06744403]
 [365.           0.5217623    0.06693665]
 [366.           0.52202934   0.06742819]
 [367.           0.5218958    0.06720541]
 [368.           0.52202934   0.0674414 ]
 [369.           0.5218958    0.06709425]
 [370.           0.5210948    0.06714438]
 [371.           0.5217624    0.06757606]
 [372.           0.5213618    0.06706204]
 [373.           0.52149534   0.06668957]
 [374.           0.52149534   0.06698623]
 [375.           0.5217623    0.06739942]
 [376.           0.5216288    0.06688004]
 [377.           0.52162886   0.06658625]
 [378.           0.52162886   0.06724551]
 [379.           0.5221629    0.06786035]
 [380.           0.5217623    0.06724884]
 [381.           0.52149534   0.06657252]
 [382.           0.52149534   0.06683474]
 [383.           0.5216288    0.06744239]
 [384.           0.5214953    0.06709924]
 [385.           0.5218958    0.06706103]
 [386.           0.52229637   0.0677325 ]
 [387.           0.5218959    0.0679227 ]
 [388.           0.52162886   0.06730845]
 [389.           0.5209613    0.06630118]
 [390.           0.5217623    0.06710289]
 [391.           0.5224299    0.06852561]
 [392.           0.5218959    0.06823853]
 [393.           0.52149534   0.06748664]
 [394.           0.52162886   0.06747375]
 [395.           0.5217623    0.06710289]
 [396.           0.5212283    0.06724849]
 [397.           0.5209613    0.06680506]
 [398.           0.52149534   0.06698623]
 [399.           0.5220294    0.0684498 ]
 [400.           0.5217624    0.06761067]]
Dataset       :CS
Model         :APPNP
Conden ratio  :0.5
GC            :4
LearnA        :1
Max Test Accuracy:
0.6154873164218959
Best Result: Epoch   Acc  Std.
               351 0.5224  0.0674
