Set seed
Model GAT
--------------------------------------------------
The 1th iteration:
--------------------------------------------------
--------------------------------------------------
The 2th iteration:
--------------------------------------------------
--------------------------------------------------
The 3th iteration:
--------------------------------------------------
--------------------------------------------------
The 4th iteration:
--------------------------------------------------
--------------------------------------------------
The 5th iteration:
--------------------------------------------------
[[  1.           0.163        0.0525119 ]
 [  2.           0.12525001   0.00055902]
 [  3.           0.18225001   0.04583769]
 [  4.           0.22825001   0.07970943]
 [  5.           0.28850004   0.09025312]
 [  6.           0.24875      0.12515926]
 [  7.           0.25675002   0.13876857]
 [  8.           0.26375002   0.07169814]
 [  9.           0.24225001   0.09324615]
 [ 10.           0.23525      0.04593984]
 [ 11.           0.26075003   0.05197356]
 [ 12.           0.30124998   0.06217415]
 [ 13.           0.318        0.11210905]
 [ 14.           0.30124998   0.09233516]
 [ 15.           0.316        0.04367315]
 [ 16.           0.29424998   0.04694246]
 [ 17.           0.2935       0.04559846]
 [ 18.           0.34375      0.03593615]
 [ 19.           0.38375002   0.04562072]
 [ 20.           0.4015       0.06073379]
 [ 21.           0.40524998   0.06503844]
 [ 22.           0.401        0.04572676]
 [ 23.           0.39025003   0.04829434]
 [ 24.           0.38175      0.03977081]
 [ 25.           0.39325      0.0407028 ]
 [ 26.           0.3935       0.05085518]
 [ 27.           0.39500004   0.06658524]
 [ 28.           0.3865       0.07385268]
 [ 29.           0.37849998   0.0787867 ]
 [ 30.           0.37600002   0.07784399]
 [ 31.           0.37275      0.08021651]
 [ 32.           0.37150002   0.07858814]
 [ 33.           0.381        0.07044722]
 [ 34.           0.3885       0.07090597]
 [ 35.           0.3915       0.08314802]
 [ 36.           0.391        0.09391403]
 [ 37.           0.39000002   0.09689718]
 [ 38.           0.3885       0.09447801]
 [ 39.           0.38875002   0.09518485]
 [ 40.           0.3905       0.09987725]
 [ 41.           0.39400002   0.10565793]
 [ 42.           0.3955       0.10907852]
 [ 43.           0.4          0.10964788]
 [ 44.           0.40175      0.10795905]
 [ 45.           0.40074998   0.10610873]
 [ 46.           0.39625      0.10526381]
 [ 47.           0.39625      0.10860264]
 [ 48.           0.39325      0.10645054]
 [ 49.           0.39124998   0.10620587]
 [ 50.           0.39175      0.10524005]
 [ 51.           0.39650002   0.10216179]
 [ 52.           0.40050003   0.10326164]
 [ 53.           0.40100002   0.10550252]
 [ 54.           0.4035       0.10775914]
 [ 55.           0.40575      0.10738949]
 [ 56.           0.4045       0.10523635]
 [ 57.           0.39975      0.10226116]
 [ 58.           0.39900002   0.0995435 ]
 [ 59.           0.39775      0.09939819]
 [ 60.           0.40150005   0.10349517]
 [ 61.           0.40825      0.10542177]
 [ 62.           0.411        0.10758137]
 [ 63.           0.41375      0.10474299]
 [ 64.           0.41275      0.10299575]
 [ 65.           0.41525003   0.10363849]
 [ 66.           0.41675004   0.10318597]
 [ 67.           0.42         0.10093314]
 [ 68.           0.42424998   0.09132103]
 [ 69.           0.43249997   0.08378266]
 [ 70.           0.43325004   0.08202801]
 [ 71.           0.43599996   0.08358846]
 [ 72.           0.43625003   0.08440509]
 [ 73.           0.43475      0.08421236]
 [ 74.           0.43449998   0.08038774]
 [ 75.           0.435        0.07915078]
 [ 76.           0.4355       0.08370614]
 [ 77.           0.43525      0.08280437]
 [ 78.           0.43825004   0.08110854]
 [ 79.           0.442        0.07271842]
 [ 80.           0.44849998   0.06704942]
 [ 81.           0.45425      0.06701563]
 [ 82.           0.4585       0.07003014]
 [ 83.           0.45874998   0.06976522]
 [ 84.           0.45900002   0.06910365]
 [ 85.           0.45225      0.07038624]
 [ 86.           0.45325002   0.06430886]
 [ 87.           0.45725003   0.06252125]
 [ 88.           0.45625      0.06286767]
 [ 89.           0.45675      0.06761911]
 [ 90.           0.46300003   0.06964531]
 [ 91.           0.46400005   0.06557081]
 [ 92.           0.46774998   0.06305627]
 [ 93.           0.46675      0.06281544]
 [ 94.           0.46850005   0.05750272]
 [ 95.           0.47375003   0.0509212 ]
 [ 96.           0.47525      0.05193445]
 [ 97.           0.46949998   0.06120279]
 [ 98.           0.46525002   0.06428332]
 [ 99.           0.46724996   0.05977432]
 [100.           0.46949998   0.05713607]
 [101.           0.46800002   0.05596874]
 [102.           0.46199998   0.05780219]
 [103.           0.46324998   0.06250999]
 [104.           0.47125003   0.05906167]
 [105.           0.47950003   0.04362124]
 [106.           0.478        0.039957  ]
 [107.           0.4745       0.04048147]
 [108.           0.47625      0.0424908 ]
 [109.           0.48050004   0.04234902]
 [110.           0.48400003   0.03781532]
 [111.           0.481        0.0344873 ]
 [112.           0.47925      0.03627802]
 [113.           0.48175      0.03359456]
 [114.           0.48424998   0.03202294]
 [115.           0.48650002   0.03080178]
 [116.           0.48725006   0.03200829]
 [117.           0.48625      0.03121248]
 [118.           0.48500004   0.0303109 ]
 [119.           0.4865       0.0252395 ]
 [120.           0.48900005   0.02585115]
 [121.           0.48675004   0.02677453]
 [122.           0.48925      0.02730901]
 [123.           0.48975      0.02835876]
 [124.           0.4835       0.03134235]
 [125.           0.47750002   0.03485464]
 [126.           0.478        0.03533988]
 [127.           0.48325005   0.03272282]
 [128.           0.48400003   0.03294645]
 [129.           0.478        0.03789994]
 [130.           0.47750002   0.03794527]
 [131.           0.47700006   0.03697129]
 [132.           0.47700006   0.03597525]
 [133.           0.47800002   0.03647133]
 [134.           0.47875005   0.03729109]
 [135.           0.47875      0.0406202 ]
 [136.           0.47974998   0.03821608]
 [137.           0.47750002   0.03168448]
 [138.           0.478        0.03336119]
 [139.           0.47524998   0.03900521]
 [140.           0.47749996   0.03876007]
 [141.           0.48000002   0.03148661]
 [142.           0.48050004   0.02867655]
 [143.           0.47849998   0.03238441]
 [144.           0.47675      0.0328895 ]
 [145.           0.478        0.03325564]
 [146.           0.48075      0.03148164]
 [147.           0.47975      0.03445333]
 [148.           0.475        0.03662521]
 [149.           0.47525      0.03356894]
 [150.           0.47725      0.03187376]
 [151.           0.48100004   0.03411148]
 [152.           0.47925      0.03443291]
 [153.           0.47325      0.03506244]
 [154.           0.47525      0.03548106]
 [155.           0.47849998   0.03579892]
 [156.           0.47425005   0.03626722]
 [157.           0.47300002   0.03628876]
 [158.           0.47399998   0.04011118]
 [159.           0.47325      0.04359436]
 [160.           0.47224998   0.04361946]
 [161.           0.47425      0.03489492]
 [162.           0.47974998   0.03413438]
 [163.           0.48050004   0.03648202]
 [164.           0.47650003   0.03821608]
 [165.           0.477        0.03483893]
 [166.           0.47800002   0.03146923]
 [167.           0.47950003   0.03559318]
 [168.           0.47825003   0.03553827]
 [169.           0.47325      0.03575743]
 [170.           0.47600004   0.0341115 ]
 [171.           0.48275003   0.03205707]
 [172.           0.4825       0.03119995]
 [173.           0.47950003   0.03269891]
 [174.           0.48050004   0.03278243]
 [175.           0.48175      0.03018952]
 [176.           0.48275003   0.03327679]
 [177.           0.47725      0.0363189 ]
 [178.           0.47775003   0.03320627]
 [179.           0.48625      0.02846326]
 [180.           0.487        0.02838905]
 [181.           0.48500004   0.03260799]
 [182.           0.48775002   0.02568438]
 [183.           0.48925      0.02259704]
 [184.           0.488        0.025657  ]
 [185.           0.48874998   0.0270272 ]
 [186.           0.49049997   0.02464752]
 [187.           0.492        0.0223187 ]
 [188.           0.48600003   0.02377302]
 [189.           0.48775002   0.02018277]
 [190.           0.49275      0.01848562]
 [191.           0.49075004   0.02247567]
 [192.           0.48725006   0.0220688 ]
 [193.           0.48900005   0.01714826]
 [194.           0.49125004   0.01548689]
 [195.           0.49         0.01774386]
 [196.           0.48999998   0.01847719]
 [197.           0.4875       0.02063446]
 [198.           0.48950002   0.01853207]
 [199.           0.48875004   0.02086042]
 [200.           0.488        0.02331176]
 [201.           0.48875004   0.01962541]
 [202.           0.49075004   0.01633633]
 [203.           0.48950002   0.01965722]
 [204.           0.48850003   0.02240257]
 [205.           0.48925      0.02339537]
 [206.           0.48925      0.02278635]
 [207.           0.48874998   0.02029086]
 [208.           0.48675004   0.02201916]
 [209.           0.48775002   0.02255895]
 [210.           0.487        0.0259296 ]
 [211.           0.48500004   0.02521781]
 [212.           0.48725006   0.02196235]
 [213.           0.48675004   0.02282065]
 [214.           0.4835       0.02525496]
 [215.           0.48424998   0.02693454]
 [216.           0.48374996   0.03060587]
 [217.           0.48525      0.02733473]
 [218.           0.48725      0.02145854]
 [219.           0.48224998   0.02986164]
 [220.           0.479        0.03595134]
 [221.           0.48499998   0.02740039]
 [222.           0.48624998   0.02510913]
 [223.           0.48050004   0.03090559]
 [224.           0.48100004   0.02994008]
 [225.           0.48400003   0.02730612]
 [226.           0.48400003   0.02700407]
 [227.           0.48175      0.03373379]
 [228.           0.48050004   0.03293697]
 [229.           0.48175      0.02722306]
 [230.           0.48400003   0.02687354]
 [231.           0.48575002   0.03065177]
 [232.           0.48500004   0.03257204]
 [233.           0.483        0.03047282]
 [234.           0.48475003   0.02337536]
 [235.           0.4865       0.02655185]
 [236.           0.48375002   0.02998699]
 [237.           0.48374996   0.0275142 ]
 [238.           0.48675004   0.02463169]
 [239.           0.48525      0.02736332]
 [240.           0.4835       0.02887745]
 [241.           0.489        0.02594163]
 [242.           0.48725      0.024975  ]
 [243.           0.48424998   0.02858102]
 [244.           0.4845       0.02937631]
 [245.           0.48950002   0.02415122]
 [246.           0.48925      0.02436057]
 [247.           0.4865       0.02903931]
 [248.           0.48325      0.02795922]
 [249.           0.49025002   0.02067987]
 [250.           0.48975      0.02327485]
 [251.           0.48925      0.02712244]
 [252.           0.48675004   0.02384195]
 [253.           0.49074998   0.01806238]
 [254.           0.49075004   0.02032161]
 [255.           0.4875       0.02602583]
 [256.           0.49025002   0.02067987]
 [257.           0.49275      0.01712544]
 [258.           0.48925      0.02120584]
 [259.           0.48825002   0.0199335 ]
 [260.           0.492        0.01764671]
 [261.           0.493        0.01638406]
 [262.           0.48850003   0.02662531]
 [263.           0.48325      0.03201074]
 [264.           0.48600003   0.02882327]
 [265.           0.4875       0.02688227]
 [266.           0.48424998   0.03145681]
 [267.           0.47925      0.03750624]
 [268.           0.48325      0.03681246]
 [269.           0.48200002   0.03793088]
 [270.           0.47725      0.04215301]
 [271.           0.477        0.04129355]
 [272.           0.48175      0.03595356]
 [273.           0.47825003   0.04033649]
 [274.           0.47525      0.04318747]
 [275.           0.47849998   0.03833856]
 [276.           0.48075      0.03575744]
 [277.           0.4745       0.0431259 ]
 [278.           0.47425005   0.04114189]
 [279.           0.47800002   0.03730785]
 [280.           0.47675      0.04211779]
 [281.           0.47325      0.04829597]
 [282.           0.47200003   0.04153875]
 [283.           0.47625      0.04168333]
 [284.           0.47775003   0.04130109]
 [285.           0.46975002   0.05150395]
 [286.           0.47375003   0.04157073]
 [287.           0.47525      0.04129164]
 [288.           0.47325      0.04299891]
 [289.           0.46850005   0.04511619]
 [290.           0.47275      0.03916511]
 [291.           0.4725       0.04743417]
 [292.           0.469        0.04843973]
 [293.           0.47224998   0.04322362]
 [294.           0.47625      0.03925079]
 [295.           0.47574997   0.04283509]
 [296.           0.47275      0.04325975]
 [297.           0.47250006   0.04187966]
 [298.           0.47525      0.0413578 ]
 [299.           0.47825003   0.0408752 ]
 [300.           0.477        0.03846264]
 [301.           0.46925002   0.0403752 ]
 [302.           0.47175002   0.04446384]
 [303.           0.4745       0.04238589]
 [304.           0.479        0.03630815]
 [305.           0.47525      0.04019872]
 [306.           0.46949998   0.0450052 ]
 [307.           0.47525      0.03980814]
 [308.           0.479        0.04170581]
 [309.           0.4745       0.0428533 ]
 [310.           0.47375003   0.04229732]
 [311.           0.47224998   0.04501215]
 [312.           0.47550002   0.04534246]
 [313.           0.47525      0.04509886]
 [314.           0.47349998   0.04443569]
 [315.           0.4745       0.04741438]
 [316.           0.47550002   0.04738142]
 [317.           0.47475      0.04326878]
 [318.           0.47525007   0.04347593]
 [319.           0.4745       0.04477898]
 [320.           0.47375003   0.05034258]
 [321.           0.47325      0.04856215]
 [322.           0.4745       0.04595005]
 [323.           0.47475004   0.04708203]
 [324.           0.47199997   0.05271236]
 [325.           0.47125003   0.05131095]
 [326.           0.47175002   0.05432542]
 [327.           0.47100002   0.05229425]
 [328.           0.47200003   0.05130028]
 [329.           0.47349998   0.0504077 ]
 [330.           0.469        0.05914364]
 [331.           0.47125003   0.0539893 ]
 [332.           0.47375003   0.04662853]
 [333.           0.4705       0.05173251]
 [334.           0.467        0.05446902]
 [335.           0.47275      0.04751151]
 [336.           0.47425      0.04481386]
 [337.           0.46800002   0.0527346 ]
 [338.           0.46775004   0.0526664 ]
 [339.           0.47100002   0.0482134 ]
 [340.           0.46975002   0.04954008]
 [341.           0.47075      0.04823932]
 [342.           0.47250006   0.04680412]
 [343.           0.47200003   0.04640684]
 [344.           0.46949998   0.04980117]
 [345.           0.47175      0.04734021]
 [346.           0.4735       0.04505552]
 [347.           0.46975002   0.04597385]
 [348.           0.46949998   0.05474801]
 [349.           0.47525      0.04552987]
 [350.           0.4735       0.04513348]
 [351.           0.46774998   0.05340295]
 [352.           0.46800002   0.0593888 ]
 [353.           0.47300005   0.04440229]
 [354.           0.47300002   0.04151054]
 [355.           0.46925002   0.05293423]
 [356.           0.47125003   0.05339272]
 [357.           0.47275      0.03991595]
 [358.           0.47024998   0.04266878]
 [359.           0.47075      0.05170984]
 [360.           0.47525      0.04593984]
 [361.           0.4725       0.03833448]
 [362.           0.4745       0.0411609 ]
 [363.           0.475        0.04081209]
 [364.           0.47599998   0.03958181]
 [365.           0.47399998   0.04120643]
 [366.           0.47200003   0.04657486]
 [367.           0.47225004   0.04253124]
 [368.           0.475        0.03997069]
 [369.           0.47650003   0.04051813]
 [370.           0.4745       0.0456943 ]
 [371.           0.47250006   0.0439371 ]
 [372.           0.47475004   0.04485568]
 [373.           0.47425005   0.0468258 ]
 [374.           0.47425005   0.04266146]
 [375.           0.47325      0.04371964]
 [376.           0.47200003   0.05011395]
 [377.           0.47425005   0.04792247]
 [378.           0.47250006   0.04803158]
 [379.           0.47425005   0.04766913]
 [380.           0.4745       0.04680912]
 [381.           0.47375003   0.04698735]
 [382.           0.47300005   0.04667541]
 [383.           0.4725       0.04935523]
 [384.           0.4745       0.04644048]
 [385.           0.47300005   0.04598404]
 [386.           0.47450003   0.04727415]
 [387.           0.4745       0.04765273]
 [388.           0.47475      0.04371784]
 [389.           0.47375003   0.044256  ]
 [390.           0.47575003   0.04535106]
 [391.           0.47375003   0.04871795]
 [392.           0.47475      0.04365524]
 [393.           0.475        0.04502603]
 [394.           0.47199997   0.04765272]
 [395.           0.4735       0.04660673]
 [396.           0.47325      0.04523031]
 [397.           0.47325      0.04352263]
 [398.           0.4735       0.04765928]
 [399.           0.4735       0.04626182]
 [400.           0.47574997   0.04416412]]
Dataset       :Photo
Model         :GAT
Conden ratio  :0.25
GC            :1
LearnA        :1
Max Test Accuracy:
0.53125
Best Result: Epoch   Acc  Std.
               261 0.4930  0.0164
