Set seed
Model Cheby
--------------------------------------------------
The 1th iteration:
--------------------------------------------------
--------------------------------------------------
The 2th iteration:
--------------------------------------------------
--------------------------------------------------
The 3th iteration:
--------------------------------------------------
--------------------------------------------------
The 4th iteration:
--------------------------------------------------
--------------------------------------------------
The 5th iteration:
--------------------------------------------------
[[  1.           0.15450001   0.03109461]
 [  2.           0.15875      0.03317803]
 [  3.           0.152        0.03163019]
 [  4.           0.164        0.02706185]
 [  5.           0.175        0.04057208]
 [  6.           0.18275002   0.04714009]
 [  7.           0.19375001   0.05552308]
 [  8.           0.19849999   0.05897166]
 [  9.           0.20575002   0.06621815]
 [ 10.           0.21         0.06874432]
 [ 11.           0.20974998   0.06745021]
 [ 12.           0.2105       0.06667668]
 [ 13.           0.21225      0.06772763]
 [ 14.           0.21725002   0.07319388]
 [ 15.           0.221        0.07609309]
 [ 16.           0.22125001   0.07598829]
 [ 17.           0.223        0.07552732]
 [ 18.           0.22475      0.07434821]
 [ 19.           0.22950001   0.07688568]
 [ 20.           0.23150001   0.07819948]
 [ 21.           0.23075001   0.07687043]
 [ 22.           0.23000002   0.07662817]
 [ 23.           0.23050001   0.07568748]
 [ 24.           0.23274998   0.07379447]
 [ 25.           0.23425      0.07276139]
 [ 26.           0.239        0.07182553]
 [ 27.           0.24325      0.06938682]
 [ 28.           0.24524999   0.06856452]
 [ 29.           0.24850002   0.0665465 ]
 [ 30.           0.25425002   0.0664537 ]
 [ 31.           0.2655       0.06981897]
 [ 32.           0.27525002   0.06967784]
 [ 33.           0.28075      0.066389  ]
 [ 34.           0.28775      0.06699697]
 [ 35.           0.29275      0.06510448]
 [ 36.           0.298        0.06120279]
 [ 37.           0.30124998   0.06254373]
 [ 38.           0.30575      0.06201437]
 [ 39.           0.31300002   0.06498558]
 [ 40.           0.3195       0.06359418]
 [ 41.           0.32525      0.0624212 ]
 [ 42.           0.33049998   0.05987357]
 [ 43.           0.33425003   0.0592703 ]
 [ 44.           0.33900002   0.06213896]
 [ 45.           0.34625003   0.0592993 ]
 [ 46.           0.3525       0.06031816]
 [ 47.           0.35875002   0.06016254]
 [ 48.           0.36275002   0.06248375]
 [ 49.           0.36574998   0.06152109]
 [ 50.           0.3695       0.0613685 ]
 [ 51.           0.375        0.06414706]
 [ 52.           0.38         0.06571124]
 [ 53.           0.3835       0.06586207]
 [ 54.           0.39200002   0.0644787 ]
 [ 55.           0.3945       0.06544678]
 [ 56.           0.39925      0.06655356]
 [ 57.           0.40375      0.06597821]
 [ 58.           0.4075       0.06580628]
 [ 59.           0.41225      0.06561846]
 [ 60.           0.41575      0.06675867]
 [ 61.           0.41925      0.0667294 ]
 [ 62.           0.42         0.06594861]
 [ 63.           0.425        0.0663737 ]
 [ 64.           0.42825004   0.06389443]
 [ 65.           0.431        0.06318005]
 [ 66.           0.435        0.0617897 ]
 [ 67.           0.43824998   0.06108779]
 [ 68.           0.4405       0.06066429]
 [ 69.           0.442        0.05916475]
 [ 70.           0.44325      0.06034795]
 [ 71.           0.44475004   0.06054054]
 [ 72.           0.44700003   0.05917798]
 [ 73.           0.44925004   0.0599909 ]
 [ 74.           0.45100003   0.06000913]
 [ 75.           0.45250002   0.06109036]
 [ 76.           0.45525      0.06256496]
 [ 77.           0.45575      0.06283411]
 [ 78.           0.45725003   0.06213896]
 [ 79.           0.45749998   0.06204207]
 [ 80.           0.4585       0.06313059]
 [ 81.           0.45925003   0.06409588]
 [ 82.           0.46025      0.0643319 ]
 [ 83.           0.46274996   0.06605157]
 [ 84.           0.46425      0.06561366]
 [ 85.           0.46574998   0.06409586]
 [ 86.           0.46725002   0.06385653]
 [ 87.           0.46825      0.06490739]
 [ 88.           0.46774998   0.06455011]
 [ 89.           0.46925002   0.06413852]
 [ 90.           0.4715       0.06428332]
 [ 91.           0.4715       0.06445324]
 [ 92.           0.47300002   0.06506966]
 [ 93.           0.4745       0.06481103]
 [ 94.           0.47675      0.06379045]
 [ 95.           0.47725      0.0641921 ]
 [ 96.           0.47875      0.06459006]
 [ 97.           0.48000002   0.06367029]
 [ 98.           0.48075      0.06258494]
 [ 99.           0.48175      0.06188823]
 [100.           0.48175      0.06255995]
 [101.           0.48199996   0.06193871]
 [102.           0.48300004   0.06352043]
 [103.           0.48400003   0.06328507]
 [104.           0.48475      0.06413729]
 [105.           0.48525      0.06323565]
 [106.           0.48675004   0.06421763]
 [107.           0.488        0.06558987]
 [108.           0.48925      0.06620045]
 [109.           0.491        0.0657077 ]
 [110.           0.49275      0.06638783]
 [111.           0.49324998   0.06692231]
 [112.           0.49400002   0.06756017]
 [113.           0.49425003   0.0688045 ]
 [114.           0.4955       0.06809116]
 [115.           0.49625      0.0677484 ]
 [116.           0.49674997   0.06741663]
 [117.           0.49700004   0.06794184]
 [118.           0.498        0.06699231]
 [119.           0.49899998   0.066093  ]
 [120.           0.4995       0.06583358]
 [121.           0.49899998   0.06524833]
 [122.           0.49925      0.06553027]
 [123.           0.49874997   0.06572906]
 [124.           0.49975      0.06645253]
 [125.           0.49899998   0.06648191]
 [126.           0.49925002   0.06637135]
 [127.           0.49975      0.06673409]
 [128.           0.5          0.06646782]
 [129.           0.49975      0.0658858 ]
 [130.           0.5          0.06620872]
 [131.           0.49975      0.06546947]
 [132.           0.5          0.06579445]
 [133.           0.4995       0.06543485]
 [134.           0.4995       0.06573267]
 [135.           0.5          0.06579445]
 [136.           0.4995       0.06514768]
 [137.           0.50025004   0.06483392]
 [138.           0.50100005   0.06452592]
 [139.           0.50100005   0.06459852]
 [140.           0.50025004   0.06392989]
 [141.           0.5005       0.06494951]
 [142.           0.50100005   0.06473143]
 [143.           0.50124997   0.06476521]
 [144.           0.50150007   0.0650865 ]
 [145.           0.50225      0.06506246]
 [146.           0.50225      0.06506246]
 [147.           0.50200003   0.06502763]
 [148.           0.50150007   0.06497234]
 [149.           0.50124997   0.06492184]
 [150.           0.50150007   0.06545752]
 [151.           0.50200003   0.06549452]
 [152.           0.50175      0.06547662]
 [153.           0.50124997   0.06540737]
 [154.           0.50150007   0.06515845]
 [155.           0.50100005   0.06455014]
 [156.           0.50200003   0.06509969]
 [157.           0.50225      0.06593911]
 [158.           0.50225      0.06592727]
 [159.           0.5025       0.0655565 ]
 [160.           0.50299996   0.0652016 ]
 [161.           0.50299996   0.06549452]
 [162.           0.5035       0.065547  ]
 [163.           0.503        0.06523754]
 [164.           0.50375      0.06518004]
 [165.           0.50425      0.06487128]
 [166.           0.50425005   0.06611191]
 [167.           0.50450003   0.06631836]
 [168.           0.50475      0.06698531]
 [169.           0.50450003   0.06725416]
 [170.           0.505        0.0672681 ]
 [171.           0.50525      0.06700277]
 [172.           0.50525      0.06673406]
 [173.           0.506        0.06737488]
 [174.           0.50675005   0.06776338]
 [175.           0.50825006   0.0682058 ]
 [176.           0.50850004   0.06882607]
 [177.           0.509        0.06944759]
 [178.           0.5095       0.06941497]
 [179.           0.50925004   0.06877613]
 [180.           0.50975      0.06971145]
 [181.           0.5095       0.06937557]
 [182.           0.51025003   0.07003012]
 [183.           0.51         0.07003904]
 [184.           0.51000005   0.07069963]
 [185.           0.5095       0.0704317 ]
 [186.           0.5095       0.07032625]
 [187.           0.51000005   0.07059458]
 [188.           0.51100004   0.07185815]
 [189.           0.51100004   0.07185815]
 [190.           0.51025003   0.07120831]
 [191.           0.51075      0.07190271]
 [192.           0.51075      0.07159239]
 [193.           0.51100004   0.07218358]
 [194.           0.51175004   0.07192989]
 [195.           0.512        0.07190815]
 [196.           0.5115       0.07190163]
 [197.           0.51175004   0.07164147]
 [198.           0.51225007   0.07235116]
 [199.           0.51275      0.07298009]
 [200.           0.5125       0.07300472]
 [201.           0.51350003   0.07283007]
 [202.           0.51325005   0.07256247]
 [203.           0.51325005   0.07256247]
 [204.           0.513        0.07220089]
 [205.           0.5127501    0.07184186]
 [206.           0.51325005   0.07105567]
 [207.           0.51325005   0.07105567]
 [208.           0.5125       0.07037843]
 [209.           0.513        0.07047606]
 [210.           0.5127501    0.07066315]
 [211.           0.5127501    0.07066315]
 [212.           0.513        0.07031515]
 [213.           0.513        0.0706974 ]
 [214.           0.51325      0.07066425]
 [215.           0.51400006   0.07096104]
 [216.           0.5145       0.07166871]
 [217.           0.5145       0.07166871]
 [218.           0.515        0.07192117]
 [219.           0.51525      0.0722755 ]
 [220.           0.51500005   0.0725377 ]
 [221.           0.51500005   0.0725377 ]
 [222.           0.51500005   0.0725377 ]
 [223.           0.5155       0.07325363]
 [224.           0.5155       0.07325363]
 [225.           0.51575005   0.07361536]
 [226.           0.5165       0.07390556]
 [227.           0.5165       0.07440598]
 [228.           0.51725      0.07512177]
 [229.           0.51750004   0.07509369]
 [230.           0.51774997   0.07546936]
 [231.           0.51774997   0.07546936]
 [232.           0.51850003   0.07620081]
 [233.           0.51925004   0.07667707]
 [234.           0.5195       0.07705314]
 [235.           0.52         0.07781184]
 [236.           0.52025      0.07819445]
 [237.           0.52124995   0.07891351]
 [238.           0.52150005   0.07889073]
 [239.           0.52175      0.07926715]
 [240.           0.5225       0.08027296]
 [241.           0.523        0.08103626]
 [242.           0.52349997   0.08216027]
 [243.           0.52375      0.08254261]
 [244.           0.52375      0.08254261]
 [245.           0.524        0.08278549]
 [246.           0.52425      0.08303142]
 [247.           0.5245       0.08328038]
 [248.           0.52500004   0.08351179]
 [249.           0.5255       0.08374814]
 [250.           0.52575      0.08341631]
 [251.           0.5255       0.08293729]
 [252.           0.52575      0.08379944]
 [253.           0.5255       0.08343972]
 [254.           0.5255       0.08343972]
 [255.           0.526        0.08346688]
 [256.           0.52525      0.08303048]
 [257.           0.52525      0.08303048]
 [258.           0.5255       0.08338822]
 [259.           0.52575      0.08320063]
 [260.           0.52625      0.08323537]
 [261.           0.52625      0.08323537]
 [262.           0.526        0.08297402]
 [263.           0.526        0.08297402]
 [264.           0.52675      0.08397175]
 [265.           0.52700007   0.08369217]
 [266.           0.52725      0.08406378]
 [267.           0.52725      0.08406378]
 [268.           0.52775      0.0848132 ]
 [269.           0.52775      0.0848132 ]
 [270.           0.52775      0.0836632 ]
 [271.           0.52775      0.0836632 ]
 [272.           0.52775      0.08380316]
 [273.           0.528        0.08419006]
 [274.           0.5285       0.08481781]
 [275.           0.52875      0.08520655]
 [276.           0.52925      0.0855707 ]
 [277.           0.529        0.08589329]
 [278.           0.529        0.08518087]
 [279.           0.52925      0.0855707 ]
 [280.           0.5285       0.08513041]
 [281.           0.52875      0.08552686]
 [282.           0.52925      0.08578499]
 [283.           0.529        0.08610224]
 [284.           0.52925      0.08650598]
 [285.           0.5295       0.08637945]
 [286.           0.5295       0.08637945]
 [287.           0.52975005   0.08606594]
 [288.           0.52975005   0.08626541]
 [289.           0.53050005   0.08690693]
 [290.           0.53175      0.08896367]
 [291.           0.53225005   0.08979752]
 [292.           0.53275007   0.08991055]
 [293.           0.53325003   0.09075464]
 [294.           0.5335       0.09117892]
 [295.           0.53425      0.09222767]
 [296.           0.53475      0.09261142]
 [297.           0.53475      0.09261142]
 [298.           0.535        0.09230977]
 [299.           0.535        0.09230977]
 [300.           0.535        0.092081  ]
 [301.           0.53525      0.09250591]
 [302.           0.5355       0.09270501]
 [303.           0.53525      0.09298606]
 [304.           0.5355       0.09270501]
 [305.           0.53475      0.09214207]
 [306.           0.53450006   0.09172226]
 [307.           0.53450006   0.09172226]
 [308.           0.53450006   0.09172226]
 [309.           0.53424996   0.09202413]
 [310.           0.53424996   0.09202413]
 [311.           0.53375      0.09191115]
 [312.           0.53375      0.09191115]
 [313.           0.53375      0.09191115]
 [314.           0.53325003   0.09153466]
 [315.           0.533        0.09111977]
 [316.           0.5335       0.091046  ]
 [317.           0.533        0.09111976]
 [318.           0.5335       0.0912303 ]
 [319.           0.53400004   0.09062887]
 [320.           0.53400004   0.09062887]
 [321.           0.53400004   0.09062887]
 [322.           0.53400004   0.09062887]
 [323.           0.53424996   0.09104687]
 [324.           0.53450006   0.09146637]
 [325.           0.53450006   0.09146637]
 [326.           0.53450006   0.09146637]
 [327.           0.53450006   0.09146637]
 [328.           0.5345       0.09173078]
 [329.           0.53450006   0.09245186]
 [330.           0.53400004   0.09231994]
 [331.           0.5335       0.09170008]
 [332.           0.5335       0.09170008]
 [333.           0.53375      0.09167282]
 [334.           0.53375      0.09145096]
 [335.           0.53375      0.09145096]
 [336.           0.53400004   0.09164895]
 [337.           0.53450006   0.09154746]
 [338.           0.53450006   0.09154746]
 [339.           0.53475      0.09196383]
 [340.           0.535        0.09194089]
 [341.           0.53475      0.09174268]
 [342.           0.53475      0.09174268]
 [343.           0.53525      0.09258191]
 [344.           0.53525      0.09258191]
 [345.           0.53525      0.09258191]
 [346.           0.53525      0.09258191]
 [347.           0.535        0.09262662]
 [348.           0.535        0.09262662]
 [349.           0.535        0.09262662]
 [350.           0.53475      0.09220138]
 [351.           0.53424996   0.09135525]
 [352.           0.53424996   0.09135525]
 [353.           0.53475      0.0915594 ]
 [354.           0.53424996   0.09119691]
 [355.           0.53424996   0.09119691]
 [356.           0.53400004   0.09149966]
 [357.           0.53375      0.09107435]
 [358.           0.53325003   0.09065992]
 [359.           0.53325003   0.09065992]
 [360.           0.533        0.09067285]
 [361.           0.53325003   0.09038375]
 [362.           0.5335       0.09036992]
 [363.           0.533        0.09040103]
 [364.           0.53225005   0.0904736 ]
 [365.           0.53225005   0.0904736 ]
 [366.           0.532        0.09050468]
 [367.           0.532        0.09050468]
 [368.           0.53175      0.0905392 ]
 [369.           0.53150004   0.09057716]
 [370.           0.532        0.09050468]
 [371.           0.53225005   0.0904736 ]
 [372.           0.532        0.09077619]
 [373.           0.5325       0.09117722]
 [374.           0.53325003   0.09111551]
 [375.           0.5335       0.09110179]
 [376.           0.53375      0.09109151]
 [377.           0.53375      0.09109151]
 [378.           0.53375      0.09109151]
 [379.           0.5335       0.09066768]
 [380.           0.5335       0.09091294]
 [381.           0.5335       0.09091294]
 [382.           0.533        0.09006336]
 [383.           0.53325003   0.09048741]
 [384.           0.5335       0.09066768]
 [385.           0.53375      0.09085102]
 [386.           0.53375      0.09085102]
 [387.           0.53375      0.09085102]
 [388.           0.53375      0.09085102]
 [389.           0.5335       0.09116177]
 [390.           0.5335       0.09116177]
 [391.           0.5335       0.09116177]
 [392.           0.5335       0.09116177]
 [393.           0.53325003   0.09097821]
 [394.           0.53325003   0.09079339]
 [395.           0.5335       0.09048222]
 [396.           0.5335       0.09048222]
 [397.           0.5335       0.09048222]
 [398.           0.53375      0.0904805 ]
 [399.           0.53400004   0.09048223]
 [400.           0.53400004   0.09048223]]
Dataset       :Photo
Model         :Cheby
Conden ratio  :0.5
GC            :1
LearnA        :0
Max Test Accuracy:
0.66125
Best Result: Epoch   Acc  Std.
               302 0.5355  0.0927
