Set seed
Model SAGE
--------------------------------------------------
The 1th iteration:
--------------------------------------------------
--------------------------------------------------
The 2th iteration:
--------------------------------------------------
--------------------------------------------------
The 3th iteration:
--------------------------------------------------
--------------------------------------------------
The 4th iteration:
--------------------------------------------------
--------------------------------------------------
The 5th iteration:
--------------------------------------------------
[[  1.           0.15475      0.03418013]
 [  2.           0.13825      0.02474242]
 [  3.           0.13975      0.02743458]
 [  4.           0.12674999   0.00111803]
 [  5.           0.1265       0.0016298 ]
 [  6.           0.1265       0.00104582]
 [  7.           0.126        0.00104582]
 [  8.           0.126        0.00104582]
 [  9.           0.1265       0.0016298 ]
 [ 10.           0.12975      0.00379144]
 [ 11.           0.13425      0.003812  ]
 [ 12.           0.13875      0.00643477]
 [ 13.           0.14475      0.01589516]
 [ 14.           0.153        0.02707917]
 [ 15.           0.15825002   0.02808469]
 [ 16.           0.17075      0.03736015]
 [ 17.           0.179        0.03884465]
 [ 18.           0.17999999   0.03711258]
 [ 19.           0.19         0.04349928]
 [ 20.           0.19974999   0.04072967]
 [ 21.           0.21599999   0.04336798]
 [ 22.           0.22500001   0.04602139]
 [ 23.           0.2675       0.07622437]
 [ 24.           0.28725      0.08192222]
 [ 25.           0.31125003   0.08455306]
 [ 26.           0.3255       0.08466201]
 [ 27.           0.33975002   0.07117539]
 [ 28.           0.35675      0.05760589]
 [ 29.           0.37774998   0.04343997]
 [ 30.           0.38925      0.04589901]
 [ 31.           0.40124997   0.05335611]
 [ 32.           0.4055       0.05594779]
 [ 33.           0.40774998   0.05740753]
 [ 34.           0.41300002   0.06023133]
 [ 35.           0.41950002   0.0509028 ]
 [ 36.           0.41875002   0.05522681]
 [ 37.           0.41599998   0.05922282]
 [ 38.           0.4155       0.06426021]
 [ 39.           0.4145       0.06173027]
 [ 40.           0.41125003   0.06364576]
 [ 41.           0.4245       0.05494742]
 [ 42.           0.40699998   0.07008142]
 [ 43.           0.43025002   0.05471088]
 [ 44.           0.4145       0.06439987]
 [ 45.           0.41275      0.0650024 ]
 [ 46.           0.42075      0.06871933]
 [ 47.           0.42150003   0.06006767]
 [ 48.           0.41         0.06898256]
 [ 49.           0.424        0.06468916]
 [ 50.           0.40925      0.06976859]
 [ 51.           0.42075005   0.06387608]
 [ 52.           0.41350004   0.06678089]
 [ 53.           0.414        0.06389324]
 [ 54.           0.421        0.06230845]
 [ 55.           0.40850002   0.06412513]
 [ 56.           0.41375      0.0629608 ]
 [ 57.           0.4165       0.06033371]
 [ 58.           0.41275      0.06803837]
 [ 59.           0.4125       0.06443869]
 [ 60.           0.419        0.06138631]
 [ 61.           0.41875002   0.0633011 ]
 [ 62.           0.41974998   0.06295086]
 [ 63.           0.421        0.06268349]
 [ 64.           0.42         0.06564582]
 [ 65.           0.41850004   0.06670482]
 [ 66.           0.4265       0.06299432]
 [ 67.           0.42125002   0.06735517]
 [ 68.           0.4185       0.06677507]
 [ 69.           0.4295       0.06074794]
 [ 70.           0.42725      0.06519444]
 [ 71.           0.421        0.06352533]
 [ 72.           0.42425004   0.06424197]
 [ 73.           0.42799997   0.06330482]
 [ 74.           0.42025      0.05959106]
 [ 75.           0.42200002   0.06622997]
 [ 76.           0.43175003   0.06434526]
 [ 77.           0.422        0.05971678]
 [ 78.           0.42025      0.06108012]
 [ 79.           0.42975003   0.06048891]
 [ 80.           0.42575      0.06371079]
 [ 81.           0.424        0.06106733]
 [ 82.           0.42725      0.0579426 ]
 [ 83.           0.42600003   0.06050828]
 [ 84.           0.42775002   0.06494229]
 [ 85.           0.42624998   0.06067975]
 [ 86.           0.42725      0.0587327 ]
 [ 87.           0.42725      0.06149441]
 [ 88.           0.42800003   0.06239115]
 [ 89.           0.43025      0.05702521]
 [ 90.           0.42875004   0.05820225]
 [ 91.           0.42749998   0.06322701]
 [ 92.           0.43275005   0.0587992 ]
 [ 93.           0.42624998   0.06244374]
 [ 94.           0.4295       0.0580046 ]
 [ 95.           0.42575      0.06655356]
 [ 96.           0.43675002   0.0556538 ]
 [ 97.           0.41949996   0.06505768]
 [ 98.           0.43475      0.05452494]
 [ 99.           0.42825004   0.06098541]
 [100.           0.42424998   0.06432704]
 [101.           0.43275      0.05655058]
 [102.           0.42525002   0.06244625]
 [103.           0.42825004   0.06127296]
 [104.           0.43249997   0.06036348]
 [105.           0.42375      0.06299181]
 [106.           0.43325      0.05655887]
 [107.           0.4265       0.06283286]
 [108.           0.43475      0.05867282]
 [109.           0.43175003   0.0589531 ]
 [110.           0.43074998   0.05903257]
 [111.           0.43824998   0.05718393]
 [112.           0.4275       0.06342442]
 [113.           0.43475      0.05610677]
 [114.           0.43050003   0.06169862]
 [115.           0.43275      0.06105455]
 [116.           0.43325      0.05842064]
 [117.           0.42974997   0.06074023]
 [118.           0.43350002   0.06122067]
 [119.           0.42775002   0.06282043]
 [120.           0.43175003   0.06057408]
 [121.           0.43025      0.06253374]
 [122.           0.43225002   0.06152619]
 [123.           0.43175003   0.06170493]
 [124.           0.43125      0.06267475]
 [125.           0.43125      0.06207984]
 [126.           0.4305       0.06198287]
 [127.           0.4285       0.0645017 ]
 [128.           0.43175003   0.06298934]
 [129.           0.43199998   0.06232851]
 [130.           0.4285       0.06545157]
 [131.           0.43475      0.06204459]
 [132.           0.42700002   0.06601728]
 [133.           0.43125      0.06265606]
 [134.           0.43074998   0.06264108]
 [135.           0.42775002   0.06689193]
 [136.           0.433        0.06070291]
 [137.           0.43249997   0.06572908]
 [138.           0.4265       0.06539186]
 [139.           0.43875      0.06417748]
 [140.           0.42925      0.06237238]
 [141.           0.43025      0.06818748]
 [142.           0.43400002   0.06334061]
 [143.           0.43800002   0.05946769]
 [144.           0.4285       0.07147661]
 [145.           0.4385       0.06160231]
 [146.           0.43925      0.06237863]
 [147.           0.44224998   0.06539185]
 [148.           0.43125      0.06736676]
 [149.           0.44274998   0.06378308]
 [150.           0.43350002   0.06416167]
 [151.           0.43999997   0.06523395]
 [152.           0.4285       0.07033625]
 [153.           0.4395       0.06035443]
 [154.           0.43825004   0.06410197]
 [155.           0.429        0.06806134]
 [156.           0.43450004   0.063311  ]
 [157.           0.43625003   0.06533568]
 [158.           0.43074998   0.06575643]
 [159.           0.43725      0.06582054]
 [160.           0.43325      0.06557796]
 [161.           0.437        0.06099822]
 [162.           0.437        0.07049269]
 [163.           0.43424997   0.06310085]
 [164.           0.437        0.06372304]
 [165.           0.4375       0.06492184]
 [166.           0.43775      0.06270841]
 [167.           0.435        0.0656637 ]
 [168.           0.4415       0.06089438]
 [169.           0.43525      0.06662276]
 [170.           0.43649998   0.06369729]
 [171.           0.43925      0.064041  ]
 [172.           0.43649998   0.06336527]
 [173.           0.43475      0.06347614]
 [174.           0.43475      0.06463479]
 [175.           0.43824998   0.0614194 ]
 [176.           0.43400002   0.06424685]
 [177.           0.43599996   0.06332827]
 [178.           0.4355       0.06202696]
 [179.           0.43625003   0.06275573]
 [180.           0.43824998   0.0645937 ]
 [181.           0.43500003   0.06176443]
 [182.           0.44099998   0.06364206]
 [183.           0.4355       0.06426021]
 [184.           0.43650004   0.06277688]
 [185.           0.4405       0.0610686 ]
 [186.           0.43425003   0.06363716]
 [187.           0.43825004   0.0616226 ]
 [188.           0.4385       0.06311819]
 [189.           0.43800002   0.06116449]
 [190.           0.43800002   0.06413244]
 [191.           0.43850002   0.06089438]
 [192.           0.43850002   0.06160863]
 [193.           0.43775      0.06200051]
 [194.           0.442        0.06019888]
 [195.           0.437        0.06251626]
 [196.           0.44399998   0.06034017]
 [197.           0.43775      0.06267101]
 [198.           0.4435       0.06040488]
 [199.           0.4405       0.06102383]
 [200.           0.44274998   0.06023004]
 [201.           0.44274998   0.06020407]
 [202.           0.44175002   0.06217791]
 [203.           0.4435       0.05941379]
 [204.           0.44325      0.06183774]
 [205.           0.44675      0.05974293]
 [206.           0.4435       0.06064369]
 [207.           0.44875002   0.0609367 ]
 [208.           0.44575      0.06079294]
 [209.           0.4495       0.06026375]
 [210.           0.44700003   0.06139396]
 [211.           0.44975      0.0592492 ]
 [212.           0.44775      0.06050827]
 [213.           0.45125005   0.05981744]
 [214.           0.44775      0.05769262]
 [215.           0.45175      0.06062565]
 [216.           0.44849998   0.05675743]
 [217.           0.45299998   0.06282789]
 [218.           0.455        0.05819551]
 [219.           0.44650003   0.06189331]
 [220.           0.45625      0.0591542 ]
 [221.           0.4505       0.0606063 ]
 [222.           0.4535       0.06006116]
 [223.           0.45375004   0.05925976]
 [224.           0.45375004   0.06253124]
 [225.           0.45325002   0.05918457]
 [226.           0.454        0.06157693]
 [227.           0.45425007   0.06240994]
 [228.           0.455        0.06105198]
 [229.           0.45550004   0.0647266 ]
 [230.           0.45749998   0.05654091]
 [231.           0.45425      0.07069742]
 [232.           0.4585       0.06059214]
 [233.           0.46100003   0.06179224]
 [234.           0.45649996   0.06453802]
 [235.           0.46449995   0.05979522]
 [236.           0.45550004   0.06766532]
 [237.           0.45924997   0.06436346]
 [238.           0.45575      0.06066429]
 [239.           0.45749998   0.06934402]
 [240.           0.45675      0.0620962 ]
 [241.           0.45775      0.06402757]
 [242.           0.45525      0.06688026]
 [243.           0.458        0.06280924]
 [244.           0.45650002   0.06446535]
 [245.           0.45924997   0.06559584]
 [246.           0.45625      0.06331963]
 [247.           0.46275002   0.06412512]
 [248.           0.45575      0.06353887]
 [249.           0.45975      0.06378307]
 [250.           0.45650002   0.06391767]
 [251.           0.45749998   0.06497595]
 [252.           0.45825002   0.06104301]
 [253.           0.45675      0.06618866]
 [254.           0.45700002   0.0604579 ]
 [255.           0.45650002   0.06515247]
 [256.           0.4585       0.06277688]
 [257.           0.45900002   0.06313056]
 [258.           0.45725003   0.06396043]
 [259.           0.458        0.06186301]
 [260.           0.45775005   0.06266478]
 [261.           0.46         0.06087257]
 [262.           0.45475003   0.06516445]
 [263.           0.45575      0.06163527]
 [264.           0.45749998   0.06411051]
 [265.           0.45474997   0.06074023]
 [266.           0.45825002   0.06272833]
 [267.           0.45450002   0.0624162 ]
 [268.           0.4585       0.06119514]
 [269.           0.45775005   0.06507449]
 [270.           0.458        0.05920435]
 [271.           0.45725003   0.06573147]
 [272.           0.45950004   0.05851416]
 [273.           0.4535       0.06629952]
 [274.           0.46075      0.05774135]
 [275.           0.45425      0.06516565]
 [276.           0.45949998   0.0590458 ]
 [277.           0.46025      0.06360523]
 [278.           0.45650002   0.06157694]
 [279.           0.46275002   0.06162132]
 [280.           0.45749998   0.06413486]
 [281.           0.4625       0.05848345]
 [282.           0.45825002   0.06394335]
 [283.           0.46175      0.0590458 ]
 [284.           0.45775      0.06546349]
 [285.           0.46300003   0.05781572]
 [286.           0.45825002   0.06600545]
 [287.           0.46175003   0.05924394]
 [288.           0.4615       0.06293225]
 [289.           0.46075      0.06094055]
 [290.           0.46325      0.06085716]
 [291.           0.45975      0.0627084 ]
 [292.           0.46499997   0.06088539]
 [293.           0.46175      0.06507569]
 [294.           0.46575004   0.0597364 ]
 [295.           0.46374997   0.06357204]
 [296.           0.467        0.06059987]
 [297.           0.4665       0.06300049]
 [298.           0.46825      0.063348  ]
 [299.           0.46549997   0.0622156 ]
 [300.           0.468        0.06265979]
 [301.           0.465        0.06437197]
 [302.           0.46800002   0.06145756]
 [303.           0.46475002   0.06729947]
 [304.           0.46975002   0.05985269]
 [305.           0.46324998   0.06803378]
 [306.           0.47         0.06017552]
 [307.           0.46625003   0.06439018]
 [308.           0.46750003   0.06468674]
 [309.           0.46625003   0.0613456 ]
 [310.           0.46374997   0.06307857]
 [311.           0.469        0.06257745]
 [312.           0.45975      0.06175429]
 [313.           0.46950004   0.06361875]
 [314.           0.46400005   0.06035313]
 [315.           0.46774998   0.06536197]
 [316.           0.47125003   0.0599088 ]
 [317.           0.45975      0.06688027]
 [318.           0.47024998   0.05748233]
 [319.           0.46425      0.0682516 ]
 [320.           0.46575004   0.05870077]
 [321.           0.46575004   0.06764222]
 [322.           0.464        0.06451381]
 [323.           0.467        0.06291488]
 [324.           0.467        0.06867383]
 [325.           0.46425      0.05847409]
 [326.           0.46475002   0.07030848]
 [327.           0.47025004   0.06102894]
 [328.           0.4605       0.0670331 ]
 [329.           0.46625003   0.06276195]
 [330.           0.46750003   0.06865904]
 [331.           0.46225      0.06531416]
 [332.           0.46275002   0.06176062]
 [333.           0.46450004   0.06962287]
 [334.           0.46425      0.06517765]
 [335.           0.46199998   0.06749769]
 [336.           0.4585       0.06814162]
 [337.           0.4665       0.0657968 ]
 [338.           0.46225005   0.06324186]
 [339.           0.45900002   0.06943635]
 [340.           0.46350002   0.06657586]
 [341.           0.46025      0.0671891 ]
 [342.           0.46075      0.06976298]
 [343.           0.46150002   0.0663643 ]
 [344.           0.4625       0.06971483]
 [345.           0.46425      0.06595217]
 [346.           0.45725003   0.06972266]
 [347.           0.4625       0.06502404]
 [348.           0.466        0.06565417]
 [349.           0.46025      0.06462272]
 [350.           0.46300003   0.06551836]
 [351.           0.46475002   0.06625826]
 [352.           0.46374997   0.06395189]
 [353.           0.46175      0.06639489]
 [354.           0.46499997   0.06351674]
 [355.           0.46325      0.0637598 ]
 [356.           0.4625       0.06873864]
 [357.           0.46300003   0.06285897]
 [358.           0.46725002   0.06330975]
 [359.           0.46300003   0.06917257]
 [360.           0.46350002   0.06227082]
 [361.           0.46725002   0.06255873]
 [362.           0.46300003   0.06517765]
 [363.           0.46525002   0.06183016]
 [364.           0.466        0.06323567]
 [365.           0.46100003   0.06528424]
 [366.           0.46950004   0.06159724]
 [367.           0.4605       0.06323691]
 [368.           0.46825      0.06546469]
 [369.           0.46400005   0.06134176]
 [370.           0.46675006   0.06461786]
 [371.           0.46625      0.06271836]
 [372.           0.467        0.06272835]
 [373.           0.46724996   0.06341456]
 [374.           0.4645       0.06399829]
 [375.           0.46750003   0.06106477]
 [376.           0.46549997   0.06483512]
 [377.           0.4665       0.06198159]
 [378.           0.46575004   0.06349581]
 [379.           0.46475002   0.06436226]
 [380.           0.46574998   0.06051601]
 [381.           0.466        0.06264608]
 [382.           0.46625003   0.06002604]
 [383.           0.46575004   0.06432704]
 [384.           0.46549997   0.06155916]
 [385.           0.46549997   0.0609982 ]
 [386.           0.46499997   0.06152997]
 [387.           0.46425      0.06193872]
 [388.           0.46575004   0.06015995]
 [389.           0.46774998   0.0633899 ]
 [390.           0.46525002   0.06273331]
 [391.           0.46850005   0.06183016]
 [392.           0.46350002   0.06092002]
 [393.           0.4685       0.06277066]
 [394.           0.46350002   0.06145629]
 [395.           0.467        0.06399829]
 [396.           0.46774998   0.06104813]
 [397.           0.46525002   0.06348843]
 [398.           0.46800002   0.06170495]
 [399.           0.465        0.06037642]
 [400.           0.46875      0.06415314]]
Dataset       :Photo
Model         :SAGE
Conden ratio  :0.25
GC            :5
LearnA        :1
Max Test Accuracy:
0.55125
Best Result: Epoch   Acc  Std.
               316 0.4713  0.0599
