Set seed
Model SGC
--------------------------------------------------
The 1th iteration:
--------------------------------------------------
--------------------------------------------------
The 2th iteration:
--------------------------------------------------
--------------------------------------------------
The 3th iteration:
--------------------------------------------------
--------------------------------------------------
The 4th iteration:
--------------------------------------------------
--------------------------------------------------
The 5th iteration:
--------------------------------------------------
[[  1.           0.16025      0.0781545 ]
 [  2.           0.12674999   0.00676618]
 [  3.           0.1135       0.02511536]
 [  4.           0.11724999   0.02037538]
 [  5.           0.149        0.03660815]
 [  6.           0.1535       0.02810972]
 [  7.           0.17325      0.04681746]
 [  8.           0.19525      0.08250663]
 [  9.           0.19275      0.08347155]
 [ 10.           0.18575      0.05961202]
 [ 11.           0.17925      0.05175514]
 [ 12.           0.18225001   0.05064737]
 [ 13.           0.20300002   0.0388567 ]
 [ 14.           0.20574999   0.02924306]
 [ 15.           0.22049999   0.01842637]
 [ 16.           0.23550001   0.01621632]
 [ 17.           0.26075003   0.02369401]
 [ 18.           0.29025      0.04139558]
 [ 19.           0.28425002   0.04611128]
 [ 20.           0.266        0.04747861]
 [ 21.           0.25275      0.04385166]
 [ 22.           0.24775      0.02723451]
 [ 23.           0.251        0.03470186]
 [ 24.           0.2545       0.03539509]
 [ 25.           0.26275      0.04308785]
 [ 26.           0.27125      0.03960745]
 [ 27.           0.2815       0.03145433]
 [ 28.           0.28225      0.0182731 ]
 [ 29.           0.26925      0.027108  ]
 [ 30.           0.26775      0.03694802]
 [ 31.           0.27075002   0.04715832]
 [ 32.           0.2875       0.05306984]
 [ 33.           0.29749998   0.05238081]
 [ 34.           0.30550003   0.05105603]
 [ 35.           0.30500004   0.04332833]
 [ 36.           0.3          0.03061861]
 [ 37.           0.3005       0.03085501]
 [ 38.           0.3015       0.03688455]
 [ 39.           0.30025002   0.04566692]
 [ 40.           0.30499998   0.05028046]
 [ 41.           0.30975002   0.04622804]
 [ 42.           0.30975      0.04403834]
 [ 43.           0.30574998   0.03966265]
 [ 44.           0.304        0.03583163]
 [ 45.           0.30275      0.03278004]
 [ 46.           0.301        0.03203271]
 [ 47.           0.30500004   0.0340496 ]
 [ 48.           0.31025      0.03559099]
 [ 49.           0.31500003   0.03849716]
 [ 50.           0.31500003   0.03861872]
 [ 51.           0.31025      0.03735807]
 [ 52.           0.30825      0.03808502]
 [ 53.           0.30875      0.03969611]
 [ 54.           0.3095       0.03986892]
 [ 55.           0.31100002   0.04139557]
 [ 56.           0.31325004   0.04305337]
 [ 57.           0.3155       0.046018  ]
 [ 58.           0.31425      0.0469258 ]
 [ 59.           0.31399998   0.04971324]
 [ 60.           0.31300002   0.05149788]
 [ 61.           0.31475002   0.0539053 ]
 [ 62.           0.31825      0.0556608 ]
 [ 63.           0.322        0.05930324]
 [ 64.           0.324        0.06023002]
 [ 65.           0.32425      0.0602378 ]
 [ 66.           0.32475004   0.06344535]
 [ 67.           0.32825002   0.06651831]
 [ 68.           0.33049998   0.06784978]
 [ 69.           0.3335       0.07048049]
 [ 70.           0.33574998   0.07059236]
 [ 71.           0.33775002   0.06822755]
 [ 72.           0.33975002   0.06841625]
 [ 73.           0.3385       0.06913755]
 [ 74.           0.3375       0.06850525]
 [ 75.           0.337        0.07122039]
 [ 76.           0.33874997   0.07185598]
 [ 77.           0.339        0.06888284]
 [ 78.           0.34025      0.06703777]
 [ 79.           0.33925      0.06323691]
 [ 80.           0.33975      0.06153886]
 [ 81.           0.3405       0.05763978]
 [ 82.           0.34325      0.05415257]
 [ 83.           0.34450004   0.05306689]
 [ 84.           0.3475       0.05426354]
 [ 85.           0.34825      0.05405148]
 [ 86.           0.35         0.05615965]
 [ 87.           0.35375002   0.05783868]
 [ 88.           0.35825      0.0632863 ]
 [ 89.           0.36525      0.06683352]
 [ 90.           0.3665       0.06797518]
 [ 91.           0.37         0.06955215]
 [ 92.           0.37275      0.07199393]
 [ 93.           0.37600002   0.07246982]
 [ 94.           0.37775      0.07403757]
 [ 95.           0.38         0.0745874 ]
 [ 96.           0.38325      0.07608897]
 [ 97.           0.386        0.07558315]
 [ 98.           0.38875002   0.07569986]
 [ 99.           0.3925       0.07628073]
 [100.           0.39425      0.07860403]
 [101.           0.39675      0.07844485]
 [102.           0.40025002   0.07585657]
 [103.           0.40225002   0.0781695 ]
 [104.           0.40500003   0.07740417]
 [105.           0.411        0.07514779]
 [106.           0.41275      0.07656392]
 [107.           0.41425      0.07560486]
 [108.           0.41725      0.07535023]
 [109.           0.4205       0.07449622]
 [110.           0.42425004   0.07298116]
 [111.           0.42725      0.07097205]
 [112.           0.42925      0.07141756]
 [113.           0.43149996   0.06893386]
 [114.           0.43400002   0.06820466]
 [115.           0.43775      0.06923354]
 [116.           0.4415       0.06961052]
 [117.           0.44399998   0.06942509]
 [118.           0.44475004   0.07072946]
 [119.           0.44900003   0.0707405 ]
 [120.           0.45299998   0.07073056]
 [121.           0.45575      0.07090157]
 [122.           0.45675      0.0736684 ]
 [123.           0.45900002   0.07578959]
 [124.           0.46199998   0.07551696]
 [125.           0.465        0.07535335]
 [126.           0.46750003   0.07455599]
 [127.           0.47100002   0.07428514]
 [128.           0.47600004   0.07358244]
 [129.           0.478        0.07489367]
 [130.           0.47925      0.07521635]
 [131.           0.48024997   0.0756193 ]
 [132.           0.48175      0.07548074]
 [133.           0.483        0.07638614]
 [134.           0.4835       0.07604172]
 [135.           0.48525      0.07526723]
 [136.           0.48674998   0.07423358]
 [137.           0.487        0.07423884]
 [138.           0.4875       0.0729619 ]
 [139.           0.49224997   0.07144929]
 [140.           0.49250004   0.0704672 ]
 [141.           0.49324998   0.07078026]
 [142.           0.49425003   0.07345598]
 [143.           0.49725      0.07369384]
 [144.           0.4995       0.0750708 ]
 [145.           0.50100005   0.07651798]
 [146.           0.50225      0.07629815]
 [147.           0.50375      0.07518207]
 [148.           0.50500005   0.07706025]
 [149.           0.5075       0.07752519]
 [150.           0.509        0.07917249]
 [151.           0.5115       0.07948761]
 [152.           0.51325      0.07894619]
 [153.           0.5145001    0.07878768]
 [154.           0.51525      0.08104493]
 [155.           0.51625      0.08068553]
 [156.           0.51625      0.08131728]
 [157.           0.51774997   0.08121826]
 [158.           0.519        0.0805809 ]
 [159.           0.52075      0.07900554]
 [160.           0.52175003   0.07837012]
 [161.           0.522        0.07819546]
 [162.           0.52325004   0.0779954 ]
 [163.           0.524        0.07807948]
 [164.           0.5255       0.07631452]
 [165.           0.52775      0.07534505]
 [166.           0.52825004   0.07568233]
 [167.           0.5295       0.07452242]
 [168.           0.53125      0.07460836]
 [169.           0.53325      0.07276138]
 [170.           0.53425      0.07101716]
 [171.           0.53425      0.06942622]
 [172.           0.5365       0.06838197]
 [173.           0.537        0.06714955]
 [174.           0.5375       0.06773686]
 [175.           0.53824997   0.06741661]
 [176.           0.53875      0.06677271]
 [177.           0.53975004   0.06510448]
 [178.           0.54074997   0.06373528]
 [179.           0.54150003   0.06368501]
 [180.           0.54174995   0.0625225 ]
 [181.           0.542        0.06096618]
 [182.           0.54300004   0.06070936]
 [183.           0.54275      0.05973509]
 [184.           0.54425      0.06023781]
 [185.           0.5455       0.05968405]
 [186.           0.54625005   0.05947032]
 [187.           0.54675      0.06081862]
 [188.           0.5465       0.06048889]
 [189.           0.5465       0.06169102]
 [190.           0.5475001    0.0615744 ]
 [191.           0.5485       0.06111849]
 [192.           0.5495       0.06169228]
 [193.           0.55025      0.06085589]
 [194.           0.55074996   0.06047728]
 [195.           0.5515       0.05922284]
 [196.           0.552        0.05866084]
 [197.           0.5525       0.05810148]
 [198.           0.55225      0.05741433]
 [199.           0.55325      0.05830012]
 [200.           0.55325      0.05830012]
 [201.           0.554        0.05823845]
 [202.           0.5535       0.05898489]
 [203.           0.55300003   0.05954646]
 [204.           0.55450004   0.06047081]
 [205.           0.555        0.06132011]
 [206.           0.555        0.06091746]
 [207.           0.55575      0.06090849]
 [208.           0.55575      0.06021187]
 [209.           0.55625004   0.05896901]
 [210.           0.55625004   0.05904844]
 [211.           0.5555       0.05978216]
 [212.           0.55575      0.06012097]
 [213.           0.55625004   0.06038289]
 [214.           0.558        0.06113894]
 [215.           0.55824995   0.06148299]
 [216.           0.5587501    0.06264359]
 [217.           0.55875003   0.06337512]
 [218.           0.559        0.06372795]
 [219.           0.5587501    0.06367642]
 [220.           0.5587501    0.06420184]
 [221.           0.56025      0.06479775]
 [222.           0.55975      0.06432583]
 [223.           0.56000006   0.06404953]
 [224.           0.56000006   0.06404953]
 [225.           0.56125003   0.0643416 ]
 [226.           0.56175005   0.06443019]
 [227.           0.5615       0.06414947]
 [228.           0.5615       0.06406416]
 [229.           0.56175005   0.06370462]
 [230.           0.5615       0.06381368]
 [231.           0.5615       0.06437439]
 [232.           0.5615       0.06437439]
 [233.           0.56225      0.06421034]
 [234.           0.56225      0.06421034]
 [235.           0.56225      0.06483994]
 [236.           0.5625       0.06515007]
 [237.           0.56325      0.06601728]
 [238.           0.56325      0.06601728]
 [239.           0.56374997   0.06532969]
 [240.           0.56425      0.06537511]
 [241.           0.5645       0.06503964]
 [242.           0.56475      0.06542768]
 [243.           0.56475      0.06491219]
 [244.           0.565        0.06418356]
 [245.           0.56549996   0.06364942]
 [246.           0.566        0.06370954]
 [247.           0.56675      0.06371076]
 [248.           0.5665       0.06390543]
 [249.           0.56700003   0.06397387]
 [250.           0.56700003   0.06457553]
 [251.           0.56724995   0.0648339 ]
 [252.           0.56724995   0.06471932]
 [253.           0.56725      0.06486403]
 [254.           0.56750005   0.06526985]
 [255.           0.56750005   0.06588934]
 [256.           0.56750005   0.06605512]
 [257.           0.56750005   0.06605512]
 [258.           0.56775      0.06637606]
 [259.           0.56775      0.06701448]
 [260.           0.56775      0.06701448]
 [261.           0.568        0.06671184]
 [262.           0.5685       0.06683352]
 [263.           0.56875      0.06673175]
 [264.           0.56875      0.06667318]
 [265.           0.56875      0.06673175]
 [266.           0.569        0.06644078]
 [267.           0.5685       0.06681015]
 [268.           0.568        0.06702729]
 [269.           0.568        0.06702729]
 [270.           0.568        0.06702729]
 [271.           0.568        0.06681716]
 [272.           0.56775004   0.06705524]
 [273.           0.56750005   0.06683119]
 [274.           0.568        0.06635959]
 [275.           0.56825      0.06612963]
 [276.           0.56850004   0.06579681]
 [277.           0.56825006   0.06600545]
 [278.           0.568        0.06602912]
 [279.           0.568        0.06602912]
 [280.           0.56825      0.0658692 ]
 [281.           0.568        0.06612372]
 [282.           0.56825      0.0658692 ]
 [283.           0.56825      0.0658692 ]
 [284.           0.568        0.06612962]
 [285.           0.568        0.06612962]
 [286.           0.56825      0.06588106]
 [287.           0.5685       0.06561846]
 [288.           0.568        0.06496152]
 [289.           0.568        0.06496152]
 [290.           0.56825      0.06471451]
 [291.           0.569        0.06441685]
 [292.           0.5695       0.0643938 ]
 [293.           0.5695       0.0643938 ]
 [294.           0.57000005   0.06389077]
 [295.           0.57         0.0635106 ]
 [296.           0.57025003   0.06335911]
 [297.           0.5695       0.06344657]
 [298.           0.5695       0.06344657]
 [299.           0.57025003   0.06270839]
 [300.           0.5705       0.06245374]
 [301.           0.57124996   0.06217416]
 [302.           0.57124996   0.06217416]
 [303.           0.57124996   0.06217416]
 [304.           0.57124996   0.06217416]
 [305.           0.5715       0.06193117]
 [306.           0.5715       0.06193117]
 [307.           0.57175      0.0616226 ]
 [308.           0.57074994   0.06201438]
 [309.           0.5705       0.06157189]
 [310.           0.57075      0.06138763]
 [311.           0.57100004   0.06120791]
 [312.           0.57075      0.06099183]
 [313.           0.57100004   0.06081737]
 [314.           0.57100004   0.06081737]
 [315.           0.57125      0.06064756]
 [316.           0.5715       0.06039842]
 [317.           0.572        0.05991271]
 [318.           0.57225      0.05967624]
 [319.           0.57325      0.05941513]
 [320.           0.57374996   0.05892926]
 [321.           0.5735       0.05847945]
 [322.           0.57374996   0.05824252]
 [323.           0.57375      0.05820225]
 [324.           0.57350004   0.05843934]
 [325.           0.57325      0.05799109]
 [326.           0.57350004   0.05775352]
 [327.           0.57325      0.05754482]
 [328.           0.573        0.05777517]
 [329.           0.57325      0.05730673]
 [330.           0.573        0.05753803]
 [331.           0.57275003   0.05773323]
 [332.           0.57275003   0.05773323]
 [333.           0.573        0.05683447]
 [334.           0.573        0.05617078]
 [335.           0.5735       0.05615547]
 [336.           0.5735       0.05549774]
 [337.           0.5735       0.05549774]
 [338.           0.573        0.05548505]
 [339.           0.573        0.05548505]
 [340.           0.573        0.05548505]
 [341.           0.573        0.05570988]
 [342.           0.573        0.05570988]
 [343.           0.57275003   0.05549772]
 [344.           0.57250005   0.05504967]
 [345.           0.57250005   0.05504967]
 [346.           0.57250005   0.05439294]
 [347.           0.57275003   0.05461082]
 [348.           0.573        0.05440442]
 [349.           0.57325      0.05420301]
 [350.           0.57375      0.0537645 ]
 [351.           0.57375      0.0537645 ]
 [352.           0.57375      0.0537645 ]
 [353.           0.57400006   0.05354173]
 [354.           0.5735001    0.05354901]
 [355.           0.5735001    0.05354901]
 [356.           0.57325      0.05333851]
 [357.           0.57350004   0.0531169 ]
 [358.           0.57350004   0.0531169 ]
 [359.           0.57325      0.05291206]
 [360.           0.57325      0.05316983]
 [361.           0.57350004   0.05295486]
 [362.           0.57425004   0.05234053]
 [363.           0.575        0.05208167]
 [364.           0.575        0.05208167]
 [365.           0.57475007   0.05228677]
 [366.           0.5752501    0.05188177]
 [367.           0.5752501    0.05188177]
 [368.           0.57475007   0.05188929]
 [369.           0.57425004   0.05123932]
 [370.           0.5745       0.05104072]
 [371.           0.57475      0.05084749]
 [372.           0.57525      0.05110803]
 [373.           0.5755       0.05157366]
 [374.           0.57575005   0.05138395]
 [375.           0.5755       0.05091811]
 [376.           0.57525      0.05045416]
 [377.           0.5755       0.04954951]
 [378.           0.57525      0.04908853]
 [379.           0.57525      0.04912036]
 [380.           0.57525      0.04912036]
 [381.           0.575        0.04893392]
 [382.           0.575        0.04893392]
 [383.           0.57525      0.0487612 ]
 [384.           0.57525      0.0487612 ]
 [385.           0.57525      0.0487612 ]
 [386.           0.57525      0.0487612 ]
 [387.           0.5755       0.0485058 ]
 [388.           0.57475      0.04739626]
 [389.           0.57475      0.04704883]
 [390.           0.5745       0.04624663]
 [391.           0.57425      0.04607739]
 [392.           0.574        0.04630401]
 [393.           0.57425      0.04607739]
 [394.           0.5745       0.04592453]
 [395.           0.5745       0.04592453]
 [396.           0.5745       0.04592453]
 [397.           0.57425      0.0454543 ]
 [398.           0.57475      0.04508151]
 [399.           0.57475      0.04508151]
 [400.           0.57475      0.04508151]]
Dataset       :Photo
Model         :SGC
Conden ratio  :1.0
GC            :4
LearnA        :1
Max Test Accuracy:
0.66125
Best Result: Epoch   Acc  Std.
               374 0.5758  0.0514
