Set seed
Model SGC
--------------------------------------------------
The 1th iteration:
--------------------------------------------------
--------------------------------------------------
The 2th iteration:
--------------------------------------------------
--------------------------------------------------
The 3th iteration:
--------------------------------------------------
--------------------------------------------------
The 4th iteration:
--------------------------------------------------
--------------------------------------------------
The 5th iteration:
--------------------------------------------------
[[  1.           0.1495       0.07005355]
 [  2.           0.15250002   0.04514733]
 [  3.           0.1235       0.0240994 ]
 [  4.           0.142        0.02922969]
 [  5.           0.143        0.04025893]
 [  6.           0.13425      0.01929621]
 [  7.           0.127        0.00259205]
 [  8.           0.12574999   0.00111803]
 [  9.           0.12625001   0.00125   ]
 [ 10.           0.126        0.0016298 ]
 [ 11.           0.126        0.0016298 ]
 [ 12.           0.126        0.0016298 ]
 [ 13.           0.12625001   0.00125   ]
 [ 14.           0.12625001   0.00125   ]
 [ 15.           0.12674999   0.00111803]
 [ 16.           0.12674999   0.00111803]
 [ 17.           0.12625001   0.00088388]
 [ 18.           0.126        0.00055902]
 [ 19.           0.126        0.00055902]
 [ 20.           0.12674999   0.00068465]
 [ 21.           0.127        0.00068465]
 [ 22.           0.128        0.00167705]
 [ 23.           0.1285       0.00223607]
 [ 24.           0.1285       0.00223607]
 [ 25.           0.1285       0.00223607]
 [ 26.           0.12950002   0.00287772]
 [ 27.           0.12950002   0.00287772]
 [ 28.           0.12950002   0.00287772]
 [ 29.           0.12925      0.00287772]
 [ 30.           0.12975      0.00323554]
 [ 31.           0.12975      0.00323554]
 [ 32.           0.12950002   0.00337732]
 [ 33.           0.12975      0.00379144]
 [ 34.           0.131        0.00621239]
 [ 35.           0.13275      0.00993731]
 [ 36.           0.13525      0.0139866 ]
 [ 37.           0.1375       0.01660667]
 [ 38.           0.13875      0.01774384]
 [ 39.           0.1415       0.01975238]
 [ 40.           0.14475      0.02271426]
 [ 41.           0.14825001   0.02678911]
 [ 42.           0.1535       0.03117993]
 [ 43.           0.16025      0.03280386]
 [ 44.           0.16625002   0.0320522 ]
 [ 45.           0.173        0.03219326]
 [ 46.           0.17650001   0.0329583 ]
 [ 47.           0.179        0.03418013]
 [ 48.           0.18275002   0.03671469]
 [ 49.           0.18375002   0.03721769]
 [ 50.           0.18550001   0.03612695]
 [ 51.           0.18875001   0.03451676]
 [ 52.           0.1905       0.03414812]
 [ 53.           0.19175      0.03414812]
 [ 54.           0.193        0.0326032 ]
 [ 55.           0.1945       0.03384939]
 [ 56.           0.196        0.03395079]
 [ 57.           0.19825001   0.03364103]
 [ 58.           0.201        0.03116739]
 [ 59.           0.20349999   0.03048309]
 [ 60.           0.2055       0.02913599]
 [ 61.           0.20750001   0.02783882]
 [ 62.           0.20975001   0.0275766 ]
 [ 63.           0.2115       0.02756243]
 [ 64.           0.21575001   0.02642206]
 [ 65.           0.2175       0.02517129]
 [ 66.           0.22000001   0.02389757]
 [ 67.           0.2215       0.02383865]
 [ 68.           0.22350001   0.02406696]
 [ 69.           0.22500001   0.02462214]
 [ 70.           0.22525      0.02408319]
 [ 71.           0.22650002   0.02259356]
 [ 72.           0.227        0.02217826]
 [ 73.           0.22825001   0.02223103]
 [ 74.           0.229        0.02062311]
 [ 75.           0.22975002   0.01967311]
 [ 76.           0.23         0.01914174]
 [ 77.           0.23075001   0.01892832]
 [ 78.           0.23150001   0.01801475]
 [ 79.           0.23200002   0.01696964]
 [ 80.           0.23274998   0.01587057]
 [ 81.           0.23325      0.01597361]
 [ 82.           0.23625      0.01064337]
 [ 83.           0.23674999   0.00962581]
 [ 84.           0.23699999   0.00912586]
 [ 85.           0.23800002   0.00721327]
 [ 86.           0.23800002   0.00721327]
 [ 87.           0.23825      0.00676618]
 [ 88.           0.239        0.00518411]
 [ 89.           0.24000001   0.0045928 ]
 [ 90.           0.2405       0.00420194]
 [ 91.           0.24099998   0.00427566]
 [ 92.           0.24175      0.00455865]
 [ 93.           0.2415       0.00445463]
 [ 94.           0.24175      0.00447213]
 [ 95.           0.24175      0.00447213]
 [ 96.           0.24200001   0.00447214]
 [ 97.           0.24249999   0.0045928 ]
 [ 98.           0.24300002   0.00504666]
 [ 99.           0.244        0.00554809]
 [100.           0.244        0.00554809]
 [101.           0.2445       0.00504666]
 [102.           0.2445       0.00504666]
 [103.           0.24475001   0.0051082 ]
 [104.           0.246        0.00518411]
 [105.           0.24625002   0.00467707]
 [106.           0.24625002   0.00467707]
 [107.           0.24650002   0.0041833 ]
 [108.           0.24749999   0.00441942]
 [109.           0.24749999   0.00441942]
 [110.           0.24775      0.00471037]
 [111.           0.249        0.00588961]
 [112.           0.24925001   0.0062874 ]
 [113.           0.25025      0.00686932]
 [114.           0.25149998   0.00741619]
 [115.           0.252        0.00822534]
 [116.           0.25425002   0.01048064]
 [117.           0.25550002   0.0125499 ]
 [118.           0.25625      0.01360721]
 [119.           0.258        0.01429598]
 [120.           0.25974998   0.01584593]
 [121.           0.26174998   0.01692354]
 [122.           0.26250002   0.01866648]
 [123.           0.2645       0.01991387]
 [124.           0.26675      0.02160729]
 [125.           0.26975      0.02324127]
 [126.           0.272        0.02482124]
 [127.           0.27350003   0.02525495]
 [128.           0.27675      0.02793128]
 [129.           0.2775       0.02847696]
 [130.           0.27925      0.02773479]
 [131.           0.28225002   0.02835875]
 [132.           0.2845       0.02916279]
 [133.           0.28575      0.0278332 ]
 [134.           0.289        0.02997916]
 [135.           0.29025      0.03066196]
 [136.           0.2925       0.03136229]
 [137.           0.29424998   0.03163019]
 [138.           0.29700002   0.03232646]
 [139.           0.29875      0.03277528]
 [140.           0.30175      0.03353636]
 [141.           0.30325      0.03352471]
 [142.           0.30525002   0.0345439 ]
 [143.           0.307        0.03316154]
 [144.           0.30850002   0.03338226]
 [145.           0.30925      0.0335014 ]
 [146.           0.31075      0.03357129]
 [147.           0.31225      0.03428283]
 [148.           0.31325      0.03486134]
 [149.           0.31475002   0.03592962]
 [150.           0.31574997   0.03675935]
 [151.           0.316        0.03699028]
 [152.           0.3175       0.03758324]
 [153.           0.318        0.03787933]
 [154.           0.319        0.03762895]
 [155.           0.32050002   0.03750625]
 [156.           0.32175002   0.03729737]
 [157.           0.3225       0.03692264]
 [158.           0.32375      0.03773883]
 [159.           0.32375      0.03773883]
 [160.           0.3235       0.03762895]
 [161.           0.32325003   0.03745415]
 [162.           0.324        0.0379082 ]
 [163.           0.32425      0.03800288]
 [164.           0.3245       0.03796175]
 [165.           0.32475      0.03807272]
 [166.           0.3255       0.03780707]
 [167.           0.326        0.03807271]
 [168.           0.32650003   0.03834873]
 [169.           0.32775      0.0389551 ]
 [170.           0.32775      0.03821608]
 [171.           0.32825      0.03781741]
 [172.           0.32925      0.03767252]
 [173.           0.32874998   0.0373225 ]
 [174.           0.32975      0.03726385]
 [175.           0.33049998   0.03766216]
 [176.           0.331        0.03782567]
 [177.           0.33124998   0.03727014]
 [178.           0.33125      0.03730156]
 [179.           0.332        0.03761026]
 [180.           0.332        0.0369607 ]
 [181.           0.332        0.0369607 ]
 [182.           0.33249998   0.03730156]
 [183.           0.33249998   0.03721768]
 [184.           0.33275      0.03666145]
 [185.           0.33275      0.03666145]
 [186.           0.333        0.03683366]
 [187.           0.33275      0.0366721 ]
 [188.           0.333        0.03676997]
 [189.           0.33325002   0.03687605]
 [190.           0.3335       0.0370325 ]
 [191.           0.3335       0.0370325 ]
 [192.           0.33375      0.03647558]
 [193.           0.33400002   0.03599478]
 [194.           0.3335       0.03570056]
 [195.           0.334        0.0345891 ]
 [196.           0.334        0.0345891 ]
 [197.           0.33374998   0.0344261 ]
 [198.           0.33425      0.03398758]
 [199.           0.3355       0.03325563]
 [200.           0.33574998   0.03140711]
 [201.           0.33574998   0.03140711]
 [202.           0.3355       0.03128248]
 [203.           0.336        0.03081447]
 [204.           0.336        0.03017397]
 [205.           0.3365       0.02906619]
 [206.           0.3365       0.02906619]
 [207.           0.3365       0.02906619]
 [208.           0.33699998   0.02793128]
 [209.           0.33675      0.02776295]
 [210.           0.3375       0.02744312]
 [211.           0.3375       0.02744312]
 [212.           0.3375       0.02744312]
 [213.           0.33775      0.02688808]
 [214.           0.338        0.0263332 ]
 [215.           0.33824998   0.02514955]
 [216.           0.338        0.02502499]
 [217.           0.33799997   0.02440863]
 [218.           0.33775002   0.0242126 ]
 [219.           0.33775002   0.0242126 ]
 [220.           0.33799997   0.02428027]
 [221.           0.338        0.02354518]
 [222.           0.3385       0.02317393]
 [223.           0.3385       0.02317393]
 [224.           0.3385       0.02245481]
 [225.           0.3385       0.02245481]
 [226.           0.339        0.02203335]
 [227.           0.33925      0.02148037]
 [228.           0.33925      0.02148037]
 [229.           0.34         0.0210839 ]
 [230.           0.34025      0.02052817]
 [231.           0.34         0.02044427]
 [232.           0.33975002   0.02029854]
 [233.           0.3395       0.01941729]
 [234.           0.34025002   0.01775263]
 [235.           0.34025002   0.01775263]
 [236.           0.34025002   0.01775263]
 [237.           0.3405       0.01645543]
 [238.           0.3405       0.01575199]
 [239.           0.3405       0.01567741]
 [240.           0.3405       0.01567741]
 [241.           0.34100002   0.01529399]
 [242.           0.34100002   0.01529399]
 [243.           0.34125003   0.01473728]
 [244.           0.34125003   0.01473728]
 [245.           0.34125003   0.01473728]
 [246.           0.34125003   0.01473728]
 [247.           0.34125003   0.01473728]
 [248.           0.34125003   0.01473728]
 [249.           0.3415       0.01429051]
 [250.           0.34175      0.01373864]
 [251.           0.34175      0.01373864]
 [252.           0.3415       0.0136187 ]
 [253.           0.34175      0.01371017]
 [254.           0.34175      0.01371017]
 [255.           0.34175      0.01371017]
 [256.           0.34175      0.01371017]
 [257.           0.34175      0.01371017]
 [258.           0.3415       0.01358998]
 [259.           0.3415       0.01361869]
 [260.           0.34125      0.01354968]
 [261.           0.34125      0.01354968]
 [262.           0.3415       0.01378972]
 [263.           0.341        0.0135612 ]
 [264.           0.341        0.0135612 ]
 [265.           0.341        0.0135612 ]
 [266.           0.34125      0.01383496]
 [267.           0.34125      0.01383496]
 [268.           0.341        0.0135612 ]
 [269.           0.341        0.0135612 ]
 [270.           0.341        0.01297233]
 [271.           0.341        0.01297233]
 [272.           0.34125      0.01308028]
 [273.           0.3415       0.01254367]
 [274.           0.34175      0.01200911]
 [275.           0.34175      0.01200911]
 [276.           0.342        0.01213852]
 [277.           0.3415       0.0120026 ]
 [278.           0.34125      0.01202211]
 [279.           0.34125      0.01202211]
 [280.           0.3415       0.01150408]
 [281.           0.3415       0.01150408]
 [282.           0.3415       0.01150408]
 [283.           0.3415       0.01150408]
 [284.           0.3415       0.01150408]
 [285.           0.3415       0.01150408]
 [286.           0.34175      0.01164582]
 [287.           0.34175      0.01164582]
 [288.           0.34175      0.01164582]
 [289.           0.34175      0.01164582]
 [290.           0.34175      0.01164582]
 [291.           0.34175      0.01164582]
 [292.           0.34175      0.01164582]
 [293.           0.34175      0.01164582]
 [294.           0.3415       0.01150408]
 [295.           0.3415       0.01150408]
 [296.           0.3415       0.01105385]
 [297.           0.34175      0.01120128]
 [298.           0.34175      0.01120128]
 [299.           0.34175      0.01120128]
 [300.           0.34175      0.01120128]
 [301.           0.34199998   0.01133992]
 [302.           0.34125      0.01100426]
 [303.           0.34125      0.01100426]
 [304.           0.34125      0.01100426]
 [305.           0.34125      0.01100426]
 [306.           0.34100002   0.01108912]
 [307.           0.34125      0.01128467]
 [308.           0.341        0.01122915]
 [309.           0.341        0.01122915]
 [310.           0.341        0.01122915]
 [311.           0.34125      0.01128467]
 [312.           0.34125      0.01128467]
 [313.           0.34125      0.01128467]
 [314.           0.341        0.01122915]
 [315.           0.34074998   0.01091874]
 [316.           0.341        0.01122915]
 [317.           0.341        0.01122915]
 [318.           0.341        0.01122915]
 [319.           0.34125      0.01128467]
 [320.           0.34125      0.01128467]
 [321.           0.341        0.01122915]
 [322.           0.341        0.01122915]
 [323.           0.341        0.01122915]
 [324.           0.341        0.01122915]
 [325.           0.341        0.01122915]
 [326.           0.34074998   0.01120129]
 [327.           0.34049997   0.01120129]
 [328.           0.34025002   0.01098294]
 [329.           0.34025002   0.01098294]
 [330.           0.34025002   0.01098294]
 [331.           0.34025002   0.01098294]
 [332.           0.34         0.01100426]
 [333.           0.34         0.01100426]
 [334.           0.34         0.01100426]
 [335.           0.34         0.01100426]
 [336.           0.33975002   0.01105385]
 [337.           0.33975002   0.01105385]
 [338.           0.34         0.01128467]
 [339.           0.34         0.01128467]
 [340.           0.34         0.01128467]
 [341.           0.33975002   0.01136744]
 [342.           0.33975002   0.01136744]
 [343.           0.34         0.01162567]
 [344.           0.34         0.01162567]
 [345.           0.34         0.01162567]
 [346.           0.34         0.01162567]
 [347.           0.34         0.01162567]
 [348.           0.34         0.01162567]
 [349.           0.33975      0.01170604]
 [350.           0.33975      0.01170604]
 [351.           0.33949998   0.01137432]
 [352.           0.33949998   0.01137432]
 [353.           0.33949998   0.01137432]
 [354.           0.33925      0.01106092]
 [355.           0.339        0.01115936]
 [356.           0.339        0.01115936]
 [357.           0.339        0.01115936]
 [358.           0.339        0.01115936]
 [359.           0.339        0.01115936]
 [360.           0.33900002   0.01122914]
 [361.           0.33900002   0.01122914]
 [362.           0.33900002   0.01122914]
 [363.           0.33900002   0.01122914]
 [364.           0.33900002   0.01122914]
 [365.           0.33925003   0.01154474]
 [366.           0.33925003   0.01154474]
 [367.           0.33925003   0.01154474]
 [368.           0.33925      0.01204159]
 [369.           0.3395       0.01233009]
 [370.           0.3395       0.01233009]
 [371.           0.3395       0.01233009]
 [372.           0.33925      0.01251874]
 [373.           0.33925      0.01251874]
 [374.           0.33925      0.01251874]
 [375.           0.33925      0.01251874]
 [376.           0.339        0.01219631]
 [377.           0.3385       0.01263674]
 [378.           0.33800003   0.0120091 ]
 [379.           0.33800003   0.0120091 ]
 [380.           0.33800003   0.0120091 ]
 [381.           0.33775002   0.0122602 ]
 [382.           0.33775002   0.0122602 ]
 [383.           0.33775002   0.0122602 ]
 [384.           0.33775002   0.0122602 ]
 [385.           0.33775002   0.0122602 ]
 [386.           0.33775002   0.0122602 ]
 [387.           0.3375       0.01195695]
 [388.           0.3375       0.01195695]
 [389.           0.3375       0.01195695]
 [390.           0.3375       0.01195695]
 [391.           0.33725      0.0122283 ]
 [392.           0.33725      0.0122283 ]
 [393.           0.33725      0.0122283 ]
 [394.           0.33725      0.0122283 ]
 [395.           0.33725      0.0122283 ]
 [396.           0.33725      0.0122283 ]
 [397.           0.33725      0.0122283 ]
 [398.           0.33725      0.0122283 ]
 [399.           0.33725      0.0122283 ]
 [400.           0.33699998   0.01251875]]
Dataset       :Photo
Model         :SGC
Conden ratio  :0.5
GC            :3
LearnA        :0
Max Test Accuracy:
0.355
Best Result: Epoch   Acc  Std.
               276 0.3420  0.0121
