Set seed
Model GCN
--------------------------------------------------
The 1th iteration:
--------------------------------------------------
--------------------------------------------------
The 2th iteration:
--------------------------------------------------
--------------------------------------------------
The 3th iteration:
--------------------------------------------------
--------------------------------------------------
The 4th iteration:
--------------------------------------------------
--------------------------------------------------
The 5th iteration:
--------------------------------------------------
[[  1.           0.6368       0.10676704]
 [  2.           0.8252       0.04131828]
 [  3.           0.87600005   0.01854725]
 [  4.           0.8896       0.01080741]
 [  5.           0.89519995   0.00540369]
 [  6.           0.89959997   0.00572712]
 [  7.           0.90000004   0.00489898]
 [  8.           0.9004       0.00433593]
 [  9.           0.90000004   0.00447214]
 [ 10.           0.90000004   0.00424264]
 [ 11.           0.8996       0.00433589]
 [ 12.           0.90079993   0.00334665]
 [ 13.           0.9004       0.00384708]
 [ 14.           0.9012       0.00363318]
 [ 15.           0.9016       0.00357771]
 [ 16.           0.90200007   0.00374165]
 [ 17.           0.90200007   0.00374165]
 [ 18.           0.9024       0.00409879]
 [ 19.           0.90200007   0.00374165]
 [ 20.           0.90160006   0.00384708]
 [ 21.           0.90079993   0.00303314]
 [ 22.           0.9004       0.00384708]
 [ 23.           0.9004       0.00384708]
 [ 24.           0.90079993   0.00438179]
 [ 25.           0.90079993   0.00438179]
 [ 26.           0.9016       0.00357771]
 [ 27.           0.9028       0.00363317]
 [ 28.           0.9024       0.00296648]
 [ 29.           0.9028       0.00228036]
 [ 30.           0.90360004   0.00167332]
 [ 31.           0.90360004   0.00167332]
 [ 32.           0.90360004   0.00167332]
 [ 33.           0.904        0.00141422]
 [ 34.           0.90440005   0.00167331]
 [ 35.           0.90440005   0.00167331]
 [ 36.           0.904        0.00199999]
 [ 37.           0.90440005   0.00167334]
 [ 38.           0.904        0.00199999]
 [ 39.           0.904        0.00282842]
 [ 40.           0.90440005   0.0035777 ]
 [ 41.           0.9052       0.00363319]
 [ 42.           0.9056       0.00328637]
 [ 43.           0.9056       0.00328637]
 [ 44.           0.9056       0.00296646]
 [ 45.           0.9052       0.00228033]
 [ 46.           0.9052       0.00303315]
 [ 47.           0.90599996   0.004     ]
 [ 48.           0.9056       0.00328634]
 [ 49.           0.9064       0.0043359 ]
 [ 50.           0.9064       0.0043359 ]
 [ 51.           0.90599996   0.00424266]
 [ 52.           0.9060001    0.00374167]
 [ 53.           0.9068       0.00228036]
 [ 54.           0.9068       0.00228036]
 [ 55.           0.9060001    0.002     ]
 [ 56.           0.9052       0.00109546]
 [ 57.           0.90480006   0.00109546]
 [ 58.           0.90480006   0.00109546]
 [ 59.           0.90480006   0.00109546]
 [ 60.           0.9044       0.00089443]
 [ 61.           0.9052       0.00268329]
 [ 62.           0.90720004   0.00228036]
 [ 63.           0.90720004   0.00228036]
 [ 64.           0.9068001    0.00303316]
 [ 65.           0.90720004   0.00334665]
 [ 66.           0.9064       0.0038471 ]
 [ 67.           0.9052       0.00460434]
 [ 68.           0.9056       0.0045607 ]
 [ 69.           0.9052       0.00460436]
 [ 70.           0.9052       0.00334665]
 [ 71.           0.9056       0.00260768]
 [ 72.           0.9056       0.00260768]
 [ 73.           0.9056       0.00260768]
 [ 74.           0.90599996   0.00316227]
 [ 75.           0.9052       0.00363319]
 [ 76.           0.9052       0.00363319]
 [ 77.           0.9052       0.00363319]
 [ 78.           0.9052       0.00363319]
 [ 79.           0.9052       0.00228035]
 [ 80.           0.9052       0.00228035]
 [ 81.           0.9052       0.00303314]
 [ 82.           0.90480006   0.00303315]
 [ 83.           0.9052       0.00268328]
 [ 84.           0.9060001    0.00199999]
 [ 85.           0.9056       0.00260767]
 [ 86.           0.9056       0.00260767]
 [ 87.           0.9056       0.00260767]
 [ 88.           0.9052       0.00228036]
 [ 89.           0.9056       0.00167334]
 [ 90.           0.90480006   0.00268329]
 [ 91.           0.90480006   0.00268329]
 [ 92.           0.904        0.00282842]
 [ 93.           0.90480006   0.00268327]
 [ 94.           0.9056       0.00357771]
 [ 95.           0.90599996   0.00316228]
 [ 96.           0.90599996   0.00316228]
 [ 97.           0.90599996   0.00316228]
 [ 98.           0.9056       0.00328635]
 [ 99.           0.9056       0.00328635]
 [100.           0.9056       0.00328635]
 [101.           0.9056       0.00328635]
 [102.           0.9056       0.00328635]
 [103.           0.90599996   0.00282844]
 [104.           0.9056       0.00260771]
 [105.           0.9056       0.00260771]
 [106.           0.9056       0.00260771]
 [107.           0.9056       0.00260771]
 [108.           0.90599996   0.00141422]
 [109.           0.90599996   0.00141422]
 [110.           0.9064       0.00219089]
 [111.           0.9064       0.00219089]
 [112.           0.9068       0.00228035]
 [113.           0.9064       0.00260768]
 [114.           0.90599996   0.002     ]
 [115.           0.9056       0.00167334]
 [116.           0.9056       0.00167334]
 [117.           0.9056       0.00167334]
 [118.           0.9056       0.00167334]
 [119.           0.9056       0.00167334]
 [120.           0.9056       0.00167334]
 [121.           0.9056       0.00167334]
 [122.           0.90599996   0.002     ]
 [123.           0.9068001    0.00334665]
 [124.           0.9068001    0.00334665]
 [125.           0.9068001    0.00334665]
 [126.           0.9068001    0.00334665]
 [127.           0.9064       0.00328636]
 [128.           0.90599996   0.0024495 ]
 [129.           0.90599996   0.0024495 ]
 [130.           0.9056       0.00167334]
 [131.           0.9056       0.00167334]
 [132.           0.9056       0.00260768]
 [133.           0.9056       0.00260768]
 [134.           0.9060001    0.00244948]
 [135.           0.9064       0.00296647]
 [136.           0.9064       0.00296647]
 [137.           0.9068       0.00303314]
 [138.           0.9068       0.00303314]
 [139.           0.90760005   0.00260771]
 [140.           0.908        0.00200002]
 [141.           0.908        0.00200002]
 [142.           0.9084       0.00260768]
 [143.           0.908        0.00282843]
 [144.           0.908        0.00244946]
 [145.           0.908        0.00244946]
 [146.           0.908        0.00244946]
 [147.           0.90760005   0.00167332]
 [148.           0.90720004   0.00109542]
 [149.           0.90760005   0.00089442]
 [150.           0.90760005   0.00089442]
 [151.           0.9064       0.00167332]
 [152.           0.9068001    0.00228038]
 [153.           0.9068001    0.00228038]
 [154.           0.9068001    0.00228038]
 [155.           0.90720004   0.00178887]
 [156.           0.908        0.00200001]
 [157.           0.908        0.00200001]
 [158.           0.908        0.00200001]
 [159.           0.9084       0.00167334]
 [160.           0.90760005   0.00167332]
 [161.           0.90760005   0.00167332]
 [162.           0.90760005   0.00167332]
 [163.           0.90720004   0.00228035]
 [164.           0.90720004   0.00228035]
 [165.           0.908        0.002     ]
 [166.           0.90760005   0.00167332]
 [167.           0.90720004   0.00109543]
 [168.           0.9068       0.00109543]
 [169.           0.90599996   0.00141422]
 [170.           0.90599996   0.00141422]
 [171.           0.9068       0.00109543]
 [172.           0.9068       0.00228037]
 [173.           0.90720004   0.00228038]
 [174.           0.9068       0.00178888]
 [175.           0.90720004   0.00109542]
 [176.           0.9068       0.00109543]
 [177.           0.9068       0.00109543]
 [178.           0.9068       0.00109543]
 [179.           0.90720004   0.00109543]
 [180.           0.9068001    0.00178884]
 [181.           0.90720004   0.00228036]
 [182.           0.9068       0.00228036]
 [183.           0.9068       0.00228036]
 [184.           0.90599996   0.00244949]
 [185.           0.9052       0.00303316]
 [186.           0.9060001    0.0028284 ]
 [187.           0.9064       0.00296647]
 [188.           0.9068001    0.00303316]
 [189.           0.9068       0.00303316]
 [190.           0.9064       0.00296647]
 [191.           0.9064       0.00296647]
 [192.           0.9064       0.00296647]
 [193.           0.9060001    0.00244947]
 [194.           0.9060001    0.00244947]
 [195.           0.9052       0.00268328]
 [196.           0.9052       0.00268328]
 [197.           0.9056       0.0021909 ]
 [198.           0.9052       0.00178886]
 [199.           0.9052       0.00178886]
 [200.           0.9052       0.00228034]
 [201.           0.9052       0.00228034]
 [202.           0.9052       0.00228034]
 [203.           0.9044       0.00260766]
 [204.           0.9044       0.00260766]
 [205.           0.90440005   0.00260767]
 [206.           0.90440005   0.00260767]
 [207.           0.9056       0.00260768]
 [208.           0.9056       0.00260768]
 [209.           0.9056       0.00260768]
 [210.           0.9056       0.00260768]
 [211.           0.9056       0.00260768]
 [212.           0.9060001    0.00316229]
 [213.           0.9060001    0.00316229]
 [214.           0.9060001    0.00316229]
 [215.           0.9068       0.00363319]
 [216.           0.90720004   0.00414729]
 [217.           0.90720004   0.00414729]
 [218.           0.90720004   0.00414729]
 [219.           0.90599996   0.00400001]
 [220.           0.9056       0.00357771]
 [221.           0.9056       0.00357771]
 [222.           0.9064       0.00357772]
 [223.           0.9060001    0.00316229]
 [224.           0.9056001    0.00296648]
 [225.           0.9052       0.00334664]
 [226.           0.90480006   0.00268327]
 [227.           0.90480006   0.00268327]
 [228.           0.90480006   0.00268327]
 [229.           0.90480006   0.00268327]
 [230.           0.90480006   0.00268327]
 [231.           0.9044       0.00260768]
 [232.           0.904        0.002     ]
 [233.           0.9035999    0.00167332]
 [234.           0.904        0.00141422]
 [235.           0.904        0.00141422]
 [236.           0.90440005   0.00167332]
 [237.           0.90440005   0.00167332]
 [238.           0.90480006   0.00228035]
 [239.           0.9052       0.00228035]
 [240.           0.9056       0.00260768]
 [241.           0.9052       0.00228035]
 [242.           0.9056       0.00260768]
 [243.           0.9056       0.00260768]
 [244.           0.9056       0.00260768]
 [245.           0.9056       0.00260768]
 [246.           0.9056       0.00260768]
 [247.           0.9056       0.00260768]
 [248.           0.9056       0.00260768]
 [249.           0.9052       0.00228035]
 [250.           0.9052       0.00228035]
 [251.           0.9052       0.00228035]
 [252.           0.90440005   0.00167332]
 [253.           0.90440005   0.00167332]
 [254.           0.90480006   0.00228035]
 [255.           0.90440005   0.00260768]
 [256.           0.90480006   0.00334664]
 [257.           0.90440005   0.00260768]
 [258.           0.90440005   0.00219089]
 [259.           0.904        0.00282844]
 [260.           0.90440005   0.00328634]
 [261.           0.90440005   0.00328634]
 [262.           0.904        0.00282844]
 [263.           0.9032001    0.0026833 ]
 [264.           0.90360004   0.00328634]
 [265.           0.904        0.00282842]
 [266.           0.904        0.00282842]
 [267.           0.904        0.00282842]
 [268.           0.904        0.00282842]
 [269.           0.9035999    0.00260766]
 [270.           0.9035999    0.00260766]
 [271.           0.904        0.00282842]
 [272.           0.9044       0.00260767]
 [273.           0.9044       0.00260767]
 [274.           0.904        0.00244948]
 [275.           0.904        0.00244948]
 [276.           0.904        0.00244948]
 [277.           0.90480006   0.00303315]
 [278.           0.90480006   0.00303315]
 [279.           0.9044       0.00357772]
 [280.           0.9044       0.00357772]
 [281.           0.904        0.00424264]
 [282.           0.90480006   0.00481663]
 [283.           0.9052       0.00414729]
 [284.           0.9052       0.00414729]
 [285.           0.90599996   0.00316228]
 [286.           0.9056       0.00328635]
 [287.           0.9056       0.00328635]
 [288.           0.9052       0.00268328]
 [289.           0.90480006   0.00334665]
 [290.           0.90480006   0.00334665]
 [291.           0.90480006   0.00334665]
 [292.           0.9052       0.00268328]
 [293.           0.9056       0.00260768]
 [294.           0.90599996   0.00316228]
 [295.           0.9052       0.0036332 ]
 [296.           0.90480006   0.00228035]
 [297.           0.9056       0.00260768]
 [298.           0.9056       0.00260768]
 [299.           0.9056       0.00260768]
 [300.           0.90599996   0.00244949]
 [301.           0.90599996   0.00244949]
 [302.           0.90599996   0.00244949]
 [303.           0.90599996   0.00244949]
 [304.           0.90599996   0.00244949]
 [305.           0.90599996   0.00244949]
 [306.           0.90599996   0.00244949]
 [307.           0.90599996   0.00244949]
 [308.           0.9056       0.00219089]
 [309.           0.9052       0.00228035]
 [310.           0.9056       0.00260768]
 [311.           0.90480006   0.00268328]
 [312.           0.90480006   0.00268328]
 [313.           0.90480006   0.00268328]
 [314.           0.9044       0.00260767]
 [315.           0.90440005   0.00296649]
 [316.           0.90440005   0.00296649]
 [317.           0.90480006   0.0036332 ]
 [318.           0.90480006   0.00303316]
 [319.           0.90480006   0.00303316]
 [320.           0.90480006   0.00303316]
 [321.           0.90480006   0.00303316]
 [322.           0.9052       0.00334666]
 [323.           0.9052       0.00334666]
 [324.           0.90480006   0.00334666]
 [325.           0.9052       0.00334665]
 [326.           0.9052       0.00334665]
 [327.           0.9052       0.00334665]
 [328.           0.9056       0.00328634]
 [329.           0.9056       0.00328634]
 [330.           0.9052       0.00334665]
 [331.           0.90480006   0.00363318]
 [332.           0.9044       0.00357772]
 [333.           0.904        0.00424264]
 [334.           0.904        0.00424264]
 [335.           0.90480006   0.00334666]
 [336.           0.9052       0.00389874]
 [337.           0.9052       0.00389874]
 [338.           0.9052       0.00389874]
 [339.           0.904        0.00316227]
 [340.           0.9035999    0.00296648]
 [341.           0.9035999    0.00296648]
 [342.           0.9035999    0.00296648]
 [343.           0.904        0.00316227]
 [344.           0.90440005   0.00384709]
 [345.           0.90480006   0.0036332 ]
 [346.           0.9052       0.00363321]
 [347.           0.9052       0.00363321]
 [348.           0.90480006   0.00303317]
 [349.           0.90440005   0.00296649]
 [350.           0.90440005   0.00296649]
 [351.           0.90480006   0.0036332 ]
 [352.           0.9052       0.00438179]
 [353.           0.90480006   0.00414728]
 [354.           0.9056       0.00384708]
 [355.           0.9052       0.00389873]
 [356.           0.90480006   0.00414729]
 [357.           0.90480006   0.00414728]
 [358.           0.904        0.00244949]
 [359.           0.90480006   0.00334665]
 [360.           0.9052       0.00414728]
 [361.           0.90480006   0.00334664]
 [362.           0.904        0.00316228]
 [363.           0.90360004   0.00328634]
 [364.           0.90360004   0.00433591]
 [365.           0.90360004   0.00433591]
 [366.           0.9040001    0.00400002]
 [367.           0.9040001    0.00400002]
 [368.           0.90440005   0.00477494]
 [369.           0.904        0.0052915 ]
 [370.           0.90440005   0.00606629]
 [371.           0.90480006   0.00558568]
 [372.           0.90480006   0.00558568]
 [373.           0.9052       0.00414728]
 [374.           0.90480006   0.00334665]
 [375.           0.90440005   0.00260768]
 [376.           0.904        0.002     ]
 [377.           0.904        0.002     ]
 [378.           0.904        0.002     ]
 [379.           0.9044       0.00167332]
 [380.           0.9044       0.00167332]
 [381.           0.9052       0.00228035]
 [382.           0.9056       0.00219089]
 [383.           0.9056       0.00260768]
 [384.           0.9056       0.00260768]
 [385.           0.9056       0.00328635]
 [386.           0.9056       0.00328635]
 [387.           0.9056       0.00328635]
 [388.           0.90440005   0.00296649]
 [389.           0.90440005   0.00296649]
 [390.           0.90480006   0.00334666]
 [391.           0.9035999    0.0021909 ]
 [392.           0.9028       0.00178886]
 [393.           0.9028       0.00178886]
 [394.           0.9024       0.00167332]
 [395.           0.9024       0.00167332]
 [396.           0.9024       0.00167332]
 [397.           0.9028       0.00228035]
 [398.           0.9032       0.00228035]
 [399.           0.9032       0.00228035]
 [400.           0.904        0.00316229]]
Dataset       :Physics
Model         :GCN
Conden ratio  :0.5
GC            :1
LearnA        :1
Max Test Accuracy:
0.914
Best Result: Epoch   Acc  Std.
               142 0.9084  0.0026
