Set seed
Model GAT
--------------------------------------------------
The 1th iteration:
--------------------------------------------------
--------------------------------------------------
The 2th iteration:
--------------------------------------------------
--------------------------------------------------
The 3th iteration:
--------------------------------------------------
--------------------------------------------------
The 4th iteration:
--------------------------------------------------
--------------------------------------------------
The 5th iteration:
--------------------------------------------------
[[  1.           0.8676001    0.00952892]
 [  2.           0.8696       0.00931665]
 [  3.           0.866        0.01489965]
 [  4.           0.8612       0.02166103]
 [  5.           0.85760003   0.02725436]
 [  6.           0.85319996   0.03145156]
 [  7.           0.848        0.03555278]
 [  8.           0.84400004   0.03722902]
 [  9.           0.84040004   0.040284  ]
 [ 10.           0.84040004   0.04131345]
 [ 11.           0.84040004   0.04348334]
 [ 12.           0.8384       0.04532992]
 [ 13.           0.8384       0.04448371]
 [ 14.           0.8372       0.04446574]
 [ 15.           0.8356       0.04486424]
 [ 16.           0.83519995   0.04529019]
 [ 17.           0.83479995   0.04500224]
 [ 18.           0.83360004   0.04589992]
 [ 19.           0.83239996   0.04622554]
 [ 20.           0.83239996   0.04622554]
 [ 21.           0.83239996   0.04550605]
 [ 22.           0.83239996   0.04550605]
 [ 23.           0.8316       0.04622554]
 [ 24.           0.8304       0.04678462]
 [ 25.           0.8296       0.04641984]
 [ 26.           0.8296       0.04641984]
 [ 27.           0.8288       0.04638106]
 [ 28.           0.8288       0.04638106]
 [ 29.           0.8284001    0.046934  ]
 [ 30.           0.8284001    0.046934  ]
 [ 31.           0.82800007   0.0472229 ]
 [ 32.           0.8276       0.04665618]
 [ 33.           0.828        0.0471593 ]
 [ 34.           0.82919997   0.04695955]
 [ 35.           0.8288       0.04727791]
 [ 36.           0.8288       0.04727791]
 [ 37.           0.8288       0.04727791]
 [ 38.           0.8296       0.04765291]
 [ 39.           0.82919997   0.04813733]
 [ 40.           0.8296       0.04889581]
 [ 41.           0.8296       0.04889581]
 [ 42.           0.8288       0.04857161]
 [ 43.           0.8288       0.04857161]
 [ 44.           0.82919997   0.04801252]
 [ 45.           0.8288       0.04832392]
 [ 46.           0.8296       0.04869086]
 [ 47.           0.82919997   0.04887946]
 [ 48.           0.8296       0.04834048]
 [ 49.           0.8299999    0.04814562]
 [ 50.           0.8299999    0.04814562]
 [ 51.           0.8304       0.0487114 ]
 [ 52.           0.83080006   0.0485304 ]
 [ 53.           0.8304       0.0487114 ]
 [ 54.           0.83080006   0.04928693]
 [ 55.           0.83080006   0.04928693]
 [ 56.           0.83080006   0.04928693]
 [ 57.           0.8304       0.04948536]
 [ 58.           0.8296       0.04944491]
 [ 59.           0.83000004   0.05001999]
 [ 60.           0.83000004   0.04935585]
 [ 61.           0.8296       0.04954593]
 [ 62.           0.8304       0.04893667]
 [ 63.           0.8304       0.04893667]
 [ 64.           0.8304       0.04893667]
 [ 65.           0.8304       0.04893667]
 [ 66.           0.8304       0.04893667]
 [ 67.           0.8304       0.04893667]
 [ 68.           0.83080006   0.04873601]
 [ 69.           0.8304       0.0481539 ]
 [ 70.           0.8304       0.0481539 ]
 [ 71.           0.8304       0.0481539 ]
 [ 72.           0.8304       0.0474004 ]
 [ 73.           0.8304       0.0474004 ]
 [ 74.           0.8304       0.0474004 ]
 [ 75.           0.83080006   0.0468316 ]
 [ 76.           0.83120006   0.04663905]
 [ 77.           0.83120006   0.04663905]
 [ 78.           0.83120006   0.04663905]
 [ 79.           0.83120006   0.04663905]
 [ 80.           0.83080006   0.04693828]
 [ 81.           0.83080006   0.04721441]
 [ 82.           0.83080006   0.0468316 ]
 [ 83.           0.83080006   0.0468316 ]
 [ 84.           0.83080006   0.0468316 ]
 [ 85.           0.83080006   0.0468316 ]
 [ 86.           0.83120006   0.04663905]
 [ 87.           0.8316       0.04635516]
 [ 88.           0.8316       0.04635516]
 [ 89.           0.8316       0.04635516]
 [ 90.           0.8316       0.04635516]
 [ 91.           0.8316       0.04635516]
 [ 92.           0.8316       0.04635516]
 [ 93.           0.8316       0.04635516]
 [ 94.           0.8324       0.04521946]
 [ 95.           0.8324       0.04521946]
 [ 96.           0.8324       0.04521946]
 [ 97.           0.8324       0.04521946]
 [ 98.           0.83199996   0.04476605]
 [ 99.           0.83199996   0.04476605]
 [100.           0.83199996   0.04476605]
 [101.           0.8316       0.04532991]
 [102.           0.8316       0.04532991]
 [103.           0.8308       0.04609988]
 [104.           0.8308       0.04609988]
 [105.           0.8304       0.04631198]
 [106.           0.8308       0.04609988]
 [107.           0.83120006   0.04590425]
 [108.           0.8316       0.04532991]
 [109.           0.83199996   0.04476605]
 [110.           0.83199996   0.04476605]
 [111.           0.83199996   0.04476605]
 [112.           0.83199996   0.04476605]
 [113.           0.8316       0.04497552]
 [114.           0.83120006   0.04520175]
 [115.           0.83080006   0.04644567]
 [116.           0.83080006   0.04644567]
 [117.           0.83120006   0.04620824]
 [118.           0.83120006   0.04620824]
 [119.           0.8308       0.04609988]
 [120.           0.8308       0.04609988]
 [121.           0.8308       0.04609988]
 [122.           0.83120006   0.04590425]
 [123.           0.83120006   0.04590425]
 [124.           0.83120006   0.04590425]
 [125.           0.8316       0.04532991]
 [126.           0.83199996   0.04578211]
 [127.           0.8316       0.04598695]
 [128.           0.8316       0.04598695]
 [129.           0.83120006   0.04620824]
 [130.           0.83120006   0.04620824]
 [131.           0.8308       0.04676752]
 [132.           0.8308       0.04676752]
 [133.           0.83120006   0.04655319]
 [134.           0.83120006   0.04655319]
 [135.           0.83080006   0.04712959]
 [136.           0.83080006   0.04712959]
 [137.           0.83080006   0.04712959]
 [138.           0.83120006   0.04655319]
 [139.           0.8308       0.04676752]
 [140.           0.8304       0.04699787]
 [141.           0.83080006   0.04644567]
 [142.           0.83080006   0.04644567]
 [143.           0.8304       0.04699787]
 [144.           0.8304       0.04699787]
 [145.           0.8304       0.04699787]
 [146.           0.83000004   0.04756048]
 [147.           0.83000004   0.04756048]
 [148.           0.83000004   0.04756048]
 [149.           0.83000004   0.04756048]
 [150.           0.83000004   0.04756048]
 [151.           0.83000004   0.04756048]
 [152.           0.83000004   0.04756048]
 [153.           0.83000004   0.04756048]
 [154.           0.83000004   0.04756048]
 [155.           0.83000004   0.04756048]
 [156.           0.83000004   0.04756048]
 [157.           0.83000004   0.04756048]
 [158.           0.83000004   0.04756048]
 [159.           0.83000004   0.04756048]
 [160.           0.83000004   0.04756048]
 [161.           0.83000004   0.04756048]
 [162.           0.83000004   0.04756048]
 [163.           0.83000004   0.04756048]
 [164.           0.83000004   0.04756048]
 [165.           0.82960004   0.04782048]
 [166.           0.82960004   0.04782048]
 [167.           0.82919997   0.04723556]
 [168.           0.82919997   0.04723556]
 [169.           0.82919997   0.04723556]
 [170.           0.82919997   0.04723556]
 [171.           0.82919997   0.04723556]
 [172.           0.8296       0.04697658]
 [173.           0.83000004   0.04756048]
 [174.           0.83000004   0.04756048]
 [175.           0.82960004   0.04782048]
 [176.           0.82960004   0.04782048]
 [177.           0.82919997   0.04723556]
 [178.           0.82919997   0.04723556]
 [179.           0.82919997   0.04723556]
 [180.           0.82919997   0.04723556]
 [181.           0.82919997   0.04723556]
 [182.           0.82919997   0.04723556]
 [183.           0.82919997   0.04723556]
 [184.           0.82919997   0.04723556]
 [185.           0.82919997   0.04723556]
 [186.           0.82919997   0.04723556]
 [187.           0.82919997   0.04723556]
 [188.           0.82919997   0.04723556]
 [189.           0.82919997   0.04723556]
 [190.           0.82919997   0.04723556]
 [191.           0.82919997   0.04723556]
 [192.           0.82919997   0.04723556]
 [193.           0.82919997   0.04723556]
 [194.           0.82919997   0.04723556]
 [195.           0.82919997   0.04723556]
 [196.           0.82919997   0.04723556]
 [197.           0.82919997   0.04723556]
 [198.           0.82919997   0.04723556]
 [199.           0.82919997   0.04723556]
 [200.           0.82919997   0.04723556]
 [201.           0.82919997   0.04723556]
 [202.           0.82919997   0.04723556]
 [203.           0.8288       0.04676749]
 [204.           0.8288       0.04676749]
 [205.           0.82919997   0.04723556]
 [206.           0.82919997   0.04723556]
 [207.           0.82919997   0.04723556]
 [208.           0.82919997   0.04723556]
 [209.           0.82919997   0.04723556]
 [210.           0.82919997   0.04723556]
 [211.           0.82919997   0.04723556]
 [212.           0.82919997   0.04723556]
 [213.           0.82919997   0.04723556]
 [214.           0.82919997   0.04723556]
 [215.           0.82919997   0.04723556]
 [216.           0.82919997   0.04723556]
 [217.           0.82919997   0.04723556]
 [218.           0.82919997   0.04723556]
 [219.           0.82919997   0.04723556]
 [220.           0.82919997   0.04723556]
 [221.           0.82919997   0.04723556]
 [222.           0.82919997   0.04723556]
 [223.           0.82919997   0.04723556]
 [224.           0.82919997   0.04723556]
 [225.           0.8288       0.04666048]
 [226.           0.8288       0.04666048]
 [227.           0.8288       0.04666048]
 [228.           0.8288       0.04666048]
 [229.           0.82800007   0.04645427]
 [230.           0.82800007   0.04726521]
 [231.           0.8284001    0.04773678]
 [232.           0.8288       0.04750998]
 [233.           0.82919997   0.04723556]
 [234.           0.8288       0.04666048]
 [235.           0.8288       0.04666048]
 [236.           0.8284001    0.04689136]
 [237.           0.8284001    0.04689136]
 [238.           0.8284001    0.04689136]
 [239.           0.8276       0.04667759]
 [240.           0.8276       0.04667759]
 [241.           0.82800007   0.04715929]
 [242.           0.82800007   0.04715929]
 [243.           0.8276       0.04659184]
 [244.           0.8284001    0.04689136]
 [245.           0.8284001    0.04689136]
 [246.           0.82800007   0.04715929]
 [247.           0.82800007   0.04715929]
 [248.           0.8276       0.04667759]
 [249.           0.8276       0.04667759]
 [250.           0.8276       0.04667759]
 [251.           0.82720006   0.04691693]
 [252.           0.8276001    0.04740041]
 [253.           0.8276001    0.04740041]
 [254.           0.8276001    0.04740041]
 [255.           0.8276001    0.04740041]
 [256.           0.8276001    0.04740041]
 [257.           0.8276001    0.04740041]
 [258.           0.8276001    0.04740041]
 [259.           0.8276001    0.04740041]
 [260.           0.8276001    0.04740041]
 [261.           0.8276001    0.04740041]
 [262.           0.8276001    0.04740041]
 [263.           0.8276001    0.04740041]
 [264.           0.82800007   0.04715929]
 [265.           0.8276001    0.04740041]
 [266.           0.8276001    0.04740041]
 [267.           0.8276001    0.04740041]
 [268.           0.82720006   0.0476781 ]
 [269.           0.8268       0.04710839]
 [270.           0.8268       0.04710839]
 [271.           0.8268       0.04710839]
 [272.           0.8264       0.0466133 ]
 [273.           0.8276       0.04637673]
 [274.           0.8276001    0.04740041]
 [275.           0.8276001    0.04740041]
 [276.           0.8276001    0.04740041]
 [277.           0.8268       0.04627309]
 [278.           0.82720006   0.0468316 ]
 [279.           0.82720006   0.0468316 ]
 [280.           0.82720006   0.0468316 ]
 [281.           0.82720006   0.0468316 ]
 [282.           0.82720006   0.0468316 ]
 [283.           0.82720006   0.04657466]
 [284.           0.82720006   0.04657466]
 [285.           0.8264       0.0465489 ]
 [286.           0.8268       0.04627309]
 [287.           0.8268       0.04627309]
 [288.           0.82720006   0.0468316 ]
 [289.           0.82720006   0.0468316 ]
 [290.           0.82720006   0.0468316 ]
 [291.           0.82720006   0.0468316 ]
 [292.           0.82720006   0.0468316 ]
 [293.           0.82720006   0.04603476]
 [294.           0.8268       0.04631632]
 [295.           0.8268       0.04631632]
 [296.           0.8264       0.0465489 ]
 [297.           0.8264       0.0465489 ]
 [298.           0.8268       0.04710839]
 [299.           0.8276       0.0462904 ]
 [300.           0.8276       0.0462904 ]
 [301.           0.82719994   0.04572966]
 [302.           0.8268       0.04522389]
 [303.           0.8264       0.04576896]
 [304.           0.8264       0.04576896]
 [305.           0.8264       0.04581267]
 [306.           0.8268       0.04638104]
 [307.           0.8264       0.0466133 ]
 [308.           0.8264       0.0466133 ]
 [309.           0.82600003   0.04604345]
 [310.           0.8264       0.04550602]
 [311.           0.8264       0.04550602]
 [312.           0.8264       0.04550602]
 [313.           0.8264       0.04550602]
 [314.           0.8268       0.04526808]
 [315.           0.8268       0.04526808]
 [316.           0.8264       0.04550602]
 [317.           0.82720006   0.04504662]
 [318.           0.8268       0.04526808]
 [319.           0.8268       0.04526808]
 [320.           0.82600003   0.04501111]
 [321.           0.82600003   0.04501111]
 [322.           0.8256001    0.04554999]
 [323.           0.8264       0.04550602]
 [324.           0.8276       0.04561575]
 [325.           0.82720006   0.04583884]
 [326.           0.82600003   0.04576025]
 [327.           0.82600003   0.04501111]
 [328.           0.82600003   0.04501111]
 [329.           0.82600003   0.04501111]
 [330.           0.8256001    0.04526367]
 [331.           0.82600003   0.04501111]
 [332.           0.82719994   0.04506885]
 [333.           0.82719994   0.04506885]
 [334.           0.82719994   0.04506885]
 [335.           0.82719994   0.04506885]
 [336.           0.8268       0.04448821]
 [337.           0.8268       0.04448821]
 [338.           0.8256001    0.04530786]
 [339.           0.82600003   0.04501111]
 [340.           0.8264       0.04473033]
 [341.           0.8264       0.04473033]
 [342.           0.82719994   0.04498001]
 [343.           0.8268       0.04448821]
 [344.           0.8268       0.04448821]
 [345.           0.8264       0.04477498]
 [346.           0.82680005   0.04455559]
 [347.           0.82600003   0.04507772]
 [348.           0.8264       0.04477498]
 [349.           0.8268       0.04448821]
 [350.           0.8268       0.04448821]
 [351.           0.82719994   0.04506885]
 [352.           0.8268       0.04526808]
 [353.           0.8268       0.04526808]
 [354.           0.8264       0.04550602]
 [355.           0.8264       0.04550602]
 [356.           0.8264       0.04550602]
 [357.           0.8264       0.04550602]
 [358.           0.8276       0.04554999]
 [359.           0.8276       0.04554999]
 [360.           0.8276       0.04554999]
 [361.           0.8276       0.04554999]
 [362.           0.8268       0.04607817]
 [363.           0.82600003   0.04589117]
 [364.           0.8256001    0.04530786]
 [365.           0.82600003   0.04501111]
 [366.           0.8264       0.04550602]
 [367.           0.82720006   0.04583884]
 [368.           0.8268       0.04526808]
 [369.           0.8268       0.04526808]
 [370.           0.8264       0.04550602]
 [371.           0.82600003   0.04580392]
 [372.           0.82559997   0.04611723]
 [373.           0.82559997   0.04611723]
 [374.           0.8264       0.04557193]
 [375.           0.8264       0.04557193]
 [376.           0.8268       0.04526808]
 [377.           0.8268       0.04526808]
 [378.           0.8268       0.04526808]
 [379.           0.8264       0.04550602]
 [380.           0.8264       0.04550602]
 [381.           0.8264       0.04637671]
 [382.           0.8268       0.04526808]
 [383.           0.8268       0.04526808]
 [384.           0.82720006   0.04583884]
 [385.           0.8268       0.04526808]
 [386.           0.8268       0.04526808]
 [387.           0.8268       0.04526808]
 [388.           0.82719994   0.04498001]
 [389.           0.82719994   0.04498001]
 [390.           0.82719994   0.04498001]
 [391.           0.8268       0.04526808]
 [392.           0.8268       0.04526808]
 [393.           0.8268       0.04526808]
 [394.           0.8264       0.04557193]
 [395.           0.8264       0.04557193]
 [396.           0.8268       0.04526808]
 [397.           0.82719994   0.04498001]
 [398.           0.82719994   0.04498001]
 [399.           0.82719994   0.04498001]
 [400.           0.82719994   0.04498001]]
Dataset       :Physics
Model         :GAT
Conden ratio  :1.0
GC            :3
LearnA        :0
Max Test Accuracy:
0.896
Best Result: Epoch   Acc  Std.
               2 0.8696  0.0093
