Set seed
Model MLP
--------------------------------------------------
The 1th iteration:
--------------------------------------------------
--------------------------------------------------
The 2th iteration:
--------------------------------------------------
--------------------------------------------------
The 3th iteration:
--------------------------------------------------
--------------------------------------------------
The 4th iteration:
--------------------------------------------------
--------------------------------------------------
The 5th iteration:
--------------------------------------------------
[[  1.           0.4148       0.11691536]
 [  2.           0.55200005   0.14592463]
 [  3.           0.65720004   0.1404749 ]
 [  4.           0.7368       0.11979648]
 [  5.           0.79240006   0.09784069]
 [  6.           0.8332       0.06761065]
 [  7.           0.85400003   0.0444972 ]
 [  8.           0.86840004   0.02840422]
 [  9.           0.8752001    0.01992989]
 [ 10.           0.88240004   0.01583667]
 [ 11.           0.88560003   0.01211612]
 [ 12.           0.8872       0.0112783 ]
 [ 13.           0.8884001    0.0100399 ]
 [ 14.           0.88799995   0.0087178 ]
 [ 15.           0.888        0.00836662]
 [ 16.           0.88759995   0.00753658]
 [ 17.           0.8884       0.00817314]
 [ 18.           0.88920003   0.0067231 ]
 [ 19.           0.8888001    0.00609919]
 [ 20.           0.88920003   0.00540371]
 [ 21.           0.8888001    0.00481663]
 [ 22.           0.8888001    0.00481663]
 [ 23.           0.89         0.00316228]
 [ 24.           0.8896       0.00260769]
 [ 25.           0.8888001    0.00268329]
 [ 26.           0.8884       0.00328634]
 [ 27.           0.88879997   0.00303315]
 [ 28.           0.8884       0.00384707]
 [ 29.           0.8884       0.00384707]
 [ 30.           0.88760006   0.00384707]
 [ 31.           0.8872       0.00363318]
 [ 32.           0.88759995   0.00433589]
 [ 33.           0.88760006   0.00517688]
 [ 34.           0.88760006   0.00517688]
 [ 35.           0.88760006   0.00517688]
 [ 36.           0.88760006   0.00517688]
 [ 37.           0.888        0.00529151]
 [ 38.           0.888        0.00529151]
 [ 39.           0.888        0.00529151]
 [ 40.           0.88759995   0.00589917]
 [ 41.           0.8884       0.00606632]
 [ 42.           0.88799995   0.00583097]
 [ 43.           0.88799995   0.00547724]
 [ 44.           0.88799995   0.00547724]
 [ 45.           0.8888001    0.00593296]
 [ 46.           0.89         0.00583095]
 [ 47.           0.8908       0.0054037 ]
 [ 48.           0.89120007   0.00460435]
 [ 49.           0.8916001    0.00456071]
 [ 50.           0.89320004   0.0041473 ]
 [ 51.           0.89320004   0.0041473 ]
 [ 52.           0.89440006   0.00433589]
 [ 53.           0.894        0.00282844]
 [ 54.           0.89440006   0.00357771]
 [ 55.           0.8928       0.00460435]
 [ 56.           0.8928       0.00460435]
 [ 57.           0.8928       0.00334664]
 [ 58.           0.8936       0.00296647]
 [ 59.           0.89400005   0.00316226]
 [ 60.           0.8936       0.00296647]
 [ 61.           0.89400005   0.00374164]
 [ 62.           0.89320004   0.00460434]
 [ 63.           0.89440006   0.00497997]
 [ 64.           0.8948       0.00460434]
 [ 65.           0.8956       0.00554976]
 [ 66.           0.8956       0.00554976]
 [ 67.           0.89519995   0.00593296]
 [ 68.           0.8956       0.00554976]
 [ 69.           0.896        0.00583093]
 [ 70.           0.8956       0.00554976]
 [ 71.           0.89519995   0.00481663]
 [ 72.           0.896        0.0046904 ]
 [ 73.           0.896        0.0046904 ]
 [ 74.           0.8964001    0.00517687]
 [ 75.           0.8964001    0.00517687]
 [ 76.           0.8964001    0.00517687]
 [ 77.           0.89680004   0.00576193]
 [ 78.           0.89720005   0.00641872]
 [ 79.           0.89680004   0.00576193]
 [ 80.           0.89680004   0.00576193]
 [ 81.           0.89680004   0.00576193]
 [ 82.           0.89680004   0.00576193]
 [ 83.           0.89680004   0.00576193]
 [ 84.           0.89680004   0.00576193]
 [ 85.           0.89680004   0.00576193]
 [ 86.           0.89680004   0.00576193]
 [ 87.           0.89680004   0.00576193]
 [ 88.           0.8968       0.00501994]
 [ 89.           0.8968       0.00501994]
 [ 90.           0.8964       0.00433589]
 [ 91.           0.8964       0.00433589]
 [ 92.           0.8964       0.00433589]
 [ 93.           0.8964       0.00433589]
 [ 94.           0.896        0.00469041]
 [ 95.           0.896        0.00469041]
 [ 96.           0.89559996   0.00409875]
 [ 97.           0.89519995   0.00363316]
 [ 98.           0.89519995   0.00363316]
 [ 99.           0.89519995   0.00363316]
 [100.           0.89519995   0.00363316]
 [101.           0.89519995   0.00363316]
 [102.           0.89559996   0.00328632]
 [103.           0.8959999    0.00282841]
 [104.           0.8959999    0.00282841]
 [105.           0.8959999    0.00282841]
 [106.           0.8959999    0.00282841]
 [107.           0.8959999    0.00282841]
 [108.           0.8959999    0.00282841]
 [109.           0.8959999    0.00282841]
 [110.           0.8959999    0.00282841]
 [111.           0.8959999    0.00282841]
 [112.           0.89559996   0.00260767]
 [113.           0.89559996   0.00260767]
 [114.           0.89559996   0.00260767]
 [115.           0.89559996   0.00260767]
 [116.           0.89559996   0.00260767]
 [117.           0.89559996   0.00260767]
 [118.           0.89559996   0.00260767]
 [119.           0.89559996   0.00260767]
 [120.           0.89559996   0.00260767]
 [121.           0.89559996   0.00260767]
 [122.           0.896        0.00346411]
 [123.           0.896        0.00346411]
 [124.           0.896        0.00346411]
 [125.           0.896        0.00346411]
 [126.           0.896        0.00346411]
 [127.           0.896        0.00346411]
 [128.           0.896        0.00346411]
 [129.           0.896        0.00346411]
 [130.           0.896        0.00346411]
 [131.           0.8964       0.00357771]
 [132.           0.8964       0.00357771]
 [133.           0.8964       0.00357771]
 [134.           0.8964       0.00357771]
 [135.           0.8964       0.00357771]
 [136.           0.8964       0.00357771]
 [137.           0.8964       0.00357771]
 [138.           0.8964       0.00357771]
 [139.           0.8964       0.00357771]
 [140.           0.8964       0.00357771]
 [141.           0.8964       0.00357771]
 [142.           0.896        0.004     ]
 [143.           0.896        0.004     ]
 [144.           0.896        0.004     ]
 [145.           0.896        0.004     ]
 [146.           0.896        0.004     ]
 [147.           0.896        0.004     ]
 [148.           0.896        0.004     ]
 [149.           0.896        0.004     ]
 [150.           0.896        0.004     ]
 [151.           0.896        0.004     ]
 [152.           0.896        0.004     ]
 [153.           0.896        0.004     ]
 [154.           0.896        0.004     ]
 [155.           0.896        0.004     ]
 [156.           0.896        0.004     ]
 [157.           0.896        0.004     ]
 [158.           0.8964       0.00477493]
 [159.           0.8964       0.00477493]
 [160.           0.8964       0.00477493]
 [161.           0.8964       0.00477493]
 [162.           0.8964       0.00477493]
 [163.           0.8964       0.00477493]
 [164.           0.8964       0.00477493]
 [165.           0.8964       0.00477493]
 [166.           0.8964       0.00477493]
 [167.           0.8964       0.00477493]
 [168.           0.8964       0.00477493]
 [169.           0.89680004   0.00460433]
 [170.           0.89680004   0.00460433]
 [171.           0.89680004   0.00460433]
 [172.           0.89680004   0.00460433]
 [173.           0.89680004   0.00460433]
 [174.           0.89680004   0.00460433]
 [175.           0.89680004   0.00460433]
 [176.           0.89680004   0.00460433]
 [177.           0.89680004   0.00460433]
 [178.           0.89680004   0.00460433]
 [179.           0.89680004   0.00460433]
 [180.           0.89680004   0.00460433]
 [181.           0.89720005   0.00414729]
 [182.           0.89720005   0.00414729]
 [183.           0.89720005   0.00414729]
 [184.           0.89720005   0.00414729]
 [185.           0.89720005   0.00414729]
 [186.           0.89720005   0.00414729]
 [187.           0.89720005   0.00414729]
 [188.           0.89720005   0.00414729]
 [189.           0.89720005   0.00414729]
 [190.           0.89720005   0.00414729]
 [191.           0.89720005   0.00414729]
 [192.           0.89720005   0.00414729]
 [193.           0.89720005   0.00414729]
 [194.           0.89720005   0.00414729]
 [195.           0.89720005   0.00414729]
 [196.           0.89720005   0.00414729]
 [197.           0.89720005   0.00414729]
 [198.           0.89720005   0.00414729]
 [199.           0.89720005   0.00414729]
 [200.           0.89720005   0.00414729]
 [201.           0.89720005   0.00414729]
 [202.           0.89720005   0.00414729]
 [203.           0.89720005   0.00414729]
 [204.           0.89720005   0.00414729]
 [205.           0.89720005   0.00414729]
 [206.           0.89720005   0.00414729]
 [207.           0.89720005   0.00414729]
 [208.           0.89720005   0.00414729]
 [209.           0.89720005   0.00414729]
 [210.           0.89720005   0.00414729]
 [211.           0.89720005   0.00414729]
 [212.           0.89720005   0.00414729]
 [213.           0.89720005   0.00414729]
 [214.           0.89720005   0.00414729]
 [215.           0.89720005   0.00414729]
 [216.           0.89720005   0.00414729]
 [217.           0.89720005   0.00414729]
 [218.           0.89720005   0.00414729]
 [219.           0.89720005   0.00414729]
 [220.           0.89720005   0.00414729]
 [221.           0.89720005   0.00414729]
 [222.           0.89720005   0.00414729]
 [223.           0.8968       0.00414728]
 [224.           0.8968       0.00414728]
 [225.           0.8968       0.00414728]
 [226.           0.8968       0.00414728]
 [227.           0.8968       0.00414728]
 [228.           0.8968       0.00414728]
 [229.           0.8968       0.00414728]
 [230.           0.8968       0.00414728]
 [231.           0.8968       0.00414728]
 [232.           0.8968       0.00414728]
 [233.           0.8968       0.00414728]
 [234.           0.8968       0.00414728]
 [235.           0.8968       0.00414728]
 [236.           0.8964       0.00433589]
 [237.           0.8964       0.00433589]
 [238.           0.8964       0.00433589]
 [239.           0.8964       0.00433589]
 [240.           0.8964       0.00433589]
 [241.           0.8964       0.00433589]
 [242.           0.8964       0.00433589]
 [243.           0.8964       0.00433589]
 [244.           0.8964       0.00433589]
 [245.           0.8964       0.00433589]
 [246.           0.8964       0.00433589]
 [247.           0.8964       0.00433589]
 [248.           0.8964       0.00433589]
 [249.           0.8964       0.00433589]
 [250.           0.896        0.00447213]
 [251.           0.896        0.00447213]
 [252.           0.896        0.00447213]
 [253.           0.896        0.00447213]
 [254.           0.896        0.00447213]
 [255.           0.896        0.00447213]
 [256.           0.896        0.00447213]
 [257.           0.896        0.00447213]
 [258.           0.8956       0.00477493]
 [259.           0.8956       0.00477493]
 [260.           0.8956       0.00477493]
 [261.           0.8956       0.00477493]
 [262.           0.8956       0.00477493]
 [263.           0.8956       0.00477493]
 [264.           0.8956       0.00477493]
 [265.           0.8956       0.00477493]
 [266.           0.8956       0.00477493]
 [267.           0.8956       0.00477493]
 [268.           0.8956       0.00477493]
 [269.           0.8956       0.00477493]
 [270.           0.8956       0.00477493]
 [271.           0.8956       0.00477493]
 [272.           0.8956       0.00477493]
 [273.           0.8956       0.00477493]
 [274.           0.8956       0.00477493]
 [275.           0.8956       0.00477493]
 [276.           0.8956       0.00477493]
 [277.           0.8956       0.00477493]
 [278.           0.8956       0.00477493]
 [279.           0.8956       0.00477493]
 [280.           0.8956       0.00477493]
 [281.           0.8956       0.00477493]
 [282.           0.8956       0.00477493]
 [283.           0.8956       0.00477493]
 [284.           0.8956       0.00477493]
 [285.           0.8956       0.00477493]
 [286.           0.8956       0.00477493]
 [287.           0.8956       0.00477493]
 [288.           0.8956       0.00477493]
 [289.           0.8956       0.00477493]
 [290.           0.8956       0.00477493]
 [291.           0.89519995   0.00501994]
 [292.           0.89519995   0.00501994]
 [293.           0.89519995   0.00501994]
 [294.           0.8948       0.00540369]
 [295.           0.8948       0.00540369]
 [296.           0.8948       0.00540369]
 [297.           0.8948       0.00540369]
 [298.           0.8948       0.00540369]
 [299.           0.8948       0.00540369]
 [300.           0.8948       0.00540369]
 [301.           0.8948       0.00540369]
 [302.           0.8948       0.00540369]
 [303.           0.8948       0.00540369]
 [304.           0.89440006   0.00554976]
 [305.           0.89440006   0.00554976]
 [306.           0.89440006   0.00554976]
 [307.           0.89440006   0.00554976]
 [308.           0.89440006   0.00554976]
 [309.           0.89440006   0.00554976]
 [310.           0.89440006   0.00554976]
 [311.           0.89440006   0.00554976]
 [312.           0.89400005   0.00599999]
 [313.           0.89400005   0.00599999]
 [314.           0.89400005   0.00599999]
 [315.           0.89400005   0.00599999]
 [316.           0.89400005   0.00599999]
 [317.           0.89400005   0.00599999]
 [318.           0.89400005   0.00599999]
 [319.           0.89400005   0.00599999]
 [320.           0.89400005   0.00599999]
 [321.           0.89400005   0.00599999]
 [322.           0.89400005   0.00599999]
 [323.           0.89400005   0.00599999]
 [324.           0.89400005   0.00599999]
 [325.           0.89400005   0.00599999]
 [326.           0.89400005   0.00599999]
 [327.           0.89400005   0.00599999]
 [328.           0.8936       0.00622895]
 [329.           0.8936       0.00622895]
 [330.           0.8936       0.00622895]
 [331.           0.8936       0.00622895]
 [332.           0.8936       0.00622895]
 [333.           0.8936       0.00622895]
 [334.           0.8931999    0.00626098]
 [335.           0.8931999    0.00626098]
 [336.           0.8931999    0.00626098]
 [337.           0.8931999    0.00626098]
 [338.           0.8931999    0.00626098]
 [339.           0.8931999    0.00626098]
 [340.           0.8931999    0.00626098]
 [341.           0.8931999    0.00626098]
 [342.           0.8931999    0.00626098]
 [343.           0.8931999    0.00626098]
 [344.           0.8931999    0.00626098]
 [345.           0.8931999    0.00626098]
 [346.           0.8936       0.00589914]
 [347.           0.8936       0.00589914]
 [348.           0.8936       0.00589914]
 [349.           0.8936       0.00589914]
 [350.           0.8936       0.00589914]
 [351.           0.8936       0.00589914]
 [352.           0.8936       0.00589914]
 [353.           0.8936       0.00589914]
 [354.           0.8936       0.00589914]
 [355.           0.8936       0.00589914]
 [356.           0.8936       0.00589914]
 [357.           0.8936       0.00589914]
 [358.           0.8936       0.00589914]
 [359.           0.89320004   0.00501997]
 [360.           0.89320004   0.00501997]
 [361.           0.89320004   0.00501997]
 [362.           0.89320004   0.00501997]
 [363.           0.89320004   0.00501997]
 [364.           0.89320004   0.00501997]
 [365.           0.89320004   0.00501997]
 [366.           0.89320004   0.00501997]
 [367.           0.89320004   0.00501997]
 [368.           0.89320004   0.00501997]
 [369.           0.89320004   0.00501997]
 [370.           0.89320004   0.00501997]
 [371.           0.89320004   0.00501997]
 [372.           0.89320004   0.00501997]
 [373.           0.89320004   0.00501997]
 [374.           0.89320004   0.00501997]
 [375.           0.89320004   0.00501997]
 [376.           0.89320004   0.00501997]
 [377.           0.89320004   0.00501997]
 [378.           0.89320004   0.00501997]
 [379.           0.89320004   0.00501997]
 [380.           0.89320004   0.00501997]
 [381.           0.89320004   0.00501997]
 [382.           0.89320004   0.00501997]
 [383.           0.89320004   0.00501997]
 [384.           0.89320004   0.00501997]
 [385.           0.89320004   0.00501997]
 [386.           0.8928       0.00521538]
 [387.           0.8928       0.00521538]
 [388.           0.8928       0.00521538]
 [389.           0.8928       0.00521538]
 [390.           0.8928       0.00521538]
 [391.           0.8931999    0.00521539]
 [392.           0.8931999    0.00521539]
 [393.           0.8931999    0.00521539]
 [394.           0.8931999    0.00521539]
 [395.           0.8931999    0.00521539]
 [396.           0.8931999    0.00521539]
 [397.           0.8931999    0.00521539]
 [398.           0.8931999    0.00521539]
 [399.           0.8931999    0.00521539]
 [400.           0.8931999    0.00521539]]
Dataset       :Physics
Model         :MLP
Conden ratio  :0.5
GC            :5
LearnA        :1
Max Test Accuracy:
0.906
Best Result: Epoch   Acc  Std.
               78 0.8972  0.0064
