Set seed
Model APPNP
--------------------------------------------------
The 1th iteration:
--------------------------------------------------
--------------------------------------------------
The 2th iteration:
--------------------------------------------------
--------------------------------------------------
The 3th iteration:
--------------------------------------------------
--------------------------------------------------
The 4th iteration:
--------------------------------------------------
--------------------------------------------------
The 5th iteration:
--------------------------------------------------
[[  1.           0.4216       0.12109831]
 [  2.           0.5808       0.1203877 ]
 [  3.           0.7412       0.10987809]
 [  4.           0.8076       0.1001339 ]
 [  5.           0.85319996   0.05801035]
 [  6.           0.88360006   0.02192716]
 [  7.           0.89239997   0.01126055]
 [  8.           0.8964001    0.00766812]
 [  9.           0.8992001    0.00657265]
 [ 10.           0.9004       0.00477492]
 [ 11.           0.9016       0.00517687]
 [ 12.           0.9028       0.00334664]
 [ 13.           0.904        0.00316228]
 [ 14.           0.90440005   0.00328634]
 [ 15.           0.9028       0.00303316]
 [ 16.           0.9028       0.00303316]
 [ 17.           0.9032       0.00178887]
 [ 18.           0.9024       0.0035777 ]
 [ 19.           0.9028       0.00438177]
 [ 20.           0.9024       0.00384707]
 [ 21.           0.9024       0.00384707]
 [ 22.           0.90199995   0.00469041]
 [ 23.           0.90199995   0.00469041]
 [ 24.           0.9016       0.0045607 ]
 [ 25.           0.9012       0.00414728]
 [ 26.           0.90200007   0.00469042]
 [ 27.           0.90200007   0.006     ]
 [ 28.           0.9012       0.00769416]
 [ 29.           0.9012       0.00769416]
 [ 30.           0.9012       0.00769416]
 [ 31.           0.90079993   0.00729384]
 [ 32.           0.90079993   0.00831866]
 [ 33.           0.90079993   0.00831866]
 [ 34.           0.90160006   0.00779742]
 [ 35.           0.9012       0.00756308]
 [ 36.           0.9012       0.00769414]
 [ 37.           0.90079993   0.00756306]
 [ 38.           0.90079993   0.00756306]
 [ 39.           0.9004       0.0060663 ]
 [ 40.           0.90079993   0.00609918]
 [ 41.           0.9004       0.00589917]
 [ 42.           0.90000004   0.00678233]
 [ 43.           0.90080005   0.00729382]
 [ 44.           0.90200007   0.00583093]
 [ 45.           0.9024       0.00622896]
 [ 46.           0.9028       0.00540369]
 [ 47.           0.904        0.00632456]
 [ 48.           0.90360004   0.00497995]
 [ 49.           0.904        0.00547723]
 [ 50.           0.904        0.00547723]
 [ 51.           0.9032       0.00460433]
 [ 52.           0.9044       0.00357772]
 [ 53.           0.9044       0.00384709]
 [ 54.           0.9052       0.00303316]
 [ 55.           0.90480006   0.00303317]
 [ 56.           0.90480006   0.00303317]
 [ 57.           0.9052       0.00303317]
 [ 58.           0.90480006   0.00460436]
 [ 59.           0.9052       0.00414729]
 [ 60.           0.9056       0.00497995]
 [ 61.           0.90599996   0.00469041]
 [ 62.           0.90599996   0.00469041]
 [ 63.           0.9064       0.00477492]
 [ 64.           0.9064       0.00477492]
 [ 65.           0.9068       0.00438176]
 [ 66.           0.9072       0.00389871]
 [ 67.           0.9068       0.00414728]
 [ 68.           0.9068       0.00460433]
 [ 69.           0.9072       0.00414728]
 [ 70.           0.90760005   0.00384706]
 [ 71.           0.9072       0.00389871]
 [ 72.           0.9068       0.00414728]
 [ 73.           0.9068       0.00414728]
 [ 74.           0.9068       0.00414728]
 [ 75.           0.9068       0.00414728]
 [ 76.           0.9068       0.00414728]
 [ 77.           0.9068       0.00414728]
 [ 78.           0.9068       0.00414728]
 [ 79.           0.90720004   0.0038987 ]
 [ 80.           0.90720004   0.00303314]
 [ 81.           0.9060001    0.00141422]
 [ 82.           0.9060001    0.00141422]
 [ 83.           0.9064       0.00089442]
 [ 84.           0.9064       0.00089442]
 [ 85.           0.9064       0.00089442]
 [ 86.           0.9068       0.00109543]
 [ 87.           0.9068       0.00109543]
 [ 88.           0.90720004   0.00178885]
 [ 89.           0.9068       0.00228035]
 [ 90.           0.9068       0.00228035]
 [ 91.           0.90720004   0.00178885]
 [ 92.           0.90720004   0.00178884]
 [ 93.           0.90720004   0.00178884]
 [ 94.           0.90720004   0.00109543]
 [ 95.           0.90760005   0.00167332]
 [ 96.           0.90760005   0.00167332]
 [ 97.           0.90720004   0.00228036]
 [ 98.           0.90760005   0.00167332]
 [ 99.           0.90720004   0.00178884]
 [100.           0.90720004   0.00178884]
 [101.           0.9068       0.00109543]
 [102.           0.9068       0.00109543]
 [103.           0.9068       0.00178885]
 [104.           0.9068       0.00178885]
 [105.           0.9068       0.00178885]
 [106.           0.90760005   0.00167332]
 [107.           0.90760005   0.00167332]
 [108.           0.90760005   0.00167332]
 [109.           0.90760005   0.00167332]
 [110.           0.90760005   0.00167332]
 [111.           0.908        0.00141423]
 [112.           0.908        0.00141423]
 [113.           0.908        0.00141423]
 [114.           0.90720004   0.00228039]
 [115.           0.90720004   0.00303318]
 [116.           0.90720004   0.00303318]
 [117.           0.90720004   0.00303318]
 [118.           0.90720004   0.00303318]
 [119.           0.90720004   0.00303318]
 [120.           0.90760005   0.0021909 ]
 [121.           0.90760005   0.00260772]
 [122.           0.90760005   0.00260772]
 [123.           0.90760005   0.00260772]
 [124.           0.90760005   0.00260772]
 [125.           0.90760005   0.00260772]
 [126.           0.908        0.00199999]
 [127.           0.908        0.00199999]
 [128.           0.90760005   0.00167332]
 [129.           0.90760005   0.00167332]
 [130.           0.90760005   0.00167332]
 [131.           0.90720004   0.00228039]
 [132.           0.90720004   0.00228039]
 [133.           0.90720004   0.00228039]
 [134.           0.90720004   0.00228039]
 [135.           0.90720004   0.00228039]
 [136.           0.90720004   0.00228039]
 [137.           0.90760005   0.00296649]
 [138.           0.90760005   0.00296649]
 [139.           0.908        0.00244946]
 [140.           0.9084       0.00328637]
 [141.           0.908        0.0031623 ]
 [142.           0.908        0.0031623 ]
 [143.           0.908        0.0031623 ]
 [144.           0.908        0.0031623 ]
 [145.           0.908        0.0031623 ]
 [146.           0.90840006   0.00219089]
 [147.           0.90880007   0.00178887]
 [148.           0.90880007   0.00178887]
 [149.           0.90840006   0.00260768]
 [150.           0.90840006   0.00260768]
 [151.           0.90880007   0.0026833 ]
 [152.           0.9092       0.00303317]
 [153.           0.9092       0.00303317]
 [154.           0.9092       0.00303317]
 [155.           0.9092       0.00303317]
 [156.           0.9092       0.00303317]
 [157.           0.90880007   0.00303314]
 [158.           0.90880007   0.00228036]
 [159.           0.9084       0.00296647]
 [160.           0.908        0.00244949]
 [161.           0.90760005   0.00260772]
 [162.           0.90720004   0.00228039]
 [163.           0.90760005   0.00260772]
 [164.           0.9084       0.00328636]
 [165.           0.90879995   0.0036332 ]
 [166.           0.90879995   0.0036332 ]
 [167.           0.90879995   0.0036332 ]
 [168.           0.9092       0.00334664]
 [169.           0.90879995   0.0036332 ]
 [170.           0.9092       0.00303315]
 [171.           0.9096001    0.00260768]
 [172.           0.9096001    0.00260768]
 [173.           0.9096001    0.00260768]
 [174.           0.9096001    0.00260768]
 [175.           0.9096001    0.00260768]
 [176.           0.91         0.002     ]
 [177.           0.9092       0.00178886]
 [178.           0.90880007   0.00228035]
 [179.           0.90880007   0.00228035]
 [180.           0.9084       0.00296648]
 [181.           0.908        0.0031623 ]
 [182.           0.908        0.0031623 ]
 [183.           0.908        0.0031623 ]
 [184.           0.908        0.0031623 ]
 [185.           0.908        0.0031623 ]
 [186.           0.908        0.0031623 ]
 [187.           0.9084       0.00260768]
 [188.           0.9084       0.00260768]
 [189.           0.90880007   0.00228035]
 [190.           0.90880007   0.00228035]
 [191.           0.9084       0.00219089]
 [192.           0.9084       0.00219089]
 [193.           0.9092       0.00178886]
 [194.           0.90880007   0.00228035]
 [195.           0.9084       0.00219089]
 [196.           0.908        0.00244948]
 [197.           0.908        0.00244948]
 [198.           0.9084       0.00260768]
 [199.           0.90880007   0.00268328]
 [200.           0.90840006   0.00219089]
 [201.           0.908        0.00200001]
 [202.           0.908        0.0031623 ]
 [203.           0.908        0.0031623 ]
 [204.           0.90720004   0.00334663]
 [205.           0.90720004   0.00334663]
 [206.           0.90720004   0.00334663]
 [207.           0.90720004   0.00334663]
 [208.           0.90720004   0.00303318]
 [209.           0.90760005   0.00260768]
 [210.           0.90760005   0.00260768]
 [211.           0.9068       0.00228037]
 [212.           0.90720004   0.00268331]
 [213.           0.90760005   0.00219089]
 [214.           0.90760005   0.00219089]
 [215.           0.90760005   0.00219089]
 [216.           0.90760005   0.00219089]
 [217.           0.90760005   0.00219089]
 [218.           0.9068       0.00228037]
 [219.           0.90760005   0.00260768]
 [220.           0.90760005   0.00260768]
 [221.           0.908        0.00244949]
 [222.           0.908        0.00244949]
 [223.           0.9084       0.00260768]
 [224.           0.908        0.00282842]
 [225.           0.9084       0.00260766]
 [226.           0.908        0.00200001]
 [227.           0.90760005   0.00167332]
 [228.           0.90760005   0.00167332]
 [229.           0.90760005   0.00167332]
 [230.           0.90760005   0.00167332]
 [231.           0.90760005   0.00167332]
 [232.           0.90760005   0.00260772]
 [233.           0.90760005   0.00260772]
 [234.           0.90760005   0.00328636]
 [235.           0.90760005   0.00328636]
 [236.           0.90720004   0.00268331]
 [237.           0.90760005   0.00219089]
 [238.           0.908        0.00200001]
 [239.           0.90720004   0.00109542]
 [240.           0.90720004   0.00109542]
 [241.           0.90720004   0.00109542]
 [242.           0.90720004   0.00109542]
 [243.           0.90720004   0.00109542]
 [244.           0.90720004   0.00109542]
 [245.           0.90720004   0.00109542]
 [246.           0.9068       0.00178888]
 [247.           0.9068       0.00178888]
 [248.           0.9084       0.00219088]
 [249.           0.9084       0.00219088]
 [250.           0.9084       0.00219088]
 [251.           0.9084       0.00219088]
 [252.           0.90760005   0.00167332]
 [253.           0.90720004   0.00178884]
 [254.           0.90720004   0.00178884]
 [255.           0.90720004   0.00178884]
 [256.           0.90720004   0.00178884]
 [257.           0.90760005   0.00167332]
 [258.           0.90760005   0.00167332]
 [259.           0.90760005   0.00167332]
 [260.           0.90720004   0.00228039]
 [261.           0.90640014   0.00296647]
 [262.           0.90640014   0.00296647]
 [263.           0.90640014   0.00296647]
 [264.           0.90720004   0.00178887]
 [265.           0.9068001    0.00228038]
 [266.           0.90720004   0.00228036]
 [267.           0.90720004   0.00228036]
 [268.           0.90760005   0.00167332]
 [269.           0.90760005   0.00167332]
 [270.           0.90720004   0.00109542]
 [271.           0.90720004   0.00109542]
 [272.           0.9068       0.00109543]
 [273.           0.9068       0.00109543]
 [274.           0.9068       0.00109543]
 [275.           0.9068       0.00109543]
 [276.           0.9068001    0.00228038]
 [277.           0.9064       0.00167332]
 [278.           0.9064       0.00167332]
 [279.           0.9064       0.00167332]
 [280.           0.9064       0.00167332]
 [281.           0.9064       0.00167332]
 [282.           0.9068       0.00178888]
 [283.           0.9068       0.00178888]
 [284.           0.9068       0.00178888]
 [285.           0.9068       0.00178888]
 [286.           0.9064       0.00167334]
 [287.           0.9064       0.00167334]
 [288.           0.9068       0.00109543]
 [289.           0.9068       0.00109543]
 [290.           0.9068       0.00109543]
 [291.           0.9068       0.00109543]
 [292.           0.9068       0.00109543]
 [293.           0.9068       0.00109543]
 [294.           0.90720004   0.00109543]
 [295.           0.90760005   0.00089442]
 [296.           0.90760005   0.00089442]
 [297.           0.90760005   0.00089442]
 [298.           0.90760005   0.00089442]
 [299.           0.90720004   0.00109543]
 [300.           0.90720004   0.00109543]
 [301.           0.90760005   0.00089442]
 [302.           0.9068       0.00178888]
 [303.           0.9068       0.00178888]
 [304.           0.9068       0.00178888]
 [305.           0.9068       0.00178888]
 [306.           0.9068       0.00178888]
 [307.           0.9068       0.00178888]
 [308.           0.9064       0.00167334]
 [309.           0.9064       0.00167334]
 [310.           0.9064       0.00167334]
 [311.           0.9064       0.00167334]
 [312.           0.9064       0.00167334]
 [313.           0.9068       0.00178888]
 [314.           0.9068       0.00178888]
 [315.           0.90760005   0.00089442]
 [316.           0.90760005   0.00089442]
 [317.           0.90760005   0.00089442]
 [318.           0.90760005   0.00089442]
 [319.           0.90720004   0.00109543]
 [320.           0.90720004   0.00109543]
 [321.           0.90720004   0.00109543]
 [322.           0.90720004   0.00109543]
 [323.           0.90720004   0.00109543]
 [324.           0.90760005   0.00167332]
 [325.           0.90760005   0.00167332]
 [326.           0.90760005   0.00167332]
 [327.           0.90760005   0.00167332]
 [328.           0.90720004   0.00228034]
 [329.           0.90720004   0.00228034]
 [330.           0.90720004   0.00228034]
 [331.           0.90760005   0.0021909 ]
 [332.           0.90760005   0.0021909 ]
 [333.           0.908        0.00244949]
 [334.           0.908        0.00244949]
 [335.           0.90840006   0.00167334]
 [336.           0.908        0.00141423]
 [337.           0.90760005   0.00167332]
 [338.           0.90760005   0.00167332]
 [339.           0.90760005   0.00167332]
 [340.           0.90760005   0.00167332]
 [341.           0.90760005   0.00167332]
 [342.           0.90760005   0.00167332]
 [343.           0.90720004   0.00178884]
 [344.           0.9068       0.00228037]
 [345.           0.90720004   0.00228039]
 [346.           0.9068       0.00178888]
 [347.           0.90720004   0.00109542]
 [348.           0.90720004   0.00109543]
 [349.           0.9068001    0.00109542]
 [350.           0.9068001    0.00109542]
 [351.           0.9068001    0.00109542]
 [352.           0.9068001    0.00109542]
 [353.           0.9064       0.00089442]
 [354.           0.90599996   0.00141423]
 [355.           0.9064       0.00167332]
 [356.           0.9068       0.00178885]
 [357.           0.9068       0.00178885]
 [358.           0.90720004   0.00178884]
 [359.           0.9068       0.00178888]
 [360.           0.9068       0.00178888]
 [361.           0.9068       0.00178888]
 [362.           0.9064       0.00167334]
 [363.           0.9064       0.00167334]
 [364.           0.9064       0.00167334]
 [365.           0.9064       0.00167334]
 [366.           0.9064       0.00167334]
 [367.           0.9064       0.00167334]
 [368.           0.90599996   0.00141423]
 [369.           0.90599996   0.00141423]
 [370.           0.9068       0.00178885]
 [371.           0.9068       0.00178885]
 [372.           0.9060001    0.002     ]
 [373.           0.9060001    0.002     ]
 [374.           0.9068       0.00178885]
 [375.           0.9068       0.00178885]
 [376.           0.9064       0.00167334]
 [377.           0.9064       0.00167334]
 [378.           0.9064       0.00167334]
 [379.           0.9064       0.00167334]
 [380.           0.90599996   0.00141423]
 [381.           0.90599996   0.00141423]
 [382.           0.90599996   0.00141423]
 [383.           0.90599996   0.00141423]
 [384.           0.9060001    0.00141422]
 [385.           0.9064       0.00167332]
 [386.           0.9064       0.00167332]
 [387.           0.90599996   0.002     ]
 [388.           0.90599996   0.002     ]
 [389.           0.9060001    0.00141422]
 [390.           0.9060001    0.00141422]
 [391.           0.9060001    0.00141422]
 [392.           0.9056       0.00089445]
 [393.           0.9056       0.00089445]
 [394.           0.9056       0.00089445]
 [395.           0.9056       0.00089445]
 [396.           0.9056       0.00089445]
 [397.           0.9056       0.00089445]
 [398.           0.9056       0.00089445]
 [399.           0.9056       0.00089445]
 [400.           0.9056       0.00089445]]
Dataset       :Physics
Model         :APPNP
Conden ratio  :0.5
GC            :2
LearnA        :0
Max Test Accuracy:
0.914
Best Result: Epoch   Acc  Std.
               176 0.9100  0.0020
