Set seed
Model MLP
--------------------------------------------------
The 1th iteration:
--------------------------------------------------
--------------------------------------------------
The 2th iteration:
--------------------------------------------------
--------------------------------------------------
The 3th iteration:
--------------------------------------------------
--------------------------------------------------
The 4th iteration:
--------------------------------------------------
--------------------------------------------------
The 5th iteration:
--------------------------------------------------
[[  1.           0.4284       0.10949337]
 [  2.           0.5848       0.1410007 ]
 [  3.           0.70239997   0.11796102]
 [  4.           0.7812       0.09529532]
 [  5.           0.8288       0.07095915]
 [  6.           0.862        0.04326662]
 [  7.           0.8792       0.02998668]
 [  8.           0.8908       0.02563589]
 [  9.           0.8988       0.01900525]
 [ 10.           0.9032       0.01418448]
 [ 11.           0.9052       0.01389965]
 [ 12.           0.9112       0.00782305]
 [ 13.           0.9128       0.00303313]
 [ 14.           0.91359997   0.00260768]
 [ 15.           0.91359997   0.00296648]
 [ 16.           0.91440004   0.00328634]
 [ 17.           0.9148       0.00334665]
 [ 18.           0.91520005   0.00363319]
 [ 19.           0.91520005   0.00363319]
 [ 20.           0.91520005   0.00481663]
 [ 21.           0.91520005   0.00481663]
 [ 22.           0.916        0.00374166]
 [ 23.           0.91679996   0.00303315]
 [ 24.           0.9172       0.00228036]
 [ 25.           0.9172       0.00228036]
 [ 26.           0.91639996   0.00296648]
 [ 27.           0.9156       0.00219089]
 [ 28.           0.91520005   0.00178885]
 [ 29.           0.91520005   0.00303313]
 [ 30.           0.9156       0.00328632]
 [ 31.           0.9156       0.00328632]
 [ 32.           0.91520005   0.00414729]
 [ 33.           0.916        0.00374163]
 [ 34.           0.916        0.0028284 ]
 [ 35.           0.91639996   0.00296648]
 [ 36.           0.916        0.00316227]
 [ 37.           0.9156       0.00384708]
 [ 38.           0.916        0.00399998]
 [ 39.           0.916        0.00399998]
 [ 40.           0.91639996   0.00328634]
 [ 41.           0.916        0.00316229]
 [ 42.           0.91639996   0.00328634]
 [ 43.           0.91639996   0.00328634]
 [ 44.           0.91679996   0.00268329]
 [ 45.           0.9172       0.00303316]
 [ 46.           0.9172       0.00303316]
 [ 47.           0.9176001    0.00260768]
 [ 48.           0.9176001    0.00260768]
 [ 49.           0.9176001    0.00260768]
 [ 50.           0.91800004   0.002     ]
 [ 51.           0.91800004   0.002     ]
 [ 52.           0.91800004   0.002     ]
 [ 53.           0.91800004   0.002     ]
 [ 54.           0.9184       0.00296648]
 [ 55.           0.9176001    0.00328635]
 [ 56.           0.9172       0.00228035]
 [ 57.           0.9172       0.00228035]
 [ 58.           0.9172       0.00109543]
 [ 59.           0.9176       0.00089442]
 [ 60.           0.9168       0.00109543]
 [ 61.           0.916        0.00141423]
 [ 62.           0.91520005   0.00178887]
 [ 63.           0.9148001    0.00228036]
 [ 64.           0.91520005   0.00178887]
 [ 65.           0.91440004   0.0021909 ]
 [ 66.           0.91440004   0.0021909 ]
 [ 67.           0.91400003   0.00374166]
 [ 68.           0.91400003   0.00346411]
 [ 69.           0.91520005   0.00414729]
 [ 70.           0.9148       0.00460435]
 [ 71.           0.9148       0.00460435]
 [ 72.           0.9148       0.00460435]
 [ 73.           0.91440004   0.0045607 ]
 [ 74.           0.91440004   0.0045607 ]
 [ 75.           0.9148       0.00460435]
 [ 76.           0.9148       0.0054037 ]
 [ 77.           0.91520005   0.00521539]
 [ 78.           0.9156       0.00384707]
 [ 79.           0.9156       0.00384707]
 [ 80.           0.91520005   0.00414729]
 [ 81.           0.91520005   0.00414729]
 [ 82.           0.916        0.004     ]
 [ 83.           0.916        0.00282844]
 [ 84.           0.9156       0.00260771]
 [ 85.           0.9156       0.00260771]
 [ 86.           0.9156       0.00260771]
 [ 87.           0.91520005   0.00178887]
 [ 88.           0.916        0.00244952]
 [ 89.           0.916        0.00244952]
 [ 90.           0.91639996   0.00328634]
 [ 91.           0.91639996   0.00328634]
 [ 92.           0.916        0.00244952]
 [ 93.           0.91679996   0.00334665]
 [ 94.           0.91639996   0.0026077 ]
 [ 95.           0.91639996   0.0026077 ]
 [ 96.           0.91639996   0.0026077 ]
 [ 97.           0.91639996   0.00357772]
 [ 98.           0.91639996   0.00357772]
 [ 99.           0.91639996   0.00357772]
 [100.           0.91639996   0.00357772]
 [101.           0.91639996   0.00357772]
 [102.           0.9172       0.00414732]
 [103.           0.9172       0.00303315]
 [104.           0.9172       0.00303315]
 [105.           0.9172       0.00303315]
 [106.           0.9172       0.00303315]
 [107.           0.9172       0.00303315]
 [108.           0.9176       0.00296648]
 [109.           0.9176       0.00296648]
 [110.           0.9176       0.00296648]
 [111.           0.9176       0.00296648]
 [112.           0.91800004   0.00374167]
 [113.           0.9184       0.00328634]
 [114.           0.9184       0.00328634]
 [115.           0.9176001    0.00260768]
 [116.           0.9176001    0.00260768]
 [117.           0.91800004   0.00346411]
 [118.           0.91800004   0.00346411]
 [119.           0.91800004   0.00346411]
 [120.           0.91800004   0.00346411]
 [121.           0.91800004   0.00346411]
 [122.           0.9184       0.00328634]
 [123.           0.9184       0.00328634]
 [124.           0.9184       0.00328634]
 [125.           0.9184       0.00328634]
 [126.           0.9184       0.00328634]
 [127.           0.9184       0.00328634]
 [128.           0.9184       0.00328634]
 [129.           0.9184       0.00328634]
 [130.           0.9184       0.00328634]
 [131.           0.9184       0.00328634]
 [132.           0.9184       0.00328634]
 [133.           0.9188       0.00303317]
 [134.           0.9188       0.00303317]
 [135.           0.9188       0.00303317]
 [136.           0.9184       0.00328634]
 [137.           0.9184       0.00328634]
 [138.           0.9184       0.00328634]
 [139.           0.91800004   0.00346411]
 [140.           0.91800004   0.00346411]
 [141.           0.91800004   0.00346411]
 [142.           0.91800004   0.00346411]
 [143.           0.9184       0.00328634]
 [144.           0.9184       0.00328634]
 [145.           0.9184       0.00328634]
 [146.           0.9184       0.00328634]
 [147.           0.9184       0.00328634]
 [148.           0.9184       0.00328634]
 [149.           0.9184       0.00328634]
 [150.           0.91800004   0.00346411]
 [151.           0.91800004   0.00346411]
 [152.           0.91800004   0.00346411]
 [153.           0.9176001    0.00384709]
 [154.           0.9176001    0.00384709]
 [155.           0.91800004   0.00374167]
 [156.           0.91800004   0.00374167]
 [157.           0.91800004   0.00374167]
 [158.           0.91800004   0.00374167]
 [159.           0.91800004   0.00374167]
 [160.           0.91800004   0.00374167]
 [161.           0.91800004   0.00374167]
 [162.           0.9184       0.00357773]
 [163.           0.91800004   0.00374167]
 [164.           0.9184       0.0038471 ]
 [165.           0.9184       0.0038471 ]
 [166.           0.9184       0.0038471 ]
 [167.           0.9184       0.0038471 ]
 [168.           0.9184       0.0038471 ]
 [169.           0.9184       0.0038471 ]
 [170.           0.91800004   0.00374167]
 [171.           0.9184       0.0038471 ]
 [172.           0.9184       0.0038471 ]
 [173.           0.9184       0.0038471 ]
 [174.           0.9184       0.0038471 ]
 [175.           0.9184       0.0038471 ]
 [176.           0.9184       0.0038471 ]
 [177.           0.91800004   0.00374167]
 [178.           0.91800004   0.00374167]
 [179.           0.91800004   0.00374167]
 [180.           0.91800004   0.00374167]
 [181.           0.91800004   0.00374167]
 [182.           0.91800004   0.00374167]
 [183.           0.91800004   0.00374167]
 [184.           0.9176       0.00384709]
 [185.           0.91679996   0.00414731]
 [186.           0.91679996   0.00414731]
 [187.           0.91679996   0.00414731]
 [188.           0.91639996   0.00433593]
 [189.           0.91639996   0.00433593]
 [190.           0.9168       0.00414733]
 [191.           0.9168       0.00414733]
 [192.           0.9168       0.00414733]
 [193.           0.9168       0.00414733]
 [194.           0.9168       0.00414733]
 [195.           0.9168       0.00414733]
 [196.           0.9168       0.00414733]
 [197.           0.9168       0.00414733]
 [198.           0.9168       0.00414733]
 [199.           0.9168       0.00414733]
 [200.           0.9168       0.00414733]
 [201.           0.9176001    0.00497996]
 [202.           0.9176001    0.00497996]
 [203.           0.9176001    0.00497996]
 [204.           0.9176001    0.00497996]
 [205.           0.9172       0.00501997]
 [206.           0.91639996   0.00554977]
 [207.           0.91639996   0.00554977]
 [208.           0.91639996   0.00554977]
 [209.           0.91639996   0.00554977]
 [210.           0.9168       0.00540369]
 [211.           0.9168       0.00540369]
 [212.           0.9168       0.00540369]
 [213.           0.9168       0.00540369]
 [214.           0.9168       0.00540369]
 [215.           0.9168       0.00540369]
 [216.           0.9168       0.00540369]
 [217.           0.9168       0.00540369]
 [218.           0.9168       0.00540369]
 [219.           0.9168       0.00540369]
 [220.           0.9168       0.00540369]
 [221.           0.9168       0.00540369]
 [222.           0.9168       0.00540369]
 [223.           0.9168       0.00540369]
 [224.           0.9168       0.00540369]
 [225.           0.91639996   0.00554977]
 [226.           0.91639996   0.00554977]
 [227.           0.9168       0.0054037 ]
 [228.           0.9168       0.0054037 ]
 [229.           0.9168       0.0054037 ]
 [230.           0.9168       0.0054037 ]
 [231.           0.9168       0.0054037 ]
 [232.           0.9168       0.0054037 ]
 [233.           0.91639996   0.00572712]
 [234.           0.91639996   0.00572712]
 [235.           0.91639996   0.00572712]
 [236.           0.91639996   0.00572712]
 [237.           0.91639996   0.00572712]
 [238.           0.91639996   0.00572712]
 [239.           0.91639996   0.00572712]
 [240.           0.91639996   0.00572712]
 [241.           0.91639996   0.00572712]
 [242.           0.91639996   0.00572712]
 [243.           0.91639996   0.00572712]
 [244.           0.91639996   0.00572712]
 [245.           0.91639996   0.00572712]
 [246.           0.91639996   0.00572712]
 [247.           0.91639996   0.00572712]
 [248.           0.91639996   0.00572712]
 [249.           0.91639996   0.00572712]
 [250.           0.91639996   0.00572712]
 [251.           0.91639996   0.00572712]
 [252.           0.91639996   0.00572712]
 [253.           0.91639996   0.00572712]
 [254.           0.9168       0.0054037 ]
 [255.           0.9168       0.0054037 ]
 [256.           0.9168       0.0054037 ]
 [257.           0.9168       0.0054037 ]
 [258.           0.9168       0.0054037 ]
 [259.           0.9168       0.0054037 ]
 [260.           0.9168       0.0054037 ]
 [261.           0.9168       0.0054037 ]
 [262.           0.91639996   0.0045607 ]
 [263.           0.91639996   0.0045607 ]
 [264.           0.91639996   0.0045607 ]
 [265.           0.91639996   0.0045607 ]
 [266.           0.91639996   0.0045607 ]
 [267.           0.91639996   0.0045607 ]
 [268.           0.91639996   0.0045607 ]
 [269.           0.91639996   0.0045607 ]
 [270.           0.91639996   0.0045607 ]
 [271.           0.91639996   0.0045607 ]
 [272.           0.91639996   0.0045607 ]
 [273.           0.916        0.00509903]
 [274.           0.916        0.00509903]
 [275.           0.916        0.00509903]
 [276.           0.916        0.00509903]
 [277.           0.916        0.00509903]
 [278.           0.9156       0.0051769 ]
 [279.           0.9156       0.0051769 ]
 [280.           0.9156       0.0051769 ]
 [281.           0.9156       0.0051769 ]
 [282.           0.9156       0.0051769 ]
 [283.           0.9156       0.0051769 ]
 [284.           0.9156       0.0051769 ]
 [285.           0.91520005   0.00540372]
 [286.           0.91520005   0.00540372]
 [287.           0.91520005   0.00540372]
 [288.           0.91520005   0.00540372]
 [289.           0.91520005   0.00540372]
 [290.           0.91520005   0.00540372]
 [291.           0.91520005   0.00540372]
 [292.           0.91520005   0.00540372]
 [293.           0.91520005   0.00540372]
 [294.           0.91520005   0.00540372]
 [295.           0.91520005   0.00540372]
 [296.           0.91520005   0.00540372]
 [297.           0.91520005   0.00540372]
 [298.           0.91520005   0.00540372]
 [299.           0.91520005   0.00540372]
 [300.           0.91520005   0.00540372]
 [301.           0.91520005   0.00540372]
 [302.           0.9156       0.00536658]
 [303.           0.91520005   0.00540372]
 [304.           0.91520005   0.00540372]
 [305.           0.91520005   0.00540372]
 [306.           0.91520005   0.00540372]
 [307.           0.91520005   0.00540372]
 [308.           0.91520005   0.00540372]
 [309.           0.9148       0.00460435]
 [310.           0.9148       0.00460435]
 [311.           0.9148       0.00460435]
 [312.           0.91440004   0.00384708]
 [313.           0.91440004   0.00384708]
 [314.           0.91440004   0.00384708]
 [315.           0.91440004   0.00384708]
 [316.           0.91440004   0.00384708]
 [317.           0.91440004   0.00384708]
 [318.           0.91440004   0.00384708]
 [319.           0.91440004   0.00384708]
 [320.           0.91440004   0.00384708]
 [321.           0.91440004   0.00384708]
 [322.           0.91400003   0.00374166]
 [323.           0.91400003   0.00374166]
 [324.           0.91400003   0.00374166]
 [325.           0.91400003   0.00374166]
 [326.           0.91400003   0.00374166]
 [327.           0.91400003   0.00374166]
 [328.           0.91400003   0.00374166]
 [329.           0.91400003   0.00374166]
 [330.           0.91400003   0.00374166]
 [331.           0.91400003   0.00374166]
 [332.           0.91400003   0.00374166]
 [333.           0.91400003   0.00374166]
 [334.           0.91400003   0.00374166]
 [335.           0.91400003   0.00374166]
 [336.           0.91400003   0.00374166]
 [337.           0.91400003   0.00374166]
 [338.           0.91400003   0.00374166]
 [339.           0.91400003   0.00374166]
 [340.           0.91400003   0.00374166]
 [341.           0.91400003   0.00374166]
 [342.           0.91400003   0.00374166]
 [343.           0.91359997   0.00384708]
 [344.           0.91359997   0.00384708]
 [345.           0.91359997   0.00384708]
 [346.           0.91359997   0.00384708]
 [347.           0.91359997   0.00384708]
 [348.           0.91359997   0.00384708]
 [349.           0.91359997   0.00384708]
 [350.           0.91359997   0.00384708]
 [351.           0.91359997   0.00384708]
 [352.           0.91359997   0.00384708]
 [353.           0.91359997   0.00384708]
 [354.           0.91359997   0.00384708]
 [355.           0.91359997   0.00384708]
 [356.           0.91359997   0.00384708]
 [357.           0.91359997   0.00384708]
 [358.           0.91359997   0.00384708]
 [359.           0.91359997   0.00384708]
 [360.           0.91359997   0.00384708]
 [361.           0.91359997   0.00384708]
 [362.           0.91359997   0.00384708]
 [363.           0.91359997   0.00384708]
 [364.           0.91359997   0.00384708]
 [365.           0.91359997   0.00384708]
 [366.           0.91359997   0.00384708]
 [367.           0.91359997   0.00384708]
 [368.           0.91359997   0.00384708]
 [369.           0.91359997   0.00384708]
 [370.           0.91359997   0.00384708]
 [371.           0.9132       0.00303314]
 [372.           0.9128       0.00303313]
 [373.           0.9128       0.00303313]
 [374.           0.9128       0.00303313]
 [375.           0.9128       0.00303313]
 [376.           0.9128       0.00303313]
 [377.           0.9128       0.00303313]
 [378.           0.9128       0.00303313]
 [379.           0.9128       0.00303313]
 [380.           0.9128       0.00303313]
 [381.           0.9128       0.00303313]
 [382.           0.9128       0.00303313]
 [383.           0.9128       0.00303313]
 [384.           0.9128       0.00303313]
 [385.           0.9128       0.00303313]
 [386.           0.9128       0.00303313]
 [387.           0.9128       0.00303313]
 [388.           0.9128       0.00303313]
 [389.           0.9128       0.00303313]
 [390.           0.9128       0.00303313]
 [391.           0.9128       0.00303313]
 [392.           0.9128       0.00303313]
 [393.           0.9128       0.00303313]
 [394.           0.9128       0.00303313]
 [395.           0.9128       0.00303313]
 [396.           0.9128       0.00303313]
 [397.           0.9128       0.00303313]
 [398.           0.9128       0.00303313]
 [399.           0.9128       0.00303313]
 [400.           0.9128       0.00303313]]
Dataset       :Physics
Model         :MLP
Conden ratio  :0.5
GC            :1
LearnA        :1
Max Test Accuracy:
0.926
Best Result: Epoch   Acc  Std.
               133 0.9188  0.0030
