Set seed
Model GCN
--------------------------------------------------
The 1th iteration:
--------------------------------------------------
--------------------------------------------------
The 2th iteration:
--------------------------------------------------
--------------------------------------------------
The 3th iteration:
--------------------------------------------------
--------------------------------------------------
The 4th iteration:
--------------------------------------------------
--------------------------------------------------
The 5th iteration:
--------------------------------------------------
[[  1.           0.36020002   0.04902245]
 [  2.           0.391        0.03905765]
 [  3.           0.4092       0.02901207]
 [  4.           0.41800004   0.0236326 ]
 [  5.           0.4198       0.02141727]
 [  6.           0.41840002   0.01974336]
 [  7.           0.41660005   0.01550162]
 [  8.           0.41459998   0.01163183]
 [  9.           0.41079998   0.00549545]
 [ 10.           0.409        0.00282842]
 [ 11.           0.40879998   0.00248998]
 [ 12.           0.4082       0.00178887]
 [ 13.           0.40780002   0.00130383]
 [ 14.           0.40739998   0.00089442]
 [ 15.           0.40699998   0.        ]
 [ 16.           0.4072       0.00044721]
 [ 17.           0.4072       0.00044721]
 [ 18.           0.40699998   0.        ]
 [ 19.           0.40699998   0.        ]
 [ 20.           0.40699998   0.        ]
 [ 21.           0.40699998   0.        ]
 [ 22.           0.40699998   0.        ]
 [ 23.           0.40699998   0.        ]
 [ 24.           0.40699998   0.        ]
 [ 25.           0.40699998   0.        ]
 [ 26.           0.40699998   0.        ]
 [ 27.           0.40699998   0.        ]
 [ 28.           0.40699998   0.        ]
 [ 29.           0.40699998   0.        ]
 [ 30.           0.40699998   0.        ]
 [ 31.           0.40699998   0.        ]
 [ 32.           0.40699998   0.        ]
 [ 33.           0.40699998   0.        ]
 [ 34.           0.40699998   0.        ]
 [ 35.           0.40699998   0.        ]
 [ 36.           0.40699998   0.        ]
 [ 37.           0.40699998   0.        ]
 [ 38.           0.40699998   0.        ]
 [ 39.           0.40699998   0.        ]
 [ 40.           0.40699998   0.        ]
 [ 41.           0.40699998   0.        ]
 [ 42.           0.40699998   0.        ]
 [ 43.           0.40699998   0.        ]
 [ 44.           0.40699998   0.        ]
 [ 45.           0.40699998   0.        ]
 [ 46.           0.40699998   0.        ]
 [ 47.           0.40699998   0.        ]
 [ 48.           0.40699998   0.        ]
 [ 49.           0.40699998   0.        ]
 [ 50.           0.40699998   0.        ]
 [ 51.           0.4072       0.00044721]
 [ 52.           0.40740004   0.00089442]
 [ 53.           0.40740004   0.00089442]
 [ 54.           0.40740004   0.00089442]
 [ 55.           0.40740004   0.00089442]
 [ 56.           0.40740004   0.00089442]
 [ 57.           0.40740004   0.00089442]
 [ 58.           0.40740004   0.00089442]
 [ 59.           0.40760002   0.00134164]
 [ 60.           0.40760002   0.00134164]
 [ 61.           0.4082       0.00268328]
 [ 62.           0.4082       0.00268328]
 [ 63.           0.40839997   0.00313049]
 [ 64.           0.40880004   0.00402492]
 [ 65.           0.40880004   0.00402492]
 [ 66.           0.40880004   0.00402492]
 [ 67.           0.40880004   0.00402492]
 [ 68.           0.4092       0.00438178]
 [ 69.           0.409        0.00393701]
 [ 70.           0.40839997   0.00260767]
 [ 71.           0.40839997   0.00260767]
 [ 72.           0.40839997   0.00260767]
 [ 73.           0.4082       0.00268328]
 [ 74.           0.40839997   0.00260767]
 [ 75.           0.4086       0.00260767]
 [ 76.           0.40839997   0.00260767]
 [ 77.           0.40780002   0.00130384]
 [ 78.           0.40760002   0.00089442]
 [ 79.           0.40760002   0.00089442]
 [ 80.           0.40780002   0.00109545]
 [ 81.           0.40760002   0.00089442]
 [ 82.           0.40780002   0.00109545]
 [ 83.           0.40780002   0.00109545]
 [ 84.           0.40780002   0.00109545]
 [ 85.           0.40780002   0.00109545]
 [ 86.           0.40780002   0.00109545]
 [ 87.           0.40780002   0.00109545]
 [ 88.           0.40840003   0.00219089]
 [ 89.           0.40840003   0.00219089]
 [ 90.           0.4086       0.00207365]
 [ 91.           0.4086       0.00207365]
 [ 92.           0.4086       0.00207365]
 [ 93.           0.4086       0.00207365]
 [ 94.           0.409        0.00291547]
 [ 95.           0.409        0.00291547]
 [ 96.           0.409        0.00291547]
 [ 97.           0.409        0.00291547]
 [ 98.           0.4092       0.00334664]
 [ 99.           0.4094       0.00378154]
 [100.           0.40960002   0.004219  ]
 [101.           0.40980002   0.00465833]
 [102.           0.40960002   0.004219  ]
 [103.           0.4094       0.00378154]
 [104.           0.4094       0.00378154]
 [105.           0.4096       0.00371484]
 [106.           0.4096       0.00371484]
 [107.           0.4096       0.00371484]
 [108.           0.4096       0.00371484]
 [109.           0.4096       0.00371484]
 [110.           0.40980002   0.00370135]
 [111.           0.4104       0.00456071]
 [112.           0.411        0.00543138]
 [113.           0.41120002   0.00535723]
 [114.           0.41120002   0.00535723]
 [115.           0.41099998   0.00556777]
 [116.           0.41099998   0.00556777]
 [117.           0.41079998   0.00554075]
 [118.           0.411        0.00595819]
 [119.           0.41220003   0.00637966]
 [120.           0.412        0.00644206]
 [121.           0.4126       0.00654218]
 [122.           0.4132       0.00683375]
 [123.           0.4134       0.00684106]
 [124.           0.41359997   0.00736885]
 [125.           0.4134       0.00684105]
 [126.           0.41400003   0.00640312]
 [127.           0.41459998   0.00684106]
 [128.           0.4158       0.00701428]
 [129.           0.41599998   0.00659545]
 [130.           0.41619998   0.00661061]
 [131.           0.41599998   0.00644206]
 [132.           0.41700003   0.00644206]
 [133.           0.41700003   0.00644206]
 [134.           0.41840002   0.00766811]
 [135.           0.41899997   0.00799999]
 [136.           0.41920003   0.00831865]
 [137.           0.419        0.00902774]
 [138.           0.419        0.00992472]
 [139.           0.4192       0.01077962]
 [140.           0.4192       0.01151955]
 [141.           0.41939998   0.0121573 ]
 [142.           0.42         0.01206235]
 [143.           0.42060003   0.01182372]
 [144.           0.4216       0.01205405]
 [145.           0.4224       0.01240161]
 [146.           0.42280003   0.01310344]
 [147.           0.425        0.01440487]
 [148.           0.4272       0.01540131]
 [149.           0.42800003   0.01491644]
 [150.           0.42859998   0.01495994]
 [151.           0.4278       0.01382751]
 [152.           0.4282       0.01393557]
 [153.           0.4284       0.01436314]
 [154.           0.4276       0.01346477]
 [155.           0.4258       0.01160604]
 [156.           0.4264       0.01213672]
 [157.           0.4268       0.01207063]
 [158.           0.42740002   0.01236124]
 [159.           0.4276       0.0124016 ]
 [160.           0.4278       0.01269646]
 [161.           0.429        0.0131909 ]
 [162.           0.4306       0.01401073]
 [163.           0.433        0.01649242]
 [164.           0.435        0.01823459]
 [165.           0.4376       0.0214546 ]
 [166.           0.4388       0.02265393]
 [167.           0.4396       0.02343715]
 [168.           0.44000003   0.02196588]
 [169.           0.4408       0.02290633]
 [170.           0.44399998   0.02337735]
 [171.           0.44580004   0.02473257]
 [172.           0.4474       0.02665145]
 [173.           0.44799995   0.02658947]
 [174.           0.4498       0.02869146]
 [175.           0.452        0.03061861]
 [176.           0.45479998   0.0330106 ]
 [177.           0.45900002   0.03657186]
 [178.           0.46120006   0.03893841]
 [179.           0.46300003   0.04017461]
 [180.           0.465        0.04266731]
 [181.           0.46680003   0.04375729]
 [182.           0.469        0.04347415]
 [183.           0.4704       0.04335668]
 [184.           0.4714       0.04426398]
 [185.           0.4708       0.04349368]
 [186.           0.47100002   0.04267903]
 [187.           0.4708       0.04231076]
 [188.           0.4714       0.0426884 ]
 [189.           0.47280002   0.04360849]
 [190.           0.47339997   0.04421876]
 [191.           0.4742       0.04543896]
 [192.           0.47480002   0.04735187]
 [193.           0.47539997   0.04752158]
 [194.           0.4762       0.0491396 ]
 [195.           0.47740003   0.04982268]
 [196.           0.48         0.0531225 ]
 [197.           0.4828       0.05526934]
 [198.           0.48260003   0.05559497]
 [199.           0.48459998   0.0579163 ]
 [200.           0.48740005   0.06101477]
 [201.           0.487        0.06116778]
 [202.           0.4872       0.06099344]
 [203.           0.48919997   0.0603009 ]
 [204.           0.49020004   0.0596255 ]
 [205.           0.4914       0.05760469]
 [206.           0.4928       0.05820396]
 [207.           0.49519998   0.05985149]
 [208.           0.49740002   0.06032246]
 [209.           0.4988       0.06110402]
 [210.           0.50060004   0.06246039]
 [211.           0.50240004   0.06500616]
 [212.           0.5032       0.06741442]
 [213.           0.50380003   0.06858355]
 [214.           0.5056       0.07356152]
 [215.           0.5068       0.07374413]
 [216.           0.50780004   0.07439557]
 [217.           0.5096       0.07654279]
 [218.           0.5102       0.07733501]
 [219.           0.5122       0.07824448]
 [220.           0.5134       0.07950661]
 [221.           0.5158       0.08205912]
 [222.           0.51820004   0.08265714]
 [223.           0.52220005   0.08617541]
 [224.           0.5248       0.08888307]
 [225.           0.5278       0.09142318]
 [226.           0.5314       0.09407871]
 [227.           0.5344       0.09627719]
 [228.           0.53800005   0.09827767]
 [229.           0.54020005   0.09860881]
 [230.           0.5404       0.09718436]
 [231.           0.541        0.09689166]
 [232.           0.54160005   0.09569378]
 [233.           0.5428       0.09472169]
 [234.           0.54240006   0.09349225]
 [235.           0.5434       0.09211025]
 [236.           0.5428       0.09051076]
 [237.           0.5424       0.09061898]
 [238.           0.5406       0.0899739 ]
 [239.           0.5412       0.09114656]
 [240.           0.54080003   0.09155437]
 [241.           0.5382       0.09068738]
 [242.           0.5384       0.0925624 ]
 [243.           0.5386       0.09384721]
 [244.           0.54039997   0.09530108]
 [245.           0.54179996   0.09572197]
 [246.           0.5426       0.09526438]
 [247.           0.54520005   0.09704226]
 [248.           0.546        0.0977625 ]
 [249.           0.5478       0.09870767]
 [250.           0.54980004   0.10020828]
 [251.           0.5514       0.10164055]
 [252.           0.5528       0.10277745]
 [253.           0.55340004   0.10107324]
 [254.           0.5548       0.10078294]
 [255.           0.5546       0.10125367]
 [256.           0.55560005   0.10202356]
 [257.           0.55619997   0.10205   ]
 [258.           0.55700004   0.10337555]
 [259.           0.55740005   0.10352441]
 [260.           0.559        0.10482606]
 [261.           0.56100005   0.10513801]
 [262.           0.5644       0.10497763]
 [263.           0.566        0.10679889]
 [264.           0.5684       0.10741647]
 [265.           0.57180005   0.10833606]
 [266.           0.575        0.10972694]
 [267.           0.57420003   0.10875063]
 [268.           0.5758       0.10925063]
 [269.           0.5772       0.11048166]
 [270.           0.5798       0.11289686]
 [271.           0.5812       0.11414769]
 [272.           0.5834       0.11575103]
 [273.           0.58280003   0.11635378]
 [274.           0.58140004   0.11510561]
 [275.           0.5808       0.11508124]
 [276.           0.5788       0.11312911]
 [277.           0.57720006   0.11300751]
 [278.           0.5758       0.11089949]
 [279.           0.575        0.10963349]
 [280.           0.5762       0.1095249 ]
 [281.           0.575        0.10872672]
 [282.           0.5748       0.10779472]
 [283.           0.5732       0.10600565]
 [284.           0.5748       0.10685365]
 [285.           0.57460004   0.10606273]
 [286.           0.5756       0.1054552 ]
 [287.           0.57640004   0.10564232]
 [288.           0.57919997   0.10618239]
 [289.           0.5816       0.1069827 ]
 [290.           0.5824       0.10654011]
 [291.           0.585        0.10812027]
 [292.           0.587        0.10989313]
 [293.           0.5872       0.11061283]
 [294.           0.5866       0.11117911]
 [295.           0.587        0.11029056]
 [296.           0.587        0.10999772]
 [297.           0.5872       0.10965721]
 [298.           0.58840007   0.10966676]
 [299.           0.5886001    0.10914347]
 [300.           0.5886       0.10925794]
 [301.           0.5896       0.10904032]
 [302.           0.5924       0.10880852]
 [303.           0.5924       0.10834578]
 [304.           0.59300005   0.10916962]
 [305.           0.5946       0.11030325]
 [306.           0.5962       0.11072352]
 [307.           0.5974       0.11095402]
 [308.           0.598        0.11135529]
 [309.           0.5982       0.11060378]
 [310.           0.59720004   0.11027332]
 [311.           0.59540004   0.11047531]
 [312.           0.59499997   0.10976563]
 [313.           0.5936       0.10967816]
 [314.           0.5938       0.11079577]
 [315.           0.5936       0.11141723]
 [316.           0.5942       0.11375282]
 [317.           0.59499997   0.11435908]
 [318.           0.59499997   0.11440498]
 [319.           0.5968       0.11488778]
 [320.           0.598        0.11397152]
 [321.           0.59980005   0.1129677 ]
 [322.           0.6036       0.11030094]
 [323.           0.6066       0.10906558]
 [324.           0.6068       0.11000775]
 [325.           0.6098       0.11038435]
 [326.           0.6114       0.11120391]
 [327.           0.6124       0.10996728]
 [328.           0.6124       0.10915263]
 [329.           0.61280006   0.10768796]
 [330.           0.61300004   0.10676842]
 [331.           0.613        0.10650118]
 [332.           0.61179996   0.10543101]
 [333.           0.61020005   0.10373138]
 [334.           0.6082       0.1018784 ]
 [335.           0.608        0.10145687]
 [336.           0.608        0.10240116]
 [337.           0.608        0.10363639]
 [338.           0.60840005   0.10519885]
 [339.           0.6094       0.10611458]
 [340.           0.609        0.10633905]
 [341.           0.608        0.10764062]
 [342.           0.6082001    0.10783413]
 [343.           0.6094       0.10796665]
 [344.           0.6096       0.10918471]
 [345.           0.6096       0.10908162]
 [346.           0.6104       0.10844951]
 [347.           0.61079997   0.10873226]
 [348.           0.6096       0.10714617]
 [349.           0.60840005   0.1063358 ]
 [350.           0.60880005   0.10603395]
 [351.           0.6092       0.10557556]
 [352.           0.6096       0.10606743]
 [353.           0.6104       0.10705982]
 [354.           0.61120003   0.10637058]
 [355.           0.61140007   0.10645094]
 [356.           0.61219996   0.10641992]
 [357.           0.61340004   0.10572037]
 [358.           0.6134       0.10551447]
 [359.           0.6152       0.10547843]
 [360.           0.6172       0.10576247]
 [361.           0.61800003   0.10574495]
 [362.           0.6182       0.10469814]
 [363.           0.6174       0.1029286 ]
 [364.           0.6172       0.1009787 ]
 [365.           0.61740005   0.0992008 ]
 [366.           0.61780006   0.09889995]
 [367.           0.6182       0.09936398]
 [368.           0.6182       0.09864431]
 [369.           0.6182       0.09860881]
 [370.           0.6192       0.10062654]
 [371.           0.61980003   0.10135679]
 [372.           0.6212       0.10107277]
 [373.           0.62180007   0.10144555]
 [374.           0.6218       0.10259242]
 [375.           0.6226       0.10275359]
 [376.           0.6222       0.10161296]
 [377.           0.622        0.10184054]
 [378.           0.62039995   0.10161347]
 [379.           0.61980003   0.10102573]
 [380.           0.6204       0.10233671]
 [381.           0.61980003   0.10187099]
 [382.           0.6206       0.10196958]
 [383.           0.61980003   0.102121  ]
 [384.           0.61939996   0.10099899]
 [385.           0.6196       0.10196225]
 [386.           0.62060004   0.10284843]
 [387.           0.62039995   0.10184202]
 [388.           0.61980003   0.10172858]
 [389.           0.62         0.10139281]
 [390.           0.62         0.1012497 ]
 [391.           0.621        0.10095297]
 [392.           0.622        0.09995   ]
 [393.           0.6234       0.09921087]
 [394.           0.6238       0.09882408]
 [395.           0.6236       0.09674607]
 [396.           0.6236       0.0951646 ]
 [397.           0.6244001    0.09536406]
 [398.           0.6252       0.0957533 ]
 [399.           0.6258       0.09560181]
 [400.           0.62700003   0.0970773 ]]
Dataset       :Pubmed
Model         :GCN
Conden ratio  :0.25
GC            :5
LearnA        :1
Max Test Accuracy:
0.725
Best Result: Epoch   Acc  Std.
               400 0.6270  0.0971
