Set seed
Model MLP
--------------------------------------------------
The 1th iteration:
--------------------------------------------------
--------------------------------------------------
The 2th iteration:
--------------------------------------------------
--------------------------------------------------
The 3th iteration:
--------------------------------------------------
--------------------------------------------------
The 4th iteration:
--------------------------------------------------
--------------------------------------------------
The 5th iteration:
--------------------------------------------------
[[  1.           0.3246       0.1327038 ]
 [  2.           0.3304       0.13848214]
 [  3.           0.3082       0.11965241]
 [  4.           0.2804       0.12234091]
 [  5.           0.2774       0.12451023]
 [  6.           0.27620003   0.12546793]
 [  7.           0.2754       0.12613405]
 [  8.           0.27560002   0.12596546]
 [  9.           0.2774       0.12537064]
 [ 10.           0.27980003   0.12652549]
 [ 11.           0.28239998   0.1267608 ]
 [ 12.           0.28620002   0.1266578 ]
 [ 13.           0.29000002   0.1294913 ]
 [ 14.           0.29500005   0.13138112]
 [ 15.           0.30040002   0.13441838]
 [ 16.           0.307        0.13764809]
 [ 17.           0.31440002   0.14080589]
 [ 18.           0.3208       0.14329235]
 [ 19.           0.3294       0.15177219]
 [ 20.           0.33659998   0.15686554]
 [ 21.           0.34180003   0.15826938]
 [ 22.           0.347        0.16128856]
 [ 23.           0.35240003   0.16415024]
 [ 24.           0.35700002   0.167335  ]
 [ 25.           0.36180001   0.17040159]
 [ 26.           0.3662       0.17346239]
 [ 27.           0.3706       0.17535478]
 [ 28.           0.3746       0.17702344]
 [ 29.           0.377        0.17644121]
 [ 30.           0.37860003   0.17602642]
 [ 31.           0.37939999   0.17615987]
 [ 32.           0.38140002   0.17547877]
 [ 33.           0.3834       0.17478786]
 [ 34.           0.38480002   0.17299624]
 [ 35.           0.38660002   0.17129596]
 [ 36.           0.38579997   0.16871782]
 [ 37.           0.3874       0.16572659]
 [ 38.           0.38860002   0.1638072 ]
 [ 39.           0.39040002   0.15884207]
 [ 40.           0.3914       0.1560106 ]
 [ 41.           0.3928       0.15283717]
 [ 42.           0.3958       0.15120748]
 [ 43.           0.3948       0.14769292]
 [ 44.           0.3966       0.14654794]
 [ 45.           0.3982       0.14495932]
 [ 46.           0.3988       0.14164461]
 [ 47.           0.3994       0.13917004]
 [ 48.           0.40019998   0.13618812]
 [ 49.           0.4004       0.13298234]
 [ 50.           0.40019998   0.12831485]
 [ 51.           0.4014       0.12409796]
 [ 52.           0.40120003   0.12202747]
 [ 53.           0.40260002   0.1212283 ]
 [ 54.           0.40260002   0.11923213]
 [ 55.           0.40440002   0.11671461]
 [ 56.           0.4054       0.11412406]
 [ 57.           0.40620002   0.1115827 ]
 [ 58.           0.40839997   0.11208835]
 [ 59.           0.40980002   0.11056989]
 [ 60.           0.409        0.10909859]
 [ 61.           0.41079998   0.10770655]
 [ 62.           0.4134       0.10542675]
 [ 63.           0.4144       0.10304514]
 [ 64.           0.41619998   0.10174331]
 [ 65.           0.41820002   0.10112961]
 [ 66.           0.4198       0.09961274]
 [ 67.           0.4218       0.09916502]
 [ 68.           0.4224       0.09707369]
 [ 69.           0.425        0.09638724]
 [ 70.           0.42799997   0.09453043]
 [ 71.           0.43079996   0.09345159]
 [ 72.           0.4348       0.09339006]
 [ 73.           0.4384       0.09270814]
 [ 74.           0.44280002   0.09059084]
 [ 75.           0.44720003   0.08771374]
 [ 76.           0.45100003   0.08841663]
 [ 77.           0.45579997   0.08687461]
 [ 78.           0.4612       0.08605057]
 [ 79.           0.4684       0.08475436]
 [ 80.           0.47539997   0.08322439]
 [ 81.           0.4822       0.08522733]
 [ 82.           0.4904       0.08565512]
 [ 83.           0.4976       0.08465105]
 [ 84.           0.50360006   0.0830891 ]
 [ 85.           0.51140004   0.08211457]
 [ 86.           0.51820004   0.08197074]
 [ 87.           0.5238       0.08179365]
 [ 88.           0.5324       0.08081955]
 [ 89.           0.5404       0.08276655]
 [ 90.           0.54580003   0.08044688]
 [ 91.           0.5546       0.0775906 ]
 [ 92.           0.5608       0.07567494]
 [ 93.           0.5672       0.07389317]
 [ 94.           0.5766       0.07027306]
 [ 95.           0.5832       0.06618687]
 [ 96.           0.589        0.06306743]
 [ 97.           0.59700006   0.05898302]
 [ 98.           0.6018       0.05849102]
 [ 99.           0.6082       0.05630011]
 [100.           0.614        0.05487716]
 [101.           0.6206       0.05441781]
 [102.           0.6276       0.05422454]
 [103.           0.634        0.05326346]
 [104.           0.6412       0.04985179]
 [105.           0.6484       0.04755313]
 [106.           0.6524       0.04438803]
 [107.           0.6538       0.0424582 ]
 [108.           0.662        0.03942715]
 [109.           0.6676       0.03513261]
 [110.           0.6718001    0.03256841]
 [111.           0.67679995   0.02912387]
 [112.           0.68020004   0.02706843]
 [113.           0.68340003   0.02494595]
 [114.           0.6864       0.02095949]
 [115.           0.6908       0.02108791]
 [116.           0.69399995   0.01886796]
 [117.           0.6964       0.01672723]
 [118.           0.6958       0.01832211]
 [119.           0.6998       0.01833576]
 [120.           0.7014       0.01870292]
 [121.           0.704        0.02024844]
 [122.           0.7074       0.01925616]
 [123.           0.70900005   0.0185607 ]
 [124.           0.7106       0.01715516]
 [125.           0.71320003   0.0157067 ]
 [126.           0.7156       0.01533949]
 [127.           0.7166       0.01448447]
 [128.           0.719        0.01258968]
 [129.           0.72080004   0.0135536 ]
 [130.           0.7226       0.0121573 ]
 [131.           0.72400004   0.01193736]
 [132.           0.7256       0.01145864]
 [133.           0.72720003   0.01105439]
 [134.           0.7286       0.01114899]
 [135.           0.7292       0.01105441]
 [136.           0.7304       0.01167474]
 [137.           0.73120004   0.01202913]
 [138.           0.7322       0.01162756]
 [139.           0.7328       0.01107702]
 [140.           0.7344       0.01190799]
 [141.           0.7344       0.01211609]
 [142.           0.7358       0.01186171]
 [143.           0.7378       0.01147608]
 [144.           0.7386       0.01145863]
 [145.           0.7412       0.0119875 ]
 [146.           0.7422       0.01188278]
 [147.           0.7424       0.01171751]
 [148.           0.7428       0.01098636]
 [149.           0.7428       0.01061603]
 [150.           0.7432       0.01084896]
 [151.           0.74340004   0.01078424]
 [152.           0.744        0.01002496]
 [153.           0.7442       0.00892746]
 [154.           0.74480003   0.00906643]
 [155.           0.7454       0.0077653 ]
 [156.           0.7458       0.00752995]
 [157.           0.74660003   0.00730068]
 [158.           0.7472       0.00791834]
 [159.           0.7474       0.00835465]
 [160.           0.7472       0.00936482]
 [161.           0.74780005   0.00973139]
 [162.           0.74840003   0.01026161]
 [163.           0.74780005   0.00931131]
 [164.           0.74660003   0.00867756]
 [165.           0.74660003   0.00873498]
 [166.           0.7462       0.00816701]
 [167.           0.7458       0.00889945]
 [168.           0.7454       0.00864871]
 [169.           0.7454       0.00887693]
 [170.           0.745        0.00938083]
 [171.           0.746        0.01083974]
 [172.           0.7452       0.01080277]
 [173.           0.74480003   0.01037788]
 [174.           0.744        0.0106066 ]
 [175.           0.7436       0.01114902]
 [176.           0.7436       0.01199165]
 [177.           0.7424       0.01254192]
 [178.           0.74160004   0.012661  ]
 [179.           0.741        0.01131372]
 [180.           0.7396       0.01197078]
 [181.           0.7402       0.01239758]
 [182.           0.739        0.01176859]
 [183.           0.739        0.01044032]
 [184.           0.739        0.01055936]
 [185.           0.7382       0.0107564 ]
 [186.           0.7374       0.01158877]
 [187.           0.7354       0.00965918]
 [188.           0.73480004   0.01134462]
 [189.           0.73460007   0.01219836]
 [190.           0.734        0.01146734]
 [191.           0.7328       0.01317956]
 [192.           0.73240006   0.01390324]
 [193.           0.7312       0.01349816]
 [194.           0.7298       0.01465265]
 [195.           0.72859997   0.01465607]
 [196.           0.7278       0.01319848]
 [197.           0.72660005   0.01386724]
 [198.           0.72660005   0.01436314]
 [199.           0.726        0.01488287]
 [200.           0.72540003   0.01543699]
 [201.           0.7256       0.01462189]
 [202.           0.7256       0.01350186]
 [203.           0.725        0.01349074]
 [204.           0.72419995   0.01269647]
 [205.           0.7232       0.01317952]
 [206.           0.72200006   0.01358307]
 [207.           0.7216       0.01324007]
 [208.           0.7202       0.01336787]
 [209.           0.7192001    0.01384557]
 [210.           0.7184       0.01331543]
 [211.           0.71799994   0.01332294]
 [212.           0.71779996   0.01347963]
 [213.           0.7182       0.01229633]
 [214.           0.7178001    0.01283356]
 [215.           0.7164       0.01297304]
 [216.           0.716        0.01251001]
 [217.           0.71540004   0.01230041]
 [218.           0.7144       0.01268071]
 [219.           0.7142       0.01243784]
 [220.           0.714        0.01214497]
 [221.           0.71320003   0.01186171]
 [222.           0.71260005   0.01199166]
 [223.           0.7122       0.01132255]
 [224.           0.7112       0.00941808]
 [225.           0.7114       0.00986409]
 [226.           0.7104       0.00844394]
 [227.           0.7106       0.00817312]
 [228.           0.71         0.00812405]
 [229.           0.71000004   0.00845576]
 [230.           0.7094       0.00801872]
 [231.           0.7088       0.00657265]
 [232.           0.7086       0.00577063]
 [233.           0.7088       0.00593295]
 [234.           0.7086       0.00554978]
 [235.           0.709        0.00552269]
 [236.           0.70839995   0.00594139]
 [237.           0.7082       0.00637966]
 [238.           0.7076       0.00512834]
 [239.           0.70720005   0.00601665]
 [240.           0.707        0.00565685]
 [241.           0.70699996   0.00533851]
 [242.           0.70739996   0.00477492]
 [243.           0.70699996   0.00494972]
 [244.           0.7072       0.00554078]
 [245.           0.7068       0.00526309]
 [246.           0.70640004   0.00634821]
 [247.           0.70559996   0.00702138]
 [248.           0.70559996   0.00723187]
 [249.           0.7052       0.00719028]
 [250.           0.70460004   0.00726637]
 [251.           0.7044       0.00736888]
 [252.           0.70419997   0.00749668]
 [253.           0.70360005   0.0074364 ]
 [254.           0.70379996   0.00708518]
 [255.           0.70320004   0.00725946]
 [256.           0.70320004   0.00719025]
 [257.           0.703        0.00678232]
 [258.           0.7026       0.0074027 ]
 [259.           0.70280004   0.00736204]
 [260.           0.70239997   0.00760261]
 [261.           0.7022       0.00729384]
 [262.           0.702        0.00751664]
 [263.           0.7022       0.00690655]
 [264.           0.70220006   0.00715543]
 [265.           0.70220006   0.00715543]
 [266.           0.7014       0.00723186]
 [267.           0.7014       0.00687749]
 [268.           0.7016       0.00687748]
 [269.           0.7016       0.00669328]
 [270.           0.7016       0.00669328]
 [271.           0.7016       0.00723185]
 [272.           0.7014       0.00740269]
 [273.           0.7012       0.00798122]
 [274.           0.7014       0.00823406]
 [275.           0.7008       0.00804361]
 [276.           0.7006       0.00801869]
 [277.           0.7004       0.00801871]
 [278.           0.7002       0.00804363]
 [279.           0.7          0.00800002]
 [280.           0.6998       0.00804365]
 [281.           0.6998       0.00804365]
 [282.           0.6998       0.00804365]
 [283.           0.69920003   0.00719028]
 [284.           0.69920003   0.00697857]
 [285.           0.69900006   0.00717637]
 [286.           0.69900006   0.00717637]
 [287.           0.699        0.00717635]
 [288.           0.6988       0.00736207]
 [289.           0.69839996   0.00716241]
 [290.           0.6982       0.00736207]
 [291.           0.69839996   0.00740271]
 [292.           0.6986       0.0074027 ]
 [293.           0.6982       0.00664834]
 [294.           0.6982       0.00664834]
 [295.           0.6976       0.00736888]
 [296.           0.6976       0.0074364 ]
 [297.           0.6976       0.00719722]
 [298.           0.698        0.00754985]
 [299.           0.698        0.00754985]
 [300.           0.6982       0.00756307]
 [301.           0.6986       0.00712741]
 [302.           0.69900006   0.00710635]
 [303.           0.699        0.0069642 ]
 [304.           0.699        0.0069642 ]
 [305.           0.6988       0.00722495]
 [306.           0.699        0.00707106]
 [307.           0.699        0.00707106]
 [308.           0.69900006   0.00758287]
 [309.           0.6988       0.00775887]
 [310.           0.6988       0.00775887]
 [311.           0.6986       0.00801872]
 [312.           0.6986       0.00801872]
 [313.           0.6986       0.00826437]
 [314.           0.6986       0.00856152]
 [315.           0.6982       0.00834863]
 [316.           0.6984       0.0083845 ]
 [317.           0.6984       0.0083845 ]
 [318.           0.69820005   0.00870056]
 [319.           0.6978       0.00828853]
 [320.           0.69820005   0.00822799]
 [321.           0.6984       0.00856154]
 [322.           0.6984       0.00829457]
 [323.           0.6988       0.0084676 ]
 [324.           0.6994       0.00817311]
 [325.           0.6998       0.00872924]
 [326.           0.69920003   0.00867179]
 [327.           0.6992       0.00887131]
 [328.           0.6992       0.00887131]
 [329.           0.69960004   0.00904435]
 [330.           0.6992001    0.00909395]
 [331.           0.699        0.00946045]
 [332.           0.69940007   0.00939681]
 [333.           0.69920003   0.00975707]
 [334.           0.69920003   0.00975707]
 [335.           0.6994       0.01006479]
 [336.           0.69939995   0.0096592 ]
 [337.           0.69939995   0.0096592 ]
 [338.           0.6994       0.00898889]
 [339.           0.6994       0.00898889]
 [340.           0.6996       0.00864871]
 [341.           0.7          0.00842614]
 [342.           0.7          0.00842614]
 [343.           0.7002       0.00807465]
 [344.           0.7006       0.00782943]
 [345.           0.70100003   0.00818535]
 [346.           0.7012       0.00785495]
 [347.           0.7012       0.00785495]
 [348.           0.70140004   0.00820368]
 [349.           0.70140004   0.00820368]
 [350.           0.7016       0.00808086]
 [351.           0.7022       0.00813635]
 [352.           0.7022       0.00813635]
 [353.           0.7022       0.00813635]
 [354.           0.7022       0.00813635]
 [355.           0.702        0.0077782 ]
 [356.           0.702        0.0077782 ]
 [357.           0.702        0.0077782 ]
 [358.           0.702        0.0077782 ]
 [359.           0.702        0.0077782 ]
 [360.           0.7022       0.00782307]
 [361.           0.7022       0.00782307]
 [362.           0.7022       0.00782307]
 [363.           0.7022       0.00782307]
 [364.           0.7024       0.00789305]
 [365.           0.7024       0.00789305]
 [366.           0.7024       0.00789305]
 [367.           0.7024       0.00789305]
 [368.           0.7026       0.00756967]
 [369.           0.7026       0.00756967]
 [370.           0.70280004   0.00725948]
 [371.           0.7028       0.00791831]
 [372.           0.7028       0.00791831]
 [373.           0.7028       0.00791831]
 [374.           0.7026       0.00823408]
 [375.           0.7028       0.00791831]
 [376.           0.7028       0.00791831]
 [377.           0.70320004   0.0079812 ]
 [378.           0.7034       0.0078294 ]
 [379.           0.7034       0.0078294 ]
 [380.           0.7034       0.0078294 ]
 [381.           0.7034       0.0078294 ]
 [382.           0.7036       0.00753655]
 [383.           0.7034       0.00753657]
 [384.           0.7034       0.00753657]
 [385.           0.7034       0.00753657]
 [386.           0.7034       0.00753657]
 [387.           0.7034       0.00753657]
 [388.           0.7034       0.00753657]
 [389.           0.7034       0.00753657]
 [390.           0.7034       0.00753657]
 [391.           0.7034       0.00753657]
 [392.           0.7034       0.00753657]
 [393.           0.7034       0.00753657]
 [394.           0.7034       0.00753657]
 [395.           0.7036       0.00726636]
 [396.           0.7036       0.00736886]
 [397.           0.7036       0.00736886]
 [398.           0.7036       0.00736886]
 [399.           0.7036       0.00736886]
 [400.           0.7036       0.00736886]]
Dataset       :Pubmed
Model         :MLP
Conden ratio  :1.0
GC            :4
LearnA        :1
Max Test Accuracy:
0.759
Best Result: Epoch   Acc  Std.
               162 0.7484  0.0103
