Set seed
Model Cheby
--------------------------------------------------
The 1th iteration:
--------------------------------------------------
--------------------------------------------------
The 2th iteration:
--------------------------------------------------
--------------------------------------------------
The 3th iteration:
--------------------------------------------------
--------------------------------------------------
The 4th iteration:
--------------------------------------------------
--------------------------------------------------
The 5th iteration:
--------------------------------------------------
[[  1.           0.3764       0.07295753]
 [  2.           0.39540002   0.07388708]
 [  3.           0.39519998   0.06852517]
 [  4.           0.3816       0.06796543]
 [  5.           0.36900002   0.07388167]
 [  6.           0.36600003   0.07975587]
 [  7.           0.3756       0.08785955]
 [  8.           0.3972       0.09410739]
 [  9.           0.4162       0.09493525]
 [ 10.           0.4296       0.09448703]
 [ 11.           0.43720004   0.09188416]
 [ 12.           0.4494       0.09097144]
 [ 13.           0.45819998   0.09457379]
 [ 14.           0.46540004   0.09679516]
 [ 15.           0.47419998   0.10107769]
 [ 16.           0.47820005   0.10377958]
 [ 17.           0.4828       0.10554004]
 [ 18.           0.48839998   0.10450503]
 [ 19.           0.4934       0.10687049]
 [ 20.           0.49840003   0.10673472]
 [ 21.           0.50699997   0.10559592]
 [ 22.           0.5118       0.10397693]
 [ 23.           0.5136       0.10253924]
 [ 24.           0.5144       0.10266352]
 [ 25.           0.5154       0.10510612]
 [ 26.           0.51879996   0.10626005]
 [ 27.           0.52019995   0.10537882]
 [ 28.           0.523        0.10380992]
 [ 29.           0.52680004   0.10034542]
 [ 30.           0.5314       0.09682612]
 [ 31.           0.5362       0.09727642]
 [ 32.           0.53800005   0.09752181]
 [ 33.           0.542        0.09568959]
 [ 34.           0.5478       0.09307362]
 [ 35.           0.55100006   0.09068076]
 [ 36.           0.55380005   0.08879022]
 [ 37.           0.5572       0.08674214]
 [ 38.           0.5614       0.08405535]
 [ 39.           0.56479996   0.07772194]
 [ 40.           0.5698       0.0760112 ]
 [ 41.           0.5738       0.07379498]
 [ 42.           0.57540005   0.07153181]
 [ 43.           0.5762       0.06935559]
 [ 44.           0.579        0.06620798]
 [ 45.           0.5824       0.06310944]
 [ 46.           0.58480006   0.06375108]
 [ 47.           0.58540004   0.06209509]
 [ 48.           0.5858       0.06166603]
 [ 49.           0.5856       0.06341768]
 [ 50.           0.5872       0.06142233]
 [ 51.           0.5864       0.06115799]
 [ 52.           0.5888001    0.06022627]
 [ 53.           0.588        0.06106145]
 [ 54.           0.58680004   0.0617997 ]
 [ 55.           0.5844       0.06194998]
 [ 56.           0.583        0.06506532]
 [ 57.           0.5794       0.06533605]
 [ 58.           0.5768       0.06619821]
 [ 59.           0.5762       0.0695248 ]
 [ 60.           0.5728       0.06660855]
 [ 61.           0.569        0.06865494]
 [ 62.           0.56479996   0.07043577]
 [ 63.           0.5608       0.07324409]
 [ 64.           0.5592       0.07442246]
 [ 65.           0.55660003   0.0765363 ]
 [ 66.           0.5534       0.0762286 ]
 [ 67.           0.5506       0.0767548 ]
 [ 68.           0.5514       0.07837602]
 [ 69.           0.54960006   0.08004563]
 [ 70.           0.5462       0.0820195 ]
 [ 71.           0.5458       0.08343977]
 [ 72.           0.544        0.08440674]
 [ 73.           0.54179996   0.08441089]
 [ 74.           0.53900003   0.08497056]
 [ 75.           0.5372       0.08432496]
 [ 76.           0.535        0.08277381]
 [ 77.           0.5344       0.08353923]
 [ 78.           0.5318       0.08324182]
 [ 79.           0.5302       0.08217178]
 [ 80.           0.5278       0.08102901]
 [ 81.           0.5262       0.08127543]
 [ 82.           0.52580005   0.08180587]
 [ 83.           0.5244       0.08315527]
 [ 84.           0.52500004   0.0844245 ]
 [ 85.           0.5248       0.08555233]
 [ 86.           0.5252       0.0866268 ]
 [ 87.           0.5256001    0.0873516 ]
 [ 88.           0.52540004   0.08721123]
 [ 89.           0.5246       0.08785672]
 [ 90.           0.523        0.08769835]
 [ 91.           0.522        0.0866516 ]
 [ 92.           0.5216       0.08612955]
 [ 93.           0.5216       0.08569305]
 [ 94.           0.5214       0.08555292]
 [ 95.           0.5214       0.08741739]
 [ 96.           0.5218       0.08645347]
 [ 97.           0.52180004   0.08660082]
 [ 98.           0.5206       0.08504588]
 [ 99.           0.52         0.0841665 ]
 [100.           0.5198       0.08396842]
 [101.           0.5192       0.08183641]
 [102.           0.519        0.08148924]
 [103.           0.519        0.08164556]
 [104.           0.517        0.07934733]
 [105.           0.5172       0.07896011]
 [106.           0.5172       0.0780686 ]
 [107.           0.51680005   0.07766725]
 [108.           0.517        0.07738543]
 [109.           0.51680005   0.07630008]
 [110.           0.51680005   0.07630008]
 [111.           0.51640004   0.0755169 ]
 [112.           0.5172       0.07502132]
 [113.           0.5176       0.0742112 ]
 [114.           0.51780003   0.07278529]
 [115.           0.51820004   0.07214011]
 [116.           0.5182       0.07106122]
 [117.           0.5192       0.07071918]
 [118.           0.51940006   0.069945  ]
 [119.           0.5198       0.06973307]
 [120.           0.5204       0.06894419]
 [121.           0.52220005   0.06802721]
 [122.           0.52320004   0.06766608]
 [123.           0.5248       0.06713568]
 [124.           0.5252       0.06565211]
 [125.           0.5256       0.06570236]
 [126.           0.527        0.06404687]
 [127.           0.5274       0.06457011]
 [128.           0.529        0.06329691]
 [129.           0.5298       0.06302936]
 [130.           0.53080004   0.06310864]
 [131.           0.5314       0.06343736]
 [132.           0.5318       0.06377068]
 [133.           0.5328       0.06376285]
 [134.           0.5332       0.06347205]
 [135.           0.5342       0.06355076]
 [136.           0.5356       0.06277978]
 [137.           0.53660005   0.06227602]
 [138.           0.5372       0.06077167]
 [139.           0.53900003   0.05916926]
 [140.           0.5404       0.05786883]
 [141.           0.5414       0.05655795]
 [142.           0.5422       0.0554139 ]
 [143.           0.5432       0.05395554]
 [144.           0.544        0.05421717]
 [145.           0.5448       0.0531667 ]
 [146.           0.546        0.05305186]
 [147.           0.5466       0.05245284]
 [148.           0.5472       0.05256616]
 [149.           0.5474       0.05177646]
 [150.           0.54940003   0.05150535]
 [151.           0.5502       0.0505193 ]
 [152.           0.55240005   0.04910501]
 [153.           0.5534       0.04797707]
 [154.           0.55380005   0.0474942 ]
 [155.           0.55439997   0.04754263]
 [156.           0.5558       0.04735189]
 [157.           0.5564       0.04740568]
 [158.           0.5578       0.04729374]
 [159.           0.55840003   0.04638213]
 [160.           0.5592       0.04596953]
 [161.           0.55960006   0.04578534]
 [162.           0.5604       0.04577447]
 [163.           0.561        0.04439031]
 [164.           0.5616       0.04415654]
 [165.           0.56240004   0.04409421]
 [166.           0.5632       0.0444601 ]
 [167.           0.56439996   0.04408287]
 [168.           0.565        0.04368638]
 [169.           0.56540006   0.04356951]
 [170.           0.566        0.04245585]
 [171.           0.56680006   0.04290919]
 [172.           0.5672       0.04257583]
 [173.           0.56740004   0.0423592 ]
 [174.           0.5676       0.04230603]
 [175.           0.5686       0.04311963]
 [176.           0.5688       0.04327472]
 [177.           0.5686       0.04331628]
 [178.           0.56920004   0.0436944 ]
 [179.           0.56960005   0.04375843]
 [180.           0.5698       0.04366579]
 [181.           0.56960005   0.04301511]
 [182.           0.5698       0.04249939]
 [183.           0.56960005   0.04214617]
 [184.           0.5694       0.04161489]
 [185.           0.56960005   0.04194401]
 [186.           0.5698       0.04113635]
 [187.           0.57         0.04034229]
 [188.           0.5702       0.04000873]
 [189.           0.5704       0.03967744]
 [190.           0.5708       0.03925814]
 [191.           0.5708       0.03949306]
 [192.           0.5708       0.03949306]
 [193.           0.5708       0.03881625]
 [194.           0.5706       0.03827921]
 [195.           0.5708       0.03806181]
 [196.           0.5708       0.03806181]
 [197.           0.5706       0.03770014]
 [198.           0.5706       0.03770014]
 [199.           0.5706       0.03770014]
 [200.           0.5708       0.03737913]
 [201.           0.5708       0.03737913]
 [202.           0.5708       0.03737913]
 [203.           0.57060003   0.03661012]
 [204.           0.5708       0.03612757]
 [205.           0.5708       0.03612757]
 [206.           0.5708       0.03612757]
 [207.           0.57060003   0.03604582]
 [208.           0.5704       0.03568333]
 [209.           0.57040006   0.03527463]
 [210.           0.57040006   0.03501857]
 [211.           0.5704       0.03541609]
 [212.           0.5704       0.03499717]
 [213.           0.57         0.035242  ]
 [214.           0.57         0.035242  ]
 [215.           0.57019997   0.03519513]
 [216.           0.5698       0.03447753]
 [217.           0.5692       0.03453552]
 [218.           0.56899995   0.03446013]
 [219.           0.5688       0.03439043]
 [220.           0.5686       0.03402647]
 [221.           0.5686       0.03363479]
 [222.           0.5686       0.0329439 ]
 [223.           0.56820005   0.03222889]
 [224.           0.568        0.03150398]
 [225.           0.56759995   0.0308107 ]
 [226.           0.5676       0.03012143]
 [227.           0.56780005   0.03018609]
 [228.           0.568        0.02976576]
 [229.           0.568        0.02976576]
 [230.           0.56780005   0.029853  ]
 [231.           0.5684       0.03002999]
 [232.           0.568        0.02934278]
 [233.           0.5678       0.02900345]
 [234.           0.5676       0.02866707]
 [235.           0.5674       0.02833373]
 [236.           0.56759995   0.02835138]
 [237.           0.5676       0.0277633 ]
 [238.           0.5678       0.02808381]
 [239.           0.568        0.02812473]
 [240.           0.5678       0.0278065 ]
 [241.           0.56759995   0.02749183]
 [242.           0.5678       0.02754451]
 [243.           0.5678       0.02754451]
 [244.           0.56820005   0.0275536 ]
 [245.           0.56820005   0.0275536 ]
 [246.           0.568        0.02792849]
 [247.           0.5678       0.02784241]
 [248.           0.5678       0.02784241]
 [249.           0.56759995   0.02753724]
 [250.           0.5674       0.02760976]
 [251.           0.5674       0.02760976]
 [252.           0.56700003   0.02760433]
 [253.           0.56700003   0.02760433]
 [254.           0.56700003   0.02760433]
 [255.           0.56700003   0.02760433]
 [256.           0.56700003   0.02760433]
 [257.           0.56680006   0.02754451]
 [258.           0.56700003   0.02760433]
 [259.           0.56740004   0.02759167]
 [260.           0.56740004   0.02759167]
 [261.           0.5676       0.02767307]
 [262.           0.5676       0.02767307]
 [263.           0.5678       0.02728922]
 [264.           0.5678       0.02728922]
 [265.           0.5678       0.02728922]
 [266.           0.5678       0.02728922]
 [267.           0.5678       0.02728922]
 [268.           0.568        0.02736789]
 [269.           0.56820005   0.02745363]
 [270.           0.56780005   0.02747181]
 [271.           0.56780005   0.02747181]
 [272.           0.56780005   0.02747181]
 [273.           0.5678       0.02727085]
 [274.           0.5678       0.02727085]
 [275.           0.56759995   0.0273642 ]
 [276.           0.5674       0.02707028]
 [277.           0.5672       0.02700369]
 [278.           0.5672       0.02700369]
 [279.           0.5672       0.02700369]
 [280.           0.56700003   0.0267114 ]
 [281.           0.56700003   0.0267114 ]
 [282.           0.5666       0.02659512]
 [283.           0.5666       0.0261782 ]
 [284.           0.5666       0.0261782 ]
 [285.           0.5664       0.02613999]
 [286.           0.5662       0.02602306]
 [287.           0.5658       0.02608065]
 [288.           0.5658       0.02608065]
 [289.           0.5658       0.02608065]
 [290.           0.5658       0.02608065]
 [291.           0.5658       0.02608065]
 [292.           0.56560004   0.02605378]
 [293.           0.5654       0.02574489]
 [294.           0.5654       0.02574489]
 [295.           0.56520003   0.02572354]
 [296.           0.565        0.02570992]
 [297.           0.56479996   0.02570407]
 [298.           0.56479996   0.02570407]
 [299.           0.5646       0.02570603]
 [300.           0.5646       0.02570603]
 [301.           0.5644       0.02571576]
 [302.           0.5644       0.02571576]
 [303.           0.5642       0.02573324]
 [304.           0.564        0.02575849]
 [305.           0.564        0.02575849]
 [306.           0.564        0.02575849]
 [307.           0.564        0.02575849]
 [308.           0.5642       0.02573324]
 [309.           0.5642       0.02573324]
 [310.           0.5642       0.02573324]
 [311.           0.5636       0.02583215]
 [312.           0.5636       0.02583215]
 [313.           0.5636       0.02583215]
 [314.           0.5634       0.02588048]
 [315.           0.5634       0.02626404]
 [316.           0.5634       0.02647263]
 [317.           0.5632       0.02654618]
 [318.           0.563        0.02704625]
 [319.           0.563        0.02704625]
 [320.           0.563        0.02704625]
 [321.           0.5632       0.02738066]
 [322.           0.5632       0.02738066]
 [323.           0.5632       0.02738066]
 [324.           0.5632       0.02738066]
 [325.           0.563        0.02747727]
 [326.           0.563        0.02747727]
 [327.           0.563        0.02747727]
 [328.           0.5632       0.02741714]
 [329.           0.5632       0.02741714]
 [330.           0.5632       0.02741714]
 [331.           0.563        0.02752271]
 [332.           0.563        0.02752271]
 [333.           0.563        0.02752271]
 [334.           0.563        0.02752271]
 [335.           0.5632       0.02747182]
 [336.           0.5632       0.02747182]
 [337.           0.5632       0.02747182]
 [338.           0.5632       0.02747182]
 [339.           0.5634       0.02715328]
 [340.           0.5634       0.02715328]
 [341.           0.5634       0.02715328]
 [342.           0.5634       0.02715328]
 [343.           0.5634       0.02715328]
 [344.           0.5634       0.02715328]
 [345.           0.5634       0.02715328]
 [346.           0.5634       0.02715328]
 [347.           0.5634       0.02715328]
 [348.           0.5634       0.02715328]
 [349.           0.5636       0.0271072 ]
 [350.           0.5636       0.0271072 ]
 [351.           0.5636       0.0271072 ]
 [352.           0.5636       0.0271072 ]
 [353.           0.5636       0.0271072 ]
 [354.           0.5636       0.0271072 ]
 [355.           0.5636       0.0271072 ]
 [356.           0.5636       0.0271072 ]
 [357.           0.56340003   0.02722683]
 [358.           0.5636       0.02756446]
 [359.           0.5636       0.02756446]
 [360.           0.56380004   0.02790518]
 [361.           0.564        0.02804459]
 [362.           0.564        0.02804459]
 [363.           0.564        0.02804459]
 [364.           0.564        0.02804459]
 [365.           0.564        0.02804459]
 [366.           0.56420004   0.02838484]
 [367.           0.56420004   0.0288392 ]
 [368.           0.5644       0.02852716]
 [369.           0.56420004   0.0288392 ]
 [370.           0.5646       0.02821878]
 [371.           0.5644       0.02917704]
 [372.           0.56479996   0.02856046]
 [373.           0.56479996   0.02874367]
 [374.           0.565        0.02843413]
 [375.           0.56479996   0.02874367]
 [376.           0.56479996   0.02874367]
 [377.           0.56479996   0.02874367]
 [378.           0.56479996   0.02874367]
 [379.           0.5646       0.02840421]
 [380.           0.5646       0.02840421]
 [381.           0.5646       0.02840421]
 [382.           0.5646       0.02840421]
 [383.           0.5646       0.02840421]
 [384.           0.5646       0.02840421]
 [385.           0.56479996   0.02874367]
 [386.           0.56479996   0.02874367]
 [387.           0.56479996   0.02874367]
 [388.           0.56479996   0.02874367]
 [389.           0.56479996   0.02874367]
 [390.           0.5646       0.02840421]
 [391.           0.5644       0.02826305]
 [392.           0.5644       0.02826305]
 [393.           0.5644       0.02826305]
 [394.           0.56420004   0.0279231 ]
 [395.           0.56420004   0.0279231 ]
 [396.           0.56420004   0.0279231 ]
 [397.           0.56420004   0.0279231 ]
 [398.           0.5644       0.02806776]
 [399.           0.56420004   0.02773444]
 [400.           0.56420004   0.02773444]]
Dataset       :Pubmed
Model         :Cheby
Conden ratio  :0.5
GC            :1
LearnA        :1
Max Test Accuracy:
0.666
Best Result: Epoch   Acc  Std.
               52 0.5888  0.0602
