Set seed
Model MLP
--------------------------------------------------
The 1th iteration:
--------------------------------------------------
--------------------------------------------------
The 2th iteration:
--------------------------------------------------
--------------------------------------------------
The 3th iteration:
--------------------------------------------------
--------------------------------------------------
The 4th iteration:
--------------------------------------------------
--------------------------------------------------
The 5th iteration:
--------------------------------------------------
[[  1.           0.3292       0.13801703]
 [  2.           0.3328       0.14066164]
 [  3.           0.31300002   0.12278842]
 [  4.           0.285        0.12041179]
 [  5.           0.2804       0.12315965]
 [  6.           0.2788       0.12387776]
 [  7.           0.27940002   0.12427509]
 [  8.           0.281        0.12479383]
 [  9.           0.28340003   0.12520702]
 [ 10.           0.28620002   0.12583798]
 [ 11.           0.29060003   0.1272195 ]
 [ 12.           0.29360002   0.12867516]
 [ 13.           0.29900002   0.13033803]
 [ 14.           0.3052       0.13436405]
 [ 15.           0.31280002   0.13852328]
 [ 16.           0.32020003   0.14256473]
 [ 17.           0.3278       0.1486748 ]
 [ 18.           0.334        0.1532041 ]
 [ 19.           0.34160003   0.15661193]
 [ 20.           0.3482       0.16189565]
 [ 21.           0.35320002   0.16552855]
 [ 22.           0.35999998   0.16954057]
 [ 23.           0.3644       0.17048842]
 [ 24.           0.37         0.17311123]
 [ 25.           0.3732       0.17407097]
 [ 26.           0.3762       0.17456716]
 [ 27.           0.378        0.17498714]
 [ 28.           0.37960002   0.17350878]
 [ 29.           0.38079998   0.1716441 ]
 [ 30.           0.38359997   0.17009202]
 [ 31.           0.3882       0.1714182 ]
 [ 32.           0.3894       0.16941015]
 [ 33.           0.3912       0.17034875]
 [ 34.           0.3936       0.16694699]
 [ 35.           0.396        0.16631897]
 [ 36.           0.3988       0.16215949]
 [ 37.           0.3996       0.16051418]
 [ 38.           0.4004       0.15707736]
 [ 39.           0.40179998   0.15485702]
 [ 40.           0.40360004   0.14976916]
 [ 41.           0.4066       0.1457182 ]
 [ 42.           0.4086       0.14218052]
 [ 43.           0.41120002   0.13973439]
 [ 44.           0.4132       0.13805507]
 [ 45.           0.4162       0.13487291]
 [ 46.           0.41759998   0.13032383]
 [ 47.           0.41820002   0.12603056]
 [ 48.           0.42159995   0.12063292]
 [ 49.           0.42360002   0.11770854]
 [ 50.           0.4238       0.1133477 ]
 [ 51.           0.4262       0.10892979]
 [ 52.           0.42800003   0.1067614 ]
 [ 53.           0.4302       0.10234842]
 [ 54.           0.43260002   0.09953793]
 [ 55.           0.43280002   0.09761507]
 [ 56.           0.43319997   0.09615976]
 [ 57.           0.43459997   0.09303387]
 [ 58.           0.4368       0.09254567]
 [ 59.           0.4374       0.08938009]
 [ 60.           0.43860003   0.08582715]
 [ 61.           0.44000003   0.08492056]
 [ 62.           0.44000003   0.08414868]
 [ 63.           0.44460002   0.08209628]
 [ 64.           0.44759998   0.08155244]
 [ 65.           0.44959998   0.08022031]
 [ 66.           0.45179996   0.07836262]
 [ 67.           0.4532       0.07708243]
 [ 68.           0.45420003   0.07309377]
 [ 69.           0.45819998   0.07242721]
 [ 70.           0.46260005   0.06871898]
 [ 71.           0.4636       0.06806836]
 [ 72.           0.467        0.06551716]
 [ 73.           0.47040007   0.06522116]
 [ 74.           0.4724       0.0645159 ]
 [ 75.           0.478        0.06195966]
 [ 76.           0.48160002   0.06108025]
 [ 77.           0.48639998   0.06003165]
 [ 78.           0.4914       0.05923933]
 [ 79.           0.49600002   0.05833095]
 [ 80.           0.5012       0.05800172]
 [ 81.           0.50380003   0.05898049]
 [ 82.           0.51019996   0.05626455]
 [ 83.           0.5148       0.05758211]
 [ 84.           0.5192       0.05749522]
 [ 85.           0.5244       0.05535611]
 [ 86.           0.52800006   0.05239751]
 [ 87.           0.53400004   0.05241184]
 [ 88.           0.53940004   0.05090482]
 [ 89.           0.5434       0.04987285]
 [ 90.           0.5488       0.04789258]
 [ 91.           0.55380005   0.04704466]
 [ 92.           0.56         0.04937104]
 [ 93.           0.566        0.04928489]
 [ 94.           0.5718       0.04904793]
 [ 95.           0.578        0.04996499]
 [ 96.           0.5818       0.04879243]
 [ 97.           0.5876       0.04866002]
 [ 98.           0.5916       0.04582903]
 [ 99.           0.5966       0.04341428]
 [100.           0.601        0.04304648]
 [101.           0.6044       0.04360389]
 [102.           0.6096       0.04217584]
 [103.           0.6146       0.04004125]
 [104.           0.61980003   0.03949304]
 [105.           0.6228       0.03954365]
 [106.           0.62939996   0.03664425]
 [107.           0.63500005   0.03611094]
 [108.           0.639        0.03397058]
 [109.           0.6436       0.03253152]
 [110.           0.64660007   0.0310532 ]
 [111.           0.649        0.03052047]
 [112.           0.652        0.02766769]
 [113.           0.65480006   0.02568463]
 [114.           0.65720004   0.02644238]
 [115.           0.6618       0.02474268]
 [116.           0.666        0.02485961]
 [117.           0.671        0.02357963]
 [118.           0.673        0.02332381]
 [119.           0.6758       0.02201591]
 [120.           0.68         0.02105944]
 [121.           0.6828       0.01967738]
 [122.           0.6854       0.01888916]
 [123.           0.6866       0.01689084]
 [124.           0.6884       0.01546933]
 [125.           0.69119996   0.01423727]
 [126.           0.6934       0.01277888]
 [127.           0.694        0.01210374]
 [128.           0.69460005   0.01161034]
 [129.           0.69600004   0.01041632]
 [130.           0.69780004   0.00973137]
 [131.           0.6988       0.01020785]
 [132.           0.6988       0.01082591]
 [133.           0.69940007   0.01143677]
 [134.           0.7008       0.01066302]
 [135.           0.7024       0.01052615]
 [136.           0.70359993   0.00996494]
 [137.           0.70419997   0.00980818]
 [138.           0.70500004   0.01031988]
 [139.           0.7066       0.01040674]
 [140.           0.70699996   0.01      ]
 [141.           0.708        0.00969536]
 [142.           0.7088       0.00993478]
 [143.           0.7092       0.00993479]
 [144.           0.71040004   0.00965918]
 [145.           0.711        0.0107935 ]
 [146.           0.7122       0.00952366]
 [147.           0.713        0.0087464 ]
 [148.           0.71360004   0.00844396]
 [149.           0.7146       0.00915426]
 [150.           0.7152       0.00837855]
 [151.           0.7156       0.0077653 ]
 [152.           0.7164       0.00814247]
 [153.           0.7174       0.00912686]
 [154.           0.7182       0.00952369]
 [155.           0.718        0.00902776]
 [156.           0.718        0.00871779]
 [157.           0.718        0.00871779]
 [158.           0.7182       0.00872927]
 [159.           0.71900004   0.00886005]
 [160.           0.71999997   0.00833669]
 [161.           0.7194       0.00792467]
 [162.           0.72040004   0.0068775 ]
 [163.           0.72060007   0.00740274]
 [164.           0.7216       0.00709226]
 [165.           0.72080004   0.00653453]
 [166.           0.72060007   0.00698568]
 [167.           0.7208       0.007328  ]
 [168.           0.72060007   0.00750331]
 [169.           0.7202       0.00683374]
 [170.           0.72080004   0.00563027]
 [171.           0.7206       0.00585659]
 [172.           0.72040004   0.00531979]
 [173.           0.7212       0.00593295]
 [174.           0.7216       0.0059833 ]
 [175.           0.72160006   0.00665581]
 [176.           0.7210001    0.00604153]
 [177.           0.72060007   0.00439319]
 [178.           0.72139996   0.00527257]
 [179.           0.7216       0.00614818]
 [180.           0.72060007   0.00610739]
 [181.           0.7214       0.00602495]
 [182.           0.72080004   0.00589066]
 [183.           0.7214       0.00598331]
 [184.           0.7212       0.00443847]
 [185.           0.72040004   0.00472229]
 [186.           0.7212       0.00481662]
 [187.           0.721        0.00524405]
 [188.           0.72080004   0.00521534]
 [189.           0.71980006   0.00420716]
 [190.           0.71900004   0.00452771]
 [191.           0.7186       0.00403732]
 [192.           0.7192       0.00471168]
 [193.           0.7182       0.00506952]
 [194.           0.7184       0.00545895]
 [195.           0.7184       0.00594139]
 [196.           0.7182       0.0054037 ]
 [197.           0.7188       0.00540369]
 [198.           0.7186       0.00658026]
 [199.           0.71800005   0.00655743]
 [200.           0.71660006   0.00572714]
 [201.           0.717        0.00689204]
 [202.           0.7174       0.00687751]
 [203.           0.71760005   0.00792464]
 [204.           0.71779996   0.00813634]
 [205.           0.7174       0.00896104]
 [206.           0.7176       0.00955511]
 [207.           0.7174       0.01066772]
 [208.           0.71680003   0.0118617 ]
 [209.           0.7158       0.01207063]
 [210.           0.7162       0.0114324 ]
 [211.           0.7158       0.01211197]
 [212.           0.71480006   0.0122352 ]
 [213.           0.7142       0.01219427]
 [214.           0.7142       0.01283353]
 [215.           0.7142       0.01237739]
 [216.           0.7142       0.01255787]
 [217.           0.7142       0.01277497]
 [218.           0.71379995   0.01308434]
 [219.           0.713        0.01383834]
 [220.           0.7126       0.01379493]
 [221.           0.71279997   0.01398928]
 [222.           0.71259993   0.01333417]
 [223.           0.71239996   0.01314535]
 [224.           0.7116       0.01306906]
 [225.           0.7108       0.01293058]
 [226.           0.7108       0.01255785]
 [227.           0.7102       0.01211198]
 [228.           0.7098       0.01231665]
 [229.           0.7094       0.01242176]
 [230.           0.70940006   0.0123004 ]
 [231.           0.7092       0.01223519]
 [232.           0.7088       0.01251798]
 [233.           0.70820004   0.01151954]
 [234.           0.70820004   0.01304609]
 [235.           0.70780003   0.01349814]
 [236.           0.7074       0.01335291]
 [237.           0.70720005   0.01302689]
 [238.           0.707        0.01226784]
 [239.           0.707        0.01174734]
 [240.           0.7058       0.01173455]
 [241.           0.7058       0.01138858]
 [242.           0.70600003   0.01176859]
 [243.           0.70699996   0.01065363]
 [244.           0.7066       0.01045467]
 [245.           0.70620006   0.00995993]
 [246.           0.7058       0.01082588]
 [247.           0.7054       0.01092244]
 [248.           0.7054       0.01062071]
 [249.           0.704        0.01051192]
 [250.           0.7036       0.01059716]
 [251.           0.703        0.01063014]
 [252.           0.7028       0.01075639]
 [253.           0.7026       0.01092246]
 [254.           0.7018       0.01061604]
 [255.           0.7012       0.00983362]
 [256.           0.70059997   0.00955511]
 [257.           0.6998       0.00898334]
 [258.           0.699        0.00935415]
 [259.           0.6992001    0.00970566]
 [260.           0.69920003   0.00944457]
 [261.           0.69920003   0.00944457]
 [262.           0.6992       0.0097314 ]
 [263.           0.699        0.00935415]
 [264.           0.6986       0.00898891]
 [265.           0.6984       0.00861976]
 [266.           0.6986       0.00898891]
 [267.           0.6988       0.00858488]
 [268.           0.6986       0.00926284]
 [269.           0.6988       0.00965403]
 [270.           0.6992       0.0104499 ]
 [271.           0.699        0.01039231]
 [272.           0.6988       0.01084896]
 [273.           0.6992       0.0113886 ]
 [274.           0.6992       0.01107702]
 [275.           0.69900006   0.01187435]
 [276.           0.6986       0.01154555]
 [277.           0.6984       0.01188699]
 [278.           0.6980001    0.01238952]
 [279.           0.6978001    0.01255786]
 [280.           0.6976       0.0121161 ]
 [281.           0.69740003   0.01163183]
 [282.           0.6978       0.01125608]
 [283.           0.6972       0.01052139]
 [284.           0.69699997   0.01027134]
 [285.           0.6972       0.01094075]
 [286.           0.69699997   0.01055935]
 [287.           0.69699997   0.01055935]
 [288.           0.6972       0.01105441]
 [289.           0.69699997   0.01099999]
 [290.           0.69740003   0.01114898]
 [291.           0.6972       0.01107698]
 [292.           0.6972       0.01107698]
 [293.           0.6972       0.01107698]
 [294.           0.69699997   0.01115794]
 [295.           0.69699997   0.01115794]
 [296.           0.69659996   0.01119375]
 [297.           0.6966       0.01069113]
 [298.           0.6968       0.01080276]
 [299.           0.6972       0.0108259 ]
 [300.           0.6972       0.0108259 ]
 [301.           0.6976       0.01033441]
 [302.           0.6976       0.01033441]
 [303.           0.6976       0.01033441]
 [304.           0.6978       0.01010941]
 [305.           0.6978       0.01010941]
 [306.           0.6976       0.01016365]
 [307.           0.69699997   0.01051187]
 [308.           0.6964       0.01052617]
 [309.           0.6964       0.01052617]
 [310.           0.6964       0.01052617]
 [311.           0.69659996   0.01033441]
 [312.           0.69640005   0.00965921]
 [313.           0.6964       0.00907193]
 [314.           0.69640005   0.00850293]
 [315.           0.6966       0.00814246]
 [316.           0.6968       0.00822799]
 [317.           0.6966       0.0078613 ]
 [318.           0.6968       0.008167  ]
 [319.           0.697        0.0083066 ]
 [320.           0.6966001    0.0076681 ]
 [321.           0.69680005   0.00739593]
 [322.           0.69659996   0.00763544]
 [323.           0.6962       0.00759603]
 [324.           0.69600004   0.00741618]
 [325.           0.69600004   0.00741618]
 [326.           0.69600004   0.00692819]
 [327.           0.69600004   0.00692819]
 [328.           0.69640005   0.00676758]
 [329.           0.69600004   0.00663325]
 [330.           0.6958       0.00630079]
 [331.           0.6958       0.00630079]
 [332.           0.69560003   0.00598329]
 [333.           0.69560003   0.00598329]
 [334.           0.6958       0.00571839]
 [335.           0.6958       0.00571839]
 [336.           0.6958       0.00571839]
 [337.           0.6958       0.00571839]
 [338.           0.69600004   0.00547723]
 [339.           0.6958       0.00535726]
 [340.           0.69600004   0.00604152]
 [341.           0.69600004   0.00604152]
 [342.           0.69600004   0.00604152]
 [343.           0.6962       0.00614004]
 [344.           0.6966       0.00650385]
 [345.           0.69640005   0.00614819]
 [346.           0.69640005   0.00676756]
 [347.           0.6964       0.00709223]
 [348.           0.6964       0.00709223]
 [349.           0.6966       0.00680441]
 [350.           0.6964       0.00709223]
 [351.           0.6964       0.00709223]
 [352.           0.6964       0.00709223]
 [353.           0.69600004   0.00667082]
 [354.           0.6962       0.00676018]
 [355.           0.6964       0.00709223]
 [356.           0.6966       0.00680441]
 [357.           0.6966       0.00680441]
 [358.           0.6966       0.00680441]
 [359.           0.6966       0.00680441]
 [360.           0.6968       0.0069065 ]
 [361.           0.6968       0.0069065 ]
 [362.           0.69699997   0.00670817]
 [363.           0.69699997   0.00663324]
 [364.           0.69699997   0.00663324]
 [365.           0.69699997   0.00663324]
 [366.           0.69699997   0.00663324]
 [367.           0.69699997   0.00663324]
 [368.           0.69699997   0.00663324]
 [369.           0.69699997   0.00663324]
 [370.           0.69699997   0.00663324]
 [371.           0.69699997   0.00692819]
 [372.           0.6968       0.00661061]
 [373.           0.6968       0.00661061]
 [374.           0.6968       0.00661061]
 [375.           0.6968       0.00661061]
 [376.           0.6968       0.00661061]
 [377.           0.69699997   0.00692819]
 [378.           0.6966       0.00709225]
 [379.           0.6966       0.00709225]
 [380.           0.6962001    0.00701427]
 [381.           0.6962001    0.00701427]
 [382.           0.6962001    0.00701427]
 [383.           0.69600004   0.00692819]
 [384.           0.6958       0.00683373]
 [385.           0.6958       0.00683373]
 [386.           0.69600004   0.00692819]
 [387.           0.69600004   0.00692819]
 [388.           0.69600004   0.00692819]
 [389.           0.6962001    0.00725947]
 [390.           0.6962001    0.00725947]
 [391.           0.6962001    0.00725947]
 [392.           0.6962001    0.00725947]
 [393.           0.6966       0.00709224]
 [394.           0.6968       0.00687021]
 [395.           0.6968       0.00687021]
 [396.           0.6968       0.00687021]
 [397.           0.6968       0.00687021]
 [398.           0.69699997   0.00667083]
 [399.           0.6968       0.00687021]
 [400.           0.6968       0.00687021]]
Dataset       :Pubmed
Model         :MLP
Conden ratio  :1.0
GC            :1
LearnA        :1
Max Test Accuracy:
0.732
Best Result: Epoch   Acc  Std.
               175 0.7216  0.0067
