Using cuda:0 device
Dataset     :Citeseer
Epochs      :200
LR X_s      :0.01
Learn A_s   :0
LR A_s      :0.01
Conden ratio:1.0
Ridge       :10.0
Kernel      :SGNK
k           :2
L           :1
Seed        :5
The 1th Iteration:
--------------------------------------------------
The 2th Iteration:
--------------------------------------------------
The 3th Iteration:
--------------------------------------------------
The 4th Iteration:
--------------------------------------------------
The 5th Iteration:
--------------------------------------------------
[[  1.          16.039999     5.288951     0.4834939 ]
 [  2.          18.6          7.6174145    0.49123722]
 [  3.          21.7          9.829039     0.5018544 ]
 [  4.          25.720001    11.3755       0.51326823]
 [  5.          29.64        12.892363     0.5231159 ]
 [  6.          33.02        13.573578     0.53187275]
 [  7.          35.98        13.825049     0.53742045]
 [  8.          38.559998    13.490664     0.54371953]
 [  9.          40.5         13.431121     0.5513469 ]
 [ 10.          42.320004    12.921764     0.5619333 ]
 [ 11.          44.34        11.967791     0.5725727 ]
 [ 12.          45.940002    11.490996     0.58029497]
 [ 13.          47.5         11.038342     0.58992714]
 [ 14.          48.9         10.168825     0.6002237 ]
 [ 15.          50.340004     9.568073     0.61292267]
 [ 16.          51.340004     9.358047     0.62179136]
 [ 17.          52.639996     8.278165     0.6296367 ]
 [ 18.          53.7          7.5633984    0.6388896 ]
 [ 19.          54.859997     6.689022     0.6478714 ]
 [ 20.          55.76         6.0871186    0.65740544]
 [ 21.          56.579998     5.507903     0.66387004]
 [ 22.          57.059998     5.1466494    0.673551  ]
 [ 23.          57.859997     4.4747057    0.6799986 ]
 [ 24.          58.66         3.9658546    0.691313  ]
 [ 25.          59.28         3.6846979    0.70365185]
 [ 26.          59.540005     3.6322174    0.72091997]
 [ 27.          60.119995     3.5905428    0.73767203]
 [ 28.          60.26         3.4311814    0.75439256]
 [ 29.          60.8          3.3264108    0.7706054 ]
 [ 30.          60.9          3.3548472    0.7849297 ]
 [ 31.          61.24         3.4129152    0.79574156]
 [ 32.          61.5          3.3369145    0.8078667 ]
 [ 33.          61.859997     3.2035904    0.8172409 ]
 [ 34.          61.920002     3.1228187    0.82531625]
 [ 35.          62.02         2.991154     0.8362021 ]
 [ 36.          62.28         2.8943048    0.8470734 ]
 [ 37.          62.46         2.8076663    0.85467017]
 [ 38.          62.600002     2.67675      0.8631407 ]
 [ 39.          62.76         2.5125682    0.8716545 ]
 [ 40.          62.920002     2.393115     0.88215923]
 [ 41.          63.079998     2.215175     0.89370203]
 [ 42.          63.280006     2.2532203    0.90209335]
 [ 43.          63.480007     2.0154412    0.9097029 ]
 [ 44.          63.560005     1.8662797    0.9220668 ]
 [ 45.          63.74         1.7938775    0.93122685]
 [ 46.          63.880005     1.6932201    0.9385954 ]
 [ 47.          63.920002     1.6021849    0.94592077]
 [ 48.          64.159996     1.4741101    0.95420325]
 [ 49.          64.22         1.4289857    0.9640959 ]
 [ 50.          64.4          1.320987     0.9746175 ]
 [ 51.          64.42         1.3160568    0.983983  ]
 [ 52.          64.4          1.2903497    0.99561995]
 [ 53.          64.48         1.3141552    1.0046605 ]
 [ 54.          64.64001      1.3520358    1.0129038 ]
 [ 55.          64.700005     1.2165531    1.0214398 ]
 [ 56.          64.71999      1.1966621    1.0291455 ]
 [ 57.          64.72         1.1388586    1.0380347 ]
 [ 58.          64.76         1.2198366    1.0455786 ]
 [ 59.          64.94         0.9762184    1.0540379 ]
 [ 60.          65.04         0.97108287   1.059872  ]
 [ 61.          65.12         1.0329576    1.0682137 ]
 [ 62.          65.200005     0.9999983    1.0769373 ]
 [ 63.          65.26         1.0064753    1.0854406 ]
 [ 64.          65.420006     1.1432408    1.0981365 ]
 [ 65.          65.5          1.0747095    1.1153431 ]
 [ 66.          65.48         1.0329578    1.1300362 ]
 [ 67.          65.58         1.0825887    1.1488596 ]
 [ 68.          65.64001      1.158878     1.1610411 ]
 [ 69.          65.68001      1.1861675    1.1742747 ]
 [ 70.          65.78001      1.1519538    1.187177  ]
 [ 71.          65.78001      1.1777078    1.1952969 ]
 [ 72.          65.84         1.1326957    1.2069525 ]
 [ 73.          65.86         1.1414925    1.2181551 ]
 [ 74.          65.9          1.0606622    1.228508  ]
 [ 75.          66.04         1.1058948    1.237756  ]
 [ 76.          66.06         1.1171414    1.2504762 ]
 [ 77.          66.18001      1.0917891    1.264072  ]
 [ 78.          66.14001      0.9710783    1.2791092 ]
 [ 79.          66.18         0.9884322    1.2924075 ]
 [ 80.          66.28         1.0329598    1.3041838 ]
 [ 81.          66.26         0.92357874   1.3153408 ]
 [ 82.          66.36         0.928979     1.32547   ]
 [ 83.          66.44         0.9044341    1.3361332 ]
 [ 84.          66.48         0.9176041    1.3426924 ]
 [ 85.          66.659996     0.8532302    1.351351  ]
 [ 86.          66.700005     0.72456956   1.3692688 ]
 [ 87.          66.740005     0.76354396   1.3861412 ]
 [ 88.          66.740005     0.61073875   1.4023644 ]
 [ 89.          66.920006     0.5890692    1.4132328 ]
 [ 90.          66.880005     0.6016649    1.4280026 ]
 [ 91.          66.98         0.6534543    1.4433874 ]
 [ 92.          67.04         0.7700657    1.4600636 ]
 [ 93.          67.08001      0.704983     1.4718323 ]
 [ 94.          67.18         0.71554184   1.4811863 ]
 [ 95.          67.38         0.73280203   1.4878874 ]
 [ 96.          67.38         0.60580164   1.4953263 ]
 [ 97.          67.42         0.7694178    1.5105911 ]
 [ 98.          67.38         0.68337137   1.5333198 ]
 [ 99.          67.560005     0.6913784    1.5457821 ]
 [100.          67.64001      0.51768416   1.5598615 ]
 [101.          67.54         0.68775004   1.5725294 ]
 [102.          67.619995     0.51671994   1.5806236 ]
 [103.          67.82         0.3563718    1.5884129 ]
 [104.          67.96         0.2966489    1.5958098 ]
 [105.          68.02         0.24899833   1.6107826 ]
 [106.          67.98         0.1788829    1.6225117 ]
 [107.          68.           0.35355303   1.6292628 ]
 [108.          68.08001      0.3033168    1.6382887 ]
 [109.          68.16         0.33615357   1.6502151 ]
 [110.          68.299995     0.3741664    1.6617606 ]
 [111.          68.56         0.43931547   1.6736008 ]
 [112.          68.64         0.3781543    1.6853161 ]
 [113.          68.98         0.36331618   1.6953343 ]
 [114.          69.02         0.30331367   1.7048934 ]
 [115.          69.240005     0.40372938   1.7163261 ]
 [116.          69.4          0.38078886   1.726943  ]
 [117.          69.58         0.36331898   1.7359171 ]
 [118.          69.700005     0.2915464    1.7452643 ]
 [119.          69.88         0.2683278    1.7519337 ]
 [120.          69.88         0.10954429   1.759694  ]
 [121.          69.98         0.21679197   1.7691119 ]
 [122.          70.04         0.1516552    1.7795807 ]
 [123.          70.14         0.18165888   1.7890595 ]
 [124.          70.12         0.28635472   1.7990048 ]
 [125.          70.3          0.20000076   1.8094972 ]
 [126.          70.42         0.3114512    1.8189448 ]
 [127.          70.54         0.288097     1.8329881 ]
 [128.          70.659996     0.29665226   1.8482109 ]
 [129.          70.700005     0.15811428   1.8700198 ]
 [130.          70.82         0.10954516   1.8851706 ]
 [131.          70.920006     0.13038088   1.9069642 ]
 [132.          71.12         0.30331436   1.9241056 ]
 [133.          71.14001      0.30495945   1.9375054 ]
 [134.          71.3          0.31622535   1.962304  ]
 [135.          71.32         0.27748808   1.9861443 ]
 [136.          71.26         0.23021786   2.0094023 ]
 [137.          71.14001      0.19493438   2.0321534 ]
 [138.          71.06         0.15165947   2.055885  ]
 [139.          71.159996     0.28809696   2.0688045 ]
 [140.          71.24         0.5727118    2.0810955 ]
 [141.          71.3          1.0246936    2.101232  ]
 [142.          71.           1.0885743    2.1183197 ]
 [143.          71.8          0.4301168    2.1323457 ]
 [144.          71.340004     1.0139018    2.1538467 ]
 [145.          71.159996     0.65802675   2.1701436 ]
 [146.          71.740005     0.7503304    2.1790974 ]
 [147.          71.08         0.8642898    2.1899157 ]
 [148.          71.200005     0.69282097   2.2058277 ]
 [149.          71.42         0.6220907    2.2177618 ]
 [150.          70.98         0.9884308    2.2258034 ]
 [151.          71.020004     1.1322521    2.2324762 ]
 [152.          71.04         1.5241386    2.2410972 ]
 [153.          70.920006     0.95236516   2.2513196 ]
 [154.          71.119995     0.5357243    2.2597988 ]
 [155.          70.48         1.0709819    2.2674537 ]
 [156.          70.78         1.1432425    2.2746208 ]
 [157.          70.54         0.7956124    2.2812974 ]
 [158.          71.           1.5732136    2.2891424 ]
 [159.          69.8          2.223735     2.29587   ]
 [160.          71.12         1.773976     2.304041  ]
 [161.          69.56         1.6876013    2.310823  ]
 [162.          70.1          1.2922843    2.3179238 ]
 [163.          68.840004     2.2501109    2.3237438 ]
 [164.          69.659996     1.7924843    2.33079   ]
 [165.          70.22         1.6021879    2.3375669 ]
 [166.          69.68001      1.0232285    2.3441975 ]
 [167.          70.08         0.79812276   2.3531008 ]
 [168.          69.06         2.4265206    2.360503  ]
 [169.          69.68         2.3530812    2.3694577 ]
 [170.          70.020004     1.5642874    2.3847446 ]
 [171.          69.08         1.5530634    2.3948388 ]
 [172.          66.88         3.454273     2.4047697 ]
 [173.          70.06         2.1674852    2.4118824 ]
 [174.          69.52         1.2794515    2.4196754 ]
 [175.          69.38         2.0388684    2.428843  ]
 [176.          66.68         3.4737585    2.4373474 ]
 [177.          70.18         0.41472846   2.4474785 ]
 [178.          70.21999      0.41472802   2.456867  ]
 [179.          69.68         1.1670456    2.464035  ]
 [180.          67.520004     3.0873938    2.472575  ]
 [181.          69.78         0.7854942    2.4853756 ]
 [182.          68.32         2.1902037    2.497133  ]
 [183.          69.1          0.5147801    2.5090358 ]
 [184.          67.96         2.3891397    2.5175078 ]
 [185.          66.72         5.33732      2.5312486 ]
 [186.          69.48         1.2794536    2.5399654 ]
 [187.          68.200005     2.5455842    2.550701  ]
 [188.          68.32         2.2731018    2.5604978 ]
 [189.          65.240005     5.561744     2.5699627 ]
 [190.          69.06         1.5517724    2.5777814 ]
 [191.          68.740005     1.5852443    2.5865667 ]
 [192.          68.54         1.6133804    2.5944183 ]
 [193.          65.840004     4.7579393    2.6027496 ]
 [194.          69.28001      1.1945704    2.6113837 ]
 [195.          69.659996     0.93434614   2.6196384 ]
 [196.          68.26         3.3358665    2.6256983 ]
 [197.          69.420006     1.4446477    2.634309  ]
 [198.          68.58         1.6208024    2.644429  ]
 [199.          67.3          5.0857654    2.6565633 ]
 [200.          69.1          1.2922873    2.6652098 ]]
The best results: 
Epoch: 143  71.80±0.43  2.132s
--------------- Train Done! ----------------
--------------- Save Done! ----------------
