Using cuda:0 device
Dataset     :Citeseer
Epochs      :200
LR X_s      :0.01
Learn A_s   :0
LR A_s      :0.01
Conden ratio:0.25
Ridge       :0.01
Kernel      :SNTK
k           :2
L           :1
Seed        :5
The 1th Iteration:
--------------------------------------------------
The 2th Iteration:
--------------------------------------------------
The 3th Iteration:
--------------------------------------------------
The 4th Iteration:
--------------------------------------------------
The 5th Iteration:
--------------------------------------------------
[[  1.          18.44         6.2807646    0.3982919 ]
 [  2.          17.800001     6.519586     0.43557754]
 [  3.          18.800001     8.168843     0.47372165]
 [  4.          18.08         7.234777     0.50898176]
 [  5.          18.44         6.8372507    0.54686195]
 [  6.          19.060001     6.75929      0.5851962 ]
 [  7.          19.62         6.7606955    0.6229635 ]
 [  8.          20.2          6.8370314    0.6630544 ]
 [  9.          20.74         6.8130755    0.700751  ]
 [ 10.          21.32         6.357437     0.7378081 ]
 [ 11.          22.240002     4.8474736    0.77708304]
 [ 12.          22.859999     3.7673602    0.8146583 ]
 [ 13.          23.42         2.727086     0.8504837 ]
 [ 14.          23.820002     1.7626679    0.8892004 ]
 [ 15.          24.419998     0.8584863    0.9305388 ]
 [ 16.          24.539999     0.82643723   0.9672598 ]
 [ 17.          24.62         0.6760183    1.004529  ]
 [ 18.          24.64         0.61073714   1.0454983 ]
 [ 19.          24.56         0.4878524    1.0868646 ]
 [ 20.          24.58         0.4438467    1.1268418 ]
 [ 21.          24.62         0.58051765   1.1671572 ]
 [ 22.          24.720001     0.5805171    1.2055527 ]
 [ 23.          24.78         0.58906686   1.2442569 ]
 [ 24.          25.           0.5873665    1.2818596 ]
 [ 25.          25.           0.64807373   1.3200486 ]
 [ 26.          25.04         0.69856983   1.3574799 ]
 [ 27.          25.080002     0.71902746   1.4008878 ]
 [ 28.          25.039999     0.7266361    1.4402869 ]
 [ 29.          25.1          0.8455767    1.477661  ]
 [ 30.          25.119999     0.75299454   1.514033  ]
 [ 31.          25.160002     0.78930366   1.5506105 ]
 [ 32.          25.2          0.8000002    1.5857571 ]
 [ 33.          25.26         0.8264384    1.6259636 ]
 [ 34.          25.28         0.7791022    1.6679066 ]
 [ 35.          25.320002     0.73959476   1.7077591 ]
 [ 36.          25.4          0.7416203    1.7472897 ]
 [ 37.          25.7          0.7874001    1.7843205 ]
 [ 38.          25.720001     0.7155415    1.8225069 ]
 [ 39.          25.720001     0.66483086   1.8651428 ]
 [ 40.          25.779999     0.6760172    1.9061362 ]
 [ 41.          25.800001     0.6204832    1.9453087 ]
 [ 42.          25.920002     0.7049821    1.9848884 ]
 [ 43.          26.08         0.77588564   2.0258    ]
 [ 44.          26.38         1.116691     2.0645196 ]
 [ 45.          26.800001     1.3209852    2.1031663 ]
 [ 46.          27.539999     1.383112     2.1425068 ]
 [ 47.          28.160002     1.4010711    2.1850946 ]
 [ 48.          28.779999     1.2814053    2.228093  ]
 [ 49.          29.4          1.0148897    2.2649958 ]
 [ 50.          29.9          0.72111076   2.3033185 ]
 [ 51.          30.220001     0.6496144    2.3442667 ]
 [ 52.          30.539999     0.77974325   2.3843186 ]
 [ 53.          30.779999     0.72249496   2.42766   ]
 [ 54.          31.24         0.95026267   2.4705265 ]
 [ 55.          31.58         1.1432413    2.503594  ]
 [ 56.          32.100002     1.1269429    2.5367653 ]
 [ 57.          32.640003     0.65038496   2.5742745 ]
 [ 58.          33.14         0.63482267   2.6135714 ]
 [ 59.          33.54         0.48270088   2.6508462 ]
 [ 60.          33.5          0.47434074   2.6913984 ]
 [ 61.          33.820004     0.46583322   2.7292736 ]
 [ 62.          34.079998     0.46583197   2.770048  ]
 [ 63.          34.02         0.77910304   2.8141572 ]
 [ 64.          34.36         1.1760089    2.853534  ]
 [ 65.          34.7          1.3285351    2.893128  ]
 [ 66.          35.           1.539481     2.9311562 ]
 [ 67.          35.48         1.3141539    2.9670846 ]
 [ 68.          36.           1.3341669    3.0024157 ]
 [ 69.          36.68         1.7541391    3.0402153 ]
 [ 70.          37.760002     1.7285838    3.0753286 ]
 [ 71.          38.440002     1.6949916    3.1182768 ]
 [ 72.          39.460003     1.7213356    3.1597128 ]
 [ 73.          40.460003     1.9462786    3.198041  ]
 [ 74.          42.120003     1.9639244    3.2352276 ]
 [ 75.          43.84         2.843942     3.2745407 ]
 [ 76.          45.600002     3.1678069    3.3128731 ]
 [ 77.          46.96         3.5082765    3.3502152 ]
 [ 78.          48.3          3.5923538    3.3912277 ]
 [ 79.          49.7          3.1208978    3.4277833 ]
 [ 80.          50.719997     3.282073     3.47027   ]
 [ 81.          51.840004     3.356039     3.51073   ]
 [ 82.          52.74         3.3388627    3.5500093 ]
 [ 83.          53.52         3.2934785    3.5868516 ]
 [ 84.          54.360004     3.2485366    3.6261468 ]
 [ 85.          55.140003     3.0533595    3.6651921 ]
 [ 86.          55.819996     3.2042162    3.7075684 ]
 [ 87.          56.600002     3.172539     3.755201  ]
 [ 88.          56.98         2.9609118    3.8022492 ]
 [ 89.          57.419994     3.0995164    3.8452356 ]
 [ 90.          57.819996     3.025227     3.8870122 ]
 [ 91.          58.4          2.6134267    3.9286296 ]
 [ 92.          59.02         2.4024994    3.9681733 ]
 [ 93.          59.48         2.3594475    4.010158  ]
 [ 94.          59.840004     2.513563     4.0504556 ]
 [ 95.          60.46         2.4141252    4.0898004 ]
 [ 96.          60.8          2.1656413    4.132357  ]
 [ 97.          61.380005     1.8074844    4.173607  ]
 [ 98.          61.5          1.7073377    4.215468  ]
 [ 99.          61.780006     1.4855961    4.251986  ]
 [100.          62.140003     1.5026627    4.2864194 ]
 [101.          62.640003     1.5517737    4.3163843 ]
 [102.          62.66         1.0968148    4.3511653 ]
 [103.          63.340004     1.3145329    4.3899875 ]
 [104.          63.340004     1.418804     4.4258304 ]
 [105.          63.48         0.55856884   4.4630146 ]
 [106.          64.08001      1.1584496    4.5031657 ]
 [107.          64.14         0.98387057   4.544908  ]
 [108.          64.420006     0.63796586   4.5880766 ]
 [109.          64.840004     0.7402705    4.6306148 ]
 [110.          64.920006     0.9364819    4.6650667 ]
 [111.          65.           0.57879084   4.6985245 ]
 [112.          66.240005     1.1610347    4.73599   ]
 [113.          65.920006     0.78230417   4.7753997 ]
 [114.          67.200005     0.894426     4.814033  ]
 [115.          66.5          0.96177274   4.8483477 ]
 [116.          66.4          1.0793505    4.8886805 ]
 [117.          68.14         0.8590696    4.9234934 ]
 [118.          67.06         1.6890842    4.958494  ]
 [119.          66.32         1.5172344    4.9886765 ]
 [120.          68.159996     1.8796288    5.0204854 ]
 [121.          67.840004     0.89050364   5.0534086 ]
 [122.          68.240005     1.1458647    5.094196  ]
 [123.          68.08001      0.7918353    5.132099  ]
 [124.          68.           0.6041538    5.1686196 ]
 [125.          69.200005     1.0862784    5.206263  ]
 [126.          67.6          1.3472171    5.2407722 ]
 [127.          68.21999      1.6917444    5.2763    ]
 [128.          67.42         1.7020562    5.3128242 ]
 [129.          68.28001      1.7753907    5.3470926 ]
 [130.          67.240005     0.9633277    5.3805346 ]
 [131.          67.740005     2.5938418    5.4166656 ]
 [132.          69.659996     0.8502928    5.4558997 ]
 [133.          68.9          1.7635177    5.494877  ]
 [134.          67.36         2.1149495    5.5352993 ]
 [135.          67.12         3.755264     5.5701523 ]
 [136.          67.18001      1.0281053    5.608278  ]
 [137.          68.72         2.3015223    5.645316  ]
 [138.          67.68001      1.317952     5.681107  ]
 [139.          66.46         1.5630103    5.7165194 ]
 [140.          66.4          2.1840332    5.754831  ]
 [141.          67.48         1.4754685    5.794414  ]
 [142.          66.200005     2.292381     5.8324647 ]
 [143.          66.659996     1.9603577    5.872076  ]
 [144.          67.700005     2.188607     5.9148507 ]
 [145.          67.28001      1.7725672    5.9495177 ]
 [146.          67.48         1.6754138    5.987552  ]
 [147.          66.36         3.049263     6.0247526 ]
 [148.          67.26         2.5185316    6.059342  ]
 [149.          68.62         1.1166912    6.0987124 ]
 [150.          67.32         1.8767004    6.1319513 ]
 [151.          65.9          2.6944358    6.1684337 ]
 [152.          66.880005     2.6508482    6.206171  ]
 [153.          67.020004     2.9380255    6.243399  ]
 [154.          66.68         2.5440114    6.2839084 ]
 [155.          68.04         2.3049972    6.3240943 ]
 [156.          66.48         2.1382225    6.363106  ]
 [157.          65.840004     1.9462777    6.402696  ]
 [158.          66.44         1.5142584    6.440665  ]
 [159.          66.9          1.8343939    6.484746  ]
 [160.          63.76         4.3592424    6.5249114 ]
 [161.          65.68         1.6483331    6.56486   ]
 [162.          65.520004     2.9760702    6.6063933 ]
 [163.          65.159996     1.6334019    6.648459  ]
 [164.          65.14001      1.7415495    6.6843543 ]
 [165.          66.72001      1.3553606    6.722825  ]
 [166.          68.34         2.1709476    6.7612276 ]
 [167.          68.200005     1.4849261    6.803478  ]
 [168.          68.58         2.0523143    6.8441286 ]
 [169.          68.72         1.1497847    6.8811846 ]
 [170.          68.659996     1.1148987    6.9181633 ]
 [171.          68.04         1.064425     6.9523745 ]
 [172.          68.02         1.5482278    6.985597  ]
 [173.          68.64         0.7829428    7.019069  ]
 [174.          68.78         1.3935552    7.0515633 ]
 [175.          68.119995     0.93113005   7.088404  ]
 [176.          67.38         1.2557847    7.1279144 ]
 [177.          68.4          0.6670806    7.1646028 ]
 [178.          67.9          0.8944284    7.2030993 ]
 [179.          68.200005     1.2389495    7.239003  ]
 [180.          67.340004     1.7798889    7.2740083 ]
 [181.          68.02         1.3103439    7.30977   ]
 [182.          68.           0.8455787    7.347951  ]
 [183.          68.200005     0.51478225   7.384397  ]
 [184.          68.46001      1.6272678    7.4234695 ]
 [185.          67.78001      1.8926182    7.460963  ]
 [186.          67.04         1.9086641    7.500432  ]
 [187.          67.159996     1.0761034    7.5408683 ]
 [188.          67.28         0.9011136    7.5766373 ]
 [189.          67.38         2.227557     7.618959  ]
 [190.          65.88         3.8609588    7.6633334 ]
 [191.          67.76         0.94498545   7.7022243 ]
 [192.          67.9          1.129159     7.7451067 ]
 [193.          66.04         3.0639877    7.788074  ]
 [194.          67.420006     1.7640883    7.8291564 ]
 [195.          67.14001      1.026158     7.868619  ]
 [196.          67.38         1.2833552    7.905849  ]
 [197.          67.200005     0.40620416   7.944734  ]
 [198.          67.54         1.8595645    7.9840713 ]
 [199.          67.5          1.8960483    8.025428  ]
 [200.          67.16         0.65421814   8.063133  ]]
The best results: 
Epoch: 132  69.66±0.85  5.456s
--------------- Train Done! ----------------
