Using cuda:0 device
Dataset     :Citeseer
Epochs      :200
LR X_s      :0.01
Learn A_s   :1
LR A_s      :0.01
Conden ratio:0.5
Ridge       :0.01
Kernel      :SGNK
k           :4
L           :1
Seed        :5
The 1th Iteration:
--------------------------------------------------
The 2th Iteration:
--------------------------------------------------
The 3th Iteration:
--------------------------------------------------
The 4th Iteration:
--------------------------------------------------
The 5th Iteration:
--------------------------------------------------
[[  1.          15.04         3.8643236    0.25997335]
 [  2.          14.94         3.559213     0.26652938]
 [  3.          16.86         1.3277802    0.27345315]
 [  4.          16.679998     1.505656     0.2805368 ]
 [  5.          16.7          1.4195067    0.287997  ]
 [  6.          17.060001     1.4808787    0.29585758]
 [  7.          18.6          2.4525502    0.30294672]
 [  8.          18.5          2.0236099    0.30978042]
 [  9.          18.26         1.5501618    0.31726885]
 [ 10.          18.36         1.4432603    0.32393813]
 [ 11.          18.12         1.7326286    0.33191997]
 [ 12.          18.08         1.23774      0.33917245]
 [ 13.          18.160002     1.0990902    0.34618887]
 [ 14.          18.140001     1.3446188    0.35275158]
 [ 15.          18.94         1.1696148    0.3587203 ]
 [ 16.          18.94         1.203329     0.36576214]
 [ 17.          18.980001     1.2132599    0.3722584 ]
 [ 18.          18.9          1.1510864    0.37866783]
 [ 19.          18.78         0.94180655   0.38481736]
 [ 20.          18.62         0.71554136   0.3910142 ]
 [ 21.          18.6          0.70710677   0.3972116 ]
 [ 22.          18.340002     0.43358964   0.40359098]
 [ 23.          18.460001     0.4979958    0.41006443]
 [ 24.          18.380001     0.43817818   0.41784507]
 [ 25.          18.22         0.17888494   0.42511573]
 [ 26.          18.18         0.1303837    0.43230954]
 [ 27.          18.2          0.2236068    0.4394598 ]
 [ 28.          18.2          0.14142077   0.44655117]
 [ 29.          18.220001     0.21679448   0.45271572]
 [ 30.          18.28         0.26832828   0.46003482]
 [ 31.          18.24         0.19493535   0.4684499 ]
 [ 32.          18.22         0.1643163    0.4769157 ]
 [ 33.          18.18         0.10954399   0.48424575]
 [ 34.          18.240002     0.21908881   0.4913725 ]
 [ 35.          18.18         0.10954399   0.49874136]
 [ 36.          18.22         0.1643163    0.5054657 ]
 [ 37.          18.22         0.1643163    0.51234496]
 [ 38.          18.22         0.1643163    0.519909  ]
 [ 39.          18.22         0.1643163    0.5262868 ]
 [ 40.          18.2          0.14142077   0.5331028 ]
 [ 41.          18.160002     0.13416374   0.5395685 ]
 [ 42.          18.140001     0.08944253   0.5457481 ]
 [ 43.          18.140001     0.08944253   0.55251014]
 [ 44.          18.140001     0.08944253   0.5597018 ]
 [ 45.          18.140001     0.08944253   0.5670293 ]
 [ 46.          18.140001     0.08944253   0.5740838 ]
 [ 47.          18.1          0.           0.5835019 ]
 [ 48.          18.1          0.           0.5908069 ]
 [ 49.          18.1          0.           0.599291  ]
 [ 50.          18.1          0.           0.6077275 ]
 [ 51.          18.140001     0.08944253   0.61651593]
 [ 52.          18.140001     0.08944253   0.6250791 ]
 [ 53.          18.140001     0.08944253   0.634028  ]
 [ 54.          18.140001     0.08944253   0.64177936]
 [ 55.          18.140001     0.08944253   0.6503283 ]
 [ 56.          18.140001     0.08944253   0.65863216]
 [ 57.          18.160002     0.13416374   0.6670249 ]
 [ 58.          18.18         0.1303833    0.67614794]
 [ 59.          18.18         0.1303833    0.6836769 ]
 [ 60.          18.18         0.1303833    0.69085366]
 [ 61.          18.18         0.1303833    0.6997076 ]
 [ 62.          18.240002     0.26076823   0.70618486]
 [ 63.          18.220001     0.21679522   0.7125403 ]
 [ 64.          18.240002     0.26076823   0.71921724]
 [ 65.          18.240002     0.26076823   0.72546285]
 [ 66.          18.26         0.3049585    0.7310726 ]
 [ 67.          18.28         0.34928426   0.7377447 ]
 [ 68.          18.28         0.34928426   0.74379915]
 [ 69.          18.32         0.33466294   0.7503261 ]
 [ 70.          18.36         0.4722284    0.7565924 ]
 [ 71.          18.460001     0.59413767   0.7626225 ]
 [ 72.          18.800001     1.2469964    0.76863796]
 [ 73.          18.76         1.0454665    0.7747572 ]
 [ 74.          18.9          1.2389517    0.7809193 ]
 [ 75.          19.           1.4611644    0.787158  ]
 [ 76.          19.160002     1.6102796    0.7937915 ]
 [ 77.          19.160002     1.5175633    0.8002896 ]
 [ 78.          19.300001     1.4999994    0.8065726 ]
 [ 79.          19.5          1.5475787    0.81323844]
 [ 80.          19.62         1.6468147    0.81940824]
 [ 81.          19.94         1.7994449    0.82613087]
 [ 82.          20.14         1.8782967    0.8316755 ]
 [ 83.          20.52         2.3392308    0.8415142 ]
 [ 84.          20.76         2.2634046    0.84935075]
 [ 85.          20.960001     2.230022     0.8566858 ]
 [ 86.          21.36         2.3136551    0.8632831 ]
 [ 87.          21.800001     2.5612495    0.8702033 ]
 [ 88.          22.380001     2.7526355    0.87679785]
 [ 89.          23.           3.2426836    0.88322145]
 [ 90.          23.38         3.4586124    0.8896478 ]
 [ 91.          23.859999     3.3223488    0.8960499 ]
 [ 92.          24.5          3.5213633    0.9028851 ]
 [ 93.          25.52         3.564688     0.90995294]
 [ 94.          26.26         3.7420576    0.9175674 ]
 [ 95.          26.4          3.9881077    0.9271199 ]
 [ 96.          27.020002     4.263449     0.93650275]
 [ 97.          27.7          4.292435     0.94535065]
 [ 98.          28.220001     4.5438967    0.95301   ]
 [ 99.          28.84         4.904896     0.9605212 ]
 [100.          29.08         4.9403434    0.9679951 ]
 [101.          29.6          5.0159745    0.9734041 ]
 [102.          30.26         4.925242     0.97869825]
 [103.          30.960001     5.38405      0.9840641 ]
 [104.          31.74         6.226395     0.990313  ]
 [105.          32.4          6.3788714    0.9957447 ]
 [106.          32.66         6.659804     1.0023398 ]
 [107.          33.24         7.229315     1.0090014 ]
 [108.          33.620003     7.0339894    1.0155125 ]
 [109.          34.           7.1102037    1.0219337 ]
 [110.          35.100002     7.038111     1.0288967 ]
 [111.          35.640003     7.6552606    1.0348542 ]
 [112.          35.86         7.8178005    1.0416558 ]
 [113.          36.44         7.879912     1.0491992 ]
 [114.          36.640003     8.452099     1.0566263 ]
 [115.          38.079998     8.473605     1.0636698 ]
 [116.          39.579998     7.8337097    1.0709561 ]
 [117.          42.2          6.570008     1.0781914 ]
 [118.          42.899998     6.331668     1.085729  ]
 [119.          42.18         6.8342524    1.0934652 ]
 [120.          43.42         8.956395     1.1048979 ]
 [121.          44.88        10.503666     1.1125177 ]
 [122.          45.4         11.466692     1.1201689 ]
 [123.          45.88        13.731606     1.1281201 ]
 [124.          46.14        14.684445     1.1376556 ]
 [125.          46.579998    14.093864     1.1452273 ]
 [126.          47.24        11.980944     1.1526457 ]
 [127.          48.72        11.233299     1.162878  ]
 [128.          49.820004     9.279117     1.1696218 ]
 [129.          50.499996     9.061457     1.176367  ]
 [130.          50.960003     8.35422      1.1840547 ]
 [131.          51.78         8.639272     1.1908964 ]
 [132.          52.219997     8.279008     1.199272  ]
 [133.          52.48         7.1670775    1.206308  ]
 [134.          52.38         6.1079473    1.2133383 ]
 [135.          52.72         5.1270843    1.2215601 ]
 [136.          52.5          4.8337355    1.2276871 ]
 [137.          52.48         5.4559145    1.2342039 ]
 [138.          52.600002     6.0382123    1.2405304 ]
 [139.          53.579998     6.57054      1.2463984 ]
 [140.          54.100002     6.661082     1.2532469 ]
 [141.          53.859997     8.903818     1.2606543 ]
 [142.          53.68         8.944663     1.2673476 ]
 [143.          52.72         9.047485     1.2749592 ]
 [144.          52.16         8.972626     1.2828321 ]
 [145.          51.66         8.70161      1.2909901 ]
 [146.          52.019997     9.01066      1.2970859 ]
 [147.          52.74         9.475388     1.3038187 ]
 [148.          55.16         7.6362953    1.3104544 ]
 [149.          55.4          7.461232     1.3175273 ]
 [150.          55.579998     7.6437554    1.3235003 ]
 [151.          55.359997     7.741965     1.3303587 ]
 [152.          55.340004     7.807882     1.336318  ]
 [153.          55.040005     6.8376145    1.3417386 ]
 [154.          54.38         7.964107     1.3481072 ]
 [155.          54.820004     8.424784     1.3541336 ]
 [156.          55.320004     7.4844484    1.3596014 ]
 [157.          55.059998     7.779331     1.3651688 ]
 [158.          54.98         7.1454196    1.370826  ]
 [159.          56.640003     5.3209953    1.3765484 ]
 [160.          56.840004     6.156947     1.3823944 ]
 [161.          57.38         6.1593013    1.3904755 ]
 [162.          57.140003     6.6236715    1.3964143 ]
 [163.          57.2          6.5172853    1.4030889 ]
 [164.          58.040005     6.538194     1.4094422 ]
 [165.          58.66         5.980218     1.4160798 ]
 [166.          58.919994     5.226086     1.4233962 ]
 [167.          59.600002     4.5099874    1.4305383 ]
 [168.          59.76         4.0190797    1.4376796 ]
 [169.          59.579998     3.6037488    1.4449236 ]
 [170.          60.239998     3.0196025    1.4528683 ]
 [171.          60.           3.547534     1.4602121 ]
 [172.          60.219997     4.1154585    1.4685658 ]
 [173.          59.820004     4.528467     1.476211  ]
 [174.          59.98         3.9814596    1.4840977 ]
 [175.          60.440002     3.7091784    1.4910166 ]
 [176.          59.579998     3.9034598    1.4978939 ]
 [177.          59.22         4.4968886    1.5046619 ]
 [178.          58.76         4.703509     1.5116942 ]
 [179.          59.48         4.034476     1.5185188 ]
 [180.          60.059998     4.3177543    1.525232  ]
 [181.          58.420002     5.4269714    1.5327293 ]
 [182.          57.02         6.8925314    1.5406059 ]
 [183.          56.3          7.143878     1.5486162 ]
 [184.          57.7          5.4795103    1.5555266 ]
 [185.          57.320004     5.413595     1.5622885 ]
 [186.          57.920002     5.3555584    1.5693421 ]
 [187.          58.059998     5.4463744    1.5765641 ]
 [188.          58.819996     5.044503     1.5842056 ]
 [189.          58.640003     3.8636777    1.5927403 ]
 [190.          58.620003     3.1610136    1.5995574 ]
 [191.          58.640003     3.1785216    1.6069729 ]
 [192.          59.340004     1.9982501    1.6135235 ]
 [193.          59.2          0.99498713   1.6205267 ]
 [194.          59.46         0.5813783    1.6262032 ]
 [195.          59.76         1.4536158    1.6317009 ]
 [196.          59.72         2.1649487    1.6373812 ]
 [197.          59.440002     3.1855922    1.6431402 ]
 [198.          59.420002     3.9556296    1.6493778 ]
 [199.          59.680004     4.8736014    1.6570504 ]
 [200.          59.340004     5.62699      1.664697  ]]
The best results: 
Epoch: 175  60.44±3.71  1.491s
--------------- Train Done! ----------------
