Using cuda:0 device
Dataset     :Citeseer
Epochs      :200
LR X_s      :0.01
Learn A_s   :0
LR A_s      :0.01
Conden ratio:1.0
Ridge       :1.0
Kernel      :SGNK
k           :2
L           :1
Seed        :5
The 1th Iteration:
--------------------------------------------------
The 2th Iteration:
--------------------------------------------------
The 3th Iteration:
--------------------------------------------------
The 4th Iteration:
--------------------------------------------------
The 5th Iteration:
--------------------------------------------------
[[  1.          28.280003     3.9008975    0.56186587]
 [  2.          40.94         4.133159     0.57136387]
 [  3.          49.840004     3.6895792    0.5838571 ]
 [  4.          55.100002     3.7449963    0.59541315]
 [  5.          58.38         3.5492258    0.6057251 ]
 [  6.          60.28         3.0202656    0.6197283 ]
 [  7.          61.640003     2.698702     0.6290629 ]
 [  8.          62.7          2.7973192    0.6427082 ]
 [  9.          63.340004     1.9603572    0.65743697]
 [ 10.          63.780006     1.5658877    0.67305034]
 [ 11.          64.14         1.4363155    0.68265057]
 [ 12.          64.58         1.3274018    0.6970581 ]
 [ 13.          64.76         1.1781342    0.70614785]
 [ 14.          64.939995     0.9659208    0.7177338 ]
 [ 15.          65.           1.0319881    0.72644824]
 [ 16.          65.340004     0.9838686    0.740297  ]
 [ 17.          65.62         0.7563075    0.75609416]
 [ 18.          65.700005     0.7106341    0.76787037]
 [ 19.          65.840004     0.8294569    0.77907974]
 [ 20.          66.06         0.8648713    0.79095733]
 [ 21.          66.32         0.9985001    0.804046  ]
 [ 22.          66.26         0.85615265   0.813075  ]
 [ 23.          66.36         0.7861308    0.8228194 ]
 [ 24.          66.44         0.801873     0.83442986]
 [ 25.          66.560005     0.7266355    0.84552824]
 [ 26.          66.62         0.7190257    0.85606617]
 [ 27.          66.68001      0.7429676    0.86649746]
 [ 28.          66.82         0.55407614   0.87506217]
 [ 29.          66.88         0.42071342   0.8853483 ]
 [ 30.          67.1          0.32403317   0.89404374]
 [ 31.          67.28         0.3701344    0.90031976]
 [ 32.          67.22         0.3768294    0.90676117]
 [ 33.          67.38         0.42071307   0.9147195 ]
 [ 34.          67.44         0.5504542    0.9244591 ]
 [ 35.          67.4          0.60415274   0.9338064 ]
 [ 36.          67.28001      0.5718388    0.9459831 ]
 [ 37.          67.4          0.663326     0.95907444]
 [ 38.          67.4          0.68191016   0.9670191 ]
 [ 39.          67.46         0.6348244    0.9771126 ]
 [ 40.          67.48         0.8348668    0.9840085 ]
 [ 41.          67.46         0.6877497    0.9919967 ]
 [ 42.          67.44         0.71624124   1.0035399 ]
 [ 43.          67.36         0.6348229    1.0149091 ]
 [ 44.          67.420006     0.6610603    1.0227782 ]
 [ 45.          67.58         0.55407757   1.0346591 ]
 [ 46.          67.54         0.58137774   1.046624  ]
 [ 47.          67.56         0.6348219    1.0600518 ]
 [ 48.          67.740005     0.7700642    1.0755296 ]
 [ 49.          67.8          0.7106346    1.091338  ]
 [ 50.          67.9          0.7615782    1.1025229 ]
 [ 51.          67.98         0.7661611    1.1248463 ]
 [ 52.          68.060005     0.7231848    1.1377313 ]
 [ 53.          68.02         0.6685797    1.149741  ]
 [ 54.          68.12001      0.56302464   1.1622232 ]
 [ 55.          68.240005     0.43931758   1.1745576 ]
 [ 56.          68.21999      0.37682998   1.1892636 ]
 [ 57.          68.38         0.25884184   1.2014855 ]
 [ 58.          68.58001      0.29495585   1.2099949 ]
 [ 59.          68.78001      0.27748802   1.2224697 ]
 [ 60.          68.840004     0.30495733   1.2387788 ]
 [ 61.          69.119995     0.1788857    1.2538875 ]
 [ 62.          69.18         0.21679582   1.2677112 ]
 [ 63.          69.42         0.2774902    1.2842625 ]
 [ 64.          69.52         0.20493776   1.2981389 ]
 [ 65.          69.8          0.22360623   1.3140979 ]
 [ 66.          70.06         0.23021825   1.3299636 ]
 [ 67.          70.200005     0.36055598   1.3447397 ]
 [ 68.          70.32         0.45497575   1.3602304 ]
 [ 69.          70.48         0.45497313   1.3726498 ]
 [ 70.          70.6          0.4242626    1.3939556 ]
 [ 71.          70.659996     0.31305128   1.4027146 ]
 [ 72.          70.76         0.3577687    1.4117111 ]
 [ 73.          70.840004     0.26076865   1.4227839 ]
 [ 74.          70.920006     0.17888483   1.4290793 ]
 [ 75.          71.06         0.32093668   1.4355303 ]
 [ 76.          71.119995     0.10954284   1.4445237 ]
 [ 77.          71.200005     0.12247703   1.4540226 ]
 [ 78.          71.38         0.1788874    1.4631969 ]
 [ 79.          71.420006     0.3114494    1.4722565 ]
 [ 80.          71.66         0.39115334   1.4814352 ]
 [ 81.          71.54         0.3507126    1.4952158 ]
 [ 82.          71.58001      0.2387447    1.5104707 ]
 [ 83.          71.58001      0.25884044   1.5232888 ]
 [ 84.          71.520004     0.319379     1.5368435 ]
 [ 85.          71.62         0.3033177    1.5467557 ]
 [ 86.          71.46         0.20736392   1.5578338 ]
 [ 87.          71.200005     0.28284335   1.5666065 ]
 [ 88.          71.340004     0.15165862   1.5745782 ]
 [ 89.          71.26         0.3049571    1.5850534 ]
 [ 90.          71.26         0.1816614    1.5919753 ]
 [ 91.          71.159996     0.54129475   1.5998973 ]
 [ 92.          71.46         0.83845073   1.6104088 ]
 [ 93.          70.54         1.2502016    1.6198893 ]
 [ 94.          71.1          1.372952     1.628382  ]
 [ 95.          71.560005     0.746992     1.6374544 ]
 [ 96.          70.78         1.2316658    1.6443499 ]
 [ 97.          71.26         1.1458613    1.6519154 ]
 [ 98.          70.34         0.4505563    1.6628361 ]
 [ 99.          70.740005     0.6841046    1.670257  ]
 [100.          70.52         0.9418076    1.6774012 ]
 [101.          70.6          1.550806     1.68804   ]
 [102.          70.02         1.4754646    1.694825  ]
 [103.          70.200005     2.2293468    1.7043498 ]
 [104.          70.700005     1.9672315    1.7134676 ]
 [105.          69.92         1.2637236    1.7210215 ]
 [106.          69.72         1.8005558    1.7297636 ]
 [107.          68.659996     2.5392911    1.7402331 ]
 [108.          69.659996     1.7938771    1.7477134 ]
 [109.          69.26         2.5065908    1.755454  ]
 [110.          70.28001      0.5263076    1.763401  ]
 [111.          69.840004     1.2341       1.7703841 ]
 [112.          70.06         0.5594654    1.779547  ]
 [113.          69.72         1.3084335    1.7907656 ]
 [114.          69.56         1.1781322    1.8028113 ]
 [115.          68.64         1.9969974    1.813115  ]
 [116.          69.22001      0.91487586   1.8277556 ]
 [117.          69.840004     0.7956128    1.8389286 ]
 [118.          68.520004     2.1253238    1.8458389 ]
 [119.          68.58         1.059246     1.8547169 ]
 [120.          69.240005     1.021272     1.8652729 ]
 [121.          68.48         1.1691899    1.8753293 ]
 [122.          68.58001      0.7854963    1.8893324 ]
 [123.          68.619995     1.0009998    1.9025478 ]
 [124.          68.76         0.8820427    1.9140692 ]
 [125.          67.5          2.134242     1.9241966 ]
 [126.          68.78         0.74296844   1.9364485 ]
 [127.          68.9          0.8426134    1.9478594 ]
 [128.          68.04         1.340898     1.9645014 ]
 [129.          67.700005     1.6385978    1.9772663 ]
 [130.          67.88         0.60991985   1.9873747 ]
 [131.          68.18         1.8212649    1.9988043 ]
 [132.          67.46         0.6268976    2.0062423 ]
 [133.          67.48         0.63008034   2.0134811 ]
 [134.          68.24         0.48785067   2.0222611 ]
 [135.          68.880005     1.7753882    2.029575  ]
 [136.          68.22         1.1388596    2.0378997 ]
 [137.          67.240005     1.6876029    2.0471628 ]
 [138.          68.520004     1.0986357    2.0621526 ]
 [139.          68.28         0.46043378   2.075258  ]
 [140.          67.52         1.6649332    2.0833824 ]
 [141.          68.3          0.8573226    2.0984037 ]
 [142.          68.3          1.0464203    2.1113472 ]
 [143.          68.44         1.1036302    2.1270413 ]
 [144.          67.78         1.4342252    2.1381397 ]
 [145.          68.68         1.0059868    2.148222  ]
 [146.          68.58         1.2676761    2.1632347 ]
 [147.          68.1          1.0770319    2.172818  ]
 [148.          67.58001      0.5215354    2.1852906 ]
 [149.          67.96         0.72318983   2.1988735 ]
 [150.          68.21999      0.8613924    2.2228057 ]
 [151.          68.14001      0.77330476   2.242449  ]
 [152.          67.9          1.0124252    2.251271  ]
 [153.          67.840004     0.6580262    2.2627485 ]
 [154.          67.98         0.42071453   2.2720368 ]
 [155.          67.96         0.49294984   2.2784812 ]
 [156.          68.119995     0.53103715   2.2843482 ]
 [157.          67.94         0.35776898   2.291815  ]
 [158.          68.200005     0.5385182    2.2983334 ]
 [159.          68.38         0.5215377    2.3053656 ]
 [160.          68.8          0.35355493   2.3131688 ]
 [161.          68.56         0.3049593    2.3234801 ]
 [162.          68.38         0.5932975    2.335693  ]
 [163.          68.14001      0.6107389    2.343088  ]
 [164.          68.17999      0.49699083   2.350044  ]
 [165.          68.3          0.484772     2.3584793 ]
 [166.          68.36         0.4037294    2.3708937 ]
 [167.          68.22         0.3834067    2.381992  ]
 [168.          68.420006     0.25884524   2.3901134 ]
 [169.          68.4          0.30822247   2.3977344 ]
 [170.          68.24         0.35071325   2.405307  ]
 [171.          68.08         0.23874472   2.4132996 ]
 [172.          68.           0.28284445   2.419852  ]
 [173.          68.14001      0.19493794   2.4275458 ]
 [174.          68.08         0.27748895   2.4383152 ]
 [175.          68.02         0.40865517   2.4518306 ]
 [176.          67.86         0.4219009    2.4672644 ]
 [177.          67.94         0.27018687   2.4805143 ]
 [178.          67.840004     0.1816587    2.4924085 ]
 [179.          67.9          0.45825958   2.5009887 ]
 [180.          67.86         0.45055404   2.5091932 ]
 [181.          67.9          0.38729694   2.516246  ]
 [182.          67.86001      0.16733116   2.5226955 ]
 [183.          67.86         0.23021676   2.530032  ]
 [184.          67.86         0.3507132    2.5377758 ]
 [185.          67.88         0.42661312   2.5451105 ]
 [186.          67.880005     0.31144834   2.556121  ]
 [187.          67.78         0.26832876   2.568758  ]
 [188.          67.71999      0.30331424   2.5762582 ]
 [189.          67.72         0.21679574   2.5850475 ]
 [190.          67.76         0.26076657   2.5945954 ]
 [191.          67.76         0.32093632   2.6049347 ]
 [192.          67.78         0.24899925   2.613545  ]
 [193.          67.86         0.39749297   2.6248376 ]
 [194.          67.88         0.35637134   2.6359985 ]
 [195.          67.840004     0.37815547   2.6536603 ]
 [196.          67.920006     0.396232     2.6675885 ]
 [197.          67.88         0.31144735   2.679758  ]
 [198.          67.78         0.2588452    2.6911757 ]
 [199.          67.8          0.2121339    2.702371  ]
 [200.          67.71999      0.17888556   2.7218301 ]]
The best results: 
Epoch: 80  71.66±0.39  1.481s
--------------- Train Done! ----------------
--------------- Save Done! ----------------
