Using cuda:0 device
Dataset     :Computers
Epochs      :200
LR X_s      :0.01
Learn A_s   :0
LR A_s      :0.01
Conden ratio:0.5
Ridge       :5.0
Kernel      :SGNK
k           :2
L           :1
Seed        :5
The 1th Iteration:
--------------------------------------------------
The 2th Iteration:
--------------------------------------------------
The 3th Iteration:
--------------------------------------------------
The 4th Iteration:
--------------------------------------------------
The 5th Iteration:
--------------------------------------------------
[[  1.          11.38         2.678992     0.33934376]
 [  2.          13.5          4.586393     0.35552794]
 [  3.          15.340001     8.127607     0.37170345]
 [  4.          15.88         8.656616     0.38119316]
 [  5.          16.380001     8.035982     0.392343  ]
 [  6.          18.26         6.8138094    0.40200052]
 [  7.          19.380001     6.2471595    0.41046143]
 [  8.          19.42         6.1169434    0.42055818]
 [  9.          19.36         5.9914937    0.4305012 ]
 [ 10.          19.179998     5.715505     0.44618115]
 [ 11.          19.1          5.528562     0.45854855]
 [ 12.          19.039999     5.442702     0.47119704]
 [ 13.          18.98         5.245188     0.48469812]
 [ 14.          18.92         5.216033     0.5022618 ]
 [ 15.          18.800001     5.0551953    0.51628345]
 [ 16.          18.86         4.950556     0.5297851 ]
 [ 17.          18.92         4.899694     0.5422801 ]
 [ 18.          18.960001     4.776296     0.55013305]
 [ 19.          19.1          4.648118     0.56348795]
 [ 20.          19.4          4.298837     0.57402873]
 [ 21.          19.5          4.191062     0.5816911 ]
 [ 22.          19.840002     4.020323     0.59337586]
 [ 23.          20.160002     3.8939695    0.60450786]
 [ 24.          20.62         3.7372444    0.6121151 ]
 [ 25.          21.060001     3.5990276    0.62329507]
 [ 26.          21.44         3.6087391    0.63302916]
 [ 27.          21.74         3.6664696    0.64168066]
 [ 28.          22.1          3.3600593    0.6504583 ]
 [ 29.          22.36         3.1587973    0.6602939 ]
 [ 30.          22.560001     3.1785216    0.6716673 ]
 [ 31.          22.76         3.0013337    0.6845824 ]
 [ 32.          23.140001     2.8032124    0.69457084]
 [ 33.          23.539999     2.5919104    0.70849776]
 [ 34.          24.220001     2.4066575    0.72078425]
 [ 35.          24.7          2.307595     0.7318112 ]
 [ 36.          25.160002     2.264509     0.7413164 ]
 [ 37.          25.359999     2.2300231    0.74655575]
 [ 38.          25.86         1.86494      0.7550086 ]
 [ 39.          26.12         1.7340702    0.7616703 ]
 [ 40.          26.640003     1.5915399    0.7725161 ]
 [ 41.          27.020002     1.4872794    0.781826  ]
 [ 42.          27.300001     1.3564659    0.79261607]
 [ 43.          27.62         1.267675     0.80498755]
 [ 44.          27.920002     1.2417727    0.81120664]
 [ 45.          28.2          1.1661906    0.8173587 ]
 [ 46.          28.660002     1.3446187    0.8234337 ]
 [ 47.          29.160002     1.3126309    0.83019334]
 [ 48.          29.840002     1.3107251    0.8412757 ]
 [ 49.          30.98         1.4342247    0.850688  ]
 [ 50.          32.120003     0.9731406    0.86353487]
 [ 51.          33.8          1.1357821    0.8746584 ]
 [ 52.          34.86         1.0807408    0.88683856]
 [ 53.          36.079998     0.7854935    0.9000697 ]
 [ 54.          37.340004     0.64652896   0.9081413 ]
 [ 55.          38.440002     0.5594631    0.9163194 ]
 [ 56.          39.820004     1.1519532    0.9260443 ]
 [ 57.          41.140003     0.82036406   0.940913  ]
 [ 58.          42.420002     0.5974941    0.9542098 ]
 [ 59.          43.100002     0.69641966   0.96350306]
 [ 60.          44.06         0.8384525    0.9713306 ]
 [ 61.          45.38         1.1344601    0.9809214 ]
 [ 62.          47.540005     1.5868204    0.98893005]
 [ 63.          49.620003     2.2331588    0.9976479 ]
 [ 64.          51.8          1.7378157    1.0084795 ]
 [ 65.          53.78         1.666434     1.0179724 ]
 [ 66.          55.4          1.4230262    1.0264578 ]
 [ 67.          56.380005     1.2111984    1.0324196 ]
 [ 68.          57.5          1.0535656    1.0388712 ]
 [ 69.          58.2          0.9695354    1.0468411 ]
 [ 70.          59.040005     0.9181502    1.0550845 ]
 [ 71.          59.76         0.98132575   1.066684  ]
 [ 72.          60.540005     0.9990004    1.0785697 ]
 [ 73.          61.180004     1.0473775    1.091769  ]
 [ 74.          62.359997     1.0945306    1.1031452 ]
 [ 75.          63.960003     1.211611     1.1141375 ]
 [ 76.          65.58001      1.7683345    1.1222819 ]
 [ 77.          68.54         1.979392     1.1310492 ]
 [ 78.          70.32         2.8891177    1.1431135 ]
 [ 79.          70.4          1.9065707    1.151996  ]
 [ 80.          73.5          2.0542653    1.1610559 ]
 [ 81.          76.92         2.4180577    1.1665335 ]
 [ 82.          75.740005     1.5436959    1.1731132 ]
 [ 83.          77.74         1.5709862    1.1830816 ]
 [ 84.          77.68         3.6989198    1.1967217 ]
 [ 85.          79.659996     1.1844835    1.2102388 ]
 [ 86.          79.06         0.9914617    1.2226143 ]
 [ 87.          81.76         1.5693961    1.2303625 ]
 [ 88.          79.5          1.0295638    1.2389058 ]
 [ 89.          79.48         2.8402462    1.2480383 ]
 [ 90.          79.12         2.4427464    1.2562131 ]
 [ 91.          75.78         4.059189     1.2633355 ]
 [ 92.          75.78001      3.805521     1.2732124 ]
 [ 93.          74.96         5.0520306    1.2820966 ]
 [ 94.          73.98         3.1618013    1.2907835 ]
 [ 95.          71.020004     3.7652342    1.3007435 ]
 [ 96.          71.46001      3.4710224    1.3074589 ]
 [ 97.          72.58         2.266496     1.3167984 ]
 [ 98.          75.74         0.8203663    1.326834  ]
 [ 99.          77.159996     3.7607188    1.3375473 ]
 [100.          79.200005     4.5194035    1.3456639 ]
 [101.          77.68         2.6527348    1.3525212 ]
 [102.          79.92         2.6451812    1.3613579 ]
 [103.          80.920006     2.5113726    1.3707857 ]
 [104.          81.740005     2.9888122    1.3809675 ]
 [105.          81.200005     2.989983     1.3928549 ]
 [106.          80.9          3.284815     1.4052134 ]
 [107.          80.94         3.538784     1.4112192 ]
 [108.          81.38         2.7941015    1.4211935 ]
 [109.          82.18001      2.8621674    1.429067  ]
 [110.          82.04         2.9117002    1.4369558 ]
 [111.          82.54         3.0826936    1.4455111 ]
 [112.          83.06         3.2806993    1.451397  ]
 [113.          83.159996     3.643901     1.4577938 ]
 [114.          82.86         3.2646616    1.465526  ]
 [115.          82.42         3.0621886    1.4744153 ]
 [116.          82.9          3.2365108    1.481961  ]
 [117.          83.240005     3.1611712    1.4920557 ]
 [118.          83.6          3.2619014    1.5011914 ]
 [119.          82.96         3.1524608    1.5180308 ]
 [120.          83.3          3.441655     1.5352734 ]
 [121.          82.96         3.379794     1.5491365 ]
 [122.          82.76         3.107733     1.5628041 ]
 [123.          82.439995     3.0038278    1.5754737 ]
 [124.          82.32         3.1807232    1.5842692 ]
 [125.          80.42         5.263268     1.5934678 ]
 [126.          82.04         4.3644004    1.6058922 ]
 [127.          80.520004     5.2779727    1.621356  ]
 [128.          81.340004     3.9016647    1.6347347 ]
 [129.          80.56         4.8819036    1.6441487 ]
 [130.          76.56         8.545936     1.6538925 ]
 [131.          79.21999      6.2150617    1.6606448 ]
 [132.          78.54         6.06325      1.6709992 ]
 [133.          76.38         9.531894     1.6821345 ]
 [134.          79.28001      6.0064163    1.6918606 ]
 [135.          78.920006     5.843116     1.6991749 ]
 [136.          78.380005     7.225441     1.707771  ]
 [137.          78.54         6.257236     1.7160906 ]
 [138.          78.3          3.739654     1.7236868 ]
 [139.          78.62         4.4829693    1.733633  ]
 [140.          77.9          4.2077327    1.7468859 ]
 [141.          79.12         3.928997     1.7592949 ]
 [142.          77.740005     3.135763     1.7789898 ]
 [143.          79.5          3.8431766    1.7966177 ]
 [144.          80.5          3.8987188    1.8071674 ]
 [145.          79.76         3.2951465    1.8140347 ]
 [146.          80.26         3.7400517    1.8215859 ]
 [147.          80.98         3.7076972    1.8303702 ]
 [148.          81.520004     3.9543664    1.8416945 ]
 [149.          81.3          3.6469138    1.8516134 ]
 [150.          81.08001      2.8994837    1.8635744 ]
 [151.          81.939995     3.24777      1.8795887 ]
 [152.          82.24         3.3982356    1.8963251 ]
 [153.          83.           3.640741     1.908156  ]
 [154.          82.86         3.5479593    1.915403  ]
 [155.          83.46         3.1973405    1.9244568 ]
 [156.          83.8          2.444382     1.9305543 ]
 [157.          84.28         1.6858217    1.9372854 ]
 [158.          84.38         1.1966605    1.94445   ]
 [159.          84.28         0.4324348    1.9552929 ]
 [160.          84.340004     0.4774916    1.9682535 ]
 [161.          84.44         0.87920445   1.9821644 ]
 [162.          84.82         0.7085203    1.9950123 ]
 [163.          85.21999      0.43817994   2.0036304 ]
 [164.          85.16         0.46152133   2.0090435 ]
 [165.          85.3          0.77781713   2.0153797 ]
 [166.          85.020004     0.807466     2.0265515 ]
 [167.          85.06         0.6655803    2.034477  ]
 [168.          83.38         2.3509583    2.0448625 ]
 [169.          84.58         1.1054405    2.0613642 ]
 [170.          83.700005     1.7705913    2.0711992 ]
 [171.          82.6          4.1490984    2.08013   ]
 [172.          82.5          4.7095623    2.0897622 ]
 [173.          83.659996     2.7097988    2.100315  ]
 [174.          83.659996     1.7213353    2.1098936 ]
 [175.          84.04         1.9907292    2.1177404 ]
 [176.          84.18         1.6269594    2.1231496 ]
 [177.          83.14         2.8823612    2.13478   ]
 [178.          83.32         1.9057801    2.1429741 ]
 [179.          84.28         1.0568835    2.156235  ]
 [180.          84.920006     1.2637254    2.1709473 ]
 [181.          84.64001      1.1717511    2.1825616 ]
 [182.          85.14001      0.9208688    2.1891239 ]
 [183.          84.920006     0.92303926   2.197788  ]
 [184.          84.520004     1.013408     2.207898  ]
 [185.          84.72         0.92032605   2.2178664 ]
 [186.          85.060005     0.96072644   2.2264712 ]
 [187.          84.78001      0.5540772    2.240331  ]
 [188.          85.04         0.87920505   2.2521017 ]
 [189.          84.98         0.7014273    2.2589273 ]
 [190.          85.22         0.6534509    2.267737  ]
 [191.          85.           0.38078737   2.2780352 ]
 [192.          85.200005     0.3741653    2.289798  ]
 [193.          85.18         1.4025004    2.2969632 ]
 [194.          85.2          0.47434217   2.3061478 ]
 [195.          84.88         0.44944388   2.3172402 ]
 [196.          85.159996     0.43931967   2.3257024 ]
 [197.          85.46001      0.47223106   2.3338788 ]
 [198.          84.740005     0.96332943   2.3420327 ]
 [199.          83.76         2.6044214    2.350771  ]
 [200.          83.28         3.5322793    2.3621342 ]]
The best results: 
Epoch: 197  85.46±0.47  2.334s
--------------- Train Done! ----------------
--------------- Save Done! ----------------
