Using cuda:0 device
Dataset     :Computers
Epochs      :200
LR X_s      :0.01
Learn A_s   :1
LR A_s      :0.01
Conden ratio:0.5
Ridge       :10.0
Kernel      :SGNK
k           :3
L           :1
Seed        :5
The 1th Iteration:
--------------------------------------------------
The 2th Iteration:
--------------------------------------------------
The 3th Iteration:
--------------------------------------------------
The 4th Iteration:
--------------------------------------------------
The 5th Iteration:
--------------------------------------------------
[[  1.          10.           0.           0.25151363]
 [  2.          10.           0.           0.2578859 ]
 [  3.          10.           0.           0.26406047]
 [  4.          10.           0.           0.2701213 ]
 [  5.          10.           0.           0.276203  ]
 [  6.          10.           0.           0.2822809 ]
 [  7.          10.           0.           0.2883877 ]
 [  8.          10.           0.           0.2947344 ]
 [  9.          10.           0.           0.30147725]
 [ 10.          10.           0.           0.30789065]
 [ 11.          10.           0.           0.3141655 ]
 [ 12.          10.           0.           0.32144848]
 [ 13.          10.           0.           0.3276503 ]
 [ 14.          10.           0.           0.33446628]
 [ 15.          10.           0.           0.34170324]
 [ 16.          10.           0.           0.3482605 ]
 [ 17.          10.           0.           0.3545382 ]
 [ 18.          10.           0.           0.36096188]
 [ 19.          10.           0.           0.36751252]
 [ 20.          10.           0.           0.37425062]
 [ 21.          10.           0.           0.38221088]
 [ 22.          10.           0.           0.38909656]
 [ 23.          10.           0.           0.39681157]
 [ 24.          10.           0.           0.40394798]
 [ 25.          10.           0.           0.4117324 ]
 [ 26.          10.           0.           0.4186321 ]
 [ 27.          10.           0.           0.42550704]
 [ 28.          10.           0.           0.43261382]
 [ 29.          10.           0.           0.43995395]
 [ 30.          10.           0.           0.44728118]
 [ 31.          10.           0.           0.45512268]
 [ 32.          10.           0.           0.46263027]
 [ 33.          10.           0.           0.47015938]
 [ 34.          10.           0.           0.47789884]
 [ 35.          10.           0.           0.48568493]
 [ 36.          10.           0.           0.49400613]
 [ 37.          10.           0.           0.502397  ]
 [ 38.          10.           0.           0.51060146]
 [ 39.          10.           0.           0.5184276 ]
 [ 40.          10.           0.           0.52619773]
 [ 41.          10.           0.           0.53456026]
 [ 42.          10.           0.           0.5437733 ]
 [ 43.          10.           0.           0.55192965]
 [ 44.          10.           0.           0.56227106]
 [ 45.          10.           0.           0.5701993 ]
 [ 46.          10.           0.           0.5776436 ]
 [ 47.          10.           0.           0.58599716]
 [ 48.          10.           0.           0.5935933 ]
 [ 49.          10.           0.           0.60073644]
 [ 50.          10.           0.           0.6097683 ]
 [ 51.          10.           0.           0.61781704]
 [ 52.          10.           0.           0.62730247]
 [ 53.          10.           0.           0.6345424 ]
 [ 54.          10.           0.           0.6426427 ]
 [ 55.          10.           0.           0.65089846]
 [ 56.          10.           0.           0.6596412 ]
 [ 57.          10.           0.           0.6687246 ]
 [ 58.          10.           0.           0.67715025]
 [ 59.          10.           0.           0.6861955 ]
 [ 60.          10.           0.           0.6935376 ]
 [ 61.          10.           0.           0.70280784]
 [ 62.          10.           0.           0.70968294]
 [ 63.          10.           0.           0.7164485 ]
 [ 64.          10.           0.           0.72264904]
 [ 65.          10.           0.           0.729413  ]
 [ 66.          10.           0.           0.7362899 ]
 [ 67.          10.           0.           0.742463  ]
 [ 68.          10.           0.           0.7493699 ]
 [ 69.          10.           0.           0.757075  ]
 [ 70.          10.           0.           0.7637214 ]
 [ 71.          10.           0.           0.77099353]
 [ 72.          10.           0.           0.7785494 ]
 [ 73.          10.           0.           0.7857554 ]
 [ 74.          10.           0.           0.7926068 ]
 [ 75.          10.           0.           0.7999915 ]
 [ 76.          10.           0.           0.8073444 ]
 [ 77.          10.           0.           0.8152768 ]
 [ 78.          10.           0.           0.822546  ]
 [ 79.          10.           0.           0.8306125 ]
 [ 80.          10.           0.           0.8370037 ]
 [ 81.          10.           0.           0.8428513 ]
 [ 82.          10.           0.           0.84901047]
 [ 83.          10.           0.           0.85549164]
 [ 84.          10.           0.           0.8632437 ]
 [ 85.          10.           0.           0.8714924 ]
 [ 86.          10.           0.           0.8778061 ]
 [ 87.          10.           0.           0.8839764 ]
 [ 88.          10.           0.           0.8894338 ]
 [ 89.          10.           0.           0.8954196 ]
 [ 90.          10.           0.           0.90110713]
 [ 91.          10.           0.           0.9069521 ]
 [ 92.          10.           0.           0.9127923 ]
 [ 93.          10.           0.           0.91916084]
 [ 94.          10.           0.           0.92501986]
 [ 95.          10.           0.           0.93040925]
 [ 96.          10.           0.           0.9368286 ]
 [ 97.          10.           0.           0.9426328 ]
 [ 98.          10.           0.           0.9481892 ]
 [ 99.          10.           0.           0.9534378 ]
 [100.          10.           0.           0.95899075]
 [101.          10.           0.           0.9647667 ]
 [102.          10.           0.           0.97136277]
 [103.          10.           0.           0.9770722 ]
 [104.          10.           0.           0.9835785 ]
 [105.          10.           0.           0.9898308 ]
 [106.          10.           0.           0.99546874]
 [107.          10.           0.           1.0012131 ]
 [108.          10.           0.           1.0071868 ]
 [109.          10.           0.           1.0135044 ]
 [110.          10.           0.           1.0200933 ]
 [111.          10.           0.           1.0263191 ]
 [112.          10.           0.           1.0341479 ]
 [113.          10.           0.           1.0422022 ]
 [114.          10.0199995    0.0447216    1.0489556 ]
 [115.          10.0199995    0.0447216    1.0564651 ]
 [116.          10.04         0.05477244   1.0644053 ]
 [117.          10.04         0.05477244   1.0728145 ]
 [118.          10.06         0.08944278   1.0805553 ]
 [119.          10.06         0.08944278   1.0881281 ]
 [120.          10.06         0.08944278   1.0953963 ]
 [121.          10.080001     0.10954453   1.1029179 ]
 [122.          10.080001     0.10954453   1.109786  ]
 [123.          10.080001     0.10954453   1.1164181 ]
 [124.          10.080001     0.10954453   1.1233104 ]
 [125.          10.06         0.13416417   1.1300625 ]
 [126.          10.1          0.0999999    1.1365101 ]
 [127.          10.06         0.11401769   1.1431828 ]
 [128.          10.14         0.08944247   1.1505768 ]
 [129.          10.16         0.11401754   1.1579704 ]
 [130.          10.16         0.1516573    1.1649531 ]
 [131.          10.22         0.22803515   1.172238  ]
 [132.          10.48         0.5890669    1.1793945 ]
 [133.          10.88         1.4720732    1.1859052 ]
 [134.          11.080001     1.8102489    1.1934313 ]
 [135.          12.22         4.245232     1.2001566 ]
 [136.          10.38         0.28635645   1.2074246 ]
 [137.          12.44         4.2051153    1.2156235 ]
 [138.          13.24         3.8546073    1.2233541 ]
 [139.          13.960001     2.4845526    1.2308342 ]
 [140.          14.42         4.4533124    1.2381805 ]
 [141.          17.48         4.152349     1.2469167 ]
 [142.          17.74         4.221729     1.2543668 ]
 [143.          14.56         4.877806     1.2616976 ]
 [144.          16.26         4.581266     1.2693508 ]
 [145.          18.460001     3.2761257    1.2783101 ]
 [146.          18.14         3.6038868    1.2854054 ]
 [147.          18.1          3.5818992    1.291984  ]
 [148.          18.800001     2.5169427    1.2984546 ]
 [149.          19.94         0.05477246   1.3057467 ]
 [150.          19.240002     1.3221197    1.3134202 ]
 [151.          19.26         1.3758638    1.3210868 ]
 [152.          19.9          0.07071184   1.3287197 ]
 [153.          19.6          0.61644053   1.3365513 ]
 [154.          19.560001     0.76354444   1.3441167 ]
 [155.          19.9          0.           1.350819  ]
 [156.          19.1          2.0149436    1.357832  ]
 [157.          19.9          0.07071106   1.3644127 ]
 [158.          19.880001     0.109545     1.370728  ]
 [159.          19.9          0.           1.3770262 ]
 [160.          19.800001     0.1414206    1.3833    ]
 [161.          19.9          0.18708324   1.3896773 ]
 [162.          19.9          0.           1.3968916 ]
 [163.          19.9          0.           1.4046096 ]
 [164.          19.9          0.           1.4113456 ]
 [165.          19.960001     0.08944304   1.418739  ]
 [166.          19.9          0.           1.4260089 ]
 [167.          19.92         0.04472185   1.4336373 ]
 [168.          19.94         0.05477258   1.4417108 ]
 [169.          19.920002     0.04472199   1.4495696 ]
 [170.          19.22         1.6330955    1.458434  ]
 [171.          19.960001     0.08944321   1.4670883 ]
 [172.          19.88         0.04472199   1.4740956 ]
 [173.          19.720001     0.40249175   1.480846  ]
 [174.          19.78         0.5019963    1.4878662 ]
 [175.          19.5          0.8944272    1.4951187 ]
 [176.          19.9          0.           1.5020312 ]
 [177.          19.880001     0.10954503   1.5081135 ]
 [178.          19.9          0.           1.5135987 ]
 [179.          18.72         2.2286766    1.5201057 ]
 [180.          19.92         0.04472185   1.5268881 ]
 [181.          19.9          0.           1.5337628 ]
 [182.          19.88         0.04472139   1.5405366 ]
 [183.          19.279999     1.3863622    1.5478079 ]
 [184.          18.84         2.4265203    1.5549414 ]
 [185.          19.9          0.           1.5623223 ]
 [186.          19.88         0.04472139   1.5700134 ]
 [187.          19.740002     0.41593248   1.5766718 ]
 [188.          19.9          0.           1.5835854 ]
 [189.          19.62         0.62609905   1.5909685 ]
 [190.          19.88         0.04472139   1.5977219 ]
 [191.          19.9          0.           1.6047457 ]
 [192.          19.84         0.08944251   1.6111082 ]
 [193.          19.88         0.04472139   1.6170444 ]
 [194.          19.859999     0.05477255   1.6229553 ]
 [195.          19.88         0.04472185   1.6299622 ]
 [196.          19.9          0.           1.6374716 ]
 [197.          19.560001     0.8173128    1.6450542 ]
 [198.          19.92         0.10954506   1.6510289 ]
 [199.          19.9          0.07071184   1.6578388 ]
 [200.          19.9          0.           1.663998  ]]
The best results: 
Epoch: 165  19.96±0.09  1.419s
--------------- Train Done! ----------------
