Using cuda:0 device
Dataset     :Computers
Epochs      :200
LR X_s      :0.01
Learn A_s   :1
LR A_s      :0.01
Conden ratio:0.5
Ridge       :0.5
Kernel      :SGNK
k           :3
L           :1
Seed        :5
The 1th Iteration:
--------------------------------------------------
The 2th Iteration:
--------------------------------------------------
The 3th Iteration:
--------------------------------------------------
The 4th Iteration:
--------------------------------------------------
The 5th Iteration:
--------------------------------------------------
[[  1.          10.           0.           0.2554709 ]
 [  2.          10.           0.           0.26328093]
 [  3.          10.           0.           0.27146626]
 [  4.          10.           0.           0.27863342]
 [  5.          10.           0.           0.28813377]
 [  6.          10.           0.           0.2953267 ]
 [  7.          10.           0.           0.3021389 ]
 [  8.          10.           0.           0.3084673 ]
 [  9.          10.           0.           0.31528732]
 [ 10.          10.           0.           0.32207695]
 [ 11.          10.           0.           0.32922393]
 [ 12.          10.           0.           0.3362207 ]
 [ 13.          10.           0.           0.34370944]
 [ 14.          10.           0.           0.35110384]
 [ 15.          10.2          0.44721353   0.35960403]
 [ 16.          10.06         0.2607681    0.36719924]
 [ 17.          10.080001     0.17888527   0.37498546]
 [ 18.           9.9800005    0.04472153   0.38290784]
 [ 19.          10.14         0.31304953   0.39247146]
 [ 20.           9.96         0.08944264   0.4006296 ]
 [ 21.          10.           0.           0.40959096]
 [ 22.          10.           0.           0.4186031 ]
 [ 23.          10.280001     0.6260988    0.4270942 ]
 [ 24.           9.96         0.08944273   0.43513212]
 [ 25.          10.           0.           0.4451951 ]
 [ 26.          10.           0.           0.4531269 ]
 [ 27.          10.           0.           0.46019864]
 [ 28.          10.           0.           0.46857625]
 [ 29.          10.           0.           0.47604042]
 [ 30.          10.           0.           0.48279166]
 [ 31.          10.           0.           0.48970732]
 [ 32.          10.           0.           0.4963468 ]
 [ 33.          10.           0.           0.50299686]
 [ 34.          10.           0.           0.50997084]
 [ 35.          10.           0.           0.5159392 ]
 [ 36.          10.           0.           0.52301055]
 [ 37.          10.           0.           0.5299633 ]
 [ 38.          10.           0.           0.5360201 ]
 [ 39.          10.           0.           0.5416283 ]
 [ 40.          10.           0.           0.5473367 ]
 [ 41.          10.           0.           0.5529362 ]
 [ 42.          10.           0.           0.5586009 ]
 [ 43.          10.           0.           0.5655348 ]
 [ 44.          10.           0.           0.572717  ]
 [ 45.          10.           0.           0.5808411 ]
 [ 46.          10.           0.           0.5879645 ]
 [ 47.          10.           0.           0.5948536 ]
 [ 48.          10.           0.           0.60097903]
 [ 49.          10.           0.           0.60682744]
 [ 50.          10.           0.           0.6142842 ]
 [ 51.          10.           0.           0.6202866 ]
 [ 52.          10.           0.           0.6262652 ]
 [ 53.          10.           0.           0.6325547 ]
 [ 54.          10.           0.           0.63900185]
 [ 55.          10.           0.           0.6454415 ]
 [ 56.          10.           0.           0.65225977]
 [ 57.          10.           0.           0.6592099 ]
 [ 58.          10.           0.           0.66608906]
 [ 59.          10.           0.           0.67209   ]
 [ 60.          10.           0.           0.6784587 ]
 [ 61.          10.           0.           0.68496865]
 [ 62.          10.           0.           0.6909075 ]
 [ 63.          10.           0.           0.6987605 ]
 [ 64.          10.           0.           0.70467573]
 [ 65.          10.           0.           0.7122392 ]
 [ 66.          10.           0.           0.72028154]
 [ 67.          10.           0.           0.72613704]
 [ 68.          10.           0.           0.7328102 ]
 [ 69.          10.           0.           0.738946  ]
 [ 70.          10.           0.           0.745408  ]
 [ 71.          10.           0.           0.7514959 ]
 [ 72.          10.           0.           0.75899404]
 [ 73.          10.           0.           0.7653507 ]
 [ 74.          10.           0.           0.7720003 ]
 [ 75.          10.           0.           0.7785675 ]
 [ 76.          10.           0.           0.7857983 ]
 [ 77.          10.           0.           0.79207534]
 [ 78.          10.           0.           0.7984712 ]
 [ 79.          10.           0.           0.80609363]
 [ 80.          10.           0.           0.8117489 ]
 [ 81.          10.           0.           0.81767637]
 [ 82.          10.           0.           0.8242087 ]
 [ 83.          10.           0.           0.82987636]
 [ 84.          10.           0.           0.83559847]
 [ 85.          10.           0.           0.8415846 ]
 [ 86.          10.           0.           0.8476481 ]
 [ 87.          10.           0.           0.8536038 ]
 [ 88.          10.           0.           0.8598227 ]
 [ 89.          10.           0.           0.86606294]
 [ 90.          10.           0.           0.8724171 ]
 [ 91.          10.           0.           0.88003427]
 [ 92.          10.           0.           0.88697815]
 [ 93.          10.           0.           0.8942267 ]
 [ 94.          10.           0.           0.90185624]
 [ 95.          10.           0.           0.9094246 ]
 [ 96.          10.           0.           0.9170553 ]
 [ 97.          10.           0.           0.92510587]
 [ 98.          10.           0.           0.9340789 ]
 [ 99.          10.           0.           0.9433922 ]
 [100.          10.           0.           0.9543663 ]
 [101.          10.           0.           0.96255535]
 [102.          10.           0.           0.9706581 ]
 [103.          10.           0.           0.9793312 ]
 [104.          10.           0.           0.9880087 ]
 [105.          10.           0.           0.99757177]
 [106.          10.           0.           1.0056137 ]
 [107.          10.           0.           1.0138706 ]
 [108.          10.           0.           1.0220184 ]
 [109.          10.           0.           1.0309546 ]
 [110.          10.           0.           1.0398543 ]
 [111.          10.           0.           1.0491585 ]
 [112.          10.           0.           1.0586833 ]
 [113.          10.           0.           1.0679525 ]
 [114.          10.0199995    0.0447216    1.0773107 ]
 [115.          10.0199995    0.0447216    1.0870892 ]
 [116.          10.04         0.05477244   1.0983057 ]
 [117.          10.06         0.08944278   1.1092209 ]
 [118.          10.06         0.08944278   1.1183262 ]
 [119.          10.04         0.11401771   1.1277021 ]
 [120.          10.06         0.1516575    1.1377153 ]
 [121.          10.06         0.13416417   1.1461627 ]
 [122.          10.06         0.13416417   1.1546468 ]
 [123.          10.12         0.13038398   1.1621941 ]
 [124.          10.140001     0.11401756   1.1686966 ]
 [125.          10.160001     0.15165764   1.1751177 ]
 [126.          10.18         0.17888536   1.1815975 ]
 [127.          10.2          0.15811369   1.1877301 ]
 [128.          10.22         0.1483239    1.1949333 ]
 [129.          10.240001     0.08944247   1.2014359 ]
 [130.          10.339999     0.26076782   1.2089857 ]
 [131.          10.82         0.8318656    1.2162817 ]
 [132.          12.580001     3.244534     1.2241234 ]
 [133.          14.92         4.2605166    1.2335657 ]
 [134.          14.7          4.283107     1.2434448 ]
 [135.          15.12         4.6094465    1.2518523 ]
 [136.          18.060001     4.3408523    1.2600818 ]
 [137.          16.039999     4.0376973    1.2672871 ]
 [138.          17.300001     4.793746     1.2757046 ]
 [139.          18.060001     4.339124     1.2854537 ]
 [140.          16.82         4.6337886    1.2943906 ]
 [141.          19.960001     0.08944321   1.3008124 ]
 [142.          19.279999     3.431763     1.3096617 ]
 [143.          19.84         0.27018598   1.3174734 ]
 [144.          18.7          3.0191054    1.3246768 ]
 [145.          18.160002     4.394656     1.3320488 ]
 [146.          19.7          0.64031273   1.3400042 ]
 [147.          20.6          1.4560223    1.3477361 ]
 [148.          18.94         3.920204     1.3554028 ]
 [149.          18.460001     4.0215673    1.3638306 ]
 [150.          21.12         3.0654533    1.3717731 ]
 [151.          20.26         0.7092246    1.3797216 ]
 [152.          18.660002     6.5690937    1.3882945 ]
 [153.          19.6          1.0319883    1.3971809 ]
 [154.          19.480001     5.782474     1.4040254 ]
 [155.          20.460001     1.2759314    1.4112701 ]
 [156.          18.32         4.0641108    1.4178692 ]
 [157.          18.539999     6.820777     1.4251193 ]
 [158.          19.660002     6.2243876    1.4315122 ]
 [159.          21.68         4.251706     1.4391825 ]
 [160.          22.22         4.283923     1.4457464 ]
 [161.          20.480001     2.344568     1.4519137 ]
 [162.          24.720001     4.9595366    1.4580371 ]
 [163.          24.32         4.452191     1.4648188 ]
 [164.          24.58         5.1601357    1.4738549 ]
 [165.          21.78         7.754805     1.4802446 ]
 [166.          24.779999     6.3786364    1.4875014 ]
 [167.          23.66         8.370664     1.4940664 ]
 [168.          25.64         8.751455     1.5007013 ]
 [169.          22.74         6.2863345    1.5079523 ]
 [170.          22.2          6.220128     1.5144979 ]
 [171.          24.480001     6.09073      1.5213131 ]
 [172.          25.14         6.5576673    1.5285895 ]
 [173.          25.14         5.50209      1.5366715 ]
 [174.          23.02         8.16468      1.5441862 ]
 [175.          25.76         9.082015     1.5517035 ]
 [176.          24.58         8.692065     1.559379  ]
 [177.          25.58         8.950252     1.568523  ]
 [178.          23.800001     7.8265567    1.5769895 ]
 [179.          22.32         8.01854      1.5853965 ]
 [180.          21.58        10.632591     1.5939244 ]
 [181.          22.640001    11.844535     1.6035904 ]
 [182.          23.520002    12.357467     1.6120344 ]
 [183.          23.800001    10.56693      1.6208378 ]
 [184.          24.42         9.336328     1.6291649 ]
 [185.          24.92        12.485472     1.6374806 ]
 [186.          25.679998     9.17126      1.6455563 ]
 [187.          24.44         9.471695     1.6541058 ]
 [188.          23.480001     8.523907     1.6622366 ]
 [189.          24.44         9.181939     1.6711496 ]
 [190.          29.640003    12.024267     1.6787617 ]
 [191.          29.          13.617637     1.6867561 ]
 [192.          26.94        12.653972     1.6955334 ]
 [193.          30.300001    12.871285     1.7049078 ]
 [194.          31.4         12.22702      1.7119402 ]
 [195.          28.220001    11.45085      1.7187312 ]
 [196.          26.76        11.343852     1.7255982 ]
 [197.          25.88        13.227508     1.7327225 ]
 [198.          25.500002    11.615293     1.7390797 ]
 [199.          26.020002    11.716313     1.746088  ]
 [200.          25.02         8.605348     1.7535686 ]]
The best results: 
Epoch: 194  31.40±12.23  1.712s
--------------- Train Done! ----------------
