Using cuda:0 device
Dataset     :Computers
Epochs      :200
LR X_s      :0.01
Learn A_s   :0
LR A_s      :0.01
Conden ratio:0.5
Ridge       :0.001
Kernel      :SNTK
k           :1
L           :1
Seed        :5
The 1th Iteration:
--------------------------------------------------
The 2th Iteration:
--------------------------------------------------
The 3th Iteration:
--------------------------------------------------
The 4th Iteration:
--------------------------------------------------
The 5th Iteration:
--------------------------------------------------
[[  1.          19.32         1.1122061    0.3577745 ]
 [  2.          23.38         5.497908     0.3994302 ]
 [  3.          35.16         6.461268     0.44407567]
 [  4.          37.32         4.525706     0.48669216]
 [  5.          39.88         2.6185882    0.52652586]
 [  6.          43.960003     4.935383     0.57144207]
 [  7.          46.16         4.606842     0.61687964]
 [  8.          47.02         3.4244697    0.65903085]
 [  9.          48.100002     2.7404373    0.7034946 ]
 [ 10.          50.2          2.3270152    0.74433804]
 [ 11.          52.380005     1.5023307    0.78613824]
 [ 12.          54.440002     1.2660967    0.82462656]
 [ 13.          56.5          2.2327118    0.8657977 ]
 [ 14.          57.3          3.1088583    0.9084816 ]
 [ 15.          58.320004     3.7798154    0.9505178 ]
 [ 16.          59.859997     3.9639633    0.9962512 ]
 [ 17.          61.140003     3.4355483    1.0328982 ]
 [ 18.          63.680004     2.711456     1.0702316 ]
 [ 19.          64.9          2.8687985    1.1072793 ]
 [ 20.          65.560005     3.0344694    1.1433104 ]
 [ 21.          66.36         3.5281723    1.1775764 ]
 [ 22.          66.920006     3.6711037    1.2149597 ]
 [ 23.          67.14001      3.7964463    1.2555822 ]
 [ 24.          67.28         3.830403     1.2929943 ]
 [ 25.          67.3          3.8878007    1.3359823 ]
 [ 26.          67.42         4.0195785    1.3780867 ]
 [ 27.          67.48         4.0567226    1.4205183 ]
 [ 28.          67.6          3.867815     1.4622291 ]
 [ 29.          67.9          3.6918852    1.5105163 ]
 [ 30.          68.06         3.6191168    1.5549167 ]
 [ 31.          68.26         3.3716464    1.5991893 ]
 [ 32.          68.48         3.1379924    1.644574  ]
 [ 33.          69.4          1.8627936    1.6892804 ]
 [ 34.          69.740005     1.4909732    1.7317514 ]
 [ 35.          70.06         1.383112     1.7760214 ]
 [ 36.          70.22         1.14324      1.8150128 ]
 [ 37.          70.700005     1.2247438    1.8576491 ]
 [ 38.          71.06         1.4993311    1.8989464 ]
 [ 39.          71.42         1.5578823    1.9359213 ]
 [ 40.          71.9          1.9467932    1.9736103 ]
 [ 41.          72.04         2.1984074    2.012079  ]
 [ 42.          72.           2.0700238    2.0524788 ]
 [ 43.          72.42         2.3123577    2.0851352 ]
 [ 44.          72.659996     2.1755471    2.12132   ]
 [ 45.          72.880005     2.0992832    2.1581662 ]
 [ 46.          73.159996     2.1915765    2.196994  ]
 [ 47.          73.240005     2.3276587    2.2405174 ]
 [ 48.          73.72         2.5034       2.2845771 ]
 [ 49.          73.96         2.4151607    2.327823  ]
 [ 50.          74.200005     2.5592957    2.3717113 ]
 [ 51.          74.200005     2.525865     2.416121  ]
 [ 52.          74.28         2.5312066    2.4606924 ]
 [ 53.          74.46         2.4845521    2.5070431 ]
 [ 54.          74.700005     2.6842146    2.551376  ]
 [ 55.          74.82         2.8278968    2.6011817 ]
 [ 56.          75.4          2.7577174    2.6484985 ]
 [ 57.          75.76         2.6922104    2.6894348 ]
 [ 58.          75.700005     2.6598856    2.7330468 ]
 [ 59.          75.9          2.7322164    2.7705185 ]
 [ 60.          75.94         2.648207     2.8090332 ]
 [ 61.          75.96001      2.9787567    2.8460057 ]
 [ 62.          75.92         2.9115272    2.8845973 ]
 [ 63.          76.240005     2.6829066    2.9230342 ]
 [ 64.          76.240005     2.5608585    2.963066  ]
 [ 65.          76.38         2.0583987    3.0045938 ]
 [ 66.          76.71999      1.4855978    3.041229  ]
 [ 67.          76.92         1.2029148    3.0827212 ]
 [ 68.          77.1          1.1895391    3.1200864 ]
 [ 69.          77.240005     1.2361209    3.1614864 ]
 [ 70.          77.14001      1.1823696    3.2065392 ]
 [ 71.          77.21999      0.9523667    3.2474937 ]
 [ 72.          77.24         0.78930366   3.2902856 ]
 [ 73.          77.619995     0.6797047    3.3337903 ]
 [ 74.          77.840004     0.64265174   3.3778362 ]
 [ 75.          77.76         0.6542169    3.423679  ]
 [ 76.          77.840004     0.45606935   3.4693985 ]
 [ 77.          77.86         0.5594641    3.5146928 ]
 [ 78.          77.58         0.31937766   3.5606267 ]
 [ 79.          77.740005     0.8080826    3.6029243 ]
 [ 80.          77.58001      0.51671803   3.6452699 ]
 [ 81.          77.659996     0.7231888    3.6831384 ]
 [ 82.          77.740005     0.7765332    3.724632  ]
 [ 83.          77.32         0.6870268    3.7665107 ]
 [ 84.          77.3          0.6244976    3.80617   ]
 [ 85.          77.5          0.98741907   3.8416631 ]
 [ 86.          77.67999      0.5674522    3.8820095 ]
 [ 87.          77.700005     0.68191016   3.9186306 ]
 [ 88.          77.68         0.70498145   3.9528642 ]
 [ 89.          77.98         0.7190273    3.988384  ]
 [ 90.          77.62001      0.43243513   4.0268607 ]
 [ 91.          77.6          0.2645766    4.0672226 ]
 [ 92.          77.700005     0.60415065   4.1057444 ]
 [ 93.          77.9          0.8803412    4.144922  ]
 [ 94.          77.94         1.1081512    4.1845512 ]
 [ 95.          77.880005     1.160603     4.223128  ]
 [ 96.          77.8          0.7648538    4.2672167 ]
 [ 97.          77.6          0.7713611    4.313914  ]
 [ 98.          77.700005     0.77459556   4.36026   ]
 [ 99.          77.5          0.570089     4.407676  ]
 [100.          77.240005     0.84142405   4.4498873 ]
 [101.          77.200005     0.77781653   4.4945483 ]
 [102.          77.18         0.828855     4.5373454 ]
 [103.          76.700005     0.6041516    4.575869  ]
 [104.          76.68         0.5357243    4.612803  ]
 [105.          77.           1.0295614    4.64941   ]
 [106.          76.78         0.8166995    4.680538  ]
 [107.          76.72         0.6870237    4.714765  ]
 [108.          76.96         0.6268981    4.7513804 ]
 [109.          77.22         0.5630273    4.786774  ]
 [110.          77.520004     0.7155459    4.8194423 ]
 [111.          77.56         0.37148306   4.851664  ]
 [112.          77.420006     0.9257425    4.8911705 ]
 [113.          77.48         1.0158746    4.9301224 ]
 [114.          77.44         0.87920594   4.9703846 ]
 [115.          77.1          1.2389506    5.011838  ]
 [116.          77.159996     0.96072865   5.055404  ]
 [117.          77.14001      1.2012488    5.0976    ]
 [118.          77.22         0.8955435    5.1451416 ]
 [119.          77.36         0.84142876   5.192338  ]
 [120.          77.340004     0.7765307    5.2397456 ]
 [121.          77.32         0.79183227   5.2858033 ]
 [122.          77.3          0.8154736    5.3332915 ]
 [123.          77.340004     0.7924637    5.3790255 ]
 [124.          77.479996     0.78549355   5.4228134 ]
 [125.          77.56         0.82036585   5.4633975 ]
 [126.          77.520004     1.0281041    5.5037684 ]
 [127.          77.82         0.90111154   5.54434   ]
 [128.          78.14001      0.9449859    5.585266  ]
 [129.          78.3          0.90277356   5.6254144 ]
 [130.          78.28         1.0497606    5.663879  ]
 [131.          78.18001      1.2173722    5.7036414 ]
 [132.          78.159996     1.2973073    5.745543  ]
 [133.          78.119995     1.1670485    5.783237  ]
 [134.          78.22         1.1987484    5.818715  ]
 [135.          78.           1.0319879    5.8568406 ]
 [136.          77.98         0.9176049    5.8950334 ]
 [137.          78.           0.8396446    5.93943   ]
 [138.          78.100006     0.69999874   5.98216   ]
 [139.          77.96         0.9316645    6.028461  ]
 [140.          77.96         0.74364024   6.0749607 ]
 [141.          78.04         0.78613025   6.124101  ]
 [142.          77.920006     0.8258323    6.1714916 ]
 [143.          78.06         0.7765306    6.220666  ]
 [144.          77.96001      0.730066     6.2690043 ]
 [145.          78.159996     0.7668113    6.319891  ]
 [146.          78.22001      0.6978498    6.368146  ]
 [147.          78.159996     0.9762186    6.4136033 ]
 [148.          78.3          0.927361     6.459041  ]
 [149.          78.26         0.8619715    6.4995027 ]
 [150.          78.16         0.66558367   6.5392137 ]
 [151.          78.27999      0.50199467   6.5815578 ]
 [152.          78.3          0.6041523    6.6191134 ]
 [153.          78.479996     0.79498255   6.657219  ]
 [154.          78.619995     0.71554154   6.69805   ]
 [155.          78.8          0.7449843    6.743178  ]
 [156.          78.71999      0.7328024    6.7823243 ]
 [157.          78.520004     0.56302893   6.8195453 ]
 [158.          78.52         0.4711703    6.8592944 ]
 [159.          78.46         0.55045503   6.900434  ]
 [160.          78.18         0.51672184   6.9437346 ]
 [161.          78.4          0.52915084   6.989541  ]
 [162.          78.4          0.8631324    7.033815  ]
 [163.          78.52001      0.91487616   7.078243  ]
 [164.          78.50001      1.240967     7.1261964 ]
 [165.          78.420006     1.1432385    7.1694236 ]
 [166.          78.32         0.90939564   7.2143607 ]
 [167.          78.439995     1.0644231    7.2569666 ]
 [168.          78.72         0.6457511    7.3041306 ]
 [169.          77.48         2.4783056    7.346145  ]
 [170.          78.58         0.46043363   7.3921237 ]
 [171.          78.54         0.7503316    7.438659  ]
 [172.          78.46         0.86775714   7.4832087 ]
 [173.          78.28         1.0232292    7.5291457 ]
 [174.          78.16         1.078424     7.5702143 ]
 [175.          78.32         0.9257428    7.613235  ]
 [176.          78.1          0.86602575   7.651645  ]
 [177.          78.36         0.4393192    7.6927156 ]
 [178.          78.48         0.37682682   7.7337165 ]
 [179.          78.659996     0.5856618    7.774553  ]
 [180.          78.56         0.50793815   7.8198123 ]
 [181.          78.58001      0.6833748    7.8607383 ]
 [182.          78.64001      0.61073667   7.900759  ]
 [183.          78.54         0.5549791    7.942258  ]
 [184.          78.4          0.7245687    7.986801  ]
 [185.          78.64001      0.6268942    8.029779  ]
 [186.          78.64001      0.3209358    8.075996  ]
 [187.          78.46         0.5176847    8.1199875 ]
 [188.          78.3          0.6670826    8.164285  ]
 [189.          78.28001      0.5974927    8.2074995 ]
 [190.          78.44         0.7368832    8.254619  ]
 [191.          78.659996     0.8384486    8.296167  ]
 [192.          78.88         0.822801     8.338272  ]
 [193.          78.42         0.9782648    8.383786  ]
 [194.          78.700005     0.6557429    8.427527  ]
 [195.          78.740005     0.5770614    8.474145  ]
 [196.          78.619995     0.7362105    8.515027  ]
 [197.          78.9          0.56124955   8.552566  ]
 [198.          78.56         0.46690527   8.593556  ]
 [199.          78.6          0.5522679    8.634078  ]
 [200.          78.76         0.77974045   8.674332  ]]
The best results: 
Epoch: 197  78.90±0.56  8.553s
--------------- Train Done! ----------------
