Using cuda:0 device
Dataset     :Cora
Epochs      :200
LR X_s      :0.01
Learn A_s   :0
LR A_s      :0.01
Conden ratio:1.0
Ridge       :0.1
Kernel      :SNTK
k           :5
L           :1
Seed        :5
The 1th Iteration:
--------------------------------------------------
The 2th Iteration:
--------------------------------------------------
The 3th Iteration:
--------------------------------------------------
The 4th Iteration:
--------------------------------------------------
The 5th Iteration:
--------------------------------------------------
[[  1.           9.74         3.6916118    0.38935238]
 [  2.           8.740001     3.236974     0.43171516]
 [  3.           8.0199995    2.2409816    0.472922  ]
 [  4.           7.6          1.32665      0.50924164]
 [  5.           7.94         1.6118311    0.5471701 ]
 [  6.           8.660001     2.129084     0.5828394 ]
 [  7.           9.66         2.1042812    0.613311  ]
 [  8.          11.400001     1.6777961    0.64395064]
 [  9.          12.38         1.0059822    0.674167  ]
 [ 10.          13.139999     0.57271296   0.7053772 ]
 [ 11.          13.839999     0.59413815   0.7406534 ]
 [ 12.          14.1          0.28284252   0.77579933]
 [ 13.          14.18         0.17888549   0.8131327 ]
 [ 14.          13.900001     0.33911636   0.85030144]
 [ 15.          13.38         0.580517     0.888359  ]
 [ 16.          12.640001     0.8173124    0.9271289 ]
 [ 17.          12.04         0.65802723   0.9638344 ]
 [ 18.          11.68         0.47116867   0.9997126 ]
 [ 19.          11.18         0.37013498   1.0325972 ]
 [ 20.          10.94         0.3130492    1.0701927 ]
 [ 21.          10.8          0.07071061   1.1110476 ]
 [ 22.          10.84         0.2073643    1.1530039 ]
 [ 23.          10.820001     0.2588437    1.1949525 ]
 [ 24.          10.820001     0.30331448   1.2358246 ]
 [ 25.          11.000001     0.22360687   1.2767967 ]
 [ 26.          11.000001     0.22360687   1.3111967 ]
 [ 27.          11.100001     0.           1.347325  ]
 [ 28.          11.100001     0.           1.3838431 ]
 [ 29.          11.120001     0.04472094   1.4172013 ]
 [ 30.          11.360001     0.23021732   1.4553498 ]
 [ 31.          11.66         0.28809708   1.4919254 ]
 [ 32.          12.240001     0.27928504   1.5281934 ]
 [ 33.          12.740001     0.39749244   1.5632536 ]
 [ 34.          13.279999     0.32710895   1.5962    ]
 [ 35.          13.68         0.25884357   1.6327072 ]
 [ 36.          14.479999     0.6300792    1.6756824 ]
 [ 37.          15.56         0.9289775    1.7149948 ]
 [ 38.          16.5          0.4636803    1.7480294 ]
 [ 39.          17.300001     0.6041533    1.7848948 ]
 [ 40.          18.           0.42426416   1.8249855 ]
 [ 41.          18.460001     0.5029904    1.8604727 ]
 [ 42.          18.86         0.32863465   1.8985035 ]
 [ 43.          19.300001     0.33911744   1.9337698 ]
 [ 44.          20.02         0.61400306   1.9734923 ]
 [ 45.          20.88         0.5974951    2.0141766 ]
 [ 46.          21.5          0.33166218   2.0564425 ]
 [ 47.          22.279999     0.21679443   2.0947185 ]
 [ 48.          22.960001     0.29664746   2.1344593 ]
 [ 49.          23.539999     0.18165903   2.1747975 ]
 [ 50.          23.92         0.1303844    2.2139094 ]
 [ 51.          24.52         0.46043515   2.2534177 ]
 [ 52.          26.48         1.2755383    2.288921  ]
 [ 53.          29.14         1.0807407    2.3234932 ]
 [ 54.          31.98         0.88430685   2.3577595 ]
 [ 55.          34.5          0.3741635    2.3931835 ]
 [ 56.          36.           0.49497405   2.4295807 ]
 [ 57.          37.74         0.55497736   2.4637895 ]
 [ 58.          39.68         0.75630766   2.5026557 ]
 [ 59.          41.140003     0.78294367   2.539748  ]
 [ 60.          43.18         1.3026893    2.5779665 ]
 [ 61.          45.440002     1.0968138    2.6181684 ]
 [ 62.          47.84         0.66932726   2.6564176 ]
 [ 63.          49.98         1.3311669    2.6986272 ]
 [ 64.          52.320004     1.5786062    2.7379785 ]
 [ 65.          54.440002     1.2054046    2.7772863 ]
 [ 66.          56.46         0.9889394    2.8164454 ]
 [ 67.          58.420002     0.9038813    2.860688  ]
 [ 68.          59.559998     0.7987479    2.8995216 ]
 [ 69.          61.4          0.9823438    2.9392638 ]
 [ 70.          63.100002     1.1313716    2.9796913 ]
 [ 71.          64.740005     1.0644252    3.0229244 ]
 [ 72.          66.340004     1.1282732    3.066261  ]
 [ 73.          67.9          0.84261674   3.106649  ]
 [ 74.          69.52         0.94180566   3.1441648 ]
 [ 75.          71.26         1.6949916    3.184736  ]
 [ 76.          72.68001      1.4923122    3.223475  ]
 [ 77.          74.14001      0.8080835    3.261786  ]
 [ 78.          74.94         0.40373138   3.3019128 ]
 [ 79.          75.26         0.37815407   3.341543  ]
 [ 80.          75.94         0.34351215   3.3772035 ]
 [ 81.          76.659996     0.4159334    3.4190602 ]
 [ 82.          77.32         0.558569     3.4615104 ]
 [ 83.          77.939995     0.77653086   3.5029848 ]
 [ 84.          78.36001      0.51283616   3.5412452 ]
 [ 85.          78.64001      0.35071215   3.5836754 ]
 [ 86.          78.82         0.52630734   3.6238651 ]
 [ 87.          79.340004     0.46690422   3.6667707 ]
 [ 88.          79.659996     0.26076704   3.7068512 ]
 [ 89.          79.76         0.4098754    3.7491646 ]
 [ 90.          79.76         0.51768786   3.791491  ]
 [ 91.          79.86         0.43931714   3.8362923 ]
 [ 92.          80.200005     0.37416598   3.8818257 ]
 [ 93.          80.42         0.32710955   3.9250362 ]
 [ 94.          80.58001      0.45497084   3.969423  ]
 [ 95.          80.72         0.24899776   4.0137286 ]
 [ 96.          80.700005     0.57008684   4.0588684 ]
 [ 97.          81.           0.7141408    4.104035  ]
 [ 98.          80.76         0.31304863   4.145677  ]
 [ 99.          80.46         0.36469215   4.1852403 ]
 [100.          80.68001      0.973143     4.2249947 ]
 [101.          80.58001      0.69785464   4.262569  ]
 [102.          80.17999      0.5069529    4.3036184 ]
 [103.          80.82         0.5674504    4.344322  ]
 [104.          80.6          0.35355502   4.3845267 ]
 [105.          80.68         0.7190272    4.4195075 ]
 [106.          80.86         1.008958     4.4562144 ]
 [107.          80.18         0.8526433    4.499044  ]
 [108.          80.8          0.9082925    4.5361743 ]
 [109.          80.27999      0.4494443    4.576023  ]
 [110.          80.340004     0.8018722    4.6167965 ]
 [111.          80.5          0.76485187   4.656083  ]
 [112.          80.76         0.91268724   4.6972814 ]
 [113.          81.159996     0.59413767   4.7358556 ]
 [114.          81.02         0.75630516   4.7768793 ]
 [115.          80.5          0.73143464   4.8177276 ]
 [116.          80.82         0.50695235   4.858298  ]
 [117.          80.740005     0.5683315    4.9014273 ]
 [118.          81.04         1.272004     4.942227  ]
 [119.          80.54         0.97621655   4.9803967 ]
 [120.          80.700005     0.7141425    5.0222206 ]
 [121.          80.159996     0.2880966    5.062627  ]
 [122.          80.           0.5700875    5.1023684 ]
 [123.          80.18         0.8814787    5.140566  ]
 [124.          80.16         0.7334847    5.1795044 ]
 [125.          80.380005     1.0473799    5.220025  ]
 [126.          80.479996     1.0709792    5.2608614 ]
 [127.          80.8          0.8573178    5.3004947 ]
 [128.          80.64001      0.673053     5.339059  ]
 [129.          80.240005     0.7765297    5.371629  ]
 [130.          80.06         0.7092217    5.4068027 ]
 [131.          80.420006     0.45497063   5.4426136 ]
 [132.          80.340004     0.4505568    5.483026  ]
 [133.          80.659996     0.50298977   5.5223618 ]
 [134.          80.94         0.49294445   5.5606523 ]
 [135.          80.3          0.17320776   5.5957575 ]
 [136.          80.08         0.65345395   5.636463  ]
 [137.          80.28001      0.74632454   5.675017  ]
 [138.          80.340004     0.43358955   5.7139106 ]
 [139.          80.           0.79057217   5.7567897 ]
 [140.          80.12         0.71902704   5.802109  ]
 [141.          80.12         0.8642898    5.8456674 ]
 [142.          80.28         0.342055     5.888916  ]
 [143.          80.76         0.84142727   5.9332933 ]
 [144.          80.42         0.4147277    5.9805083 ]
 [145.          80.36         0.7368838    6.0231633 ]
 [146.          80.560005     0.90994626   6.0674033 ]
 [147.          80.82         0.9985008    6.1106944 ]
 [148.          81.1          0.6442041    6.155542  ]
 [149.          79.6          1.1768577    6.19618   ]
 [150.          80.4          0.24494433   6.2376037 ]
 [151.          80.56         0.517687     6.2763805 ]
 [152.          80.82         0.6379665    6.317366  ]
 [153.          80.76         0.49295065   6.355737  ]
 [154.          81.14001      0.40373546   6.3917365 ]
 [155.          80.880005     0.36331633   6.4250274 ]
 [156.          80.54         0.26077104   6.4625444 ]
 [157.          80.240005     1.1502184    6.4995317 ]
 [158.          80.96001      0.4615162    6.534514  ]
 [159.          80.659996     0.60663104   6.569101  ]
 [160.          80.700005     0.4301173    6.603496  ]
 [161.          80.38         0.60580575   6.6414294 ]
 [162.          80.240005     1.0212733    6.6780486 ]
 [163.          80.3          0.940748     6.712158  ]
 [164.          80.46         0.38470602   6.7508006 ]
 [165.          80.54         0.32093477   6.791677  ]
 [166.          80.6          0.41832918   6.8300705 ]
 [167.          80.5          0.5385198    6.874341  ]
 [168.          80.62         0.6534535    6.916581  ]
 [169.          80.659996     0.5366557    6.9583626 ]
 [170.          80.4          1.0124241    7.0006976 ]
 [171.          80.18         0.46043363   7.0462418 ]
 [172.          79.88         0.7886693    7.0895967 ]
 [173.          80.380005     0.88430655   7.134977  ]
 [174.          79.86001      1.1760093    7.1772876 ]
 [175.          80.72         0.8642898    7.2184577 ]
 [176.          80.08         1.061604     7.2577105 ]
 [177.          80.1          0.54772013   7.299255  ]
 [178.          80.18         0.6220938    7.3354197 ]
 [179.          80.240005     0.7092264    7.3728957 ]
 [180.          80.1          0.7516627    7.4147096 ]
 [181.          79.98         0.67231333   7.454117  ]
 [182.          79.96001      0.6387502    7.4891562 ]
 [183.          79.94         0.33615547   7.5233383 ]
 [184.          80.240005     0.46690294   7.557355  ]
 [185.          80.02         0.5357249    7.59079   ]
 [186.          80.119995     0.43243408   7.6232657 ]
 [187.          80.12         0.31144595   7.6593065 ]
 [188.          79.8          0.25494996   7.6933694 ]
 [189.          80.1          0.23452209   7.7302523 ]
 [190.          80.159996     0.5224925    7.7656617 ]
 [191.          80.1          0.43011612   7.8017654 ]
 [192.          80.18         0.7155402    7.8384967 ]
 [193.          80.21999      0.535723     7.87612   ]
 [194.          80.420006     0.637964     7.917119  ]
 [195.          80.200005     0.78421915   7.9571075 ]
 [196.          80.04         0.71274275   7.996048  ]
 [197.          80.38         0.5495454    8.037561  ]
 [198.          80.14001      0.42778435   8.078173  ]
 [199.          79.98         0.2774883    8.116789  ]
 [200.          80.08001      0.31937572   8.1578245 ]]
The best results: 
Epoch: 113  81.16±0.59  4.736s
--------------- Train Done! ----------------
