Using cuda:0 device
Dataset     :Cora
Epochs      :200
LR X_s      :0.01
Learn A_s   :0
LR A_s      :0.01
Conden ratio:0.5
Ridge       :5.0
Kernel      :SNTK
k           :4
L           :1
Seed        :5
The 1th Iteration:
--------------------------------------------------
The 2th Iteration:
--------------------------------------------------
The 3th Iteration:
--------------------------------------------------
The 4th Iteration:
--------------------------------------------------
The 5th Iteration:
--------------------------------------------------
[[  1.          10.92         3.476636     0.47000214]
 [  2.          11.86         4.579629     0.5168318 ]
 [  3.           7.66         1.754423     0.5607349 ]
 [  4.           8.18         2.733496     0.6042275 ]
 [  5.           8.440001     3.2684858    0.6503987 ]
 [  6.           8.48         3.2453043    0.6966085 ]
 [  7.           8.34         2.961081     0.74067116]
 [  8.           8.240001     2.681977     0.7852002 ]
 [  9.           8.26         2.601538     0.8241888 ]
 [ 10.           8.22         2.5223005    0.869627  ]
 [ 11.           8.16         2.4099796    0.9150185 ]
 [ 12.           8.04         2.2733235    0.96302795]
 [ 13.           8.08         2.3868387    1.0069927 ]
 [ 14.           8.04         2.45418      1.0514712 ]
 [ 15.           7.94         2.4815316    1.0972837 ]
 [ 16.           7.9          2.5980759    1.1389389 ]
 [ 17.           7.9800005    2.9566875    1.1834954 ]
 [ 18.           8.           3.200781     1.2235821 ]
 [ 19.           8.04         3.3945544    1.2659293 ]
 [ 20.           8.04         3.6115093    1.3051809 ]
 [ 21.           7.94         3.3879194    1.3525553 ]
 [ 22.           7.96         3.488266     1.395838  ]
 [ 23.           7.96         3.488266     1.438294  ]
 [ 24.           7.9199996    3.3988233    1.4796143 ]
 [ 25.           7.8800006    3.3093808    1.5213412 ]
 [ 26.           7.8          3.1304948    1.5653527 ]
 [ 27.           7.7599998    3.0410526    1.6106704 ]
 [ 28.           7.7000003    2.906888     1.6561505 ]
 [ 29.           7.6800003    2.8621674    1.7003869 ]
 [ 30.           7.62         2.7280028    1.7448599 ]
 [ 31.           7.56         2.5938387    1.7840518 ]
 [ 32.           7.52         2.504396     1.8245592 ]
 [ 33.           7.5          2.4596744    1.8689247 ]
 [ 34.           7.4800005    2.4149535    1.9105374 ]
 [ 35.           7.44         2.3255107    1.9568322 ]
 [ 36.           7.44         2.3255107    1.9996017 ]
 [ 37.           7.4199996    2.2807891    2.046765  ]
 [ 38.           7.4199996    2.2807891    2.08965   ]
 [ 39.           7.36         2.1466253    2.1334271 ]
 [ 40.           7.36         2.1466253    2.1772056 ]
 [ 41.           7.36         2.1466253    2.224352  ]
 [ 42.           7.3800006    2.1913466    2.269182  ]
 [ 43.           7.4199996    2.2807891    2.3078442 ]
 [ 44.           7.4199996    2.2807891    2.3508635 ]
 [ 45.           7.44         2.3255107    2.3903167 ]
 [ 46.           7.44         2.3255107    2.4327576 ]
 [ 47.           7.5          2.4596744    2.4770322 ]
 [ 48.           7.5399995    2.4378266    2.51736   ]
 [ 49.           8.1          2.3579652    2.5635345 ]
 [ 50.           8.839999     2.1477895    2.610598  ]
 [ 51.           9.94         1.7784823    2.653876  ]
 [ 52.          10.76         1.4656054    2.6952236 ]
 [ 53.          11.8          1.1247224    2.739657  ]
 [ 54.          12.360001     0.9528903    2.7825718 ]
 [ 55.          12.66         0.8988882    2.8239717 ]
 [ 56.          13.040001     0.73348516   2.86635   ]
 [ 57.          13.56         0.4219003    2.9098814 ]
 [ 58.          13.760001     0.49799573   2.9525037 ]
 [ 59.          13.760001     0.709225     2.9924743 ]
 [ 60.          13.44         1.0139036    3.037132  ]
 [ 61.          12.900001     1.1090537    3.0777318 ]
 [ 62.          12.16         0.8142484    3.1191182 ]
 [ 63.          11.68         0.6978538    3.1603801 ]
 [ 64.          11.260001     0.45607018   3.2083123 ]
 [ 65.          11.06         0.4505555    3.2523503 ]
 [ 66.          10.8          0.1224745    3.301056  ]
 [ 67.          10.679999     0.08366603   3.34254   ]
 [ 68.          10.68         0.08366607   3.381501  ]
 [ 69.          10.64         0.05477178   3.4229074 ]
 [ 70.          10.6          0.           3.4684918 ]
 [ 71.          10.6          0.           3.5107353 ]
 [ 72.          10.580001     0.04472153   3.5561337 ]
 [ 73.          10.580001     0.04472153   3.5991762 ]
 [ 74.          10.56         0.08944306   3.6425903 ]
 [ 75.          10.56         0.08944306   3.6856828 ]
 [ 76.          10.56         0.08944306   3.7249234 ]
 [ 77.          10.540001     0.134164     3.7665079 ]
 [ 78.          10.540001     0.134164     3.808848  ]
 [ 79.          10.540001     0.134164     3.848074  ]
 [ 80.          10.660001     0.26076838   3.8949897 ]
 [ 81.          11.0199995    0.67970574   3.9388084 ]
 [ 82.          11.240001     0.8905054    3.9852593 ]
 [ 83.          11.9          1.1661906    4.0293574 ]
 [ 84.          12.5199995    1.1606034    4.0722203 ]
 [ 85.          13.360001     1.2095456    4.1162066 ]
 [ 86.          14.160001     1.4943234    4.1617565 ]
 [ 87.          15.12         1.6543875    4.2045193 ]
 [ 88.          16.44         1.8119053    4.2456064 ]
 [ 89.          17.72         1.9485888    4.284496  ]
 [ 90.          18.92         2.0265734    4.326421  ]
 [ 91.          20.           1.917029     4.365339  ]
 [ 92.          21.06         1.7213376    4.4104824 ]
 [ 93.          22.06         1.674216     4.455438  ]
 [ 94.          23.02         1.2397575    4.4999843 ]
 [ 95.          23.560001     1.0163661    4.539541  ]
 [ 96.          24.16         0.6841061    4.5806885 ]
 [ 97.          24.539999     0.4774936    4.6256766 ]
 [ 98.          24.720001     0.36331707   4.6701694 ]
 [ 99.          24.84         0.20736471   4.7169266 ]
 [100.          25.060001     0.30495864   4.7625704 ]
 [101.          25.300001     0.30000004   4.8037868 ]
 [102.          25.460001     0.30495867   4.849485  ]
 [103.          25.74         0.4037325    4.887678  ]
 [104.          26.220001     0.5215365    4.9262695 ]
 [105.          26.7          0.919239     4.966851  ]
 [106.          27.300001     1.2708262    5.010175  ]
 [107.          27.679998     1.4788502    5.055036  ]
 [108.          28.560001     1.6742159    5.0998178 ]
 [109.          29.300001     1.8275666    5.1471915 ]
 [110.          29.960001     1.892882     5.1904397 ]
 [111.          31.420002     2.3445683    5.236606  ]
 [112.          32.600002     2.8098042    5.281667  ]
 [113.          33.74         3.1840217    5.321532  ]
 [114.          35.           3.6104016    5.358776  ]
 [115.          36.600002     3.9108825    5.3989024 ]
 [116.          38.340004     3.564127     5.4467435 ]
 [117.          40.24         3.354549     5.4896684 ]
 [118.          42.           3.0805848    5.534828  ]
 [119.          43.440002     2.6819756    5.579179  ]
 [120.          44.960003     2.4744694    5.6227355 ]
 [121.          45.980003     2.199318     5.667915  ]
 [122.          47.22         1.664932     5.712128  ]
 [123.          48.32         1.6146201    5.7623253 ]
 [124.          49.300003     1.6792855    5.810158  ]
 [125.          50.18         1.6084156    5.8488426 ]
 [126.          51.559998     1.899473     5.894169  ]
 [127.          53.02         1.9537143    5.933262  ]
 [128.          54.600002     2.4166083    5.9761677 ]
 [129.          56.4          3.0282001    6.017437  ]
 [130.          58.019997     3.1172101    6.061254  ]
 [131.          60.820004     3.3848195    6.106795  ]
 [132.          62.4          3.4561517    6.1494303 ]
 [133.          64.1          3.9843452    6.1941767 ]
 [134.          66.700005     3.062681     6.246288  ]
 [135.          68.18001      2.6677709    6.293366  ]
 [136.          68.9          3.1898277    6.340487  ]
 [137.          70.340004     2.3754995    6.386474  ]
 [138.          71.71999      1.6300317    6.4332185 ]
 [139.          72.020004     1.4342263    6.4758058 ]
 [140.          72.54         1.7728533    6.520501  ]
 [141.          74.26         0.6066292    6.5619326 ]
 [142.          74.24         1.3557303    6.6057396 ]
 [143.          74.44         0.9343437    6.6500893 ]
 [144.          75.5          0.6557425    6.6933074 ]
 [145.          76.14001      0.49800113   6.7361603 ]
 [146.          75.56         0.296646     6.7836585 ]
 [147.          75.54         0.9889365    6.8277445 ]
 [148.          76.159996     0.9607305    6.8666444 ]
 [149.          76.579994     1.0449898    6.9117403 ]
 [150.          76.9          1.0024996    6.955402  ]
 [151.          77.06         1.3221182    7.002046  ]
 [152.          77.38         1.1256108    7.0487933 ]
 [153.          77.71999      0.9121398    7.095936  ]
 [154.          77.12         1.423727     7.1400056 ]
 [155.          76.700005     2.6953664    7.183792  ]
 [156.          78.340004     0.37815264   7.2269425 ]
 [157.          78.           0.47434103   7.2738223 ]
 [158.          77.26         3.376093     7.3184066 ]
 [159.          77.02         1.7166834    7.361818  ]
 [160.          76.98         3.1236184    7.4012666 ]
 [161.          78.08         1.8376662    7.4439063 ]
 [162.          78.5          1.940363     7.489274  ]
 [163.          76.08001      2.5043979    7.5356326 ]
 [164.          77.06         1.4328306    7.5825152 ]
 [165.          77.24         3.0394099    7.624332  ]
 [166.          76.88         1.693224     7.667909  ]
 [167.          77.54         1.1760087    7.710698  ]
 [168.          76.8          2.0024974    7.7523575 ]
 [169.          76.08         4.2698946    7.7924027 ]
 [170.          77.8          1.8828175    7.835418  ]
 [171.          76.42         3.2591393    7.8824916 ]
 [172.          78.52         2.8172662    7.9220324 ]
 [173.          77.78         1.6053036    7.965889  ]
 [174.          77.200005     1.471395     8.011178  ]
 [175.          78.6          2.2671573    8.054999  ]
 [176.          77.98         1.930542     8.093844  ]
 [177.          75.32         2.9269428    8.133883  ]
 [178.          78.92         0.9757021    8.178902  ]
 [179.          78.96         1.6133804    8.2238    ]
 [180.          77.5          2.8504395    8.270083  ]
 [181.          76.08001      2.4752786    8.316874  ]
 [182.          77.64001      2.9837883    8.363871  ]
 [183.          78.68         3.116407     8.407659  ]
 [184.          79.04         1.126053     8.450601  ]
 [185.          78.68001      1.5674781    8.494312  ]
 [186.          77.26         3.264662     8.539008  ]
 [187.          76.84         2.1431272    8.585228  ]
 [188.          77.4          3.6489718    8.628833  ]
 [189.          78.76         3.2905939    8.671195  ]
 [190.          80.           1.1979169    8.714052  ]
 [191.          78.28         1.4822295    8.759574  ]
 [192.          78.71999      1.177711     8.802514  ]
 [193.          77.78         1.7398251    8.849245  ]
 [194.          79.5          2.143595     8.888193  ]
 [195.          79.94         1.8474293    8.929946  ]
 [196.          79.52         2.0029995    8.971947  ]
 [197.          78.619995     1.9626511    9.018406  ]
 [198.          75.1          9.295432     9.064765  ]
 [199.          77.           3.512123     9.107558  ]
 [200.          74.48         9.815906     9.15363   ]]
The best results: 
Epoch: 190  80.00±1.20  8.714s
--------------- Train Done! ----------------
