Using cuda:0 device
Dataset     :Cora
Epochs      :200
LR X_s      :0.01
Learn A_s   :0
LR A_s      :0.01
Conden ratio:1.0
Ridge       :1.0
Kernel      :SNTK
k           :3
L           :1
Seed        :5
The 1th Iteration:
--------------------------------------------------
The 2th Iteration:
--------------------------------------------------
The 3th Iteration:
--------------------------------------------------
The 4th Iteration:
--------------------------------------------------
The 5th Iteration:
--------------------------------------------------
[[  1.          12.32         7.4770975    0.48458892]
 [  2.           8.06         3.165912     0.52222586]
 [  3.           7.44         2.3255107    0.56075495]
 [  4.           7.22         1.8335758    0.595957  ]
 [  5.           7.0400004    1.4310837    0.63823557]
 [  6.           6.86         0.9208691    0.6785497 ]
 [  7.           6.9800005    0.88430744   0.71848273]
 [  8.           7.060001     0.92086923   0.75741816]
 [  9.           7.1800003    1.0733125    0.7967468 ]
 [ 10.           7.36         1.3164344    0.83191043]
 [ 11.           7.560001     1.5009998    0.8750594 ]
 [ 12.           7.84         1.6622275    0.9158413 ]
 [ 13.           8.400001     1.8096963    0.9568057 ]
 [ 14.           8.68         1.8403802    1.0011292 ]
 [ 15.           9.139999     1.840652     1.0488131 ]
 [ 16.           9.76         1.5241392    1.0892009 ]
 [ 17.          10.42         1.4078355    1.1363237 ]
 [ 18.          10.82         1.0894953    1.1821588 ]
 [ 19.          11.18         0.87863535   1.2285906 ]
 [ 20.          11.540001     0.59413826   1.272558  ]
 [ 21.          11.740001     0.5549775    1.3149205 ]
 [ 22.          12.160001     0.41593254   1.3531765 ]
 [ 23.          12.339999     0.37148342   1.389974  ]
 [ 24.          12.640001     0.55045396   1.4235951 ]
 [ 25.          12.88         0.56302726   1.4631587 ]
 [ 26.          13.339999     0.53197753   1.5006732 ]
 [ 27.          13.679999     0.49699104   1.541208  ]
 [ 28.          13.960001     0.4037323    1.580357  ]
 [ 29.          14.179999     0.2588435    1.6214794 ]
 [ 30.          14.2          0.18708283   1.664966  ]
 [ 31.          14.04         0.35777092   1.7009968 ]
 [ 32.          13.460001     0.726636     1.741065  ]
 [ 33.          12.839999     0.8080843    1.7820781 ]
 [ 34.          12.280001     0.7694154    1.8213574 ]
 [ 35.          11.78         0.5805169    1.8633492 ]
 [ 36.          11.280001     0.4207137    1.9083494 ]
 [ 37.          10.9800005    0.36331838   1.9523634 ]
 [ 38.          10.82         0.21679488   1.9943697 ]
 [ 39.          10.72         0.0447216    2.0314434 ]
 [ 40.          10.7          0.           2.0758007 ]
 [ 41.          10.72         0.10954408   2.1176262 ]
 [ 42.          10.820001     0.30331448   2.1622036 ]
 [ 43.          10.920001     0.29495728   2.2073822 ]
 [ 44.          11.14         0.11401758   2.2502906 ]
 [ 45.          11.260001     0.1516571    2.2931466 ]
 [ 46.          11.48         0.30331546   2.3386886 ]
 [ 47.          11.88         0.17888528   2.381386  ]
 [ 48.          12.2          0.4242643    2.4226816 ]
 [ 49.          12.820002     0.38340613   2.4656618 ]
 [ 50.          13.420001     0.56302756   2.5134063 ]
 [ 51.          14.339999     0.5272568    2.5577357 ]
 [ 52.          15.260001     1.006479     2.5961235 ]
 [ 53.          17.26         0.74699414   2.6347039 ]
 [ 54.          18.539999     0.6693285    2.671214  ]
 [ 55.          19.800001     0.35355368   2.710842  ]
 [ 56.          20.7          0.40620238   2.7481668 ]
 [ 57.          21.62         0.68702203   2.7817657 ]
 [ 58.          22.82         0.37013522   2.8211484 ]
 [ 59.          23.62         0.39623207   2.8613641 ]
 [ 60.          24.660002     0.52249384   2.9030523 ]
 [ 61.          27.160002     0.71624047   2.943795  ]
 [ 62.          30.320002     1.0986358    2.9891603 ]
 [ 63.          33.4          1.2509987    3.0323486 ]
 [ 64.          36.68         1.3103435    3.0762784 ]
 [ 65.          40.16         1.6772002    3.117455  ]
 [ 66.          42.3          2.088062     3.1640298 ]
 [ 67.          44.7          2.295647     3.2103195 ]
 [ 68.          47.32         2.6583836    3.2566335 ]
 [ 69.          49.660004     2.8780208    3.304873  ]
 [ 70.          51.88         2.9844599    3.3476644 ]
 [ 71.          53.840004     3.0046642    3.3920305 ]
 [ 72.          56.2          2.7730849    3.43873   ]
 [ 73.          58.059998     3.024565     3.485895  ]
 [ 74.          60.16         2.1743977    3.5254395 ]
 [ 75.          61.46         1.9112815    3.567733  ]
 [ 76.          62.48         1.6559       3.605046  ]
 [ 77.          63.260006     1.5978117    3.6407502 ]
 [ 78.          63.940002     1.5517741    3.6761162 ]
 [ 79.          64.700005     1.4439511    3.7128944 ]
 [ 80.          65.9          1.9183359    3.7521439 ]
 [ 81.          67.           1.7986099    3.7902627 ]
 [ 82.          68.06         2.2108803    3.8325436 ]
 [ 83.          69.16         2.396457     3.8762422 ]
 [ 84.          70.78         2.298262     3.916191  ]
 [ 85.          72.80001      1.8547227    3.9592159 ]
 [ 86.          74.3          1.5858741    4.000793  ]
 [ 87.          75.78001      1.5023291    4.043256  ]
 [ 88.          76.8          1.1575857    4.0883965 ]
 [ 89.          77.4          1.3285316    4.1318855 ]
 [ 90.          78.18         1.0940744    4.1777015 ]
 [ 91.          78.8          0.6082759    4.2220817 ]
 [ 92.          79.21999      0.6833731    4.2644825 ]
 [ 93.          79.340004     0.6841085    4.306305  ]
 [ 94.          79.740005     0.622896     4.3465433 ]
 [ 95.          80.04         0.5412922    4.3895173 ]
 [ 96.          80.06         0.21908896   4.4346104 ]
 [ 97.          80.           0.2236068    4.477776  ]
 [ 98.          80.18         0.2863526    4.51941   ]
 [ 99.          79.7          0.40620136   4.555971  ]
 [100.          79.8          0.5612457    4.5885773 ]
 [101.          79.46         0.6387478    4.622424  ]
 [102.          79.56         0.5504545    4.6635175 ]
 [103.          79.64001      0.7893005    4.703092  ]
 [104.          79.22         0.4438464    4.7385917 ]
 [105.          79.560005     0.2701846    4.7706065 ]
 [106.          79.54         0.4449694    4.8105454 ]
 [107.          78.96         0.35071197   4.8503146 ]
 [108.          79.18001      0.32710695   4.8919625 ]
 [109.          79.340004     0.7602669    4.933935  ]
 [110.          79.68001      0.6099184    4.9753003 ]
 [111.          79.76         0.74699414   5.018646  ]
 [112.          79.82         0.50694907   5.060657  ]
 [113.          79.52         0.49699494   5.1045175 ]
 [114.          79.72         0.56302947   5.1488223 ]
 [115.          79.86         0.8018737    5.1951976 ]
 [116.          80.           0.848531     5.2383738 ]
 [117.          80.64001      0.6308719    5.2797523 ]
 [118.          81.06         0.4159341    5.3197947 ]
 [119.          80.86         0.4722285    5.3631053 ]
 [120.          80.72         1.2235208    5.4056773 ]
 [121.          80.619995     0.9782656    5.4429603 ]
 [122.          80.740005     1.2461942    5.4796367 ]
 [123.          80.14001      0.81424415   5.517544  ]
 [124.          80.08001      1.2988448    5.553837  ]
 [125.          80.78         0.6180594    5.589331  ]
 [126.          80.94         0.53197527   5.6275477 ]
 [127.          80.           0.45826218   5.6596255 ]
 [128.          80.8          0.75166446   5.6993556 ]
 [129.          80.96         0.712742     5.736985  ]
 [130.          80.77999      2.1799073    5.771927  ]
 [131.          80.5          0.9772411    5.8091927 ]
 [132.          80.6          0.49497452   5.8449745 ]
 [133.          79.94         2.071956     5.885948  ]
 [134.          80.86         1.0784246    5.926998  ]
 [135.          80.840004     0.7266336    5.9660735 ]
 [136.          79.880005     2.0241063    6.008492  ]
 [137.          81.159996     0.87920445   6.053012  ]
 [138.          80.32001      0.9523656    6.0984373 ]
 [139.          81.159996     0.6730509    6.141061  ]
 [140.          79.200005     2.3906069    6.187656  ]
 [141.          80.58         0.51672274   6.2230315 ]
 [142.          79.58         1.3198475    6.262958  ]
 [143.          80.06         1.5257763    6.296657  ]
 [144.          80.340004     1.2218833    6.3369036 ]
 [145.          80.380005     0.58480966   6.3768177 ]
 [146.          80.46         0.72318774   6.4130797 ]
 [147.          80.44         1.0139017    6.450868  ]
 [148.          79.78         1.779607     6.4884334 ]
 [149.          80.200005     0.8485268    6.525974  ]
 [150.          79.78         1.448102     6.5588593 ]
 [151.          80.58001      1.0663035    6.594931  ]
 [152.          80.44         1.2198347    6.633519  ]
 [153.          80.68001      0.58906746   6.6694946 ]
 [154.          80.12         1.2617441    6.7031093 ]
 [155.          79.36001      1.9768645    6.7418747 ]
 [156.          79.68         1.6422547    6.780483  ]
 [157.          80.88         0.59329635   6.821767  ]
 [158.          80.420006     1.6991163    6.8627105 ]
 [159.          79.48         2.2664943    6.8981524 ]
 [160.          79.04         2.2108815    6.9380875 ]
 [161.          77.48         4.5140862    6.978308  ]
 [162.          76.1          9.1063175    7.022203  ]
 [163.          76.71999      8.790732     7.063868  ]
 [164.          80.16         0.7021413    7.1072183 ]
 [165.          79.520004     1.9175464    7.1512256 ]
 [166.          79.42         1.8700265    7.1986146 ]
 [167.          77.56         5.0147777    7.243496  ]
 [168.          79.08         3.1932733    7.286335  ]
 [169.          79.200005     1.4949929    7.3273454 ]
 [170.          79.24         1.4656055    7.3728104 ]
 [171.          79.840004     1.5241381    7.413663  ]
 [172.          78.920006     2.8384838    7.4538813 ]
 [173.          80.26         0.64652824   7.4921646 ]
 [174.          79.76         2.3649516    7.5327783 ]
 [175.          78.68         3.900259     7.5671144 ]
 [176.          79.420006     2.9012039    7.6080127 ]
 [177.          79.76         1.6876031    7.6440644 ]
 [178.          79.32         2.621449     7.683684  ]
 [179.          80.119995     1.1144514    7.720833  ]
 [180.          80.08001      1.2029139    7.75863   ]
 [181.          80.1          1.2227008    7.791539  ]
 [182.          80.44         1.2837461    7.828018  ]
 [183.          80.659996     1.2915113    7.8647456 ]
 [184.          80.78001      1.3274031    7.902434  ]
 [185.          80.8          1.1423672    7.944435  ]
 [186.          80.82         1.1278285    7.986577  ]
 [187.          81.06         1.119374     8.028992  ]
 [188.          80.94         1.0597172    8.073943  ]
 [189.          80.86         0.9396821    8.117306  ]
 [190.          80.8          0.93541497   8.162063  ]
 [191.          80.68         0.9176051    8.204209  ]
 [192.          80.520004     1.1649035    8.245623  ]
 [193.          80.36         0.90994567   8.287531  ]
 [194.          80.380005     0.7529942    8.328973  ]
 [195.          80.56         0.86197495   8.368294  ]
 [196.          80.68001      1.1300471    8.411596  ]
 [197.          80.71999      1.1211566    8.452789  ]
 [198.          80.520004     0.92303705   8.4964695 ]
 [199.          80.659996     0.9071968    8.5338545 ]
 [200.          80.71999      0.8043627    8.57594   ]]
The best results: 
Epoch: 137  81.16±0.88  6.053s
--------------- Train Done! ----------------
