Using cuda:0 device
Dataset     :Cora
Epochs      :200
LR X_s      :0.01
Learn A_s   :0
LR A_s      :0.01
Conden ratio:0.5
Ridge       :1.0
Kernel      :SNTK
k           :1
L           :1
Seed        :5
The 1th Iteration:
--------------------------------------------------
The 2th Iteration:
--------------------------------------------------
The 3th Iteration:
--------------------------------------------------
The 4th Iteration:
--------------------------------------------------
The 5th Iteration:
--------------------------------------------------
[[  1.          11.04         3.7633762    0.47545066]
 [  2.           7.52         1.6115209    0.51889724]
 [  3.           7.56         2.4296088    0.56133837]
 [  4.           7.8          3.0748985    0.5999946 ]
 [  5.           7.78         3.085774     0.6398739 ]
 [  6.           7.7000003    2.906888     0.68034893]
 [  7.           7.52         2.504396     0.7236743 ]
 [  8.           7.46         2.370232     0.7628795 ]
 [  9.           7.4199996    2.2807891    0.8024847 ]
 [ 10.           7.3          2.012461     0.84345245]
 [ 11.           7.2400002    1.8782972    0.8805771 ]
 [ 12.           7.2000003    1.788854     0.92250884]
 [ 13.           7.1800003    1.7441332    0.9668272 ]
 [ 14.           7.1800003    1.7441332    1.007713  ]
 [ 15.           7.12         1.6099689    1.0437456 ]
 [ 16.           7.12         1.6099689    1.0855807 ]
 [ 17.           7.12         1.6099689    1.1232221 ]
 [ 18.           7.12         1.6099689    1.1593958 ]
 [ 19.           7.12         1.6099689    1.1975294 ]
 [ 20.           7.12         1.6099689    1.2369194 ]
 [ 21.           7.16         1.6440804    1.2746804 ]
 [ 22.           7.3          1.6896744    1.3144296 ]
 [ 23.           7.46         1.7052859    1.3566288 ]
 [ 24.           7.66         1.754423     1.3957655 ]
 [ 25.           7.84         1.7572707    1.4346465 ]
 [ 26.           8.16         1.622652     1.480122  ]
 [ 27.           8.46         1.6334009    1.5237714 ]
 [ 28.           8.8          1.6140013    1.5656046 ]
 [ 29.           9.139999     1.6318698    1.6035128 ]
 [ 30.           9.420001     1.6361543    1.6430855 ]
 [ 31.           9.68         1.591226     1.6852964 ]
 [ 32.          10.080001     1.4737705    1.7277917 ]
 [ 33.          10.4800005    1.5417519    1.7688376 ]
 [ 34.          11.12         1.5287253    1.8128979 ]
 [ 35.          11.66         1.301153     1.8562163 ]
 [ 36.          12.4800005    0.8497056    1.9000157 ]
 [ 37.          12.979999     0.5540757    1.9398826 ]
 [ 38.          13.339999     0.27018523   1.9834408 ]
 [ 39.          13.56         0.35071352   2.0236058 ]
 [ 40.          13.44         0.7231875    2.0704122 ]
 [ 41.          13.339999     0.74027026   2.1182704 ]
 [ 42.          12.7          0.7106334    2.1632078 ]
 [ 43.          12.240001     0.568331     2.206777  ]
 [ 44.          11.839999     0.50299114   2.2516594 ]
 [ 45.          11.400001     0.4301165    2.296456  ]
 [ 46.          11.22         0.3962325    2.341503  ]
 [ 47.          10.94         0.32093617   2.3817244 ]
 [ 48.          10.799999     0.25495076   2.42317   ]
 [ 49.          10.66         0.11401755   2.4640439 ]
 [ 50.          10.580001     0.08366603   2.5048223 ]
 [ 51.          10.72         0.38340548   2.550227  ]
 [ 52.          10.839999     0.5856618    2.5910547 ]
 [ 53.          11.1          0.90277314   2.6330352 ]
 [ 54.          11.36         0.9659193    2.675939  ]
 [ 55.          12.0199995    1.3084342    2.7182763 ]
 [ 56.          12.56         1.5852447    2.7581878 ]
 [ 57.          13.2          1.9235381    2.8003738 ]
 [ 58.          14.04         2.064703     2.8392718 ]
 [ 59.          15.079999     2.513364     2.8776505 ]
 [ 60.          16.179998     2.732581     2.9184613 ]
 [ 61.          17.26         3.0566323    2.9574192 ]
 [ 62.          18.62         3.2568388    2.9973662 ]
 [ 63.          19.72         3.008654     3.0346732 ]
 [ 64.          20.64         3.035292     3.0789576 ]
 [ 65.          21.980001     2.5023985    3.1230488 ]
 [ 66.          23.220001     2.480322     3.169743  ]
 [ 67.          24.84         2.091172     3.208466  ]
 [ 68.          26.800001     1.9506401    3.2512536 ]
 [ 69.          28.440002     1.8796283    3.2908661 ]
 [ 70.          29.86         1.7111406    3.3389328 ]
 [ 71.          31.44         1.6771997    3.3769128 ]
 [ 72.          33.24         1.7629521    3.417977  ]
 [ 73.          34.72         1.9511534    3.4555893 ]
 [ 74.          36.420002     2.051097     3.49083   ]
 [ 75.          37.64         2.2908506    3.5262544 ]
 [ 76.          39.02         2.6357172    3.5636063 ]
 [ 77.          39.98         2.5133634    3.594479  ]
 [ 78.          41.420002     2.472247     3.6280458 ]
 [ 79.          42.54         2.5851479    3.6655972 ]
 [ 80.          44.079998     2.7344103    3.7052543 ]
 [ 81.          45.74         2.8377817    3.740046  ]
 [ 82.          47.579998     3.0841522    3.7747612 ]
 [ 83.          48.980003     3.295756     3.811156  ]
 [ 84.          51.06         3.3049953    3.8466523 ]
 [ 85.          53.280006     3.1807237    3.883785  ]
 [ 86.          55.26         3.3679383    3.9253452 ]
 [ 87.          57.18         3.281309     3.9633439 ]
 [ 88.          59.660004     2.8474567    4.003639  ]
 [ 89.          62.119995     2.2196865    4.0420723 ]
 [ 90.          64.46         2.2744222    4.084401  ]
 [ 91.          66.5          1.9196352    4.125873  ]
 [ 92.          68.340004     2.2777174    4.1668987 ]
 [ 93.          70.26         2.1892886    4.207952  ]
 [ 94.          71.840004     1.8201622    4.249153  ]
 [ 95.          73.28         1.5023303    4.291861  ]
 [ 96.          74.5          1.4730904    4.3311877 ]
 [ 97.          75.04         1.2421712    4.3695526 ]
 [ 98.          75.26         1.1126559    4.410671  ]
 [ 99.          75.44         1.2177811    4.4512935 ]
 [100.          75.56         1.3069003    4.492809  ]
 [101.          75.659996     1.2934425    4.5363526 ]
 [102.          75.72         1.1819441    4.579766  ]
 [103.          75.740005     0.8294549    4.620214  ]
 [104.          75.72         0.849706     4.660218  ]
 [105.          75.240005     0.9889392    4.6979275 ]
 [106.          75.48         1.2049913    4.7338047 ]
 [107.          75.58         0.95760256   4.772451  ]
 [108.          75.           0.7582874    4.811672  ]
 [109.          75.06         1.0430746    4.8533664 ]
 [110.          75.48         0.79182947   4.89562   ]
 [111.          75.200005     0.49999905   4.934334  ]
 [112.          75.26         0.5412931    4.970002  ]
 [113.          75.54         1.0064795    5.0088615 ]
 [114.          75.64001      0.78930634   5.0461655 ]
 [115.          75.64         0.73006624   5.0845447 ]
 [116.          75.71999      0.6140038    5.1300216 ]
 [117.          76.12         0.7190231    5.1751647 ]
 [118.          75.700005     0.75166607   5.2162967 ]
 [119.          75.939995     0.39115158   5.2579966 ]
 [120.          75.939995     0.5683309    5.3017573 ]
 [121.          76.200005     0.738241     5.3486013 ]
 [122.          76.28         0.69426346   5.3879285 ]
 [123.          76.78         1.0232327    5.43073   ]
 [124.          76.6          1.1135556    5.472431  ]
 [125.          76.74         0.47222945   5.51547   ]
 [126.          77.26         0.67305756   5.5536666 ]
 [127.          77.76         0.712743     5.59499   ]
 [128.          75.9          1.0700455    5.637166  ]
 [129.          76.88         0.5585701    5.676875  ]
 [130.          77.36001      1.1458629    5.720195  ]
 [131.          77.520004     0.6379654    5.7637825 ]
 [132.          77.44         0.65802824   5.802741  ]
 [133.          77.72001      1.1987494    5.837382  ]
 [134.          77.24         0.89050674   5.8764606 ]
 [135.          76.56         1.5931089    5.9151154 ]
 [136.          77.5          2.1977272    5.9547668 ]
 [137.          76.9          1.2469965    5.992156  ]
 [138.          77.           0.86890453   6.0330253 ]
 [139.          74.48         5.794565     6.0726256 ]
 [140.          70.14        10.303057     6.113092  ]
 [141.          72.920006     7.6414685    6.1528964 ]
 [142.          74.71999      3.763242     6.1910095 ]
 [143.          75.48         1.5801902    6.2326293 ]
 [144.          77.04         0.98132676   6.2737412 ]
 [145.          72.36         6.5500383    6.3179574 ]
 [146.          73.700005     5.599105     6.359751  ]
 [147.          75.48         1.901841     6.40524   ]
 [148.          74.72         4.67247      6.4531007 ]
 [149.          75.740005     4.6747212    6.4927416 ]
 [150.          75.64001      5.6571207    6.535043  ]
 [151.          75.14001      6.154106     6.58123   ]
 [152.          76.020004     2.1016667    6.625526  ]
 [153.          74.88         4.956007     6.669906  ]
 [154.          75.06         5.8798795    6.7180123 ]
 [155.          76.3          3.506422     6.76484   ]
 [156.          77.4          1.4265347    6.804184  ]
 [157.          76.659996     2.0044935    6.844185  ]
 [158.          76.5          1.7464236    6.884819  ]
 [159.          76.82         1.384556     6.9231753 ]
 [160.          77.020004     1.275539     6.9623246 ]
 [161.          70.9         12.582329     7.0008974 ]
 [162.          70.22        10.69051      7.040573  ]
 [163.          72.740005     9.959315     7.076816  ]
 [164.          70.36        15.114991     7.118773  ]
 [165.          72.439995    10.347608     7.1589236 ]
 [166.          72.659996     9.744895     7.2043085 ]
 [167.          73.54         7.973581     7.245801  ]
 [168.          74.68         5.760815     7.287407  ]
 [169.          74.82         4.983174     7.3289294 ]
 [170.          75.700005     3.9389071    7.375936  ]
 [171.          76.420006     2.6845849    7.418294  ]
 [172.          75.82         1.6392083    7.464326  ]
 [173.          76.96001      1.0573581    7.5100265 ]
 [174.          75.88         2.9490697    7.5507364 ]
 [175.          77.12         0.72249436   7.5924134 ]
 [176.          76.96         0.9990004    7.6357965 ]
 [177.          77.18         1.2316678    7.67809   ]
 [178.          77.3          1.2589686    7.720501  ]
 [179.          75.920006     2.4386456    7.7630496 ]
 [180.          74.380005     5.460495     7.80432   ]
 [181.          73.119995     9.075074     7.84817   ]
 [182.          73.560005     8.592904     7.885948  ]
 [183.          73.9          6.8377614    7.919002  ]
 [184.          71.26        11.790588     7.958652  ]
 [185.          72.21999      9.052734     7.994495  ]
 [186.          75.98         1.3773159    8.034914  ]
 [187.          75.439995     1.930803     8.070429  ]
 [188.          74.68001      2.7334998    8.109555  ]
 [189.          76.159996     0.6024956    8.144068  ]
 [190.          74.399994     4.063867     8.180653  ]
 [191.          76.08         1.3917611    8.220925  ]
 [192.          74.5          3.7181978    8.258153  ]
 [193.          75.18001      3.250693     8.298855  ]
 [194.          73.32         6.5594974    8.341014  ]
 [195.          74.380005     4.787168     8.381203  ]
 [196.          72.28001      9.769189     8.422379  ]
 [197.          74.840004     3.8017104    8.464663  ]
 [198.          75.78         2.2521076    8.50719   ]
 [199.          75.3          3.4907022    8.550744  ]
 [200.          74.64001      4.1021953    8.59213   ]]
The best results: 
Epoch: 127  77.76±0.71  5.595s
--------------- Train Done! ----------------
