Using cuda:0 device
Dataset     :Cora
Epochs      :200
LR X_s      :0.01
Learn A_s   :0
LR A_s      :0.01
Conden ratio:1.0
Ridge       :5.0
Kernel      :SGNK
k           :4
L           :1
Seed        :5
The 1th Iteration:
--------------------------------------------------
The 2th Iteration:
--------------------------------------------------
The 3th Iteration:
--------------------------------------------------
The 4th Iteration:
--------------------------------------------------
The 5th Iteration:
--------------------------------------------------
[[  1.          23.5          3.9661064    0.4627262 ]
 [  2.          37.780003     4.2399287    0.47222504]
 [  3.          48.38         6.6269913    0.48199517]
 [  4.          53.840004     5.8277783    0.49154258]
 [  5.          57.28         4.380867     0.5000973 ]
 [  6.          59.639996     3.3276112    0.50984085]
 [  7.          61.359997     3.3515658    0.52054393]
 [  8.          62.619995     3.3506708    0.5357279 ]
 [  9.          63.540005     3.121378     0.5459041 ]
 [ 10.          64.42         2.91753      0.55777484]
 [ 11.          65.02         2.6536756    0.57024443]
 [ 12.          65.78         2.301521     0.5834004 ]
 [ 13.          66.200005     2.3801293    0.597386  ]
 [ 14.          66.840004     2.3733926    0.6129204 ]
 [ 15.          67.4          2.1540616    0.6232436 ]
 [ 16.          67.74         2.095951     0.63543373]
 [ 17.          67.700005     1.8668114    0.64909756]
 [ 18.          67.82         1.5927912    0.66352844]
 [ 19.          68.           1.5763867    0.67767376]
 [ 20.          68.18         1.6053036    0.6892157 ]
 [ 21.          68.200005     1.5684379    0.7015752 ]
 [ 22.          68.4          1.6062378    0.7172293 ]
 [ 23.          68.38         1.5990623    0.7318725 ]
 [ 24.          68.48         1.5401323    0.747806  ]
 [ 25.          68.52         1.4359634    0.76541185]
 [ 26.          68.62         1.3590417    0.7746289 ]
 [ 27.          68.74         1.1126564    0.7947684 ]
 [ 28.          68.8          1.0416327    0.80994606]
 [ 29.          68.880005     1.1300411    0.8229556 ]
 [ 30.          68.96         1.0990963    0.8436252 ]
 [ 31.          69.08         1.130042     0.863575  ]
 [ 32.          69.1          1.0222517    0.8805172 ]
 [ 33.          69.18001      0.9391518    0.8965912 ]
 [ 34.          69.28         0.9284419    0.9111681 ]
 [ 35.          69.46         0.8648703    0.9285571 ]
 [ 36.          69.58001      0.9257459    0.946299  ]
 [ 37.          69.67999      0.9628095    0.96207297]
 [ 38.          69.9          0.96436304   0.97704333]
 [ 39.          70.           1.0173476    0.9905863 ]
 [ 40.          70.08         1.0256699    1.0030123 ]
 [ 41.          70.21999      0.9884315    1.0143343 ]
 [ 42.          70.44         0.9607295    1.0268116 ]
 [ 43.          70.54         0.9126879    1.0423869 ]
 [ 44.          70.76         0.8018705    1.0580679 ]
 [ 45.          70.88         0.62609833   1.070382  ]
 [ 46.          70.96         0.57271093   1.0805973 ]
 [ 47.          70.96         0.6188693    1.0920794 ]
 [ 48.          71.06         0.6804412    1.1053802 ]
 [ 49.          71.3          0.7516638    1.1173435 ]
 [ 50.          71.34         0.6024943    1.1288632 ]
 [ 51.          71.42         0.6058052    1.1402105 ]
 [ 52.          71.6          0.7245652    1.15271   ]
 [ 53.          71.740005     0.6542143    1.1636342 ]
 [ 54.          71.76         0.6228956    1.1752367 ]
 [ 55.          71.94         0.6426508    1.1860975 ]
 [ 56.          72.06         0.594137     1.1968851 ]
 [ 57.          72.04         0.5128353    1.2098545 ]
 [ 58.          72.1          0.47958457   1.2231884 ]
 [ 59.          72.340004     0.49294993   1.2344999 ]
 [ 60.          72.5          0.50990254   1.245655  ]
 [ 61.          72.64001      0.5128377    1.2554466 ]
 [ 62.          72.840004     0.46690664   1.264419  ]
 [ 63.          73.           0.4183336    1.2727667 ]
 [ 64.          73.22         0.4494422    1.2812971 ]
 [ 65.          73.380005     0.5357218    1.2913636 ]
 [ 66.          73.560005     0.3646909    1.3001237 ]
 [ 67.          73.700005     0.4123095    1.3092384 ]
 [ 68.          74.02         0.44384566   1.3184181 ]
 [ 69.          74.1          0.4847678    1.3298439 ]
 [ 70.          74.16         0.6024938    1.3372381 ]
 [ 71.          74.26         0.65802807   1.3435361 ]
 [ 72.          74.42         0.7190292    1.3509585 ]
 [ 73.          74.56         0.68410444   1.3581164 ]
 [ 74.          74.700005     0.57008934   1.366917  ]
 [ 75.          74.619995     0.39623323   1.3746833 ]
 [ 76.          74.8          0.45277113   1.3829817 ]
 [ 77.          74.8          0.46368206   1.3911031 ]
 [ 78.          74.76         0.62689537   1.397674  ]
 [ 79.          74.96         0.7056862    1.4057387 ]
 [ 80.          74.96         0.68775135   1.4133707 ]
 [ 81.          74.920006     0.72594845   1.4231417 ]
 [ 82.          75.020004     0.7120383    1.4341358 ]
 [ 83.          75.04         0.6503836    1.4442148 ]
 [ 84.          75.119995     0.60166496   1.4544338 ]
 [ 85.          75.3          0.5700862    1.4618934 ]
 [ 86.          75.4          0.5431425    1.4709561 ]
 [ 87.          75.68         0.4324356    1.4790567 ]
 [ 88.          75.76         0.4335893    1.4860531 ]
 [ 89.          75.86         0.46152094   1.496825  ]
 [ 90.          76.200005     0.524402     1.5039524 ]
 [ 91.          76.54         0.4560704    1.5139245 ]
 [ 92.          76.78         0.37013546   1.5210387 ]
 [ 93.          76.96001      0.29664913   1.5307052 ]
 [ 94.          77.06         0.41593346   1.5381202 ]
 [ 95.          77.18         0.31144714   1.5473946 ]
 [ 96.          77.36         0.26076987   1.5567693 ]
 [ 97.          77.56         0.35777277   1.5666641 ]
 [ 98.          77.86         0.38470885   1.5787538 ]
 [ 99.          78.159996     0.32863706   1.5920879 ]
 [100.          78.68         0.44384897   1.60101   ]
 [101.          79.18         0.2588428    1.6111374 ]
 [102.          79.58001      0.29495677   1.6180897 ]
 [103.          79.740005     0.41593328   1.6275237 ]
 [104.          79.6          0.41832718   1.635973  ]
 [105.          80.16         0.42190206   1.6463169 ]
 [106.          80.340004     0.56833184   1.654704  ]
 [107.          80.6          0.38078934   1.6624135 ]
 [108.          80.56         0.33615443   1.6695213 ]
 [109.          80.8          0.45277065   1.6794761 ]
 [110.          80.920006     0.68337464   1.6896673 ]
 [111.          80.94         0.43931502   1.6989998 ]
 [112.          81.520004     0.2167933    1.7098541 ]
 [113.          80.96         0.5412995    1.7203044 ]
 [114.          80.82         0.6610597    1.7363853 ]
 [115.          81.54         0.5366553    1.7452153 ]
 [116.          80.340004     0.44496965   1.7622794 ]
 [117.          81.659996     0.3507115    1.7798134 ]
 [118.          81.04         0.76026106   1.7922363 ]
 [119.          81.740005     0.5079379    1.8027071 ]
 [120.          81.840004     1.4432583    1.8132136 ]
 [121.          79.46         1.3258965    1.8218479 ]
 [122.          82.18         0.9808202    1.8340183 ]
 [123.          79.76         2.1949918    1.8471451 ]
 [124.          80.58         1.3255184    1.8576206 ]
 [125.          82.08         0.949737     1.8661959 ]
 [126.          80.18         1.986705     1.8794415 ]
 [127.          79.92         3.1649656    1.889353  ]
 [128.          81.76         1.9359769    1.8985962 ]
 [129.          79.64001      1.4484476    1.9079689 ]
 [130.          81.46         0.9044345    1.9195794 ]
 [131.          80.78         1.9070936    1.9263314 ]
 [132.          80.240005     0.82036483   1.9343442 ]
 [133.          80.420006     1.9447361    1.9453213 ]
 [134.          79.659996     2.7790306    1.9549788 ]
 [135.          80.200005     0.9772411    1.9638283 ]
 [136.          81.020004     0.3193724    1.9736862 ]
 [137.          80.26         1.8324834    1.9834179 ]
 [138.          80.52         1.056884     1.995491  ]
 [139.          78.16         3.7726667    2.0034063 ]
 [140.          80.54         1.8201641    2.0099573 ]
 [141.          79.700005     2.5641737    2.0190132 ]
 [142.          81.240005     0.8173133    2.0258667 ]
 [143.          80.44         0.82340765   2.036083  ]
 [144.          81.1          0.9273623    2.0522509 ]
 [145.          80.02         1.6649319    2.0660784 ]
 [146.          79.200005     1.5215098    2.075868  ]
 [147.          79.740005     1.0261589    2.0852811 ]
 [148.          79.9          1.7349352    2.099521  ]
 [149.          80.62         1.2696462    2.1120994 ]
 [150.          80.98         0.44385      2.1256301 ]
 [151.          80.700005     1.4916431    2.134526  ]
 [152.          81.04         0.79874706   2.145624  ]
 [153.          80.78         1.0034944    2.1561334 ]
 [154.          80.96001      1.2817974    2.1745725 ]
 [155.          80.56         0.75696856   2.1868367 ]
 [156.          80.04         1.2601578    2.1976895 ]
 [157.          79.96001      2.025588     2.2123773 ]
 [158.          79.71999      1.9136329    2.2252223 ]
 [159.          79.82         1.44983      2.240639  ]
 [160.          80.22         0.5932952    2.2508845 ]
 [161.          79.920006     0.5357229    2.2646945 ]
 [162.          79.46         1.9086643    2.2771628 ]
 [163.          77.44         6.513292     2.2897651 ]
 [164.          79.54         1.8063772    2.3044374 ]
 [165.          79.98         0.64961475   2.315932  ]
 [166.          79.1          2.1965883    2.3264525 ]
 [167.          80.28         0.8043591    2.3355577 ]
 [168.          80.48         0.93914884   2.344628  ]
 [169.          80.96001      1.1149024    2.3523405 ]
 [170.          78.54         4.789886     2.3632076 ]
 [171.          80.6          0.6442031    2.3798394 ]
 [172.          79.88         2.4803221    2.391755  ]
 [173.          80.8          1.1045376    2.405405  ]
 [174.          81.1          1.0416334    2.4174547 ]
 [175.          80.64001      1.0089592    2.4294608 ]
 [176.          80.82         1.0377871    2.4428291 ]
 [177.          80.88         1.331165     2.4594772 ]
 [178.          81.62         0.69065285   2.4732244 ]
 [179.          76.9          6.4915357    2.4998903 ]
 [180.          80.840004     0.85615313   2.51692   ]
 [181.          80.06         1.9178126    2.5306644 ]
 [182.          80.920006     0.88713163   2.5434406 ]
 [183.          80.6          1.2668875    2.5621688 ]
 [184.          80.62         1.173458     2.5825787 ]
 [185.          80.82         1.0473757    2.604799  ]
 [186.          80.58         1.2111984    2.618284  ]
 [187.          81.04         1.1567193    2.6308897 ]
 [188.          81.14001      1.0212712    2.6470232 ]
 [189.          80.740005     1.5820881    2.6649537 ]
 [190.          81.           0.7382386    2.679795  ]
 [191.          81.240005     0.6542163    2.6968944 ]
 [192.          80.58001      1.1410512    2.7126558 ]
 [193.          80.66         0.9316635    2.7233493 ]
 [194.          80.22         0.9959919    2.7413235 ]
 [195.          80.14         1.344619     2.7575023 ]
 [196.          80.159996     1.1013631    2.7711093 ]
 [197.          79.94         0.7829419    2.7841496 ]
 [198.          80.18         0.5495439    2.7945535 ]
 [199.          79.96         0.6308722    2.8068569 ]
 [200.          79.36         0.20736401   2.8218153 ]]
The best results: 
Epoch: 122  82.18±0.98  1.834s
--------------- Train Done! ----------------
--------------- Save Done! ----------------
