Using cuda:0 device
Dataset     :CS
Epochs      :200
LR X_s      :0.01
Learn A_s   :0
LR A_s      :0.01
Conden ratio:0.25
Ridge       :0.5
Kernel      :SGNK
k           :3
L           :1
Seed        :5
The 1th Iteration:
--------------------------------------------------
The 2th Iteration:
--------------------------------------------------
The 3th Iteration:
--------------------------------------------------
The 4th Iteration:
--------------------------------------------------
The 5th Iteration:
--------------------------------------------------
[[  1.          19.27904      4.9226146    0.3375865 ]
 [  2.          40.253674     4.818678     0.3436756 ]
 [  3.          54.766357     3.7196763    0.3523062 ]
 [  4.          60.814423     3.3427877    0.35785356]
 [  5.          63.40454      3.30808      0.36413318]
 [  6.          65.12683      3.2318296    0.36953434]
 [  7.          65.8478       3.3152108    0.37585402]
 [  8.          66.40855      3.1287677    0.3808723 ]
 [  9.          66.82243      3.0974936    0.38883424]
 [ 10.          67.102806     2.967212     0.3940725 ]
 [ 11.          67.36983      2.6857848    0.4025455 ]
 [ 12.          67.31642      2.4899971    0.4093112 ]
 [ 13.          67.46329      2.4512155    0.41555032]
 [ 14.          67.57009      2.5434704    0.42099497]
 [ 15.          67.596794     2.5705707    0.4265276 ]
 [ 16.          67.48998      2.5265965    0.43096766]
 [ 17.          67.30307      2.5933528    0.4381785 ]
 [ 18.          67.23632      2.4845307    0.44604197]
 [ 19.          67.23632      2.4383667    0.45426545]
 [ 20.          67.182915     2.3839357    0.46004024]
 [ 21.          67.182915     2.2895355    0.46594697]
 [ 22.          67.249664     2.2148418    0.47251946]
 [ 23.          67.263016     2.1798573    0.47892022]
 [ 24.          67.36983      2.1592126    0.48400655]
 [ 25.          67.39654      2.1726878    0.48847613]
 [ 26.          67.48999      2.1708422    0.49310717]
 [ 27.          67.596794     2.0632825    0.49902582]
 [ 28.          67.623505     2.0032258    0.5063912 ]
 [ 29.          67.75701      1.982542     0.5117561 ]
 [ 30.          67.93057      1.9014227    0.51788944]
 [ 31.          68.17089      1.7958392    0.5246153 ]
 [ 32.          68.34446      1.6618003    0.531655  ]
 [ 33.          68.46462      1.719269     0.5375163 ]
 [ 34.          68.59814      1.6585813    0.54758847]
 [ 35.          68.63818      1.6758174    0.5544078 ]
 [ 36.          68.78505      1.7385972    0.56099784]
 [ 37.          69.02537      1.7547988    0.56884855]
 [ 38.          69.19894      1.7822615    0.5735184 ]
 [ 39.          69.46596      1.8150892    0.5806584 ]
 [ 40.          69.692924     1.8952038    0.5880391 ]
 [ 41.          69.799736     1.8242738    0.5968036 ]
 [ 42.          70.053406     1.6719615    0.6058292 ]
 [ 43.          70.26702      1.6931492    0.6133984 ]
 [ 44.          70.480644     1.659786     0.6226094 ]
 [ 45.          70.6275       1.6214904    0.6295807 ]
 [ 46.          70.94793      1.4892662    0.6362789 ]
 [ 47.          71.174904     1.3503811    0.64329845]
 [ 48.          71.375175     1.2536901    0.6490639 ]
 [ 49.          71.54873      1.2800746    0.6569528 ]
 [ 50.          71.73565      1.1235987    0.6636224 ]
 [ 51.          71.89587      1.1725104    0.67071724]
 [ 52.          72.18959      1.1295335    0.6776616 ]
 [ 53.          72.41656      1.1935997    0.6837384 ]
 [ 54.          72.68358      1.1498659    0.69084334]
 [ 55.          72.750336     1.1023791    0.6984099 ]
 [ 56.          72.96395      1.0907973    0.70609754]
 [ 57.          73.07076      1.0497848    0.7154244 ]
 [ 58.          73.19092      0.9908205    0.7241904 ]
 [ 59.          73.33778      1.003113     0.729443  ]
 [ 60.          73.57811      0.90846527   0.73546135]
 [ 61.          73.73832      0.8032921    0.74109095]
 [ 62.          73.95194      0.7617168    0.7469671 ]
 [ 63.          74.0187       0.6959891    0.7514386 ]
 [ 64.          74.11215      0.7242298    0.7565826 ]
 [ 65.          74.28572      0.7133792    0.76125187]
 [ 66.          74.392525     0.72913516   0.7683198 ]
 [ 67.          74.552734     0.6814319    0.7743445 ]
 [ 68.          74.646194     0.7071038    0.78357875]
 [ 69.          74.739655     0.6963088    0.78816676]
 [ 70.          74.846466     0.73945063   0.7968947 ]
 [ 71.          75.006676     0.73824686   0.8038065 ]
 [ 72.          75.06008      0.697905     0.8112661 ]
 [ 73.          75.16689      0.6557707    0.8187569 ]
 [ 74.          75.247        0.60707194   0.8272053 ]
 [ 75.          75.340454     0.5676214    0.8349665 ]
 [ 76.          75.42056      0.53902674   0.84177303]
 [ 77.          75.514015     0.49821424   0.84767056]
 [ 78.          75.58077      0.42587602   0.8543804 ]
 [ 79.          75.63418      0.46249655   0.8604925 ]
 [ 80.          75.71429      0.4891899    0.86766547]
 [ 81.          75.8211       0.3932336    0.8769602 ]
 [ 82.          75.88785      0.35134184   0.88642496]
 [ 83.          75.90121      0.3746658    0.8931681 ]
 [ 84.          75.954605     0.40164354   0.899786  ]
 [ 85.          75.96796      0.403306     0.9053875 ]
 [ 86.          76.06142      0.44431594   0.91212314]
 [ 87.          76.11482      0.49597225   0.9180812 ]
 [ 88.          76.19493      0.5075171    0.9230477 ]
 [ 89.          76.26168      0.49641976   0.9305212 ]
 [ 90.          76.26168      0.4710875    0.9364075 ]
 [ 91.          76.395195     0.535295     0.9430645 ]
 [ 92.          76.4753       0.46871674   0.95027125]
 [ 93.          76.52871      0.4542316    0.9569165 ]
 [ 94.          76.54205      0.44929978   0.96295244]
 [ 95.          76.582115     0.3758531    0.9698731 ]
 [ 96.          76.60882      0.37347355   0.9788746 ]
 [ 97.          76.68892      0.40988085   0.98367447]
 [ 98.          76.79573      0.32222757   0.98843235]
 [ 99.          76.86248      0.31168628   0.99479294]
 [100.          76.96929      0.26281926   0.9996829 ]
 [101.          76.995995     0.25681344   1.0059055 ]
 [102.          77.0761       0.21937978   1.0108341 ]
 [103.          77.24967      0.18524002   1.0187719 ]
 [104.          77.40988      0.20357212   1.0248537 ]
 [105.          77.596794     0.19803414   1.0303208 ]
 [106.          77.87717      0.07611313   1.0357935 ]
 [107.          78.27771      0.12126635   1.0401728 ]
 [108.          78.66489      0.10124223   1.0461844 ]
 [109.          79.092125     0.1284076    1.0507888 ]
 [110.          79.49266      0.09901256   1.0574837 ]
 [111.          80.20027      0.32907408   1.0640167 ]
 [112.          81.02804      0.30736473   1.0684925 ]
 [113.          81.73565      0.5311142    1.0748185 ]
 [114.          82.56342      0.68631905   1.0815172 ]
 [115.          83.29773      0.47061458   1.0887665 ]
 [116.          84.00534      0.30445188   1.0933255 ]
 [117.          84.73965      0.44179872   1.1000694 ]
 [118.          85.46062      0.55330867   1.1052816 ]
 [119.          86.27504      0.54355824   1.1139675 ]
 [120.          86.72897      0.65983665   1.1209017 ]
 [121.          87.27637      0.6000584    1.1274546 ]
 [122.          87.81042      0.5516944    1.1354305 ]
 [123.          85.91455      0.9476008    1.1423473 ]
 [124.          87.58344      0.70489585   1.1525513 ]
 [125.          88.304405     0.44880688   1.163145  ]
 [126.          88.2243       0.5097094    1.1713635 ]
 [127.          88.02404      0.3222325    1.1770799 ]
 [128.          88.397865     0.1593764    1.1825291 ]
 [129.          88.89185      0.28944638   1.1884693 ]
 [130.          88.491325     0.1675556    1.1930662 ]
 [131.          88.744995     0.36745945   1.1991637 ]
 [132.          88.304405     0.5264825    1.2060412 ]
 [133.          88.01068      1.0412588    1.2129717 ]
 [134.          87.943924     0.67683935   1.219218  ]
 [135.          86.82244      1.6136378    1.2270437 ]
 [136.          87.40988      1.2003031    1.2336947 ]
 [137.          87.783714     1.390697     1.2392263 ]
 [138.          88.58478      0.3686677    1.2442913 ]
 [139.          88.825096     0.585017     1.2489785 ]
 [140.          89.078766     0.19802977   1.2534698 ]
 [141.          88.905205     0.22340699   1.2589264 ]
 [142.          89.13218      0.63925266   1.264521  ]
 [143.          89.39919      0.36987704   1.2722187 ]
 [144.          88.91856      0.68567014   1.278517  ]
 [145.          88.94526      0.6635405    1.2849978 ]
 [146.          88.98531      0.46489945   1.2920051 ]
 [147.          88.59814      1.1537336    1.2967392 ]
 [148.          87.57009      2.2317796    1.303685  ]
 [149.          87.83712      1.8562428    1.3108115 ]
 [150.          87.890526     1.2359704    1.3170818 ]
 [151.          88.01068      0.94004536   1.3219876 ]
 [152.          88.50468      1.1164368    1.3276827 ]
 [153.          87.47664      0.91603893   1.3326464 ]
 [154.          87.12951      1.293063     1.3382205 ]
 [155.          87.182915     2.3573353    1.3453766 ]
 [156.          87.32977      1.824152     1.3510293 ]
 [157.          86.71563      2.509784     1.3568093 ]
 [158.          87.42323      1.4819173    1.3623958 ]
 [159.          87.83711      1.2887497    1.3676974 ]
 [160.          88.63819      0.9290787    1.3731188 ]
 [161.          88.90521      0.56918645   1.3783569 ]
 [162.          88.8785       0.5869175    1.3828853 ]
 [163.          89.01202      0.30809078   1.3910836 ]
 [164.          89.11883      0.46729007   1.3974698 ]
 [165.          89.11883      0.24977544   1.4060506 ]
 [166.          89.13218      0.2886751    1.415532  ]
 [167.          89.10548      0.2808495    1.4233073 ]
 [168.          89.25234      0.2947834    1.4332266 ]
 [169.          89.17223      0.26868752   1.4445996 ]
 [170.          88.95861      0.2524381    1.4526045 ]
 [171.          88.98531      0.3236125    1.4634726 ]
 [172.          89.30574      0.3073647    1.4712267 ]
 [173.          89.22563      0.518377     1.4773927 ]
 [174.          89.23898      0.1593776    1.483996  ]
 [175.          88.73164      0.8383097    1.4884795 ]
 [176.          88.397865     1.4832665    1.49394   ]
 [177.          87.91722      2.774979     1.5010084 ]
 [178.          88.23765      2.2796848    1.5085348 ]
 [179.          88.50468      1.94762      1.5136852 ]
 [180.          88.8518       0.5235086    1.5194708 ]
 [181.          88.718285     0.48369107   1.52542   ]
 [182.          88.77169      0.6598336    1.5348421 ]
 [183.          88.744995     0.63785756   1.5443474 ]
 [184.          88.66488      1.1508348    1.5500832 ]
 [185.          88.50468      0.94099367   1.5553896 ]
 [186.          88.73164      0.3145334    1.5629338 ]
 [187.          88.558075     0.5031073    1.5747874 ]
 [188.          88.66489      0.72576547   1.5834907 ]
 [189.          88.718285     0.68891114   1.5890856 ]
 [190.          88.491325     0.9930682    1.599356  ]
 [191.          88.73164      0.35134152   1.605327  ]
 [192.          88.384514     0.94877404   1.611261  ]
 [193.          88.571434     0.44129422   1.6178955 ]
 [194.          88.53137      0.90107816   1.6232742 ]
 [195.          88.70495      0.55531836   1.6309693 ]
 [196.          88.81175      0.3582497    1.6402777 ]
 [197.          88.8785       0.285571     1.6481036 ]
 [198.          88.73165      0.65304625   1.655809  ]
 [199.          89.01202      0.3007711    1.6629146 ]
 [200.          89.03872      0.37585142   1.6692867 ]]
The best results: 
Epoch: 143  89.40±0.37  1.272s
--------------- Train Done! ----------------
--------------- Save Done! ----------------
