Using cuda:0 device
Dataset     :CS
Epochs      :200
LR X_s      :0.01
Learn A_s   :1
LR A_s      :0.01
Conden ratio:0.25
Ridge       :5.0
Kernel      :SGNK
k           :4
L           :1
Seed        :5
The 1th Iteration:
--------------------------------------------------
The 2th Iteration:
--------------------------------------------------
The 3th Iteration:
--------------------------------------------------
The 4th Iteration:
--------------------------------------------------
The 5th Iteration:
--------------------------------------------------
[[  1.           8.090788     1.5188932    0.30603224]
 [  2.           9.279039     2.085514     0.3159979 ]
 [  3.          11.842456     4.114717     0.32304168]
 [  4.          14.512683     6.1450763    0.33042666]
 [  5.          15.260348     5.525137     0.3371288 ]
 [  6.          16.11482      4.1046877    0.34507138]
 [  7.          17.06275      2.8367627    0.35499388]
 [  8.          17.850468     3.3088195    0.3642555 ]
 [  9.          18.744993     4.2096853    0.37263355]
 [ 10.          20.146864     5.099583     0.3794062 ]
 [ 11.          21.014687     5.3694563    0.3885572 ]
 [ 12.          21.748999     5.3326044    0.39529106]
 [ 13.          22.24299      5.2117333    0.40307853]
 [ 14.          22.790388     4.8402696    0.40883145]
 [ 15.          23.337784     4.3438916    0.4149498 ]
 [ 16.          23.76502      3.9760273    0.42378947]
 [ 17.          24.552738     3.6231174    0.4321637 ]
 [ 18.          25.18024      3.5087714    0.43869826]
 [ 19.          25.781042     3.5318742    0.44617772]
 [ 20.          26.23498      3.76534      0.45229998]
 [ 21.          26.635513     3.8501878    0.45878974]
 [ 22.          26.94259      3.8512297    0.4653183 ]
 [ 23.          27.396528     3.896954     0.4706602 ]
 [ 24.          27.797064     3.8938081    0.47597867]
 [ 25.          28.184248     3.7229085    0.48227915]
 [ 26.          28.57143      3.6183796    0.487586  ]
 [ 27.          28.798399     3.466349     0.49401036]
 [ 28.          29.012018     3.458305     0.5009552 ]
 [ 29.          29.292389     3.5485528    0.50997114]
 [ 30.          29.599466     3.4846199    0.5163518 ]
 [ 31.          29.813084     3.3843873    0.52292407]
 [ 32.          30.053406     3.3542325    0.53150785]
 [ 33.          30.400534     3.2534747    0.5378052 ]
 [ 34.          30.69426      3.1116304    0.5457714 ]
 [ 35.          31.001333     3.1274152    0.55203694]
 [ 36.          31.295063     3.034043     0.55824965]
 [ 37.          31.588785     3.0296333    0.56378   ]
 [ 38.          31.882511     3.0094159    0.5707986 ]
 [ 39.          32.269695     2.9796524    0.5776815 ]
 [ 40.          32.523365     3.0864673    0.5852818 ]
 [ 41.          32.803738     2.9744134    0.5914561 ]
 [ 42.          33.12417      2.9619517    0.5979282 ]
 [ 43.          33.37784      2.8990717    0.6041047 ]
 [ 44.          33.60481      2.9042935    0.6105522 ]
 [ 45.          33.818428     2.7852397    0.6195915 ]
 [ 46.          34.20561      2.6520567    0.627902  ]
 [ 47.          34.579437     2.7426753    0.63504916]
 [ 48.          34.806408     2.8174536    0.6413786 ]
 [ 49.          35.06008      2.8953803    0.64786524]
 [ 50.          35.327103     2.7582288    0.6555946 ]
 [ 51.          35.51402      2.6438112    0.66300327]
 [ 52.          35.781044     2.6581       0.66989416]
 [ 53.          36.088116     2.7728121    0.67567456]
 [ 54.          36.35514      2.728257     0.6827839 ]
 [ 55.          36.70227      2.6674724    0.69028866]
 [ 56.          37.0227       2.6131256    0.6969414 ]
 [ 57.          37.449932     2.5577102    0.7040839 ]
 [ 58.          37.770363     2.6010735    0.7105506 ]
 [ 59.          38.064083     2.681219     0.7176158 ]
 [ 60.          38.411217     2.7736151    0.7295265 ]
 [ 61.          38.945263     2.9714153    0.73615116]
 [ 62.          39.31909      2.917841     0.743645  ]
 [ 63.          39.73298      2.916084     0.7516289 ]
 [ 64.          40.32043      2.9984365    0.75717884]
 [ 65.          40.801067     2.8923006    0.7625903 ]
 [ 66.          41.321762     2.7777908    0.76798505]
 [ 67.          41.85581      2.7629106    0.77342147]
 [ 68.          42.269695     2.6657999    0.77906126]
 [ 69.          42.883846     2.6779773    0.78526944]
 [ 70.          43.31108      2.8042953    0.79277295]
 [ 71.          43.76502      2.6887712    0.7998161 ]
 [ 72.          44.178905     2.5565772    0.8061226 ]
 [ 73.          44.60614      2.542594     0.8117731 ]
 [ 74.          44.979977     2.427834     0.8199334 ]
 [ 75.          45.340454     2.4135666    0.8289898 ]
 [ 76.          45.700935     2.2547219    0.8361416 ]
 [ 77.          46.154873     2.303119     0.8479493 ]
 [ 78.          46.59546      2.2692022    0.8567939 ]
 [ 79.          46.875835     2.2192628    0.8637745 ]
 [ 80.          47.076107     2.2006094    0.8707182 ]
 [ 81.          47.303074     2.1649835    0.87724346]
 [ 82.          47.61015      2.1787324    0.8854066 ]
 [ 83.          47.83712      2.166014     0.891416  ]
 [ 84.          48.090786     1.9574324    0.89824086]
 [ 85.          48.371162     1.9165981    0.90565014]
 [ 86.          48.518024     1.9338417    0.91444224]
 [ 87.          48.678238     1.915319     0.923154  ]
 [ 88.          48.90521      1.9136881    0.93336725]
 [ 89.          49.03872      1.8879001    0.939791  ]
 [ 90.          49.198933     1.8372984    0.94755477]
 [ 91.          49.305744     1.8297635    0.95462   ]
 [ 92.          49.4259       1.7551798    0.9619194 ]
 [ 93.          49.65287      1.6976174    0.9710947 ]
 [ 94.          49.86649      1.7541628    0.97963667]
 [ 95.          49.98665      1.7275414    0.9871147 ]
 [ 96.          50.160213     1.7678274    0.99428415]
 [ 97.          50.32043      1.7771313    1.0019778 ]
 [ 98.          50.453938     1.789624     1.008109  ]
 [ 99.          50.560745     1.7589833    1.014141  ]
 [100.          50.667557     1.7731141    1.0197563 ]
 [101.          50.84112      1.7108223    1.0281496 ]
 [102.          51.02804      1.6825869    1.0337174 ]
 [103.          51.16155      1.5885887    1.0398321 ]
 [104.          51.295055     1.6410222    1.0468706 ]
 [105.          51.415222     1.6618011    1.0571536 ]
 [106.          51.588783     1.6415651    1.0643628 ]
 [107.          51.735653     1.6460388    1.0748643 ]
 [108.          51.94927      1.6395274    1.0812769 ]
 [109.          52.069427     1.6276609    1.0892762 ]
 [110.          52.149532     1.5537008    1.0964596 ]
 [111.          52.336452     1.5237274    1.1042521 ]
 [112.          52.416553     1.5181593    1.1126683 ]
 [113.          52.51001      1.5574255    1.1187865 ]
 [114.          52.670227     1.5317479    1.1261448 ]
 [115.          52.710278     1.5079991    1.1341149 ]
 [116.          52.870495     1.5346538    1.1418701 ]
 [117.          53.01736      1.4885174    1.1479355 ]
 [118.          53.124165     1.4597989    1.1543334 ]
 [119.          53.25768      1.452914     1.1611539 ]
 [120.          53.37784      1.4698378    1.1705974 ]
 [121.          53.53805      1.438736     1.1797396 ]
 [122.          53.65821      1.4498444    1.1873153 ]
 [123.          53.751675     1.4312822    1.1968397 ]
 [124.          53.938587     1.3931003    1.2050798 ]
 [125.          54.165554     1.3927804    1.2154543 ]
 [126.          54.32577      1.3479016    1.2236518 ]
 [127.          54.512684     1.3297619    1.2339073 ]
 [128.          54.64619      1.2476339    1.2411817 ]
 [129.          54.753002     1.2348896    1.2474558 ]
 [130.          54.953274     1.2028987    1.2531458 ]
 [131.          55.04673      1.2422659    1.258715  ]
 [132.          55.193592     1.2212813    1.2694895 ]
 [133.          55.380505     1.1255807    1.2788476 ]
 [134.          55.47397      1.125976     1.2864894 ]
 [135.          55.620827     1.1332759    1.2927597 ]
 [136.          55.75434      1.0569769    1.3010901 ]
 [137.          55.98131      1.0561343    1.3071063 ]
 [138.          56.101467     1.1373962    1.313387  ]
 [139.          56.18158      1.1587437    1.321857  ]
 [140.          56.328438     1.1879882    1.3294141 ]
 [141.          56.502003     1.1076216    1.3379257 ]
 [142.          56.648865     1.1947218    1.3468665 ]
 [143.          56.755676     1.2294655    1.3547679 ]
 [144.          56.862484     1.2348907    1.3624104 ]
 [145.          57.089455     1.228558     1.3716139 ]
 [146.          57.22296      1.2249249    1.3811795 ]
 [147.          57.38318      1.1654547    1.3892577 ]
 [148.          57.6235       1.2075223    1.3982407 ]
 [149.          57.797066     1.1104347    1.4072481 ]
 [150.          57.93058      0.99172074   1.4172308 ]
 [151.          58.117493     1.0042253    1.4257601 ]
 [152.          58.277706     1.0046664    1.4349152 ]
 [153.          58.41122      0.986767     1.4445313 ]
 [154.          58.531372     0.95276076   1.4528917 ]
 [155.          58.73164      0.903546     1.4590887 ]
 [156.          58.945263     0.9811039    1.4658753 ]
 [157.          59.17223      0.905026     1.4727901 ]
 [158.          59.359142     0.9712884    1.4806547 ]
 [159.          59.465954     1.0226908    1.4889606 ]
 [160.          59.826435     0.90723884   1.495221  ]
 [161.          59.973305     0.91603845   1.5016513 ]
 [162.          60.10681      0.8787954    1.5095745 ]
 [163.          60.293728     0.9338653    1.516572  ]
 [164.          60.587452     0.9220982    1.526483  ]
 [165.          60.74767      0.92979825   1.534498  ]
 [166.          60.89453      1.0073258    1.5435852 ]
 [167.          61.081448     0.9935165    1.5509942 ]
 [168.          61.174904     1.0348209    1.557928  ]
 [169.          61.37517      0.979513     1.5652965 ]
 [170.          61.52203      0.9646141    1.5717664 ]
 [171.          61.775703     0.9975453    1.5798701 ]
 [172.          62.05608      1.0358976    1.5880235 ]
 [173.          62.21629      1.0135002    1.5951378 ]
 [174.          62.403206     1.064329     1.6021271 ]
 [175.          62.723633     1.1673645    1.6115528 ]
 [176.          62.937244     1.1313069    1.6210192 ]
 [177.          63.17757      1.0031145    1.6283095 ]
 [178.          63.36449      0.9928451    1.63538   ]
 [179.          63.551403     1.0013344    1.6482447 ]
 [180.          63.85848      0.942414     1.6590723 ]
 [181.          64.03204      0.88862896   1.6693823 ]
 [182.          64.138855     0.93267304   1.6821743 ]
 [183.          64.232315     0.9326711    1.6932192 ]
 [184.          64.45928      0.88637084   1.6996756 ]
 [185.          64.659546     0.9634557    1.706008  ]
 [186.          64.84646      1.0519052    1.7114375 ]
 [187.          65.11349      1.0687163    1.7194127 ]
 [188.          65.340454     1.120422     1.7265991 ]
 [189.          65.47397      1.0819786    1.736772  ]
 [190.          65.66088      1.0749533    1.7467775 ]
 [191.          65.794395     1.1305187    1.7594222 ]
 [192.          66.02136      1.1552769    1.7689259 ]
 [193.          66.07477      1.2139593    1.7774056 ]
 [194.          66.208275     1.2420849    1.7860775 ]
 [195.          66.38185      1.1354353    1.7930897 ]
 [196.          66.568756     1.024867     1.7994026 ]
 [197.          66.70227      0.94099385   1.8063065 ]
 [198.          66.84914      0.83056414   1.8134072 ]
 [199.          66.98264      0.84122443   1.8198165 ]
 [200.          67.19626      0.8926284    1.8270262 ]]
The best results: 
Epoch: 200  67.20±0.89  1.827s
--------------- Train Done! ----------------
--------------- Save Done! ----------------
