Using cuda:0 device
Dataset     :CS
Epochs      :200
LR X_s      :0.01
Learn A_s   :1
LR A_s      :0.01
Conden ratio:0.25
Ridge       :0.1
Kernel      :SGNK
k           :2
L           :1
Seed        :5
The 1th Iteration:
--------------------------------------------------
The 2th Iteration:
--------------------------------------------------
The 3th Iteration:
--------------------------------------------------
The 4th Iteration:
--------------------------------------------------
The 5th Iteration:
--------------------------------------------------
[[  1.          30.80107      3.0698907    0.32638893]
 [  2.          52.46996      4.2375402    0.3324654 ]
 [  3.          62.603466     3.109122     0.33824992]
 [  4.          67.783714     2.1276102    0.34376812]
 [  5.          69.75968      2.000997     0.3500559 ]
 [  6.          70.80107      2.1128962    0.35573927]
 [  7.          71.30841      2.4107945    0.36121997]
 [  8.          71.42858      2.5097828    0.36794525]
 [  9.          71.602135     2.755882     0.37421265]
 [ 10.          71.695595     2.650966     0.38303652]
 [ 11.          71.46863      2.6507952    0.3901894 ]
 [ 12.          71.46863      2.6318176    0.398453  ]
 [ 13.          71.281715     2.7351081    0.40417916]
 [ 14.          71.1215       2.9405084    0.41035166]
 [ 15.          71.01469      2.8421772    0.41632673]
 [ 16.          70.841125     2.8488314    0.4230853 ]
 [ 17.          70.85448      2.71516      0.4283467 ]
 [ 18.          70.96129      2.6324089    0.4337883 ]
 [ 19.          71.09479      2.5380335    0.43947774]
 [ 20.          71.48199      2.442014     0.444835  ]
 [ 21.          71.86916      2.381131     0.4525109 ]
 [ 22.          72.25635      2.3519425    0.4591418 ]
 [ 23.          72.61682      2.4301248    0.46784326]
 [ 24.          73.07076      2.3613956    0.47626853]
 [ 25.          73.39119      2.2846613    0.4828411 ]
 [ 26.          73.81842      2.2767482    0.48833156]
 [ 27.          74.23231      2.2499728    0.49372253]
 [ 28.          74.45928      2.2133305    0.49967882]
 [ 29.          74.672905     2.2699878    0.5059877 ]
 [ 30.          74.76636      2.2335742    0.51319134]
 [ 31.          74.993324     2.2133296    0.51903695]
 [ 32.          75.20695      2.1788332    0.5248185 ]
 [ 33.          75.47396      2.0901024    0.53096837]
 [ 34.          75.75433      2.063173     0.53741974]
 [ 35.          75.94126      2.008559     0.54377383]
 [ 36.          76.221634     2.0561378    0.5497813 ]
 [ 37.          76.40855      1.9991047    0.5557598 ]
 [ 38.          76.55541      2.027221     0.5607975 ]
 [ 39.          76.728966     1.932803     0.565908  ]
 [ 40.          76.915886     1.8682044    0.57093394]
 [ 41.          77.0494       1.8447988    0.57826465]
 [ 42.          77.329765     1.7036413    0.58424383]
 [ 43.          77.436584     1.682853     0.5897677 ]
 [ 44.          77.530045     1.6129482    0.59500843]
 [ 45.          77.636856     1.6021354    0.6003131 ]
 [ 46.          77.81042      1.6039436    0.6065154 ]
 [ 47.          77.87717      1.5638506    0.61261487]
 [ 48.          77.890526     1.5961462    0.61799854]
 [ 49.          77.91723      1.5572821    0.62574494]
 [ 50.          77.98398      1.5349464    0.63192624]
 [ 51.          78.10414      1.5916717    0.6386782 ]
 [ 52.          78.19759      1.5146321    0.6450257 ]
 [ 53.          78.251        1.4452261    0.65178245]
 [ 54.          78.33111      1.498365     0.6571576 ]
 [ 55.          78.384514     1.3950181    0.6623325 ]
 [ 56.          78.477974     1.3799237    0.66762036]
 [ 57.          78.61148      1.221466     0.67309266]
 [ 58.          78.63818      1.2163457    0.67864   ]
 [ 59.          78.73164      1.198444     0.68425554]
 [ 60.          78.86516      1.1797092    0.6901737 ]
 [ 61.          78.98531      1.1963981    0.697088  ]
 [ 62.          79.11883      1.2357917    0.7034163 ]
 [ 63.          79.19894      1.2067833    0.7099586 ]
 [ 64.          79.265686     1.134453     0.7167875 ]
 [ 65.          79.41255      1.0444641    0.7221131 ]
 [ 66.          79.506004     1.059714     0.7279075 ]
 [ 67.          79.58611      1.1013678    0.7338725 ]
 [ 68.          79.799736     1.0042226    0.74065495]
 [ 69.          79.90655      0.9237879    0.7460949 ]
 [ 70.          80.040054     0.91773784   0.75418454]
 [ 71.          80.13351      0.9588204    0.76085204]
 [ 72.          80.28037      0.95299536   0.7665631 ]
 [ 73.          80.50735      0.8981072    0.7718978 ]
 [ 74.          80.827774     1.036757     0.7780594 ]
 [ 75.          81.16155      1.0281234    0.78382987]
 [ 76.          81.36182      1.0442518    0.7889197 ]
 [ 77.          81.70895      0.899345     0.79411596]
 [ 78.          82.216286     0.7935243    0.80045265]
 [ 79.          82.72363      0.7055292    0.8068909 ]
 [ 80.          83.12417      0.7847691    0.8132017 ]
 [ 81.          83.498        0.69918317   0.8198534 ]
 [ 82.          83.992        0.5959616    0.82662576]
 [ 83.          84.32577      0.57696456   0.8340892 ]
 [ 84.          84.833115     0.5369593    0.84157085]
 [ 85.          85.28705      0.7412553    0.8480469 ]
 [ 86.          85.781044     0.64029646   0.85305035]
 [ 87.          86.31509      0.5319575    0.85943717]
 [ 88.          87.03605      0.48460934   0.86511374]
 [ 89.          87.50334      0.51362914   0.87276214]
 [ 90.          88.10414      0.43621644   0.88187164]
 [ 91.          88.50467      0.363801     0.8917969 ]
 [ 92.          88.825096     0.15368408   0.89925385]
 [ 93.          89.185585     0.21110219   0.90637076]
 [ 94.          89.25234      0.19462411   0.91222554]
 [ 95.          88.18425      1.6453651    0.9184782 ]
 [ 96.          88.94526      0.79911757   0.9248177 ]
 [ 97.          89.25234      0.63680464   0.93251747]
 [ 98.          89.612816     0.27765772   0.9392538 ]
 [ 99.          90.066765     0.31805393   0.9460541 ]
 [100.          90.01336      0.43926868   0.95240355]
 [101.          90.146866     0.5140637    0.95855075]
 [102.          90.0801       0.5869156    0.96692765]
 [103.          89.07877      1.2232883    0.9744398 ]
 [104.          89.06542      1.1440378    0.98589516]
 [105.          89.98665      0.68891      0.9918171 ]
 [106.          89.799736     0.74246216   0.99775374]
 [107.          89.41255      0.49642044   1.0036943 ]
 [108.          88.65154      2.096171     1.0118498 ]
 [109.          89.47931      1.1740235    1.0195655 ]
 [110.          88.94527      0.9997747    1.0268095 ]
 [111.          89.78638      0.92016137   1.0346111 ]
 [112.          89.82644      0.77649015   1.0428557 ]
 [113.          89.81309      1.0634913    1.0507131 ]
 [114.          90.307076     0.30371857   1.060512  ]
 [115.          90.32043      0.27524075   1.0658231 ]
 [116.          90.480644     0.5183775    1.0710403 ]
 [117.          90.08011      1.7602473    1.0764159 ]
 [118.          89.75968      1.6239617    1.0858349 ]
 [119.          89.18558      2.5393515    1.0943565 ]
 [120.          90.20027      1.2001188    1.1045501 ]
 [121.          90.52069      0.42220047   1.1128963 ]
 [122.          90.52069      0.362574     1.120201  ]
 [123.          90.45394      0.41150898   1.1293172 ]
 [124.          90.627495     0.35512364   1.1397632 ]
 [125.          90.85448      0.29853633   1.1464713 ]
 [126.          90.64086      0.24708721   1.1549958 ]
 [127.          90.6008       0.40440992   1.1624585 ]
 [128.          90.49399      0.4021978    1.1700335 ]
 [129.          90.53405      0.33841634   1.1789442 ]
 [130.          90.640854     0.41528016   1.18713   ]
 [131.          90.400536     0.20247921   1.195219  ]
 [132.          90.56075      0.12126652   1.204576  ]
 [133.          90.747665     0.23412411   1.2176481 ]
 [134.          90.587456     0.22637802   1.2294763 ]
 [135.          90.5741       0.11941507   1.2387471 ]
 [136.          90.60079      0.26450828   1.2471974 ]
 [137.          90.574104     0.2886727    1.2547724 ]
 [138.          90.72097      0.14161071   1.2622061 ]
 [139.          90.72097      0.09440894   1.2676924 ]
 [140.          90.58745      0.15655544   1.2737802 ]
 [141.          90.6275       0.10124197   1.2797495 ]
 [142.          90.6008       0.10969389   1.285051  ]
 [143.          90.56075      0.18036471   1.2919725 ]
 [144.          90.6008       0.31096786   1.2990927 ]
 [145.          90.654205     0.330423     1.3064212 ]
 [146.          90.5207       0.32361108   1.3127095 ]
 [147.          90.46729      0.30002975   1.3210477 ]
 [148.          90.52069      0.1946251    1.3285191 ]
 [149.          90.54739      0.20357578   1.3389655 ]
 [150.          90.493996     0.21424578   1.3469409 ]
 [151.          90.50735      0.15937647   1.3546826 ]
 [152.          90.387184     0.18281563   1.360046  ]
 [153.          90.50735      0.1727924    1.3660887 ]
 [154.          90.480644     0.19232334   1.3714974 ]
 [155.          90.45394      0.1766184    1.3772439 ]
 [156.          90.480644     0.07611135   1.3834523 ]
 [157.          90.5741       0.18523644   1.3888202 ]
 [158.          90.587456     0.18281935   1.3943361 ]
 [159.          90.493996     0.17407812   1.4019268 ]
 [160.          90.42724      0.138427     1.4086294 ]
 [161.          90.400536     0.12840955   1.4165435 ]
 [162.          90.42724      0.13842666   1.4237248 ]
 [163.          90.493996     0.13013026   1.4325476 ]
 [164.          90.50735      0.09901247   1.4386742 ]
 [165.          90.54739      0.14625677   1.4454371 ]
 [166.          90.60081      0.1284057    1.4521216 ]
 [167.          90.61415      0.1301327    1.459499  ]
 [168.          90.5741       0.0558543    1.4687994 ]
 [169.          90.58745      0.10554999   1.4776102 ]
 [170.          90.5474       0.13842742   1.4882274 ]
 [171.          90.5741       0.10969084   1.4957103 ]
 [172.          90.53405      0.10969022   1.5019746 ]
 [173.          90.50735      0.11941423   1.5096338 ]
 [174.          90.493996     0.18036641   1.5171254 ]
 [175.          90.5741       0.1593776    1.5225441 ]
 [176.          90.5207       0.17019539   1.5286182 ]
 [177.          90.53405      0.12840687   1.5341176 ]
 [178.          90.53405      0.14472312   1.5422871 ]
 [179.          90.56075      0.13013178   1.5487623 ]
 [180.          90.6008       0.11941657   1.5547642 ]
 [181.          90.61415      0.12126796   1.5601509 ]
 [182.          90.61415      0.12126796   1.5674496 ]
 [183.          90.56075      0.12126775   1.5748729 ]
 [184.          90.560745     0.11170389   1.5845716 ]
 [185.          90.52069      0.15655504   1.5929631 ]
 [186.          90.52069      0.10554978   1.6019915 ]
 [187.          90.50735      0.15222575   1.6099017 ]
 [188.          90.53405      0.15222633   1.6172556 ]
 [189.          90.53405      0.15222633   1.6236877 ]
 [190.          90.54739      0.18643902   1.6302284 ]
 [191.          90.53405      0.1727929    1.6356062 ]
 [192.          90.5741       0.12840743   1.6412175 ]
 [193.          90.56075      0.2142441    1.6467367 ]
 [194.          90.56075      0.18036428   1.6537192 ]
 [195.          90.54739      0.14625509   1.6625448 ]
 [196.          90.53405      0.17279312   1.669007  ]
 [197.          90.50735      0.17279278   1.6751133 ]
 [198.          90.53405      0.07312705   1.6805384 ]
 [199.          90.560745     0.05970931   1.686475  ]
 [200.          90.6275       0.12127019   1.6923342 ]]
The best results: 
Epoch: 125  90.85±0.30  1.146s
--------------- Train Done! ----------------
--------------- Save Done! ----------------
