Using cuda:0 device
Dataset     :Photo
Epochs      :200
LR X_s      :0.01
Learn A_s   :1
LR A_s      :0.01
Conden ratio:0.25
Ridge       :1.0
Kernel      :SGNK
k           :5
L           :1
Seed        :5
The 1th Iteration:
--------------------------------------------------
The 2th Iteration:
--------------------------------------------------
The 3th Iteration:
--------------------------------------------------
The 4th Iteration:
--------------------------------------------------
The 5th Iteration:
--------------------------------------------------
[[  1.          12.325        0.39131197   0.24940048]
 [  2.          12.5          0.           0.2554321 ]
 [  3.          12.75         0.49212557   0.2603526 ]
 [  4.          12.725        0.5031153    0.26522318]
 [  5.          12.675        0.39131197   0.27013364]
 [  6.          12.575        0.16770509   0.27496958]
 [  7.          12.55         0.11180333   0.28095236]
 [  8.          12.6          0.22360687   0.28655434]
 [  9.          12.55         0.11180333   0.29276156]
 [ 10.          12.55         0.11180333   0.29867774]
 [ 11.          12.5          0.           0.30461422]
 [ 12.          12.400001     0.22360687   0.31069073]
 [ 13.          12.525001     0.13693054   0.31612763]
 [ 14.          12.5          0.           0.32172352]
 [ 15.          12.5          0.           0.32712802]
 [ 16.          12.5          0.           0.33303687]
 [ 17.          12.5          0.           0.33885446]
 [ 18.          12.5          0.           0.3452277 ]
 [ 19.          12.5          0.           0.35078034]
 [ 20.          12.5          0.           0.3557466 ]
 [ 21.          12.5          0.           0.36071625]
 [ 22.          12.5          0.           0.3668088 ]
 [ 23.          12.5          0.           0.3721256 ]
 [ 24.          12.5          0.           0.37714267]
 [ 25.          12.5          0.           0.38214216]
 [ 26.          12.5          0.           0.3882501 ]
 [ 27.          12.5          0.           0.39437518]
 [ 28.          12.5          0.           0.3994237 ]
 [ 29.          13.25         1.677051     0.40578887]
 [ 30.          12.55         0.11180333   0.41160464]
 [ 31.          12.5          0.           0.41774997]
 [ 32.          12.5          0.           0.4243228 ]
 [ 33.          12.5          0.           0.43044415]
 [ 34.          12.5          0.           0.43535137]
 [ 35.          12.5          0.           0.4403556 ]
 [ 36.          12.5          0.           0.44517165]
 [ 37.          12.5          0.           0.45001712]
 [ 38.          12.5          0.           0.4549654 ]
 [ 39.          12.5          0.           0.4604349 ]
 [ 40.          12.5          0.           0.46682596]
 [ 41.          12.5          0.           0.4721926 ]
 [ 42.          12.5          0.           0.47753143]
 [ 43.          12.5          0.           0.48240396]
 [ 44.          12.5          0.           0.48797446]
 [ 45.          12.5          0.           0.4957814 ]
 [ 46.          12.5          0.           0.5011129 ]
 [ 47.          12.5          0.           0.5061461 ]
 [ 48.          12.5          0.           0.51155525]
 [ 49.          12.5          0.           0.5166654 ]
 [ 50.          12.5          0.           0.52178556]
 [ 51.          12.5          0.           0.52685314]
 [ 52.          12.5          0.           0.53176546]
 [ 53.          12.5          0.           0.5365892 ]
 [ 54.          12.5          0.           0.5414774 ]
 [ 55.          12.5          0.           0.54632896]
 [ 56.          12.5          0.           0.5511684 ]
 [ 57.          12.5          0.           0.55594045]
 [ 58.          12.5          0.           0.5607734 ]
 [ 59.          12.5          0.           0.5654281 ]
 [ 60.          12.5          0.           0.5701574 ]
 [ 61.          12.5          0.           0.5748037 ]
 [ 62.          12.5          0.           0.5795955 ]
 [ 63.          12.5          0.           0.5841604 ]
 [ 64.          12.5          0.           0.5891811 ]
 [ 65.          12.5          0.           0.59549516]
 [ 66.          12.5          0.           0.600412  ]
 [ 67.          12.5          0.           0.60575205]
 [ 68.          12.5          0.           0.61104554]
 [ 69.          12.5          0.           0.6178776 ]
 [ 70.          12.5          0.           0.623445  ]
 [ 71.          12.5          0.           0.6304322 ]
 [ 72.          12.5          0.           0.63662595]
 [ 73.          12.475        0.05590177   0.64251417]
 [ 74.          12.45         0.0684652    0.648194  ]
 [ 75.          12.425        0.06846529   0.6534855 ]
 [ 76.          12.425        0.06846529   0.6597374 ]
 [ 77.          12.475        0.16298015   0.6664925 ]
 [ 78.          12.6          0.36869702   0.6736768 ]
 [ 79.          13.           0.74477345   0.6803932 ]
 [ 80.          16.1          4.1790023    0.68563426]
 [ 81.          18.225        5.3890805    0.69184726]
 [ 82.          19.875        5.8763294    0.6984979 ]
 [ 83.          19.875        6.186553     0.7046804 ]
 [ 84.          21.35         5.218956     0.711325  ]
 [ 85.          21.825        5.2295737    0.7169878 ]
 [ 86.          21.9          5.2688646    0.72267336]
 [ 87.          22.125        4.8444557    0.7289709 ]
 [ 88.          22.85         3.8844645    0.7351998 ]
 [ 89.          23.1          2.917351     0.74335885]
 [ 90.          23.550001     1.797568     0.74915284]
 [ 91.          23.65         1.7730622    0.75470775]
 [ 92.          23.625        1.9263793    0.7597696 ]
 [ 93.          23.050001     3.0715427    0.76495546]
 [ 94.          22.85         3.5138123    0.77075076]
 [ 95.          22.775        3.7347608    0.77592033]
 [ 96.          23.025        3.511588     0.78080654]
 [ 97.          23.225        3.204489     0.7866599 ]
 [ 98.          24.050001     1.3738632    0.7922504 ]
 [ 99.          24.2          0.96258116   0.7974164 ]
 [100.          24.275        1.0947316    0.8036253 ]
 [101.          24.45         1.2765921    0.808898  ]
 [102.          24.550001     1.2948216    0.81529856]
 [103.          24.65         1.3789713    0.8206275 ]
 [104.          24.1          0.83572567   0.82661074]
 [105.          24.25         0.5376453    0.8323107 ]
 [106.          24.300001     0.43839183   0.8387972 ]
 [107.          23.800001     1.25499      0.8445606 ]
 [108.          23.7          0.9379168    0.85117495]
 [109.          23.9          1.4372281    0.8571016 ]
 [110.          24.375        0.44194156   0.86341494]
 [111.          24.275        0.3235545    0.8704495 ]
 [112.          24.050001     1.1166357    0.8760702 ]
 [113.          23.65         2.1855347    0.8818451 ]
 [114.          24.45         0.24366985   0.8889184 ]
 [115.          23.175001     2.2090013    0.894726  ]
 [116.          24.5          0.2651652    0.90037155]
 [117.          23.825        1.8866307    0.9060877 ]
 [118.          23.7          1.6095418    0.9119679 ]
 [119.          21.925001     5.4159775    0.91753465]
 [120.          24.9          0.8023403    0.9231558 ]
 [121.          23.7          3.2132537    0.92879945]
 [122.          22.2          4.10849      0.93488497]
 [123.          23.2          2.9785695    0.9414159 ]
 [124.          24.275        0.88122785   0.9479389 ]
 [125.          23.975        1.7884175    0.95461315]
 [126.          22.125        5.3887906    0.96132433]
 [127.          22.675001     4.5178466    0.96824783]
 [128.          23.65         2.4691849    0.9751753 ]
 [129.          23.725        1.9573579    0.98250884]
 [130.          24.4          1.1904566    0.99120444]
 [131.          22.15         5.3977714    0.9977827 ]
 [132.          21.375        5.325352     1.0045433 ]
 [133.          24.45         0.48893994   1.011128  ]
 [134.          24.575        0.36012152   1.0191778 ]
 [135.          22.675001     4.087519     1.0250508 ]
 [136.          20.825        5.5800986    1.0305169 ]
 [137.          22.375        5.5212655    1.0357327 ]
 [138.          24.75         0.08838812   1.0408973 ]
 [139.          24.5          0.53033006   1.0462102 ]
 [140.          22.325        5.5231047    1.051493  ]
 [141.          21.2          5.90987      1.0567559 ]
 [142.          22.725        3.3417342    1.0620927 ]
 [143.          22.5          4.340039     1.0674776 ]
 [144.          24.775        0.1045822    1.0724686 ]
 [145.          24.525        0.33541054   1.0774168 ]
 [146.          22.25         5.45364      1.0832623 ]
 [147.          22.35         5.300648     1.0896473 ]
 [148.          23.1          2.842754     1.0949697 ]
 [149.          22.5          4.550069     1.1003753 ]
 [150.          24.6          0.37914383   1.1064397 ]
 [151.          24.675001     0.22707358   1.1128739 ]
 [152.          24.65         0.25617376   1.1186484 ]
 [153.          24.675001     0.25920576   1.1248956 ]
 [154.          23.825        2.1443968    1.1304394 ]
 [155.          22.7          4.007415     1.1354847 ]
 [156.          23.125        3.2270827    1.1412373 ]
 [157.          24.800001     0.18957166   1.1461716 ]
 [158.          24.75         0.15309298   1.1519647 ]
 [159.          24.675001     0.25920534   1.158421  ]
 [160.          22.675001     4.780004     1.1644706 ]
 [161.          22.325        5.499006     1.1710014 ]
 [162.          24.65         0.27099353   1.176321  ]
 [163.          24.725        0.16298023   1.1822633 ]
 [164.          24.825        0.20916508   1.1877527 ]
 [165.          24.4          1.0658036    1.1932493 ]
 [166.          24.725        0.22360693   1.1988131 ]
 [167.          22.775        4.489049     1.2040808 ]
 [168.          22.525        4.8584657    1.209452  ]
 [169.          24.175001     0.69933003   1.2154459 ]
 [170.          24.575        0.25920582   1.220648  ]
 [171.          24.775        0.27099353   1.2257084 ]
 [172.          24.800001     0.1118034    1.2315568 ]
 [173.          23.75         2.3832095    1.2372385 ]
 [174.          24.800001     0.24366969   1.2425523 ]
 [175.          23.2          2.361144     1.2478637 ]
 [176.          22.875        4.4043655    1.2543147 ]
 [177.          24.6          0.7776167    1.2596788 ]
 [178.          24.6          0.20539564   1.2663924 ]
 [179.          24.550001     0.28777185   1.2722815 ]
 [180.          24.800001     0.14252196   1.2784516 ]
 [181.          24.7          0.27386108   1.2838244 ]
 [182.          24.725        0.37914377   1.2892268 ]
 [183.          22.475        4.546977     1.2949722 ]
 [184.          22.95         3.9564028    1.3012539 ]
 [185.          24.75         0.12500031   1.3071302 ]
 [186.          24.6          0.4088857    1.3129593 ]
 [187.          24.575        0.47269192   1.3182962 ]
 [188.          24.775        0.16297987   1.3239981 ]
 [189.          24.65         0.24044251   1.3297071 ]
 [190.          23.95         1.2330093    1.3355902 ]
 [191.          22.550001     4.318927     1.3406703 ]
 [192.          24.125        1.400335     1.3464108 ]
 [193.          24.550001     0.27386153   1.351807  ]
 [194.          23.725        1.6849517    1.3573673 ]
 [195.          24.675001     0.31374738   1.3632598 ]
 [196.          24.275        1.0131941    1.3683548 ]
 [197.          24.7          0.14252204   1.3740069 ]
 [198.          24.7          0.16770478   1.3813595 ]
 [199.          24.           1.5587456    1.3861303 ]
 [200.          24.7          0.16770512   1.3922304 ]]
The best results: 
Epoch: 120  24.90±0.80  0.923s
--------------- Train Done! ----------------
