Using cuda:0 device
Dataset     :Photo
Epochs      :200
LR X_s      :0.01
Learn A_s   :0
LR A_s      :0.01
Conden ratio:0.5
Ridge       :1.0
Kernel      :SGNK
k           :4
L           :1
Seed        :5
The 1th Iteration:
--------------------------------------------------
The 2th Iteration:
--------------------------------------------------
The 3th Iteration:
--------------------------------------------------
The 4th Iteration:
--------------------------------------------------
The 5th Iteration:
--------------------------------------------------
[[  1.          23.9         10.852491     0.2943771 ]
 [  2.          33.350002    13.317752     0.30219123]
 [  3.          42.375       12.728843     0.30738583]
 [  4.          48.025       12.651705     0.31214055]
 [  5.          52.55         5.874734     0.31715718]
 [  6.          54.275        5.558214     0.3234542 ]
 [  7.          55.375        5.5078073    0.32837057]
 [  8.          57.350002     4.6118054    0.33503228]
 [  9.          58.825        3.7516663    0.34039694]
 [ 10.          59.725002     4.270539     0.34656677]
 [ 11.          60.600002     4.459365     0.35367066]
 [ 12.          61.55         4.0722       0.36071548]
 [ 13.          62.95         3.9534392    0.36649546]
 [ 14.          63.875        4.3454356    0.37288222]
 [ 15.          64.450005     4.268893     0.37752494]
 [ 16.          65.05         4.2496333    0.38302237]
 [ 17.          65.425        4.266145     0.38789305]
 [ 18.          65.950005     4.160453     0.39512473]
 [ 19.          66.25         4.0964923    0.40154967]
 [ 20.          66.8          3.9017224    0.40778342]
 [ 21.          67.05         3.8248785    0.4143932 ]
 [ 22.          67.5          3.975512     0.41917548]
 [ 23.          67.825005     3.893704     0.42490545]
 [ 24.          68.575005     3.5724642    0.4315446 ]
 [ 25.          69.05         3.4239511    0.43653226]
 [ 26.          69.4          3.3708317    0.44120166]
 [ 27.          69.825005     3.0447195    0.4473785 ]
 [ 28.          70.25         2.8159707    0.4523966 ]
 [ 29.          70.775        2.717708     0.45828506]
 [ 30.          71.1          2.6166534    0.46497533]
 [ 31.          71.6          2.6285696    0.47056767]
 [ 32.          72.           2.592055     0.47758698]
 [ 33.          72.25         2.6531227    0.4837102 ]
 [ 34.          72.55         2.3940022    0.48928338]
 [ 35.          72.975        2.3055632    0.4976503 ]
 [ 36.          73.225        2.2987769    0.50667155]
 [ 37.          73.675        2.3328488    0.51274234]
 [ 38.          73.85         2.3241267    0.5181207 ]
 [ 39.          74.           2.308273     0.5239977 ]
 [ 40.          74.3          2.3395379    0.5305336 ]
 [ 41.          74.625        2.1341715    0.5396601 ]
 [ 42.          74.975        1.9068141    0.5463252 ]
 [ 43.          75.25         2.0634468    0.55269337]
 [ 44.          75.55         1.969693     0.5582533 ]
 [ 45.          75.825005     1.9051739    0.56496286]
 [ 46.          76.025        1.8506763    0.5704748 ]
 [ 47.          76.35         1.6187373    0.57504594]
 [ 48.          76.575005     1.4620198    0.5802907 ]
 [ 49.          76.925        1.1878283    0.5851552 ]
 [ 50.          77.075005     0.98663014   0.5910994 ]
 [ 51.          77.375        0.81490105   0.5960302 ]
 [ 52.          78.1          0.8987839    0.60097927]
 [ 53.          78.425        0.6823672    0.60585016]
 [ 54.          78.8          0.73207754   0.6106345 ]
 [ 55.          78.950005     0.4643535    0.616129  ]
 [ 56.          78.9          0.47103608   0.6221561 ]
 [ 57.          78.875        0.293151     0.62835896]
 [ 58.          78.950005     0.14252071   0.6349034 ]
 [ 59.          78.975        0.16298133   0.6413376 ]
 [ 60.          79.025        0.10458129   0.6477179 ]
 [ 61.          79.075005     0.11180397   0.65393543]
 [ 62.          79.1          0.18540497   0.6612348 ]
 [ 63.          78.975        0.20539597   0.66690767]
 [ 64.          79.075005     0.24366985   0.6713303 ]
 [ 65.          79.075005     0.16770509   0.6759583 ]
 [ 66.          79.025        0.3235545    0.68160623]
 [ 67.          78.925        0.30103987   0.6864607 ]
 [ 68.          78.85         0.7037847    0.69394046]
 [ 69.          79.           0.2338536    0.7023248 ]
 [ 70.          79.15         0.7675041    0.7083767 ]
 [ 71.          78.775        0.83572596   0.71335167]
 [ 72.          78.700005     0.6766185    0.7180446 ]
 [ 73.          79.1          0.74686897   0.72281694]
 [ 74.          79.1          0.7675036    0.7276364 ]
 [ 75.          79.725        1.0767428    0.7327896 ]
 [ 76.          81.35         1.6941997    0.7376026 ]
 [ 77.          81.950005     2.7607753    0.74225366]
 [ 78.          81.425        1.3767035    0.74771947]
 [ 79.          78.9          3.2251444    0.7554718 ]
 [ 80.          80.175        3.1094613    0.7603867 ]
 [ 81.          80.075005     5.7693973    0.7650979 ]
 [ 82.          84.8          1.3595722    0.7705798 ]
 [ 83.          82.675        5.333121     0.77578664]
 [ 84.          81.4          4.029577     0.7823648 ]
 [ 85.          80.85         1.4208261    0.7891528 ]
 [ 86.          81.75         2.9869509    0.798402  ]
 [ 87.          84.825005     2.1443968    0.80318403]
 [ 88.          84.9          2.5161977    0.80775356]
 [ 89.          85.275        0.79745674   0.81262535]
 [ 90.          84.55         1.9617437    0.81885   ]
 [ 91.          84.3          2.725172     0.82427925]
 [ 92.          84.4          2.4928021    0.82906246]
 [ 93.          85.1          1.9712775    0.8346905 ]
 [ 94.          85.85         1.67332      0.841757  ]
 [ 95.          87.025        1.0284996    0.8501644 ]
 [ 96.          86.950005     1.2106295    0.8553357 ]
 [ 97.          86.375        1.5309306    0.86121625]
 [ 98.          86.075005     0.78858936   0.8673334 ]
 [ 99.          87.275        1.3618696    0.8723267 ]
 [100.          87.325005     1.3681649    0.87865764]
 [101.          87.225        2.872825     0.8842539 ]
 [102.          86.125        3.3201556    0.8891571 ]
 [103.          86.950005     4.263398     0.89419574]
 [104.          87.975        1.0982932    0.90068865]
 [105.          86.450005     4.867462     0.9063203 ]
 [106.          87.3          2.0417516    0.91462725]
 [107.          87.375        1.6955832    0.92056865]
 [108.          86.5          2.5403004    0.92542523]
 [109.          86.175        2.448852     0.9301807 ]
 [110.          85.525        3.931444     0.93740636]
 [111.          88.225        1.6163236    0.9444637 ]
 [112.          87.675        2.1876786    0.94988567]
 [113.          87.3          2.710801     0.95695555]
 [114.          88.200005     1.755794     0.961936  ]
 [115.          87.825005     1.8405162    0.96702844]
 [116.          88.525        0.5405435    0.97216   ]
 [117.          87.3          1.6900437    0.980007  ]
 [118.          87.625        2.402798     0.9850178 ]
 [119.          87.725        1.6450684    0.99105704]
 [120.          87.25         1.767767     0.99802554]
 [121.          86.85         4.208807     1.0060033 ]
 [122.          88.4          1.7216452    1.0120276 ]
 [123.          88.4          1.9393135    1.0172504 ]
 [124.          89.05         0.84131575   1.0250394 ]
 [125.          86.65         3.4622972    1.0307478 ]
 [126.          89.375        0.36443448   1.0369276 ]
 [127.          88.35         1.0658029    1.0423174 ]
 [128.          89.05         0.8953002    1.0473746 ]
 [129.          88.4          1.6331519    1.0520512 ]
 [130.          88.925        0.59686565   1.0564715 ]
 [131.          88.9          0.7310097    1.0612038 ]
 [132.          88.55         1.174601     1.0659014 ]
 [133.          88.375        0.667318     1.0711752 ]
 [134.          89.3          0.4558646    1.0776588 ]
 [135.          88.1          1.7597933    1.0847533 ]
 [136.          88.675        0.58363175   1.0932242 ]
 [137.          88.25         1.4657552    1.0999517 ]
 [138.          88.525        1.0982941    1.1058747 ]
 [139.          89.175        0.7213269    1.1115326 ]
 [140.          88.425        1.306833     1.1186025 ]
 [141.          88.475        0.9976535    1.1230662 ]
 [142.          88.625        1.2151384    1.1296958 ]
 [143.          88.450005     1.0330478    1.1376652 ]
 [144.          88.975        0.72564626   1.1427739 ]
 [145.          89.025        1.1504076    1.148777  ]
 [146.          86.925        3.2047336    1.1532573 ]
 [147.          88.55         0.59686804   1.1585283 ]
 [148.          87.25         1.8791609    1.1631068 ]
 [149.          85.375        2.9141352    1.1676857 ]
 [150.          89.3          0.54198706   1.1737453 ]
 [151.          86.275        4.3655257    1.1783831 ]
 [152.          88.5          1.0420836    1.1831883 ]
 [153.          88.6          0.93290544   1.1878202 ]
 [154.          87.875        2.2150056    1.1938357 ]
 [155.          88.5          1.568738     1.1984224 ]
 [156.          88.           1.6369755    1.2031075 ]
 [157.          87.175        2.9693754    1.210117  ]
 [158.          89.125        0.72349006   1.2173493 ]
 [159.          88.875        1.5761907    1.2222898 ]
 [160.          88.35         1.7464238    1.2279155 ]
 [161.          88.175        1.2487494    1.2326239 ]
 [162.          88.4          2.112832     1.2376425 ]
 [163.          87.875        2.8668356    1.2439193 ]
 [164.          89.200005     0.603376     1.2506726 ]
 [165.          87.700005     2.1769383    1.2566481 ]
 [166.          88.35         1.5268425    1.2628787 ]
 [167.          89.           0.8338545    1.2676426 ]
 [168.          89.125        1.2119197    1.2724241 ]
 [169.          89.475        0.94538456   1.2772716 ]
 [170.          88.05         2.4456587    1.2849368 ]
 [171.          89.175        0.59028596   1.2906595 ]
 [172.          88.05         2.2648814    1.2968638 ]
 [173.          88.125        2.0672295    1.3030599 ]
 [174.          88.375        1.7161924    1.3088343 ]
 [175.          86.75         4.1145697    1.3166983 ]
 [176.          89.025        0.47103736   1.3229457 ]
 [177.          87.325005     2.115051     1.3283914 ]
 [178.          89.575005     1.059186     1.3341076 ]
 [179.          88.25         2.3815691    1.3392441 ]
 [180.          87.55         1.4485978    1.344042  ]
 [181.          89.05         0.5046663    1.3488089 ]
 [182.          88.450005     1.4911206    1.3534459 ]
 [183.          88.3          1.6992654    1.3583324 ]
 [184.          88.55         1.0101053    1.3628237 ]
 [185.          88.1          1.9870676    1.3685448 ]
 [186.          88.625        0.44194174   1.3747984 ]
 [187.          89.75         0.40504628   1.3810552 ]
 [188.          88.85         1.4774344    1.3865302 ]
 [189.          88.975        0.37914243   1.3920726 ]
 [190.          88.200005     1.3187345    1.3968347 ]
 [191.          88.35         1.2164241    1.4015533 ]
 [192.          89.5          0.49212533   1.4078454 ]
 [193.          88.025        3.6286612    1.4160198 ]
 [194.          89.200005     1.220271     1.4246683 ]
 [195.          88.65         1.0658036    1.4294178 ]
 [196.          88.425        0.9125857    1.4338983 ]
 [197.          89.200005     1.2202716    1.4397312 ]
 [198.          88.700005     0.90398425   1.4442124 ]
 [199.          88.6          0.8856495    1.4493812 ]
 [200.          88.85         1.1706035    1.4553639 ]]
The best results: 
Epoch: 187  89.75±0.41  1.381s
--------------- Train Done! ----------------
--------------- Save Done! ----------------
