Using cuda:0 device
Dataset     :Photo
Epochs      :200
LR X_s      :0.01
Learn A_s   :0
LR A_s      :0.01
Conden ratio:0.5
Ridge       :0.5
Kernel      :SGNK
k           :1
L           :1
Seed        :5
The 1th Iteration:
--------------------------------------------------
The 2th Iteration:
--------------------------------------------------
The 3th Iteration:
--------------------------------------------------
The 4th Iteration:
--------------------------------------------------
The 5th Iteration:
--------------------------------------------------
[[  1.          32.350002     5.934144     0.37701035]
 [  2.          48.125        9.680441     0.3858098 ]
 [  3.          55.100002     7.562965     0.39645788]
 [  4.          61.625        3.943943     0.4038709 ]
 [  5.          65.475        4.9760356    0.40995246]
 [  6.          67.225        5.107745     0.41999918]
 [  7.          68.525        5.7230344    0.42867574]
 [  8.          69.325005     5.680009     0.442329  ]
 [  9.          69.925        5.78157      0.45293388]
 [ 10.          70.325005     5.582198     0.4599865 ]
 [ 11.          70.700005     5.293421     0.46662042]
 [ 12.          71.175        5.192843     0.4763143 ]
 [ 13.          71.725        5.050835     0.49028012]
 [ 14.          72.225        4.6790757    0.50021166]
 [ 15.          72.700005     4.415526     0.50921744]
 [ 16.          73.425        3.8766117    0.52096885]
 [ 17.          73.775        3.646917     0.53316385]
 [ 18.          74.225        3.1004024    0.5445695 ]
 [ 19.          74.65         2.8755426    0.5546632 ]
 [ 20.          75.025        2.7032974    0.56530684]
 [ 21.          75.3          2.5702634    0.5747206 ]
 [ 22.          75.825005     2.0927696    0.58299977]
 [ 23.          76.1          1.8695755    0.58941203]
 [ 24.          76.55         1.2735292    0.5991246 ]
 [ 25.          76.975        0.94950646   0.60734177]
 [ 26.          77.3          0.74267226   0.61397713]
 [ 27.          77.625        0.5153882    0.62148964]
 [ 28.          77.700005     0.48893982   0.6363887 ]
 [ 29.          77.85         0.45414728   0.6492657 ]
 [ 30.          77.975        0.34686092   0.6557695 ]
 [ 31.          78.1          0.4454635    0.6633743 ]
 [ 32.          78.25         0.4506939    0.6725761 ]
 [ 33.          78.375        0.36443448   0.6827502 ]
 [ 34.          78.575005     0.37080994   0.6945192 ]
 [ 35.          78.75         0.38527587   0.70135343]
 [ 36.          78.8          0.4808846    0.7097193 ]
 [ 37.          78.975        0.38931027   0.71871555]
 [ 38.          79.05         0.4472132    0.7287487 ]
 [ 39.          79.200005     0.48893923   0.7411238 ]
 [ 40.          79.15         0.4454624    0.75237083]
 [ 41.          79.4          0.68122137   0.76376647]
 [ 42.          79.65         0.75725746   0.7722339 ]
 [ 43.          80.175        1.0480638    0.78236264]
 [ 44.          80.475        1.2196299    0.7920091 ]
 [ 45.          80.8          1.5476785    0.80452746]
 [ 46.          81.225        1.6521766    0.81430227]
 [ 47.          81.825005     1.4158689    0.82774323]
 [ 48.          82.425        1.4911184    0.8342725 ]
 [ 49.          82.775        1.4208261    0.8418793 ]
 [ 50.          83.175        1.3767046    0.84869593]
 [ 51.          83.575005     1.3595725    0.85867804]
 [ 52.          84.1          1.3732933    0.86716956]
 [ 53.          84.700005     1.1679299    0.87274265]
 [ 54.          85.25         1.0000011    0.8798892 ]
 [ 55.          85.8          0.7735874    0.8879002 ]
 [ 56.          86.4          0.7310105    0.8938141 ]
 [ 57.          86.975        0.57554233   0.9023016 ]
 [ 58.          87.4          0.31124708   0.9102556 ]
 [ 59.          87.725        0.05590113   0.9179679 ]
 [ 60.          88.125        0.08838835   0.9249081 ]
 [ 61.          88.375        0.08838835   0.9346408 ]
 [ 62.          88.6          0.16298006   0.942192  ]
 [ 63.          88.8          0.42939025   0.9495945 ]
 [ 64.          89.525        0.38931027   0.95830727]
 [ 65.          89.8          0.20916623   0.9647404 ]
 [ 66.          90.1          0.54054457   0.9761225 ]
 [ 67.          88.700005     0.6766184    0.98284453]
 [ 68.          89.725        1.115937     0.9902232 ]
 [ 69.          89.6          0.34686014   1.0005683 ]
 [ 70.          89.975        0.8900501    1.0121439 ]
 [ 71.          88.625        0.49212486   1.0223184 ]
 [ 72.          88.975        0.93290544   1.0314299 ]
 [ 73.          89.825005     0.6161875    1.04065   ]
 [ 74.          89.700005     0.69933116   1.0550684 ]
 [ 75.          88.9          1.0803645    1.0733503 ]
 [ 76.          88.675        0.9706625    1.0846955 ]
 [ 77.          89.15         1.6872672    1.093316  ]
 [ 78.          89.450005     0.76342034   1.1088672 ]
 [ 79.          88.35         2.6374695    1.1231693 ]
 [ 80.          89.65         1.1367443    1.1344193 ]
 [ 81.          88.9          1.6521773    1.1412352 ]
 [ 82.          89.700005     0.4293887    1.1488667 ]
 [ 83.          87.975        3.1279995    1.1552674 ]
 [ 84.          89.075005     1.2361741    1.1623812 ]
 [ 85.          89.975        1.1435959    1.1725    ]
 [ 86.          88.55         1.6479154    1.1790441 ]
 [ 87.          89.525        0.9576997    1.1885716 ]
 [ 88.          89.35         0.54054374   1.1977619 ]
 [ 89.          89.675        0.53472996   1.2040205 ]
 [ 90.          90.25         1.7432907    1.2087144 ]
 [ 91.          89.55         1.957757     1.214757  ]
 [ 92.          89.675        1.1201284    1.2216605 ]
 [ 93.          91.025        0.56180507   1.2308233 ]
 [ 94.          90.925        0.6410445    1.2418987 ]
 [ 95.          89.875        1.0155045    1.2515379 ]
 [ 96.          90.35         0.64590144   1.2665457 ]
 [ 97.          90.85         0.83572596   1.2778007 ]
 [ 98.          91.3          0.6349225    1.2893317 ]
 [ 99.          90.25         1.1989579    1.2978379 ]
 [100.          90.15         0.8900482    1.3036641 ]
 [101.          90.3          0.77862054   1.3101532 ]
 [102.          90.525        1.1706035    1.3189224 ]
 [103.          90.55         0.7213269    1.327586  ]
 [104.          90.875        0.61871755   1.339579  ]
 [105.          90.375        1.7184652    1.3487424 ]
 [106.          90.35         0.76750344   1.3581033 ]
 [107.          90.8          0.25920576   1.3703362 ]
 [108.          89.475        1.5697345    1.3800846 ]
 [109.          90.1          0.6925958    1.3869164 ]
 [110.          89.9          1.1772585    1.3949503 ]
 [111.          90.200005     0.8687281    1.4021763 ]
 [112.          90.200005     0.33773142   1.4136342 ]
 [113.          90.675        1.0101064    1.4261779 ]
 [114.          90.1          0.8263247    1.4417307 ]
 [115.          91.275        0.58229077   1.4563833 ]
 [116.          90.6          0.5108216    1.4682925 ]
 [117.          90.175        1.3275906    1.4804329 ]
 [118.          90.675        1.0480635    1.4905798 ]
 [119.          90.675        0.55621487   1.4978456 ]
 [120.          89.85         2.109132     1.5069155 ]
 [121.          89.825005     0.62249464   1.5186532 ]
 [122.          90.725        0.4088857    1.5294843 ]
 [123.          90.375        1.5385671    1.5384632 ]
 [124.          90.75         0.72886896   1.5460733 ]
 [125.          91.           0.3644343    1.5536261 ]
 [126.          90.575005     0.7786197    1.5620348 ]
 [127.          90.425        0.22707385   1.5706949 ]
 [128.          90.05         0.7935283    1.5779419 ]
 [129.          90.85         0.45414853   1.5887827 ]
 [130.          91.075005     0.2592065    1.5948372 ]
 [131.          90.55         0.64104486   1.6021242 ]
 [132.          90.450005     0.54914707   1.6089367 ]
 [133.          89.575005     1.6691122    1.6192585 ]
 [134.          90.275        1.0947318    1.6326131 ]
 [135.          90.75         0.5          1.6400505 ]
 [136.          89.575005     2.7819166    1.6510254 ]
 [137.          89.950005     0.6410441    1.6628052 ]
 [138.          90.275        0.5031162    1.6752701 ]
 [139.          91.125        0.625        1.6834879 ]
 [140.          89.375        3.3272083    1.6958195 ]
 [141.          90.55         0.32596013   1.7141749 ]
 [142.          90.225        0.31124663   1.7228292 ]
 [143.          90.175        0.2877716    1.7332455 ]
 [144.          89.950005     1.2138525    1.7391423 ]
 [145.          89.85         2.1165268    1.7474276 ]
 [146.          90.375        0.53032994   1.7536343 ]
 [147.          90.35         0.24044277   1.7607968 ]
 [148.          89.925        1.2298374    1.7674687 ]
 [149.          90.15         0.93290544   1.7736105 ]
 [150.          89.675        0.8642193    1.7835053 ]
 [151.          89.525        1.0658036    1.7919858 ]
 [152.          89.925        0.79352766   1.8019806 ]
 [153.          90.125        0.8244321    1.809953  ]
 [154.          90.3          0.5199159    1.8162743 ]
 [155.          89.875        2.3251345    1.8250868 ]
 [156.          89.3          2.4376602    1.8353752 ]
 [157.          89.625        1.2593393    1.8452752 ]
 [158.          90.1          0.5955565    1.8546658 ]
 [159.          89.575005     1.8127165    1.8632193 ]
 [160.          89.85         2.1549363    1.8683176 ]
 [161.          90.025        1.8165911    1.8748196 ]
 [162.          89.525        1.6709828    1.8824444 ]
 [163.          89.8          1.0101045    1.8930515 ]
 [164.          88.6          2.2051091    1.9057579 ]
 [165.          88.225        3.5940478    1.9138068 ]
 [166.          89.6          2.6873546    1.9253391 ]
 [167.          90.15         1.34455      1.9320616 ]
 [168.          90.425        0.78362054   1.9390901 ]
 [169.          89.700005     1.2704563    1.9454033 ]
 [170.          89.275        1.8443326    1.9535608 ]
 [171.          89.65         1.9109055    1.9616021 ]
 [172.          90.025        0.79745597   1.9703945 ]
 [173.          89.8          1.5900079    1.9779695 ]
 [174.          90.35         1.2512493    1.9856316 ]
 [175.          90.425        0.5768995    1.9976101 ]
 [176.          90.225        0.44546372   2.009739  ]
 [177.          90.35         0.5955565    2.0222583 ]
 [178.          90.200005     0.9945165    2.0340345 ]
 [179.          90.55         0.2436709    2.0403848 ]
 [180.          90.6          0.20539464   2.0504074 ]
 [181.          90.450005     0.7735874    2.059549  ]
 [182.          90.4          0.5618049    2.0688195 ]
 [183.          90.575005     0.4726908    2.074092  ]
 [184.          90.675        0.4201934    2.079332  ]
 [185.          90.35         0.8450222    2.0856369 ]
 [186.          88.4          4.5064187    2.0946736 ]
 [187.          88.15         4.6388307    2.1057458 ]
 [188.          86.725        7.963981     2.1131885 ]
 [189.          85.775       10.643514     2.1259327 ]
 [190.          88.55         4.841713     2.1379087 ]
 [191.          89.450005     2.9309762    2.1485527 ]
 [192.          89.475        2.380585     2.1570318 ]
 [193.          90.15         0.69259477   2.1647604 ]
 [194.          89.925        1.2393295    2.1731956 ]
 [195.          90.05         0.9420718    2.1815841 ]
 [196.          90.225        0.9160035    2.1891673 ]
 [197.          90.525        0.44546324   2.1957412 ]
 [198.          90.625        0.6373788    2.204159  ]
 [199.          90.375        0.79549515   2.2152257 ]
 [200.          90.450005     0.81777024   2.2285721 ]]
The best results: 
Epoch: 98  91.30±0.63  1.289s
--------------- Train Done! ----------------
--------------- Save Done! ----------------
