Using cuda:0 device
Dataset     :Photo
Epochs      :200
LR X_s      :0.01
Learn A_s   :1
LR A_s      :0.01
Conden ratio:0.5
Ridge       :0.01
Kernel      :SGNK
k           :2
L           :1
Seed        :5
The 1th Iteration:
--------------------------------------------------
The 2th Iteration:
--------------------------------------------------
The 3th Iteration:
--------------------------------------------------
The 4th Iteration:
--------------------------------------------------
The 5th Iteration:
--------------------------------------------------
[[  1.          15.650001     3.9045243    0.22876644]
 [  2.          18.325        5.772781     0.23384833]
 [  3.          20.800001     5.2063665    0.23974834]
 [  4.          23.           5.3084545    0.24479608]
 [  5.          24.9          6.022354     0.25000173]
 [  6.          27.275        7.033069     0.25506505]
 [  7.          29.95         7.8165493    0.26146784]
 [  8.          31.           7.3127675    0.26636052]
 [  9.          33.275        7.52257      0.27139464]
 [ 10.          35.325        7.734662     0.276424  ]
 [ 11.          37.725002     9.5497875    0.2817009 ]
 [ 12.          40.475002    10.341588     0.28724843]
 [ 13.          42.100002    10.96778      0.29524812]
 [ 14.          43.725002    11.455553     0.30085588]
 [ 15.          44.425       12.40388      0.30636683]
 [ 16.          45.850002    12.964917     0.3123242 ]
 [ 17.          47.2         12.07192      0.31766936]
 [ 18.          48.100002    11.694484     0.3227244 ]
 [ 19.          48.95        12.142577     0.32909518]
 [ 20.          50.425       11.693548     0.3341093 ]
 [ 21.          51.05        11.807902     0.3405603 ]
 [ 22.          52.475002    12.03134      0.34750214]
 [ 23.          53.2         11.70223      0.35448226]
 [ 24.          53.350002    11.63991      0.35974503]
 [ 25.          54.          11.474496     0.36504528]
 [ 26.          55.4          9.608508     0.37019953]
 [ 27.          56.100002    10.532464     0.37559733]
 [ 28.          56.375       10.090605     0.38135338]
 [ 29.          56.875       10.797135     0.38728163]
 [ 30.          58.          10.834335     0.39239264]
 [ 31.          59.325       10.451002     0.3988733 ]
 [ 32.          60.275       10.461014     0.40454027]
 [ 33.          60.775       10.240621     0.4107533 ]
 [ 34.          62.05         9.617936     0.41601214]
 [ 35.          62.7          9.906043     0.4214135 ]
 [ 36.          63.850002     9.473401     0.42693377]
 [ 37.          64.625        9.199184     0.43296   ]
 [ 38.          65.4          8.894082     0.43994522]
 [ 39.          66.175        8.667738     0.44667354]
 [ 40.          67.625        8.065649     0.45348907]
 [ 41.          68.5          7.7298126    0.46046305]
 [ 42.          68.875        7.2526937    0.46632352]
 [ 43.          70.025        6.416166     0.4723961 ]
 [ 44.          71.425        5.0432506    0.47870064]
 [ 45.          72.05         5.065663     0.48594722]
 [ 46.          73.075005     4.439348     0.49367   ]
 [ 47.          73.85         3.8764112    0.5002964 ]
 [ 48.          74.25         4.1240525    0.5064776 ]
 [ 49.          75.           3.3830926    0.5135472 ]
 [ 50.          75.575005     3.5637054    0.5201928 ]
 [ 51.          76.           2.8790731    0.52688056]
 [ 52.          76.275        2.4131796    0.5340136 ]
 [ 53.          76.975        1.8527848    0.5406231 ]
 [ 54.          77.35         1.7862321    0.547882  ]
 [ 55.          77.475        1.67332      0.5547463 ]
 [ 56.          77.825005     1.51709      0.56219935]
 [ 57.          78.575005     1.9716744    0.5692681 ]
 [ 58.          78.75         2.1360009    0.5765687 ]
 [ 59.          79.700005     2.402147     0.58382255]
 [ 60.          80.025        2.238513     0.5896919 ]
 [ 61.          80.4          2.125736     0.5971893 ]
 [ 62.          81.35         1.5036405    0.60384995]
 [ 63.          81.700005     1.5067561    0.6102111 ]
 [ 64.          82.35         1.5471748    0.61667955]
 [ 65.          82.775        1.4014506    0.62182724]
 [ 66.          83.375        1.1490484    0.62708634]
 [ 67.          83.35         0.8215838    0.6321091 ]
 [ 68.          83.125        1.1388034    0.63725126]
 [ 69.          82.25         1.7544578    0.64351517]
 [ 70.          82.025        2.3458734    0.6515437 ]
 [ 71.          82.375        2.2844584    0.6578833 ]
 [ 72.          82.8          2.4504454    0.6652712 ]
 [ 73.          82.725        1.7056897    0.67115384]
 [ 74.          83.225        0.87678486   0.6771247 ]
 [ 75.          84.1          0.6925937    0.68236125]
 [ 76.          83.475        1.3647344    0.6882601 ]
 [ 77.          83.950005     1.5375508    0.69373196]
 [ 78.          84.375        2.2482631    0.7001299 ]
 [ 79.          84.6          2.2051075    0.70578784]
 [ 80.          84.575005     2.6199353    0.7117751 ]
 [ 81.          85.1          2.638951     0.7176052 ]
 [ 82.          85.475        2.324126     0.7234753 ]
 [ 83.          85.8          2.496247     0.72954696]
 [ 84.          85.875        1.665364     0.7358241 ]
 [ 85.          85.525        1.3986601    0.74210894]
 [ 86.          85.675        1.832007     0.74842423]
 [ 87.          85.425        2.7394676    0.7552305 ]
 [ 88.          84.950005     2.536606     0.76193446]
 [ 89.          84.775        2.4066963    0.76870376]
 [ 90.          84.25         2.7099354    0.77597994]
 [ 91.          83.85         2.9572475    0.78312343]
 [ 92.          83.05         3.7527072    0.79027367]
 [ 93.          83.3          3.8533678    0.7966188 ]
 [ 94.          84.85         2.3173943    0.8033962 ]
 [ 95.          86.175        2.062689     0.81050676]
 [ 96.          85.875        2.0596576    0.8169468 ]
 [ 97.          85.200005     3.0766256    0.8250934 ]
 [ 98.          84.25         4.0802503    0.8322897 ]
 [ 99.          83.4          4.047954     0.83914083]
 [100.          83.85         4.4541063    0.8471691 ]
 [101.          84.025        4.6581573    0.8562185 ]
 [102.          84.65         3.8582299    0.86480933]
 [103.          86.450005     2.905545     0.8725762 ]
 [104.          86.15         3.4441981    0.8811291 ]
 [105.          85.5          3.5597568    0.8902708 ]
 [106.          85.5          3.3130896    0.89973015]
 [107.          84.975        3.1342375    0.9075009 ]
 [108.          85.1          3.0547094    0.91512823]
 [109.          85.3          3.1344864    0.92106724]
 [110.          85.425        3.4033527    0.9283989 ]
 [111.          85.15         3.0444622    0.9362893 ]
 [112.          84.05         4.0433197    0.94247705]
 [113.          83.5          4.841229     0.9486174 ]
 [114.          82.975        4.336797     0.95458186]
 [115.          83.275        3.49598      0.96066153]
 [116.          83.3          3.0111768    0.9666025 ]
 [117.          83.1          3.1836991    0.9748785 ]
 [118.          83.425        2.87853      0.98072416]
 [119.          83.375        2.6678064    0.9863481 ]
 [120.          84.1          3.0186918    0.9917623 ]
 [121.          84.           2.0348523    0.99750346]
 [122.          84.275        2.1476731    1.0032624 ]
 [123.          84.575005     3.384938     1.0084593 ]
 [124.          84.625        3.594701     1.0148767 ]
 [125.          84.05         4.241351     1.0211983 ]
 [126.          84.15         3.5831642    1.0276004 ]
 [127.          85.175        2.3923707    1.033479  ]
 [128.          85.55         2.7323296    1.039876  ]
 [129.          85.85         2.9240384    1.046945  ]
 [130.          85.8          3.7013516    1.0529498 ]
 [131.          85.450005     4.11514      1.0587412 ]
 [132.          85.65         4.0691285    1.0641699 ]
 [133.          85.950005     3.2591224    1.0698178 ]
 [134.          86.125        3.221024     1.0762728 ]
 [135.          86.475        3.1342356    1.083073  ]
 [136.          86.425        2.7931278    1.0891756 ]
 [137.          86.325005     2.8730974    1.0955381 ]
 [138.          86.700005     2.790329     1.1008614 ]
 [139.          87.55         1.8866307    1.1067185 ]
 [140.          87.775        1.3874444    1.1133906 ]
 [141.          88.1          1.3445492    1.1195992 ]
 [142.          88.075005     1.2330108    1.1250871 ]
 [143.          87.85         1.1805707    1.1313368 ]
 [144.          87.35         1.2574776    1.1370188 ]
 [145.          86.475        1.8400906    1.1432647 ]
 [146.          85.775        2.842753     1.1506275 ]
 [147.          85.9          3.2910864    1.1577202 ]
 [148.          85.8          3.1778038    1.163455  ]
 [149.          86.200005     3.1679559    1.1688652 ]
 [150.          87.075005     2.440864     1.174571  ]
 [151.          87.75         2.2997956    1.1812649 ]
 [152.          88.           2.527968     1.1874326 ]
 [153.          87.925        2.2889004    1.1932545 ]
 [154.          87.925        2.024459     1.1998593 ]
 [155.          87.675        2.6963508    1.2063576 ]
 [156.          87.325005     3.1642535    1.2129501 ]
 [157.          86.875        3.4764843    1.2199186 ]
 [158.          86.4          3.5722446    1.2274135 ]
 [159.          86.775        3.3123822    1.2356474 ]
 [160.          86.975        3.232405     1.2416523 ]
 [161.          87.15         2.4928021    1.2476429 ]
 [162.          87.325005     1.5602484    1.2554245 ]
 [163.          87.4          2.1944525    1.2611321 ]
 [164.          86.825005     3.0007806    1.267217  ]
 [165.          86.35         3.2432613    1.2726297 ]
 [166.          86.525        3.13299      1.2788709 ]
 [167.          86.85         3.1417062    1.2845935 ]
 [168.          87.           2.7992744    1.290067  ]
 [169.          87.           2.1120932    1.2965443 ]
 [170.          87.55         1.8040752    1.3022759 ]
 [171.          87.25         1.9744473    1.3077703 ]
 [172.          87.15         2.0260038    1.3137021 ]
 [173.          87.15         2.4928021    1.3186541 ]
 [174.          87.025        2.7661457    1.3238326 ]
 [175.          87.075005     2.4915483    1.329304  ]
 [176.          87.35         2.4357367    1.3351631 ]
 [177.          87.65         2.0085754    1.3402283 ]
 [178.          87.625        1.9545629    1.3461021 ]
 [179.          87.025        2.8687444    1.3519497 ]
 [180.          86.425        3.0215385    1.3584799 ]
 [181.          86.450005     3.5658975    1.3637307 ]
 [182.          86.1          4.051812     1.3693023 ]
 [183.          86.725        2.5790625    1.37487   ]
 [184.          87.725        1.5139977    1.3797897 ]
 [185.          88.225        1.6941997    1.3847156 ]
 [186.          88.175        1.650284     1.3897837 ]
 [187.          88.075005     1.5677413    1.3948504 ]
 [188.          87.950005     1.3422229    1.3998213 ]
 [189.          87.700005     0.9253378    1.4049063 ]
 [190.          87.575005     0.95443153   1.4102439 ]
 [191.          87.025        1.4097886    1.4162253 ]
 [192.          86.875        1.6932771    1.4212688 ]
 [193.          86.9          1.7216452    1.4273579 ]
 [194.          86.15         2.5084221    1.4333037 ]
 [195.          86.1          2.9677968    1.4394543 ]
 [196.          86.325005     2.5687413    1.4453369 ]
 [197.          87.125        1.9882467    1.4507064 ]
 [198.          87.675        1.3823667    1.4565324 ]
 [199.          87.825005     1.0628667    1.4622439 ]
 [200.          87.675        1.3880063    1.4677765 ]]
The best results: 
Epoch: 185  88.22±1.69  1.385s
--------------- Train Done! ----------------
