Using cuda:0 device
Dataset     :Photo
Epochs      :200
LR X_s      :0.01
Learn A_s   :0
LR A_s      :0.01
Conden ratio:1.0
Ridge       :0.001
Kernel      :SGNK
k           :2
L           :1
Seed        :5
The 1th Iteration:
--------------------------------------------------
The 2th Iteration:
--------------------------------------------------
The 3th Iteration:
--------------------------------------------------
The 4th Iteration:
--------------------------------------------------
The 5th Iteration:
--------------------------------------------------
[[  1.          62.4         10.051975     0.27548155]
 [  2.          69.925        6.3618736    0.281951  ]
 [  3.          71.625        3.6859102    0.28712493]
 [  4.          72.65         2.2104154    0.29368064]
 [  5.          75.200005     1.4832397    0.30027625]
 [  6.          77.825005     1.2642937    0.30693564]
 [  7.          79.3          0.8177703    0.31348974]
 [  8.          79.950005     0.563194     0.321959  ]
 [  9.          80.05         0.33773142   0.32901335]
 [ 10.          79.85         0.29843378   0.33788687]
 [ 11.          78.3          3.743328     0.34650597]
 [ 12.          66.700005    12.338519     0.35621968]
 [ 13.          74.275        6.411903     0.36652803]
 [ 14.          72.425        5.5216904    0.37551752]
 [ 15.          74.875        5.0690546    0.38341466]
 [ 16.          77.200005     2.9122581    0.39032274]
 [ 17.          78.85         1.7193749    0.39860806]
 [ 18.          80.175        1.2857391    0.4066792 ]
 [ 19.          81.275        2.3106415    0.41390753]
 [ 20.          82.5          3.3295546    0.42186424]
 [ 21.          82.525        2.625595     0.4322047 ]
 [ 22.          83.85         3.3708315    0.4431766 ]
 [ 23.          85.175        3.6116133    0.45267436]
 [ 24.          86.075005     4.4516497    0.45905003]
 [ 25.          86.275        4.1546283    0.4657359 ]
 [ 26.          87.3          3.644988     0.47476393]
 [ 27.          87.700005     2.5534909    0.48057738]
 [ 28.          89.3          2.1894634    0.4870007 ]
 [ 29.          87.925        2.1205835    0.49276972]
 [ 30.          88.15         4.9948406    0.4979218 ]
 [ 31.          89.275        1.193733     0.50505644]
 [ 32.          90.           1.3169568    0.51315004]
 [ 33.          89.525        1.6941997    0.51909035]
 [ 34.          89.4          2.077409     0.5263161 ]
 [ 35.          90.05         0.7426726    0.534186  ]
 [ 36.          90.5          0.89704376   0.54175466]
 [ 37.          90.15         1.7193749    0.5481711 ]
 [ 38.          90.525        0.2404423    0.55609745]
 [ 39.          90.675        0.7935289    0.5649182 ]
 [ 40.          90.525        1.7642286    0.5710819 ]
 [ 41.          90.4          1.2605798    0.5790155 ]
 [ 42.          90.675        1.6407877    0.58875436]
 [ 43.          89.25         2.4092925    0.59869903]
 [ 44.          88.875        4.2028627    0.6073318 ]
 [ 45.          91.075005     0.41079137   0.6158467 ]
 [ 46.          90.25         1.6583121    0.62646294]
 [ 47.          90.325005     1.9815544    0.63756937]
 [ 48.          90.175        3.5461247    0.64482456]
 [ 49.          91.15         0.44546297   0.65093917]
 [ 50.          90.525        0.44546324   0.6573584 ]
 [ 51.          90.475        0.9897929    0.6647717 ]
 [ 52.          90.450005     0.9945161    0.670716  ]
 [ 53.          91.125        1.0307754    0.67735964]
 [ 54.          91.325005     0.28777266   0.6840345 ]
 [ 55.          91.15         0.9738768    0.69050604]
 [ 56.          91.05         0.8319787    0.69844365]
 [ 57.          91.225        0.5332682    0.7100577 ]
 [ 58.          91.3          0.6287388    0.71698725]
 [ 59.          90.425        2.0871632    0.7252015 ]
 [ 60.          88.450005     4.47004      0.7329651 ]
 [ 61.          88.925        3.9927673    0.74225974]
 [ 62.          89.775        3.4948616    0.7514705 ]
 [ 63.          90.           2.3184047    0.76145244]
 [ 64.          90.175        1.52991      0.7696333 ]
 [ 65.          90.275        1.6663032    0.7797889 ]
 [ 66.          91.3          0.563194     0.789009  ]
 [ 67.          90.825005     1.504161     0.79700136]
 [ 68.          90.8          0.9082941    0.805459  ]
 [ 69.          90.625        1.026979     0.81732816]
 [ 70.          91.3          0.4726914    0.82655424]
 [ 71.          90.65         1.1537981    0.8369655 ]
 [ 72.          91.425        0.8081615    0.8440409 ]
 [ 73.          91.35         0.8263247    0.8512172 ]
 [ 74.          91.525        0.3235545    0.85948366]
 [ 75.          91.35         0.63982517   0.86752033]
 [ 76.          91.425        0.76852167   0.87640554]
 [ 77.          91.575005     0.7267225    0.88663286]
 [ 78.          91.325005     0.5902868    0.89793867]
 [ 79.          90.8          0.50466573   0.90734595]
 [ 80.          91.65         0.5889605    0.9161137 ]
 [ 81.          91.625        0.36443362   0.92149544]
 [ 82.          91.450005     0.22707385   0.929454  ]
 [ 83.          91.25         0.66143805   0.9363664 ]
 [ 84.          91.5          0.12499937   0.94464886]
 [ 85.          91.875        0.40504727   0.951557  ]
 [ 86.          90.975        1.3647344    0.9588478 ]
 [ 87.          90.475        2.4580863    0.96592635]
 [ 88.          91.3          1.9235375    0.97355807]
 [ 89.          89.475        4.2769365    0.98016167]
 [ 90.          91.225        0.8168155    0.9887369 ]
 [ 91.          91.375        0.5229125    0.9979703 ]
 [ 92.          91.225        2.075528     1.0075684 ]
 [ 93.          91.275        1.2035105    1.018466  ]
 [ 94.          91.375        1.2747546    1.0307269 ]
 [ 95.          91.65         0.5184117    1.0387522 ]
 [ 96.          91.675        0.420194     1.0453769 ]
 [ 97.          91.625        0.65550554   1.053661  ]
 [ 98.          90.8          1.7446356    1.0647221 ]
 [ 99.          90.625        1.5934436    1.0718282 ]
 [100.          90.950005     0.6590707    1.081488  ]
 [101.          91.65         0.62749505   1.08943   ]
 [102.          91.475        0.8023403    1.0962636 ]
 [103.          91.025        1.666301     1.1043196 ]
 [104.          91.200005     1.3509258    1.1133724 ]
 [105.          91.65         0.32355335   1.1187788 ]
 [106.          91.225        0.78262395   1.1241282 ]
 [107.          91.225        0.92449313   1.1311903 ]
 [108.          91.55         0.7320786    1.1385517 ]
 [109.          91.775        0.5955571    1.143821  ]
 [110.          91.65         0.6212389    1.1506205 ]
 [111.          91.725        0.44546318   1.1566571 ]
 [112.          91.775        0.27099398   1.1635873 ]
 [113.          91.75         0.5077527    1.1708716 ]
 [114.          91.425        0.8225342    1.1784165 ]
 [115.          91.425        0.43839195   1.183821  ]
 [116.          91.3          0.61618876   1.1892328 ]
 [117.          90.3          2.4899795    1.1945416 ]
 [118.          90.775        0.7875992    1.2000828 ]
 [119.          91.05         1.3451301    1.206336  ]
 [120.          92.05         0.28777167   1.2146071 ]
 [121.          91.200005     1.3681649    1.2257143 ]
 [122.          91.475        1.7125452    1.2354382 ]
 [123.          91.4          0.71479887   1.2421509 ]
 [124.          91.475        0.33540937   1.2477188 ]
 [125.          90.475        1.8187393    1.2548201 ]
 [126.          90.700005     0.7634216    1.2622981 ]
 [127.          90.925        1.2009102    1.2683725 ]
 [128.          90.950005     1.7690918    1.2758973 ]
 [129.          90.9          1.5062371    1.2821234 ]
 [130.          91.25         1.1956954    1.2874883 ]
 [131.          91.275        0.8168168    1.2926714 ]
 [132.          90.65         1.775265     1.2978332 ]
 [133.          91.55         0.45586458   1.3032398 ]
 [134.          91.675        0.42938912   1.3084427 ]
 [135.          91.6          0.45414755   1.3147665 ]
 [136.          91.1          0.7675033    1.3219187 ]
 [137.          91.25         0.27950907   1.3283867 ]
 [138.          91.25         0.5519849    1.3350695 ]
 [139.          90.55         1.448599     1.3409989 ]
 [140.          89.875        2.343541     1.346962  ]
 [141.          88.450005     4.3053393    1.3521746 ]
 [142.          89.725        2.408319     1.3573487 ]
 [143.          90.75         1.6747192    1.3634647 ]
 [144.          91.           1.5461646    1.3722174 ]
 [145.          90.700005     1.4075688    1.385333  ]
 [146.          90.825005     2.0796633    1.3963908 ]
 [147.          90.950005     2.176938     1.4070492 ]
 [148.          91.           1.5637504    1.4139128 ]
 [149.          91.275        1.2099838    1.4211532 ]
 [150.          91.425        0.8081615    1.4272493 ]
 [151.          91.55         1.0554925    1.4349478 ]
 [152.          91.575005     0.82253516   1.4439682 ]
 [153.          91.35         0.7875992    1.4530752 ]
 [154.          91.275        1.0285001    1.459578  ]
 [155.          91.325005     0.91685605   1.4655933 ]
 [156.          91.275        0.55480856   1.4724987 ]
 [157.          91.125        0.833854     1.4795527 ]
 [158.          91.4          0.67546284   1.4855671 ]
 [159.          91.450005     0.92110616   1.4921665 ]
 [160.          91.35         1.126388     1.4985994 ]
 [161.          91.3          0.9945161    1.5057884 ]
 [162.          91.475        0.7875994    1.5114039 ]
 [163.          91.425        0.90398455   1.5188029 ]
 [164.          91.           1.5077925    1.5285612 ]
 [165.          90.55         2.4946826    1.5358062 ]
 [166.          91.425        1.1236103    1.5422055 ]
 [167.          91.525        1.1298507    1.5475485 ]
 [168.          91.700005     0.4558646    1.5526915 ]
 [169.          91.5          0.84779125   1.5578724 ]
 [170.          91.025        1.3328784    1.5644149 ]
 [171.          91.675        0.44721374   1.5728868 ]
 [172.          91.475        0.46266863   1.5813714 ]
 [173.          91.700005     0.43839157   1.587583  ]
 [174.          91.575005     0.57689834   1.5942034 ]
 [175.          91.725        0.34686092   1.6006962 ]
 [176.          91.975        0.4626688    1.6075429 ]
 [177.          91.425        1.0101045    1.6157612 ]
 [178.          91.700005     0.62249464   1.6231472 ]
 [179.          91.700005     1.0254575    1.6303793 ]
 [180.          91.275        0.9576987    1.6399363 ]
 [181.          91.475        0.44546372   1.6502278 ]
 [182.          91.65         0.49529007   1.6597977 ]
 [183.          91.675        0.41079208   1.667223  ]
 [184.          91.675        0.40117016   1.6755835 ]
 [185.          91.575005     0.68806803   1.685852  ]
 [186.          91.65         0.28504342   1.6924765 ]
 [187.          91.825005     0.22707406   1.7000633 ]
 [188.          91.475        0.29843217   1.706007  ]
 [189.          91.575005     0.3259609    1.7121897 ]
 [190.          91.475        0.28504458   1.7181519 ]
 [191.          91.950005     0.2738622    1.7236443 ]
 [192.          92.           0.35355386   1.7303091 ]
 [193.          91.8          0.33773145   1.7374257 ]
 [194.          91.75         0.4145785    1.7438172 ]
 [195.          91.6          0.63982326   1.75223   ]
 [196.          91.275        1.0285009    1.7593892 ]
 [197.          89.375        5.3822618    1.7683136 ]
 [198.          89.325005     5.7067676    1.7744229 ]
 [199.          90.275        3.238442     1.780021  ]
 [200.          91.025        2.0451925    1.7865158 ]]
The best results: 
Epoch: 120  92.05±0.29  1.215s
--------------- Train Done! ----------------
--------------- Save Done! ----------------
