Using cuda:0 device
Dataset     :Photo
Epochs      :200
LR X_s      :0.01
Learn A_s   :0
LR A_s      :0.01
Conden ratio:0.25
Ridge       :0.5
Kernel      :SGNK
k           :5
L           :1
Seed        :5
The 1th Iteration:
--------------------------------------------------
The 2th Iteration:
--------------------------------------------------
The 3th Iteration:
--------------------------------------------------
The 4th Iteration:
--------------------------------------------------
The 5th Iteration:
--------------------------------------------------
[[  1.          12.45         0.16770506   0.38898793]
 [  2.          13.45         1.4485985    0.39809003]
 [  3.          22.550001     8.128172     0.4073828 ]
 [  4.          34.825        9.931248     0.41722345]
 [  5.          41.8          7.2906194    0.42725873]
 [  6.          44.8          7.0923595    0.43620116]
 [  7.          47.225002     7.3968954    0.4457264 ]
 [  8.          49.125        7.7303176    0.45393142]
 [  9.          50.7          6.6840525    0.46535468]
 [ 10.          51.7          5.6937466    0.4744826 ]
 [ 11.          53.225002     5.978738     0.48362437]
 [ 12.          54.525        5.926899     0.49189073]
 [ 13.          56.15         6.2402425    0.50025105]
 [ 14.          57.225002     5.7482333    0.50978726]
 [ 15.          57.95         5.410205     0.51933306]
 [ 16.          58.575        5.2213507    0.5286486 ]
 [ 17.          59.875        4.696242     0.53630203]
 [ 18.          61.3          3.601866     0.54453486]
 [ 19.          62.525        3.2420576    0.55228496]
 [ 20.          63.725002     2.6625295    0.5612768 ]
 [ 21.          64.450005     2.6139648    0.5705803 ]
 [ 22.          65.15         2.5577698    0.58029604]
 [ 23.          65.625        2.4968734    0.5892095 ]
 [ 24.          66.125        2.6911316    0.59707093]
 [ 25.          66.700005     3.104432     0.60471386]
 [ 26.          67.200005     3.139467     0.61309475]
 [ 27.          67.5          3.1337376    0.621801  ]
 [ 28.          67.65         3.1787872    0.6304755 ]
 [ 29.          67.85         3.3182733    0.6395085 ]
 [ 30.          68.275        3.2154412    0.6469698 ]
 [ 31.          68.525        3.2384405    0.65456307]
 [ 32.          69.           3.0910661    0.66347265]
 [ 33.          69.275        3.0623722    0.6712424 ]
 [ 34.          69.55         3.2913241    0.6792819 ]
 [ 35.          69.8          3.2722793    0.68768734]
 [ 36.          70.           3.168448     0.6959588 ]
 [ 37.          70.3          3.2746665    0.70421976]
 [ 38.          70.6          3.2348208    0.7123383 ]
 [ 39.          70.85         3.2142267    0.7203271 ]
 [ 40.          71.325005     3.1888483    0.7282732 ]
 [ 41.          71.6          3.2732346    0.7371519 ]
 [ 42.          71.775        3.2275665    0.7453995 ]
 [ 43.          72.025        3.1392176    0.753634  ]
 [ 44.          72.425        3.1219985    0.76204103]
 [ 45.          72.700005     3.1654873    0.77370495]
 [ 46.          73.025        2.9664795    0.7821157 ]
 [ 47.          73.3          2.968059     0.79166746]
 [ 48.          73.65         2.9106483    0.8010327 ]
 [ 49.          73.925        2.953547     0.81033844]
 [ 50.          74.175        2.798716     0.81921065]
 [ 51.          74.775        2.3641198    0.82859516]
 [ 52.          75.35         2.1494913    0.8376999 ]
 [ 53.          75.85         1.801475     0.8472689 ]
 [ 54.          76.35         1.642692     0.8563    ]
 [ 55.          76.9          1.2292022    0.8670204 ]
 [ 56.          77.25         1.3635892    0.8759158 ]
 [ 57.          77.65         0.92870915   0.88503516]
 [ 58.          77.725        0.7725764    0.89412844]
 [ 59.          77.950005     0.6161876    0.9033405 ]
 [ 60.          78.15         0.57554305   0.9118927 ]
 [ 61.          78.15         0.63368905   0.9213032 ]
 [ 62.          78.3          0.41079208   0.9309704 ]
 [ 63.          78.200005     0.48894018   0.9429762 ]
 [ 64.          78.175        0.24366985   0.95280117]
 [ 65.          78.3          0.51991546   0.96269876]
 [ 66.          78.575005     0.28777102   0.97218746]
 [ 67.          77.75         0.8523863    0.9808475 ]
 [ 68.          78.4          0.34686092   0.9896576 ]
 [ 69.          78.225        0.2053958    0.9992718 ]
 [ 70.          77.950005     0.7582873    1.0083989 ]
 [ 71.          78.325005     0.4201934    1.0175003 ]
 [ 72.          78.425        0.4201934    1.0283731 ]
 [ 73.          78.625        0.44194263   1.0380398 ]
 [ 74.          77.875        1.3169574    1.0465152 ]
 [ 75.          77.625        1.322875     1.0548729 ]
 [ 76.          78.8          0.76342034   1.0654088 ]
 [ 77.          77.925        0.48088524   1.074543  ]
 [ 78.          77.675        0.622495     1.0878483 ]
 [ 79.          78.9          1.2851313    1.0968361 ]
 [ 80.          77.725        1.1605494    1.1050663 ]
 [ 81.          76.65         4.0930576    1.1134208 ]
 [ 82.          79.775        3.1836987    1.1222708 ]
 [ 83.          79.3          2.6034832    1.1311802 ]
 [ 84.          78.325005     1.8341393    1.1412382 ]
 [ 85.          77.700005     2.6407273    1.1526564 ]
 [ 86.          80.15         1.2911961    1.1622353 ]
 [ 87.          81.           3.761441     1.1713212 ]
 [ 88.          79.275        0.6336887    1.1804955 ]
 [ 89.          79.625        0.76034427   1.1894516 ]
 [ 90.          80.325005     3.3768513    1.1984667 ]
 [ 91.          81.825005     1.0701939    1.2080809 ]
 [ 92.          82.025        2.0566213    1.2192848 ]
 [ 93.          83.175        1.8510984    1.229563  ]
 [ 94.          80.575005     3.2889488    1.2393433 ]
 [ 95.          81.65         2.5084233    1.2504882 ]
 [ 96.          82.925        1.2580986    1.2593619 ]
 [ 97.          84.975        2.066096     1.2689673 ]
 [ 98.          84.4          2.2593546    1.2793406 ]
 [ 99.          83.700005     2.2786372    1.289677  ]
 [100.          83.6          2.3274853    1.2997563 ]
 [101.          85.475        1.9633358    1.3086904 ]
 [102.          85.65         2.0698726    1.3217025 ]
 [103.          85.125        0.69597054   1.3305701 ]
 [104.          84.950005     2.6716099    1.3380495 ]
 [105.          87.3          1.1201284    1.3461388 ]
 [106.          85.675        2.6049824    1.3537062 ]
 [107.          85.5          0.852386     1.3614954 ]
 [108.          84.950005     4.359437     1.3699795 ]
 [109.          84.425        8.095909     1.3778204 ]
 [110.          82.          10.500372     1.3862538 ]
 [111.          82.075005     3.8977158    1.3959244 ]
 [112.          77.85         7.2107778    1.4048623 ]
 [113.          81.025        8.626992     1.4133713 ]
 [114.          81.700005     7.570812     1.4209315 ]
 [115.          79.85         8.132881     1.4286588 ]
 [116.          81.925        6.186932     1.43664   ]
 [117.          83.075005     4.36481      1.4447659 ]
 [118.          83.200005     6.0341477    1.4529324 ]
 [119.          82.775        4.2522054    1.4613608 ]
 [120.          84.325005     2.0588977    1.4699723 ]
 [121.          83.950005     3.4861324    1.4785969 ]
 [122.          85.625        2.6882267    1.4868243 ]
 [123.          86.75         1.4059027    1.4958595 ]
 [124.          86.275        3.6308143    1.5045217 ]
 [125.          88.075005     1.0918736    1.5134716 ]
 [126.          86.925        1.9457474    1.5221199 ]
 [127.          86.950005     1.6550109    1.5305948 ]
 [128.          86.05         2.1150503    1.5388826 ]
 [129.          87.3          1.4911195    1.5463545 ]
 [130.          86.125        2.2707376    1.5569514 ]
 [131.          86.5          2.2724566    1.5648472 ]
 [132.          86.700005     1.2580988    1.5726302 ]
 [133.          86.725        2.1729884    1.5808022 ]
 [134.          87.075005     1.7379047    1.5891281 ]
 [135.          87.025        2.142209     1.5969257 ]
 [136.          87.225        2.7420347    1.6061281 ]
 [137.          87.700005     1.0178093    1.616943  ]
 [138.          85.775        3.9601536    1.6268284 ]
 [139.          87.325005     0.98662937   1.6362022 ]
 [140.          87.525        1.4774344    1.6468451 ]
 [141.          87.5          1.6488631    1.657087  ]
 [142.          87.825005     0.69933003   1.666231  ]
 [143.          86.85         2.7689688    1.675444  ]
 [144.          86.375        2.3930237    1.6842254 ]
 [145.          87.5          1.3139873    1.6934117 ]
 [146.          87.925        1.2918005    1.7032856 ]
 [147.          87.175        3.0007818    1.7127637 ]
 [148.          88.775        0.47103608   1.721919  ]
 [149.          88.4          0.5184105    1.7308244 ]
 [150.          88.275        0.65788555   1.7399    ]
 [151.          88.125        0.70710677   1.7495934 ]
 [152.          88.05         0.5491476    1.7595017 ]
 [153.          88.35         0.79745644   1.7686684 ]
 [154.          88.15         1.0435809    1.7785002 ]
 [155.          88.75         0.26516476   1.7880524 ]
 [156.          88.275        1.0839751    1.7966069 ]
 [157.          87.775        1.294218     1.8051354 ]
 [158.          87.425        2.6730716    1.8132696 ]
 [159.          87.725        1.266762     1.821946  ]
 [160.          87.9          0.8987847    1.8300104 ]
 [161.          87.225        1.7575737    1.8377018 ]
 [162.          87.475        2.0317795    1.8484592 ]
 [163.          88.05         1.0628669    1.8570321 ]
 [164.          87.625        1.9223195    1.865123  ]
 [165.          86.275        4.265046     1.8768625 ]
 [166.          88.4          0.46266863   1.8853222 ]
 [167.          86.575005     3.4670327    1.8942744 ]
 [168.          88.425        0.31374753   1.90218   ]
 [169.          87.075005     2.8539987    1.9106945 ]
 [170.          85.65         3.6926863    1.9190584 ]
 [171.          86.725        2.9756827    1.9275599 ]
 [172.          87.450005     1.191113     1.9377251 ]
 [173.          86.6          0.88564855   1.945104  ]
 [174.          84.675        3.563706     1.9536278 ]
 [175.          86.65         1.773062     1.9617798 ]
 [176.          87.775        1.2035114    1.9712483 ]
 [177.          86.5          3.459588     1.9796895 ]
 [178.          87.05         1.3992195    1.9879626 ]
 [179.          87.875        0.56596226   1.997118  ]
 [180.          88.175        0.58363086   2.0058038 ]
 [181.          87.3          2.0852907    2.0133607 ]
 [182.          88.1          1.7397028    2.0208106 ]
 [183.          88.025        0.6336896    2.0284367 ]
 [184.          88.6          0.49529055   2.037246  ]
 [185.          86.6          2.163982     2.0460496 ]
 [186.          87.575005     2.0128496    2.054541  ]
 [187.          87.75         1.6321956    2.0631542 ]
 [188.          86.975        1.5293994    2.0716484 ]
 [189.          87.575005     1.0405827    2.081576  ]
 [190.          88.75         0.45927814   2.0910819 ]
 [191.          87.525        1.1639099    2.1005788 ]
 [192.          87.5          1.1625673    2.1099737 ]
 [193.          87.675        1.324647     2.1196144 ]
 [194.          86.625        1.9425334    2.1296976 ]
 [195.          86.75         1.8645544    2.1383588 ]
 [196.          88.4          0.8856497    2.1475694 ]
 [197.          86.75         4.02822      2.1568325 ]
 [198.          86.700005     2.2510412    2.1658583 ]
 [199.          87.65         1.1605495    2.1747205 ]
 [200.          88.5          1.1456438    2.1836238 ]]
The best results: 
Epoch: 148  88.78±0.47  1.722s
--------------- Train Done! ----------------
