Using cuda:0 device
Dataset     :Photo
Epochs      :200
LR X_s      :0.01
Learn A_s   :1
LR A_s      :0.01
Conden ratio:0.5
Ridge       :0.1
Kernel      :SGNK
k           :4
L           :1
Seed        :5
The 1th Iteration:
--------------------------------------------------
The 2th Iteration:
--------------------------------------------------
The 3th Iteration:
--------------------------------------------------
The 4th Iteration:
--------------------------------------------------
The 5th Iteration:
--------------------------------------------------
[[  1.          12.475        0.3579454    0.26586643]
 [  2.          13.375        0.94372934   0.27349743]
 [  3.          12.650001     0.34686092   0.2808383 ]
 [  4.          12.575        0.16770509   0.28892037]
 [  5.          12.5          0.           0.29559144]
 [  6.          12.6          0.16298006   0.30340502]
 [  7.          12.625        0.17677669   0.309932  ]
 [  8.          12.6          0.13693067   0.31694266]
 [  9.          12.6          0.27099353   0.32371613]
 [ 10.          12.575        0.209165     0.33069965]
 [ 11.          12.575        0.14252193   0.33741823]
 [ 12.          12.525001     0.25617373   0.34424677]
 [ 13.          12.650001     0.20539589   0.35076433]
 [ 14.          12.675        0.22707377   0.35742664]
 [ 15.          12.775001     0.43660632   0.36407217]
 [ 16.          13.025001     1.0435815    0.37089783]
 [ 17.          13.35         1.775264     0.377487  ]
 [ 18.          13.175        1.4512925    0.3856938 ]
 [ 19.          13.05         1.2424775    0.39457107]
 [ 20.          13.075        1.3624427    0.40215403]
 [ 21.          12.925        0.8865311    0.4092001 ]
 [ 22.          13.3          0.99843633   0.4165938 ]
 [ 23.          12.75         0.35355332   0.42307338]
 [ 24.          12.8          0.53473115   0.4300038 ]
 [ 25.          12.7          0.31374758   0.4378027 ]
 [ 26.          12.675        0.18957189   0.44657633]
 [ 27.          12.625        0.15309317   0.4537642 ]
 [ 28.          12.6          0.1045825    0.45972776]
 [ 29.          12.625        0.08838847   0.46625596]
 [ 30.          12.625        0.08838847   0.4727449 ]
 [ 31.          12.625        0.08838847   0.4791556 ]
 [ 32.          12.650001     0.05590177   0.48535046]
 [ 33.          12.6          0.05590177   0.49135563]
 [ 34.          12.625        0.           0.49819794]
 [ 35.          12.625        0.           0.5048763 ]
 [ 36.          12.625        0.08838847   0.5114837 ]
 [ 37.          12.650001     0.05590177   0.5183992 ]
 [ 38.          12.625        0.08838847   0.5242359 ]
 [ 39.          12.650001     0.05590177   0.5302018 ]
 [ 40.          12.7          0.06846529   0.53770536]
 [ 41.          12.650001     0.10458254   0.5443866 ]
 [ 42.          12.650001     0.1045825    0.5511959 ]
 [ 43.          12.675        0.14252192   0.5582375 ]
 [ 44.          12.725        0.16297998   0.5647621 ]
 [ 45.          12.75         0.08838835   0.57101583]
 [ 46.          12.8          0.06846529   0.57696235]
 [ 47.          12.775001     0.10458254   0.58290845]
 [ 48.          12.775001     0.10458266   0.5904744 ]
 [ 49.          12.825        0.14252193   0.5981679 ]
 [ 50.          12.875        0.15309317   0.6047033 ]
 [ 51.          12.875        0.08838847   0.61166954]
 [ 52.          12.95         0.16770509   0.61888933]
 [ 53.          12.900001     0.10458238   0.62594527]
 [ 54.          12.975        0.10458266   0.6330325 ]
 [ 55.          12.900001     0.16297998   0.6402871 ]
 [ 56.          12.925        0.14252192   0.6475491 ]
 [ 57.          12.925        0.16770506   0.654376  ]
 [ 58.          12.900001     0.2236068    0.66307765]
 [ 59.          12.95         0.22707386   0.67043865]
 [ 60.          12.95         0.30103987   0.67745924]
 [ 61.          12.85         0.3112475    0.6840771 ]
 [ 62.          12.875        0.35355332   0.69170845]
 [ 63.          12.925        0.31374758   0.699058  ]
 [ 64.          12.875        0.35355332   0.7061416 ]
 [ 65.          12.85         0.3112475    0.71289545]
 [ 66.          12.85         0.3112475    0.7213559 ]
 [ 67.          12.875        0.293151     0.7280251 ]
 [ 68.          12.925        0.31374753   0.73575515]
 [ 69.          12.925        0.31374753   0.7445405 ]
 [ 70.          12.95         0.28777158   0.7532319 ]
 [ 71.          12.925        0.32596013   0.7592012 ]
 [ 72.          12.925        0.2877717    0.7664716 ]
 [ 73.          12.875        0.26516497   0.7723008 ]
 [ 74.          12.85         0.28504387   0.7781314 ]
 [ 75.          12.825        0.349106     0.7839692 ]
 [ 76.          12.8          0.32596013   0.789712  ]
 [ 77.          12.8          0.27386123   0.7952863 ]
 [ 78.          12.775001     0.22360681   0.8016977 ]
 [ 79.          12.725        0.2404423    0.8097014 ]
 [ 80.          12.675        0.14252192   0.81707495]
 [ 81.          12.75         0.15309311   0.8234833 ]
 [ 82.          12.7          0.24366994   0.83004266]
 [ 83.          12.8          0.2592055    0.8366768 ]
 [ 84.          12.6          0.16298006   0.84224266]
 [ 85.          12.8          0.3137474    0.8476065 ]
 [ 86.          13.025001     0.33541006   0.85297644]
 [ 87.          12.925        0.24366997   0.85982937]
 [ 88.          12.95         0.14252193   0.86549836]
 [ 89.          13.525001     0.58229077   0.87092036]
 [ 90.          13.825        0.7320776    0.8765017 ]
 [ 91.          13.6          0.69259477   0.8828463 ]
 [ 92.          14.025001     1.0398316    0.88948363]
 [ 93.          14.525001     2.2868512    0.896492  ]
 [ 94.          14.25         1.9405217    0.9049757 ]
 [ 95.          14.75         2.2586637    0.9132555 ]
 [ 96.          19.050001     7.1050158    0.92008156]
 [ 97.          20.225        5.1541853    0.9284315 ]
 [ 98.          20.85         4.743746     0.9356292 ]
 [ 99.          23.775        4.9563723    0.9427578 ]
 [100.          23.35         4.142388     0.94885695]
 [101.          22.65         4.8107953    0.95553744]
 [102.          25.725        3.5149233    0.9627164 ]
 [103.          28.35         3.7597787    0.96882004]
 [104.          28.925001     4.924112     0.97500736]
 [105.          28.125        2.4173849    0.98134774]
 [106.          28.800001     5.766688     0.988146  ]
 [107.          27.975        3.2732344    0.996805  ]
 [108.          30.300001     6.682884     1.0038645 ]
 [109.          29.075        5.401533     1.0107175 ]
 [110.          27.175001     5.710872     1.0174067 ]
 [111.          28.925001     4.0200667    1.0243714 ]
 [112.          29.25         5.880981     1.0315597 ]
 [113.          28.           4.8669806    1.0389183 ]
 [114.          25.85         7.6757536    1.0469837 ]
 [115.          32.225002     5.7679067    1.0555277 ]
 [116.          30.85         7.2459044    1.0626198 ]
 [117.          26.           5.163726     1.0698942 ]
 [118.          30.925001     6.859414     1.0782365 ]
 [119.          31.35         8.756426     1.0856079 ]
 [120.          31.125        6.4903774    1.0931883 ]
 [121.          24.550001     4.1103907    1.1011022 ]
 [122.          29.475        5.441019     1.1090043 ]
 [123.          31.6          5.611372     1.1172189 ]
 [124.          30.125        3.5432594    1.125697  ]
 [125.          30.425001     7.060343     1.1336735 ]
 [126.          29.475        6.781984     1.1426964 ]
 [127.          31.725        5.2821927    1.1520854 ]
 [128.          33.2          5.3885007    1.1603056 ]
 [129.          31.575       10.076505     1.1683753 ]
 [130.          33.525       10.583892     1.1763389 ]
 [131.          32.725002     6.250875     1.1849921 ]
 [132.          33.225002     9.964547     1.1926354 ]
 [133.          35.975002     7.62623      1.199995  ]
 [134.          35.75         3.7479165    1.207836  ]
 [135.          30.275        7.7617855    1.2156504 ]
 [136.          37.25         9.230555     1.2243747 ]
 [137.          35.55        10.086578     1.2323582 ]
 [138.          33.600002    11.26818      1.2406185 ]
 [139.          34.15         9.37225      1.2501596 ]
 [140.          37.325        6.476279     1.2585882 ]
 [141.          34.375        4.891        1.266982  ]
 [142.          36.600002     7.4986453    1.275183  ]
 [143.          38.15         5.2844105    1.2823005 ]
 [144.          38.850002     5.5201335    1.2908607 ]
 [145.          37.350002     7.540723     1.2994974 ]
 [146.          38.600002     6.705525     1.3075265 ]
 [147.          37.75         7.5317035    1.3149258 ]
 [148.          37.7          8.304085     1.3217857 ]
 [149.          40.425        7.413881     1.3289781 ]
 [150.          33.7          5.5583553    1.3363209 ]
 [151.          39.           4.750822     1.343342  ]
 [152.          37.325        5.582898     1.3515211 ]
 [153.          39.9          3.9788504    1.3592571 ]
 [154.          37.95         3.7848377    1.3666677 ]
 [155.          37.375        5.071366     1.3742946 ]
 [156.          39.075        6.963409     1.3821725 ]
 [157.          34.475002     7.273883     1.3903221 ]
 [158.          40.           8.053047     1.3987386 ]
 [159.          36.625        5.791292     1.4075059 ]
 [160.          39.325        6.2064743    1.4164647 ]
 [161.          41.025        5.320509     1.4256405 ]
 [162.          41.7          4.1236744    1.4341342 ]
 [163.          39.825        4.3683877    1.4429287 ]
 [164.          40.           6.5972295    1.4532422 ]
 [165.          35.825        7.1291656    1.4626993 ]
 [166.          39.325       10.504686     1.4730196 ]
 [167.          33.375        9.110004     1.4817995 ]
 [168.          37.850002     4.576946     1.4911627 ]
 [169.          35.325        6.364329     1.501705  ]
 [170.          36.575        2.1224244    1.5099033 ]
 [171.          37.65         5.0924273    1.5173931 ]
 [172.          38.275        5.8646183    1.5259278 ]
 [173.          40.75        10.384408     1.5352545 ]
 [174.          40.25         7.0672007    1.543627  ]
 [175.          41.575       10.268124     1.5508718 ]
 [176.          37.3          7.479451     1.5578413 ]
 [177.          41.8         11.6490345    1.5656543 ]
 [178.          43.025        9.530952     1.5737596 ]
 [179.          39.65         5.2977004    1.5811398 ]
 [180.          38.350002     6.7490735    1.5908028 ]
 [181.          41.9         10.372139     1.5994704 ]
 [182.          42.           8.661608     1.608044  ]
 [183.          42.9          9.957488     1.6155713 ]
 [184.          42.075        3.486133     1.6244191 ]
 [185.          38.475002     6.3923783    1.6329564 ]
 [186.          43.4          9.353475     1.639595  ]
 [187.          37.2          5.3913994    1.64654   ]
 [188.          40.475002     7.6010895    1.6548985 ]
 [189.          39.925        5.950709     1.661929  ]
 [190.          37.05         5.3739824    1.6689274 ]
 [191.          42.325        9.121832     1.6770363 ]
 [192.          32.600002     8.433749     1.6863581 ]
 [193.          36.9          6.2845297    1.6947908 ]
 [194.          40.25        11.277744     1.702562  ]
 [195.          39.625        6.544917     1.7114632 ]
 [196.          34.4          9.036558     1.7198066 ]
 [197.          37.75        10.273221     1.727745  ]
 [198.          42.600002     7.3006845    1.7366612 ]
 [199.          42.875        6.309715     1.7449683 ]
 [200.          41.          11.116921     1.7537622 ]]
The best results: 
Epoch: 186  43.40±9.35  1.640s
--------------- Train Done! ----------------
