Using cuda:0 device
Dataset     :Physics
Epochs      :200
LR X_s      :0.01
Learn A_s   :0
LR A_s      :0.01
Conden ratio:0.25
Ridge       :0.1
Kernel      :SGNK
k           :5
L           :1
Seed        :5
The 1th Iteration:
--------------------------------------------------
The 2th Iteration:
--------------------------------------------------
The 3th Iteration:
--------------------------------------------------
The 4th Iteration:
--------------------------------------------------
The 5th Iteration:
--------------------------------------------------
[[  1.          41.88         4.201428     0.23585697]
 [  2.          59.920002     5.9507966    0.24390303]
 [  3.          68.96         7.04897      0.25185442]
 [  4.          75.200005     6.211281     0.25932536]
 [  5.          79.119995     4.8344607    0.26667482]
 [  6.          81.04         4.0630026    0.2735334 ]
 [  7.          81.96         3.5196598    0.28059992]
 [  8.          82.920006     2.9346206    0.2877545 ]
 [  9.          83.76         3.0113125    0.2950583 ]
 [ 10.          83.92         3.0384245    0.30430946]
 [ 11.          84.159996     2.808558     0.31232047]
 [ 12.          84.44         2.9373467    0.31951833]
 [ 13.          84.439995     2.6396964    0.3272818 ]
 [ 14.          84.64001      2.4265223    0.33472392]
 [ 15.          84.88         2.0571861    0.34245768]
 [ 16.          85.08         1.9524343    0.35013753]
 [ 17.          85.28001      2.0129566    0.35782385]
 [ 18.          85.6          1.9849442    0.36587825]
 [ 19.          85.64001      1.829753     0.37377593]
 [ 20.          85.84         1.7285838    0.38151738]
 [ 21.          85.92         1.7640882    0.38970873]
 [ 22.          86.12         1.6284977    0.3971981 ]
 [ 23.          86.16         1.4028535    0.40418085]
 [ 24.          86.24         1.3667507    0.41250372]
 [ 25.          86.240005     1.3667476    0.4198256 ]
 [ 26.          86.40001      1.2165527    0.42682967]
 [ 27.          86.64         1.108152     0.43447828]
 [ 28.          86.68         1.091788     0.44197017]
 [ 29.          86.67999      1.1189282    0.4495654 ]
 [ 30.          86.6          1.0000011    0.45756146]
 [ 31.          86.560005     0.86486965   0.4654858 ]
 [ 32.          86.68         0.831865     0.47334057]
 [ 33.          86.76         0.81731445   0.48182264]
 [ 34.          86.8          0.77459896   0.49044433]
 [ 35.          86.880005     0.7293869    0.4982449 ]
 [ 36.          86.92         0.7694169    0.506051  ]
 [ 37.          86.96         0.7402685    0.5138748 ]
 [ 38.          86.96         0.7402685    0.52192575]
 [ 39.          87.           0.67823577   0.530601  ]
 [ 40.          87.           0.5477233    0.5381281 ]
 [ 41.          87.04         0.5176855    0.5462881 ]
 [ 42.          87.04         0.5176855    0.55487144]
 [ 43.          87.08001      0.59329337   0.562641  ]
 [ 44.          87.08001      0.59329337   0.57009107]
 [ 45.          87.12001      0.7014236    0.57708293]
 [ 46.          87.12         0.75630486   0.5839888 ]
 [ 47.          87.08         0.6870215    0.5910114 ]
 [ 48.          87.08         0.6870215    0.5976356 ]
 [ 49.          87.200005     0.58309674   0.6031788 ]
 [ 50.          87.16         0.6228973    0.60990214]
 [ 51.          87.200005     0.6164413    0.6166471 ]
 [ 52.          87.200005     0.58309674   0.6240488 ]
 [ 53.          87.28         0.5019951    0.6315996 ]
 [ 54.          87.36         0.43358943   0.6386396 ]
 [ 55.          87.32         0.46043432   0.6458091 ]
 [ 56.          87.32         0.41472912   0.6538648 ]
 [ 57.          87.28         0.4147294    0.66194236]
 [ 58.          87.32         0.38987288   0.6697235 ]
 [ 59.          87.32         0.38987288   0.67696935]
 [ 60.          87.32         0.38987288   0.68493813]
 [ 61.          87.32         0.38987288   0.69299954]
 [ 62.          87.4          0.37416703   0.7007828 ]
 [ 63.          87.44         0.32863238   0.70873207]
 [ 64.          87.56         0.29664984   0.7166829 ]
 [ 65.          87.6          0.31622857   0.7251186 ]
 [ 66.          87.68         0.41473      0.73418343]
 [ 67.          87.72         0.33466628   0.7426092 ]
 [ 68.          87.72         0.33466628   0.75174457]
 [ 69.          87.76         0.26076886   0.7595151 ]
 [ 70.          87.72001      0.22803494   0.76731175]
 [ 71.          87.76         0.16733424   0.77522886]
 [ 72.          87.76         0.21908742   0.7833312 ]
 [ 73.          87.8          0.2449468    0.79135996]
 [ 74.          87.88         0.26832876   0.7995607 ]
 [ 75.          87.88         0.3033129    0.80794567]
 [ 76.          87.84         0.35776943   0.8164534 ]
 [ 77.          87.88         0.303315     0.8248911 ]
 [ 78.          87.99999      0.31622916   0.83332366]
 [ 79.          88.08         0.22803329   0.84159434]
 [ 80.          88.159996     0.21908975   0.849902  ]
 [ 81.          88.16         0.32863188   0.8578979 ]
 [ 82.          88.32         0.26832783   0.8651981 ]
 [ 83.          88.36         0.21908975   0.8720404 ]
 [ 84.          88.560005     0.26077086   0.87934846]
 [ 85.          88.68001      0.3033177    0.88708365]
 [ 86.          88.84         0.32863304   0.89482635]
 [ 87.          88.880005     0.10954284   0.9029919 ]
 [ 88.          89.48         0.43817744   0.9114262 ]
 [ 89.          88.920006     0.30331886   0.9202086 ]
 [ 90.          89.64001      0.38470668   0.93031067]
 [ 91.          88.479996     1.1366615    0.9379326 ]
 [ 92.          89.48         0.33466628   0.9458491 ]
 [ 93.          89.36         0.38470867   0.95394653]
 [ 94.          88.880005     0.9654008    0.9610899 ]
 [ 95.          89.520004     0.3898722    0.9692337 ]
 [ 96.          89.           0.83666      0.9762247 ]
 [ 97.          89.520004     1.0639572    0.98308814]
 [ 98.          89.88         0.65726763   0.99024945]
 [ 99.          90.24         0.53665316   0.997641  ]
 [100.          89.4          1.009948     1.0044522 ]
 [101.          89.920006     0.60991955   1.0116841 ]
 [102.          89.96         0.5176885    1.0185368 ]
 [103.          89.88         0.62609667   1.025733  ]
 [104.          88.96         0.9838706    1.0332963 ]
 [105.          89.920006     0.33466005   1.0409994 ]
 [106.          90.08         0.67231154   1.0491971 ]
 [107.          90.24         0.38470677   1.0571826 ]
 [108.          90.240005     0.7797446    1.0652941 ]
 [109.          90.36         0.65421987   1.0742619 ]
 [110.          89.920006     1.6407317    1.0821394 ]
 [111.          90.159996     0.88769406   1.0903012 ]
 [112.          89.68         1.7810096    1.0981591 ]
 [113.          89.799995     0.8717794    1.1060917 ]
 [114.          90.200005     1.1575807    1.1144724 ]
 [115.          89.8          1.4352672    1.1222986 ]
 [116.          89.96         0.5899161    1.130972  ]
 [117.          89.92         1.2132604    1.1391805 ]
 [118.          89.36         1.1523857    1.1476239 ]
 [119.          90.439995     0.6228951    1.1559168 ]
 [120.          89.88         0.55857044   1.1640085 ]
 [121.          89.68         0.67231154   1.1719593 ]
 [122.          89.12         1.360881     1.1802033 ]
 [123.          89.88         0.6723095    1.1883692 ]
 [124.          89.04         1.4240755    1.1961647 ]
 [125.          89.           1.4628727    1.2038525 ]
 [126.          88.840004     2.94075      1.2111739 ]
 [127.          89.840004     0.58991355   1.2186081 ]
 [128.          89.96         0.4979968    1.225947  ]
 [129.          89.600006     0.69281864   1.233346  ]
 [130.          90.08         0.33466497   1.2410492 ]
 [131.          90.12         0.7694157    1.2482446 ]
 [132.          90.159996     0.45606935   1.254887  ]
 [133.          89.96         0.53666115   1.261225  ]
 [134.          89.920006     0.36331812   1.2674583 ]
 [135.          90.           0.19999695   1.273733  ]
 [136.          88.840004     2.7180896    1.2804292 ]
 [137.          90.240005     0.38470948   1.2861519 ]
 [138.          90.04         0.712742     1.2921623 ]
 [139.          88.88         1.8198898    1.2999777 ]
 [140.          89.520004     2.2297983    1.3071091 ]
 [141.          90.12         0.17888272   1.3130747 ]
 [142.          89.399994     0.7745943    1.3195747 ]
 [143.          89.08         1.8899733    1.326881  ]
 [144.          89.840004     0.5176885    1.3333148 ]
 [145.          89.12         1.6468165    1.3399793 ]
 [146.          89.           1.536229     1.3475602 ]
 [147.          89.32         0.9654004    1.3540114 ]
 [148.          89.44         0.6841044    1.361663  ]
 [149.          89.04         1.8514848    1.3689797 ]
 [150.          87.96         3.302727     1.3752075 ]
 [151.          89.72         0.26832882   1.3816473 ]
 [152.          89.48         0.41472986   1.3883251 ]
 [153.          89.840004     0.43359303   1.3950337 ]
 [154.          89.8          0.4242639    1.4019215 ]
 [155.          89.76         0.2966474    1.4087304 ]
 [156.          90.           0.58309394   1.4159187 ]
 [157.          90.04         0.47749332   1.423386  ]
 [158.          89.96         0.21908568   1.431873  ]
 [159.          89.920006     0.36331812   1.439215  ]
 [160.          89.96001      0.40987945   1.4468158 ]
 [161.          89.96001      0.5176868    1.4545295 ]
 [162.          89.880005     0.3346646    1.4631013 ]
 [163.          89.80001      0.20000076   1.4714197 ]
 [164.          89.76         0.21908742   1.479377  ]
 [165.          89.920006     0.10954284   1.4872974 ]
 [166.          90.04         0.08944136   1.4952645 ]
 [167.          90.04         0.16732946   1.5032717 ]
 [168.          89.92         0.10954284   1.5101303 ]
 [169.          89.96         0.16732946   1.5170587 ]
 [170.          89.96         0.16732946   1.5230393 ]
 [171.          89.92         0.10954284   1.5293721 ]
 [172.          89.92         0.22803445   1.5357298 ]
 [173.          90.04         0.21908934   1.5422144 ]
 [174.          90.04         0.2607672    1.5490716 ]
 [175.          90.04         0.2607672    1.5562116 ]
 [176.          89.84         0.16733378   1.5635418 ]
 [177.          89.96         0.16732946   1.5709585 ]
 [178.          90.04         0.16732946   1.5788592 ]
 [179.          89.76         0.5549759    1.5870752 ]
 [180.          89.840004     0.49799496   1.5956861 ]
 [181.          89.36         1.7742605    1.6047627 ]
 [182.          90.32         0.3898732    1.6151927 ]
 [183.          89.159996     2.1042807    1.623737  ]
 [184.          89.44         1.3740444    1.6317643 ]
 [185.          89.840004     0.35777283   1.6411707 ]
 [186.          89.840004     0.4774933    1.6500628 ]
 [187.          90.159996     0.167335     1.6583582 ]
 [188.          89.88         0.2683269    1.6663707 ]
 [189.          89.40001      0.7348475    1.6744708 ]
 [190.          89.76         0.55497617   1.6819972 ]
 [191.          89.520004     0.5585707    1.6897548 ]
 [192.          89.96         0.49799797   1.6976861 ]
 [193.          90.200005     0.4472163    1.7058378 ]
 [194.          88.76         3.3448458    1.7140827 ]
 [195.          89.8          0.7615759    1.721187  ]
 [196.          89.880005     0.26832804   1.7289451 ]
 [197.          89.28         1.1713253    1.7371048 ]
 [198.          89.96         0.2607672    1.7445801 ]
 [199.          89.72         0.7155436    1.7526617 ]
 [200.          89.96         0.4098803    1.7604716 ]]
The best results: 
Epoch: 119  90.44±0.62  1.156s
--------------- Train Done! ----------------
