Using cuda:0 device
Dataset     :Physics
Epochs      :200
LR X_s      :0.01
Learn A_s   :0
LR A_s      :0.01
Conden ratio:0.5
Ridge       :0.1
Kernel      :SGNK
k           :5
L           :1
Seed        :5
The 1th Iteration:
--------------------------------------------------
The 2th Iteration:
--------------------------------------------------
The 3th Iteration:
--------------------------------------------------
The 4th Iteration:
--------------------------------------------------
The 5th Iteration:
--------------------------------------------------
[[  1.          63.040005    16.486599     0.22646032]
 [  2.          80.56         3.6644218    0.23417512]
 [  3.          84.520004     1.5530603    0.24235244]
 [  4.          85.88         1.1713254    0.25088033]
 [  5.          86.04         1.0807403    0.2595915 ]
 [  6.          86.200005     1.1747344    0.26845732]
 [  7.          86.16         1.1523867    0.27638942]
 [  8.          86.240005     1.1436783    0.2846326 ]
 [  9.          86.24         1.0334414    0.29313865]
 [ 10.          86.240005     0.90994394   0.30185014]
 [ 11.          86.28001      0.9011093    0.31146416]
 [ 12.          86.479996     0.85556805   0.32117558]
 [ 13.          86.64         0.62289625   0.32989216]
 [ 14.          86.560005     0.43358818   0.3399163 ]
 [ 15.          86.6          0.28284737   0.3499902 ]
 [ 16.          86.68001      0.17888798   0.360118  ]
 [ 17.          86.56         0.38470677   0.3693551 ]
 [ 18.          86.64001      0.35777077   0.37935758]
 [ 19.          86.8          0.40000054   0.38951278]
 [ 20.          86.76         0.5176881    0.40105516]
 [ 21.          86.88         0.59329456   0.4107997 ]
 [ 22.          86.88         0.54037076   0.420957  ]
 [ 23.          86.92         0.5585699    0.42994523]
 [ 24.          86.84         0.5366565    0.43955454]
 [ 25.          86.799995     0.54772305   0.4495418 ]
 [ 26.          86.88         0.48166436   0.45949784]
 [ 27.          86.88         0.55857086   0.46905866]
 [ 28.          86.96         0.5549769    0.47864008]
 [ 29.          86.96         0.5549769    0.49030825]
 [ 30.          86.96         0.5549769    0.50007844]
 [ 31.          86.96         0.5549769    0.510276  ]
 [ 32.          86.96         0.5549769    0.52019465]
 [ 33.          87.           0.5099004    0.53071725]
 [ 34.          87.           0.48989618   0.54102814]
 [ 35.          87.           0.5099004    0.55124027]
 [ 36.          87.04         0.45606905   0.56097573]
 [ 37.          87.08         0.41472587   0.5715929 ]
 [ 38.          87.159996     0.38470995   0.5822286 ]
 [ 39.          87.159996     0.38470995   0.5931272 ]
 [ 40.          87.200005     0.40000105   0.6042318 ]
 [ 41.          87.200005     0.42426568   0.61488324]
 [ 42.          87.200005     0.42426568   0.6258909 ]
 [ 43.          87.16         0.43358842   0.6387794 ]
 [ 44.          87.32001      0.41473114   0.6501971 ]
 [ 45.          87.32001      0.41473114   0.6603939 ]
 [ 46.          87.4          0.3162314    0.67127824]
 [ 47.          87.48         0.30331868   0.6816923 ]
 [ 48.          87.520004     0.30331546   0.6926283 ]
 [ 49.          87.560005     0.35777417   0.7035453 ]
 [ 50.          87.64001      0.35777062   0.7148345 ]
 [ 51.          87.64001      0.35777062   0.72632813]
 [ 52.          87.64001      0.35777062   0.7386745 ]
 [ 53.          87.6          0.31622535   0.7499841 ]
 [ 54.          87.64001      0.32863304   0.76172084]
 [ 55.          87.68         0.363317     0.7733854 ]
 [ 56.          87.68001      0.26832804   0.78522223]
 [ 57.          87.71999      0.33466256   0.7972095 ]
 [ 58.          87.68001      0.26832804   0.8091335 ]
 [ 59.          87.68001      0.26832804   0.8210406 ]
 [ 60.          87.72001      0.10954702   0.8331515 ]
 [ 61.          87.64001      0.0894442    0.84511626]
 [ 62.          87.56         0.21909021   0.85736525]
 [ 63.          87.56         0.21909021   0.8690344 ]
 [ 64.          87.56         0.21909021   0.88091147]
 [ 65.          87.48         0.10954284   0.8927824 ]
 [ 66.          87.48         0.10954284   0.90303844]
 [ 67.          87.52001      0.1788874    0.9143573 ]
 [ 68.          87.560005     0.32863125   0.9255118 ]
 [ 69.          87.64001      0.2607691    0.9370438 ]
 [ 70.          87.8          0.2449468    0.94903415]
 [ 71.          87.88         0.22803545   0.9612417 ]
 [ 72.          87.88         0.17888483   0.9712246 ]
 [ 73.          87.88         0.22803378   0.9818554 ]
 [ 74.          88.04         0.08944136   0.99219847]
 [ 75.          88.08001      0.10954284   1.0018713 ]
 [ 76.          88.12         0.10954284   1.0117482 ]
 [ 77.          88.28         0.17888762   1.0209944 ]
 [ 78.          88.36001      0.08944349   1.0299144 ]
 [ 79.          88.48         0.22803663   1.0391735 ]
 [ 80.          88.520004     0.17888655   1.0488094 ]
 [ 81.          88.44         0.2966489    1.0571669 ]
 [ 82.          88.72         0.41472784   1.0673856 ]
 [ 83.          89.04         0.32863456   1.0764519 ]
 [ 84.          89.04         0.6693258    1.0846446 ]
 [ 85.          88.96         0.96332866   1.0920581 ]
 [ 86.          88.52         0.98590213   1.1000481 ]
 [ 87.          89.6          0.31622896   1.1063408 ]
 [ 88.          89.44         0.7127397    1.1133292 ]
 [ 89.          89.119995     0.460435     1.1204319 ]
 [ 90.          89.520004     0.92303985   1.1273172 ]
 [ 91.          89.68001      0.33466232   1.1339977 ]
 [ 92.          89.72         0.5403711    1.1404568 ]
 [ 93.          89.52         0.5403702    1.1469611 ]
 [ 94.          89.4          0.93808246   1.153661  ]
 [ 95.          89.439995     1.0526142    1.1605055 ]
 [ 96.          89.920006     0.33466005   1.1668899 ]
 [ 97.          89.920006     0.6723093    1.1743176 ]
 [ 98.          89.880005     1.0059832    1.1815035 ]
 [ 99.          90.08         0.94445574   1.1885741 ]
 [100.          88.920006     1.7922043    1.1962306 ]
 [101.          90.159996     0.45606935   1.2039461 ]
 [102.          89.56         0.55497557   1.2120892 ]
 [103.          89.880005     1.221473     1.2208191 ]
 [104.          90.28         0.8786347    1.2297769 ]
 [105.          89.96         0.81731427   1.2378448 ]
 [106.          89.56         1.3446208    1.2463382 ]
 [107.          89.32         1.2930607    1.2539642 ]
 [108.          89.560005     0.7127395    1.2614098 ]
 [109.          89.12         1.1798294    1.269596  ]
 [110.          90.28         0.71554226   1.2779251 ]
 [111.          89.880005     0.52153337   1.2877704 ]
 [112.          90.08         0.6099189    1.2965972 ]
 [113.          90.           0.40000057   1.3055276 ]
 [114.          89.92         0.7563074    1.3143595 ]
 [115.          90.28001      0.3633203    1.3235517 ]
 [116.          89.44         1.1436764    1.3333573 ]
 [117.          90.159996     0.38470578   1.3428465 ]
 [118.          90.12         0.90110767   1.3533777 ]
 [119.          89.92         0.3898707    1.3635485 ]
 [120.          89.8          0.7615761    1.3731931 ]
 [121.          89.88         0.5933006    1.3829199 ]
 [122.          89.72         0.93381083   1.3927786 ]
 [123.          89.08         1.5849274    1.4028469 ]
 [124.          90.04         0.7402685    1.4131819 ]
 [125.          89.48         0.8318632    1.4230984 ]
 [126.          89.159996     1.0430717    1.4337883 ]
 [127.          90.04         0.68410605   1.4450016 ]
 [128.          90.44         0.5549766    1.455896  ]
 [129.          90.2          0.6164426    1.4671187 ]
 [130.          90.12         0.22803329   1.4778891 ]
 [131.          90.159996     0.16733424   1.4893904 ]
 [132.          90.08         0.3033133    1.5012301 ]
 [133.          89.840004     1.1081524    1.5129881 ]
 [134.          88.920006     3.1164057    1.5254573 ]
 [135.          90.36         0.43359038   1.5372908 ]
 [136.          89.92         0.41472742   1.5491966 ]
 [137.          90.159996     0.08944136   1.5614084 ]
 [138.          89.88         1.3007693    1.5739384 ]
 [139.          90.28001      0.36331686   1.5862149 ]
 [140.          89.840004     0.9099432    1.5983208 ]
 [141.          90.27999      0.30331692   1.611926  ]
 [142.          89.64         1.5962434    1.6242112 ]
 [143.          89.920006     0.5932948    1.6364554 ]
 [144.          89.56         1.2280047    1.648811  ]
 [145.          89.92         0.22803713   1.661528  ]
 [146.          90.159996     0.38470837   1.6752926 ]
 [147.          90.119995     0.30331248   1.6864227 ]
 [148.          89.840004     0.38470683   1.6987469 ]
 [149.          89.96         0.26076558   1.7108185 ]
 [150.          88.08         3.7619152    1.7229012 ]
 [151.          90.04         0.26076788   1.7350228 ]
 [152.          89.72         1.0825866    1.7474663 ]
 [153.          89.92         0.521535     1.760266  ]
 [154.          89.56         1.1081527    1.772952  ]
 [155.          90.04         0.5549763    1.7856184 ]
 [156.          89.920006     0.5761936    1.798687  ]
 [157.          89.4          1.4560202    1.8128973 ]
 [158.          90.16         0.6066287    1.8251127 ]
 [159.          90.12         0.65726745   1.8372105 ]
 [160.          89.68001      0.6099173    1.8489857 ]
 [161.          89.88         0.41472873   1.8613755 ]
 [162.          90.04         0.51768667   1.8730389 ]
 [163.          89.99999      0.46904173   1.88499   ]
 [164.          89.8          0.46904215   1.8967892 ]
 [165.          89.920006     0.3633215    1.9080304 ]
 [166.          90.08         0.3633215    1.9192955 ]
 [167.          89.88         0.17888272   1.930855  ]
 [168.          90.04         0.2607698    1.9417133 ]
 [169.          89.32         1.5466099    1.9523125 ]
 [170.          89.96         0.29664856   1.9625047 ]
 [171.          89.68         0.5215357    1.9724321 ]
 [172.          90.12         0.46043324   1.9823666 ]
 [173.          89.920006     0.3033163    1.9917336 ]
 [174.          89.76         0.589914     2.0030544 ]
 [175.          90.28001      0.5761932    2.015176  ]
 [176.          89.880005     0.5403712    2.024532  ]
 [177.          89.840004     0.4979955    2.0344527 ]
 [178.          90.08001      0.5761962    2.044123  ]
 [179.          89.76         0.58991295   2.054868  ]
 [180.          89.36         1.4380527    2.0646856 ]
 [181.          89.96         0.7797424    2.074724  ]
 [182.          89.479996     0.80746627   2.0841637 ]
 [183.          89.920006     0.3346612    2.095049  ]
 [184.          89.8          0.58309305   2.104422  ]
 [185.          90.119995     0.26832643   2.114438  ]
 [186.          89.6          0.6324561    2.1264462 ]
 [187.          89.840004     0.38470775   2.1364958 ]
 [188.          89.96         0.29664856   2.145809  ]
 [189.          89.8          0.50990087   2.154015  ]
 [190.          89.96         0.26076788   2.162433  ]
 [191.          89.96001      0.38470477   2.171018  ]
 [192.          89.96001      0.38470477   2.181001  ]
 [193.          89.920006     0.46043512   2.1898096 ]
 [194.          89.71999      0.5403689    2.1980088 ]
 [195.          89.92         0.3346612    2.2062738 ]
 [196.          89.56         0.9939798    2.2149723 ]
 [197.          90.           0.2449468    2.2235143 ]
 [198.          89.64         0.62289554   2.2329717 ]
 [199.          90.04         0.4979987    2.2421575 ]
 [200.          89.6          0.4690408    2.251443  ]]
The best results: 
Epoch: 128  90.44±0.55  1.456s
--------------- Train Done! ----------------
