Using cuda:0 device
Dataset     :Physics
Epochs      :200
LR X_s      :0.01
Learn A_s   :1
LR A_s      :0.01
Conden ratio:0.5
Ridge       :5.0
Kernel      :SGNK
k           :5
L           :1
Seed        :5
The 1th Iteration:
--------------------------------------------------
The 2th Iteration:
--------------------------------------------------
The 3th Iteration:
--------------------------------------------------
The 4th Iteration:
--------------------------------------------------
The 5th Iteration:
--------------------------------------------------
[[  1.          26.279999     9.724814     0.2269992 ]
 [  2.          41.2         15.7955675    0.2401547 ]
 [  3.          49.88        20.025284     0.25341335]
 [  4.          54.640003    21.280695     0.266923  ]
 [  5.          56.          20.855694     0.2802713 ]
 [  6.          56.96        19.733929     0.29395637]
 [  7.          58.080006    18.381838     0.30757713]
 [  8.          58.96        17.387583     0.32151604]
 [  9.          60.68        14.848972     0.3353884 ]
 [ 10.          62.640003    12.470285     0.3488617 ]
 [ 11.          64.4         10.774971     0.36225754]
 [ 12.          65.96        10.11474      0.37601748]
 [ 13.          68.159996     9.305267     0.38961467]
 [ 14.          70.24         8.291441     0.40348694]
 [ 15.          72.159996     7.7258       0.41696772]
 [ 16.          74.6          5.9749484    0.43039274]
 [ 17.          76.64         4.7652917    0.44363043]
 [ 18.          78.159996     3.9734108    0.45785657]
 [ 19.          79.4          2.8460517    0.4714008 ]
 [ 20.          80.48         2.4108105    0.48462135]
 [ 21.          81.4          2.1587067    0.4995424 ]
 [ 22.          82.           1.8814893    0.51401657]
 [ 23.          82.64001      1.9616332    0.5290824 ]
 [ 24.          83.08001      1.916247     0.5438007 ]
 [ 25.          83.560005     1.5582002    0.55927396]
 [ 26.          84.04         1.0526155    0.5742579 ]
 [ 27.          84.28         1.0825912    0.5897084 ]
 [ 28.          84.4          1.0392296    0.60478175]
 [ 29.          84.52         0.98590225   0.6215807 ]
 [ 30.          84.68         1.0825882    0.636719  ]
 [ 31.          84.920006     1.1189318    0.6527518 ]
 [ 32.          85.04         1.08074      0.66802603]
 [ 33.          85.119995     1.1882739    0.6839055 ]
 [ 34.          85.12         1.136663     0.6994047 ]
 [ 35.          85.08         1.0825866    0.71539634]
 [ 36.          85.240005     1.0334437    0.7311215 ]
 [ 37.          85.200005     1.2083056    0.74695355]
 [ 38.          85.28         1.1798329    0.76281554]
 [ 39.          85.28         1.1798329    0.77749014]
 [ 40.          85.36         1.0899539    0.79389566]
 [ 41.          85.52         1.044987     0.8093025 ]
 [ 42.          85.6          0.95916456   0.8254952 ]
 [ 43.          85.71999      0.9858974    0.84114456]
 [ 44.          85.76         0.9208669    0.8572039 ]
 [ 45.          85.8          0.96953773   0.8730087 ]
 [ 46.          85.88         1.0733128    0.888941  ]
 [ 47.          86.           1.019806     0.90486664]
 [ 48.          86.08         1.1189286    0.9206724 ]
 [ 49.          86.159996     1.0430701    0.9365637 ]
 [ 50.          86.28001      1.1966622    0.9523905 ]
 [ 51.          86.28001      1.1541239    0.96852875]
 [ 52.          86.28001      1.1541239    0.98441476]
 [ 53.          86.200005     1.1224979    1.0006121 ]
 [ 54.          86.32         0.9959923    1.0167465 ]
 [ 55.          86.4          0.9273634    1.0329756 ]
 [ 56.          86.4          0.9273634    1.0491995 ]
 [ 57.          86.48         0.8671819    1.0646496 ]
 [ 58.          86.44         0.9099468    1.0802324 ]
 [ 59.          86.48         0.8671819    1.0958176 ]
 [ 60.          86.48         0.8671819    1.1126133 ]
 [ 61.          86.560005     0.8876927    1.1285048 ]
 [ 62.          86.68001      0.7563077    1.1443205 ]
 [ 63.          86.68001      0.7563077    1.1602461 ]
 [ 64.          86.64001      0.71273804   1.1764147 ]
 [ 65.          86.64001      0.71273804   1.1926149 ]
 [ 66.          86.64001      0.71273804   1.2079967 ]
 [ 67.          86.6          0.67823535   1.223497  ]
 [ 68.          86.64         0.6542201    1.238974  ]
 [ 69.          86.64         0.6542201    1.254578  ]
 [ 70.          86.64001      0.74026436   1.2718369 ]
 [ 71.          86.64001      0.74026436   1.2868296 ]
 [ 72.          86.6          0.6782328    1.3025388 ]
 [ 73.          86.6          0.6782328    1.3178711 ]
 [ 74.          86.64         0.6229       1.3338971 ]
 [ 75.          86.520004     0.65726256   1.3499342 ]
 [ 76.          86.520004     0.65726256   1.3657223 ]
 [ 77.          86.520004     0.65726256   1.3816532 ]
 [ 78.          86.560005     0.71274084   1.397546  ]
 [ 79.          86.52001      0.756306     1.4134524 ]
 [ 80.          86.52001      0.756306     1.4295851 ]
 [ 81.          86.52001      0.756306     1.4454459 ]
 [ 82.          86.52001      0.756306     1.461724  ]
 [ 83.          86.52001      0.756306     1.4767995 ]
 [ 84.          86.52001      0.756306     1.4928443 ]
 [ 85.          86.52001      0.756306     1.5089728 ]
 [ 86.          86.560005     0.7402716    1.5251282 ]
 [ 87.          86.560005     0.76681346   1.5413014 ]
 [ 88.          86.560005     0.76681346   1.5564797 ]
 [ 89.          86.560005     0.76681346   1.5719489 ]
 [ 90.          86.560005     0.76681346   1.5874166 ]
 [ 91.          86.560005     0.76681346   1.6038265 ]
 [ 92.          86.6          0.7483334    1.6195961 ]
 [ 93.          86.6          0.7483334    1.6357478 ]
 [ 94.          86.64001      0.7402721    1.6517607 ]
 [ 95.          86.64001      0.7402721    1.6677336 ]
 [ 96.          86.68         0.76941305   1.684658  ]
 [ 97.          86.880005     0.72938585   1.7004894 ]
 [ 98.          86.880005     0.72938585   1.7162243 ]
 [ 99.          87.04         0.606634     1.7319565 ]
 [100.          87.159996     0.62289715   1.7479668 ]
 [101.          87.28001      0.64187247   1.7637106 ]
 [102.          87.28001      0.64187247   1.7797703 ]
 [103.          87.4          0.61644125   1.7956975 ]
 [104.          87.48         0.5403712    1.810954  ]
 [105.          87.68         0.3033169    1.8264805 ]
 [106.          87.68         0.3033169    1.841677  ]
 [107.          87.6          0.37416616   1.8573395 ]
 [108.          87.68         0.41472912   1.8727324 ]
 [109.          87.76         0.3577726    1.8885058 ]
 [110.          87.72         0.33466628   1.9037707 ]
 [111.          87.68         0.30331817   1.9191678 ]
 [112.          87.71999      0.36331826   1.9344826 ]
 [113.          87.76         0.35777223   1.949521  ]
 [114.          87.8          0.2828402    1.9641908 ]
 [115.          87.8          0.31622577   1.9793395 ]
 [116.          87.8          0.31622577   1.9946203 ]
 [117.          87.8          0.31622577   2.0101879 ]
 [118.          87.8          0.31622577   2.0258877 ]
 [119.          87.8          0.31622577   2.0415359 ]
 [120.          87.8          0.40000153   2.0587716 ]
 [121.          87.8          0.40000153   2.0744495 ]
 [122.          87.88         0.3898691    2.0921261 ]
 [123.          87.840004     0.32863125   2.1077752 ]
 [124.          87.880005     0.26832643   2.1235511 ]
 [125.          87.880005     0.17888483   2.1391733 ]
 [126.          87.840004     0.16733174   2.1545784 ]
 [127.          87.88         0.2280339    2.1697104 ]
 [128.          87.84         0.21908702   2.1871471 ]
 [129.          87.92         0.2280349    2.2037373 ]
 [130.          87.88         0.2683279    2.2197359 ]
 [131.          87.88         0.3898717    2.2352426 ]
 [132.          87.88         0.3898717    2.251058  ]
 [133.          87.840004     0.38470775   2.2657065 ]
 [134.          87.8          0.40000054   2.2815418 ]
 [135.          87.76         0.409878     2.2969902 ]
 [136.          87.68001      0.4147294    2.3125687 ]
 [137.          87.68         0.460436     2.3280826 ]
 [138.          87.68         0.5019968    2.3419802 ]
 [139.          87.8          0.56568354   2.3567932 ]
 [140.          87.920006     0.5932962    2.3723724 ]
 [141.          88.           0.54772466   2.3882062 ]
 [142.          88.079994     0.43817514   2.4035957 ]
 [143.          88.200005     0.20000172   2.4196272 ]
 [144.          88.08         0.4147294    2.4354167 ]
 [145.          88.32         0.33466712   2.4516442 ]
 [146.          88.32         0.3033182    2.4675293 ]
 [147.          88.56         0.35777318   2.483549  ]
 [148.          88.520004     0.30331352   2.499501  ]
 [149.          88.920006     0.3898714    2.5156689 ]
 [150.          88.76         0.43359226   2.5319526 ]
 [151.          89.200005     0.5099024    2.547892  ]
 [152.          89.32         0.6099178    2.5644302 ]
 [153.          88.88         0.5019989    2.5806432 ]
 [154.          89.84         0.29664713   2.5971549 ]
 [155.          89.4          0.8246208    2.613176  ]
 [156.          89.36001      0.77974504   2.6296625 ]
 [157.          89.72         0.10954748   2.6457815 ]
 [158.          89.76         0.983869     2.662172  ]
 [159.          89.240005     0.7668116    2.6784241 ]
 [160.          89.           0.7615792    2.6946602 ]
 [161.          90.119995     1.1366638    2.7111843 ]
 [162.          89.44         0.8173111    2.727423  ]
 [163.          89.200005     0.8944275    2.7439525 ]
 [164.          90.           0.6782353    2.7601974 ]
 [165.          90.08         1.0825888    2.7764983 ]
 [166.          89.6          0.6782305    2.7929273 ]
 [167.          90.04         1.0039918    2.809014  ]
 [168.          89.56         0.9208704    2.8251595 ]
 [169.          89.32001      1.3160584    2.841522  ]
 [170.          89.240005     0.9939806    2.8575056 ]
 [171.          89.96         0.68410516   2.87342   ]
 [172.          89.68001      0.72938263   2.8901646 ]
 [173.          89.880005     0.7155417    2.9053302 ]
 [174.          89.44         1.0526181    2.9210103 ]
 [175.          90.44         0.38470727   2.9365666 ]
 [176.          90.32         0.460435     2.952426  ]
 [177.          88.8          2.501998     2.9681292 ]
 [178.          90.4          0.5999998    2.9839225 ]
 [179.          90.32         0.2683278    2.9987152 ]
 [180.          89.920006     0.81975543   3.014184  ]
 [181.          90.240005     0.5366539    3.0300498 ]
 [182.          88.71999      3.9053795    3.045443  ]
 [183.          90.200005     0.54772276   3.061504  ]
 [184.          89.44         0.8173186    3.0772996 ]
 [185.          89.04         1.1260539    3.0919998 ]
 [186.          88.08         3.8486388    3.1069915 ]
 [187.          88.12         3.2205565    3.1220925 ]
 [188.          89.48         1.5006641    3.1379538 ]
 [189.          88.68         1.9110225    3.1532047 ]
 [190.          89.32         1.1189278    3.169388  ]
 [191.          89.6          1.3341671    3.1850572 ]
 [192.          89.44         0.79246515   3.2008312 ]
 [193.          89.48         0.30331817   3.2186043 ]
 [194.          89.68         0.71554214   3.2343864 ]
 [195.          89.68         0.7563049    3.2509935 ]
 [196.          89.96001      0.6985689    3.266934  ]
 [197.          89.8          0.2449468    3.2837198 ]
 [198.          88.64001      2.710719     3.2999039 ]
 [199.          87.84         4.4997764    3.3165874 ]
 [200.          89.71999      0.5019969    3.3326957 ]]
The best results: 
Epoch: 175  90.44±0.38  2.937s
--------------- Train Done! ----------------
