Using cuda:0 device
Dataset     :Physics
Epochs      :200
LR X_s      :0.01
Learn A_s   :0
LR A_s      :0.01
Conden ratio:0.5
Ridge       :10.0
Kernel      :SGNK
k           :2
L           :1
Seed        :5
The 1th Iteration:
--------------------------------------------------
The 2th Iteration:
--------------------------------------------------
The 3th Iteration:
--------------------------------------------------
The 4th Iteration:
--------------------------------------------------
The 5th Iteration:
--------------------------------------------------
[[  1.          25.16         6.9719424    0.26456213]
 [  2.          26.240004     9.324592     0.27079907]
 [  3.          30.040003    13.335967     0.27573952]
 [  4.          31.12        12.62743      0.28215718]
 [  5.          31.76        12.16421      0.28791094]
 [  6.          32.04        12.041927     0.29322806]
 [  7.          32.8         12.871674     0.2990152 ]
 [  8.          33.52        13.48525      0.30362388]
 [  9.          34.24        13.801739     0.3089055 ]
 [ 10.          36.16        14.111981     0.31523323]
 [ 11.          38.16        14.222798     0.3214414 ]
 [ 12.          40.12        14.249632     0.32668898]
 [ 13.          41.88        14.090138     0.33122325]
 [ 14.          43.56        14.270529     0.33579236]
 [ 15.          45.44        14.283837     0.34087047]
 [ 16.          47.08        14.119206     0.34763607]
 [ 17.          49.16        12.875092     0.35300848]
 [ 18.          51.          11.549026     0.35755157]
 [ 19.          52.920002    10.862412     0.3656895 ]
 [ 20.          54.359997     9.862453     0.37008578]
 [ 21.          56.120003     9.053841     0.37443694]
 [ 22.          57.24         8.131912     0.37973323]
 [ 23.          58.359997     7.4557357    0.38485485]
 [ 24.          60.120003     6.271525     0.38918313]
 [ 25.          61.559998     5.654026     0.3942535 ]
 [ 26.          63.120003     5.452706     0.39889404]
 [ 27.          64.28         5.0785823    0.4042843 ]
 [ 28.          65.68001      5.0667553    0.4090112 ]
 [ 29.          67.44         5.322406     0.4143798 ]
 [ 30.          68.84         5.5016356    0.42164302]
 [ 31.          70.240005     5.4724784    0.4279091 ]
 [ 32.          71.439995     5.727826     0.43237492]
 [ 33.          72.8          5.805168     0.43699437]
 [ 34.          73.8          5.772347     0.44195524]
 [ 35.          75.12         6.300159     0.44868642]
 [ 36.          76.240005     6.4255743    0.45533082]
 [ 37.          76.840004     6.32677      0.46124426]
 [ 38.          77.56         6.28872      0.46637923]
 [ 39.          78.8          5.7271276    0.47102347]
 [ 40.          79.64001      5.123282     0.4755076 ]
 [ 41.          80.36         4.5965214    0.48038396]
 [ 42.          80.88         4.1051197    0.48436594]
 [ 43.          81.64001      3.8507154    0.48829636]
 [ 44.          82.28         3.8382287    0.49356237]
 [ 45.          82.96001      3.2074907    0.49768692]
 [ 46.          83.68         2.6817896    0.50150794]
 [ 47.          84.           2.4859614    0.50631905]
 [ 48.          84.28001      2.2609735    0.5105657 ]
 [ 49.          84.880005     1.7697439    0.51593286]
 [ 50.          85.04         1.4926493    0.52144927]
 [ 51.          85.32001      1.253795     0.52615184]
 [ 52.          85.520004     1.2377386    0.53004867]
 [ 53.          85.56         1.2680699    0.534377  ]
 [ 54.          85.71999      1.2457898    0.53854305]
 [ 55.          86.           1.1045384    0.54275817]
 [ 56.          86.08001      1.0059835    0.5480444 ]
 [ 57.          86.12         1.0059836    0.55194163]
 [ 58.          86.36         0.60662764   0.55640703]
 [ 59.          86.48         0.5932935    0.560591  ]
 [ 60.          86.68001      0.701425     0.5647552 ]
 [ 61.          86.72         0.57619905   0.5694148 ]
 [ 62.          86.76         0.572715     0.5758311 ]
 [ 63.          86.920006     0.6870214    0.58005375]
 [ 64.          87.           0.5656815    0.58413774]
 [ 65.          87.           0.5477226    0.5881564 ]
 [ 66.          87.08001      0.5019973    0.5929821 ]
 [ 67.          87.119995     0.46043673   0.598334  ]
 [ 68.          87.200005     0.46903887   0.602443  ]
 [ 69.          87.28         0.38987043   0.6082104 ]
 [ 70.          87.32         0.363317     0.6123757 ]
 [ 71.          87.4          0.40000248   0.61680716]
 [ 72.          87.36001      0.43359166   0.62184703]
 [ 73.          87.4          0.40000248   0.62609464]
 [ 74.          87.4          0.40000248   0.63050747]
 [ 75.          87.36         0.32863304   0.6348218 ]
 [ 76.          87.36         0.32863304   0.64095443]
 [ 77.          87.4          0.3741682    0.64649206]
 [ 78.          87.44         0.35777417   0.6511563 ]
 [ 79.          87.44         0.35777417   0.6595415 ]
 [ 80.          87.52         0.41473103   0.6647267 ]
 [ 81.          87.56         0.43359014   0.6697399 ]
 [ 82.          87.56         0.43359014   0.6757068 ]
 [ 83.          87.64001      0.40987885   0.6799033 ]
 [ 84.          87.6          0.40000278   0.68469983]
 [ 85.          87.6          0.40000278   0.6906205 ]
 [ 86.          87.72         0.46043193   0.6948469 ]
 [ 87.          87.72         0.46043193   0.6989677 ]
 [ 88.          87.80001      0.50990367   0.70310855]
 [ 89.          87.80001      0.50990367   0.7079885 ]
 [ 90.          87.88         0.4147316    0.7131906 ]
 [ 91.          87.92         0.48166183   0.71747965]
 [ 92.          87.96         0.4774918    0.72404784]
 [ 93.          88.           0.4472085    0.72848123]
 [ 94.          88.04         0.5176856    0.733846  ]
 [ 95.          88.08001      0.52153426   0.7386072 ]
 [ 96.          88.2          0.5477237    0.7429001 ]
 [ 97.          88.159996     0.5549785    0.7492894 ]
 [ 98.          88.159996     0.5549785    0.7567567 ]
 [ 99.          88.200005     0.63245887   0.7621639 ]
 [100.          88.200005     0.63245887   0.7667774 ]
 [101.          88.200005     0.63245887   0.77094346]
 [102.          88.16         0.53665304   0.7757374 ]
 [103.          88.200005     0.509899     0.782147  ]
 [104.          88.200005     0.509899     0.78660387]
 [105.          88.28001      0.5761938    0.7926888 ]
 [106.          88.32         0.62609774   0.798822  ]
 [107.          88.4          0.5656849    0.8059519 ]
 [108.          88.520004     0.46043634   0.8119289 ]
 [109.          88.64001      0.3577698    0.8163212 ]
 [110.          88.64001      0.3577698    0.82093346]
 [111.          88.64001      0.3577698    0.82535535]
 [112.          88.64001      0.3577698    0.8296675 ]
 [113.          88.68         0.3346681    0.8356811 ]
 [114.          88.72         0.3346655    0.84232426]
 [115.          88.72         0.3346655    0.84734553]
 [116.          88.72         0.3346655    0.851456  ]
 [117.          88.76         0.32863596   0.857436  ]
 [118.          88.8          0.37416717   0.8629023 ]
 [119.          88.8          0.48989776   0.867589  ]
 [120.          88.84         0.49799573   0.8727943 ]
 [121.          88.8          0.48989776   0.87800074]
 [122.          88.76         0.38470814   0.88306916]
 [123.          88.76         0.38470814   0.88702834]
 [124.          88.840004     0.3847038    0.89205295]
 [125.          88.8          0.39999866   0.8974003 ]
 [126.          88.76         0.38471004   0.9035701 ]
 [127.          88.76         0.38471004   0.9103549 ]
 [128.          88.76         0.38471004   0.9183659 ]
 [129.          88.76         0.16733417   0.9255659 ]
 [130.          88.76         0.16733417   0.9312291 ]
 [131.          88.8          0.28284246   0.93770045]
 [132.          88.8          0.20000172   0.94304276]
 [133.          88.76         0.26076558   0.9496328 ]
 [134.          88.76         0.2607691    0.9538328 ]
 [135.          88.76         0.2607691    0.95898896]
 [136.          88.8          0.31622776   0.96380866]
 [137.          88.880005     0.36331725   0.96946394]
 [138.          89.           0.4242636    0.97447014]
 [139.          89.           0.4242636    0.9810118 ]
 [140.          89.04         0.38470826   0.9865875 ]
 [141.          89.04         0.38470826   0.9911788 ]
 [142.          89.08001      0.4604371    0.9977881 ]
 [143.          89.159996     0.296646     1.0035275 ]
 [144.          89.240005     0.32863188   1.0077957 ]
 [145.          89.36         0.3847062    1.0147976 ]
 [146.          89.240005     0.38470826   1.0219663 ]
 [147.          89.36         0.35776952   1.0261496 ]
 [148.          89.27999      0.6261021    1.0303836 ]
 [149.          89.240005     0.5899171    1.0346296 ]
 [150.          89.36         0.45607218   1.0396497 ]
 [151.          89.48         0.50199825   1.0439104 ]
 [152.          89.64001      0.49799597   1.049881  ]
 [153.          89.6          0.40000042   1.0574194 ]
 [154.          89.68         0.33466712   1.0619183 ]
 [155.          89.72         0.268329     1.0667413 ]
 [156.          89.68         0.22803524   1.0710276 ]
 [157.          89.880005     0.17888483   1.0767078 ]
 [158.          89.840004     0.26076865   1.0826241 ]
 [159.          89.88         0.26832932   1.0876235 ]
 [160.          89.99999      0.34641054   1.0965127 ]
 [161.          90.           0.3464071    1.1031516 ]
 [162.          90.08         0.17888272   1.1084942 ]
 [163.          90.28         0.3346627    1.1134933 ]
 [164.          90.32         0.10954633   1.1182419 ]
 [165.          90.40001      0.42426407   1.1229674 ]
 [166.          90.560005     0.16733265   1.1276919 ]
 [167.          90.600006     0.46904227   1.1331767 ]
 [168.          91.           0.28284177   1.139505  ]
 [169.          90.8          0.31622776   1.1450928 ]
 [170.          91.27999      0.33466232   1.1496867 ]
 [171.          91.240005     0.16733311   1.1549361 ]
 [172.          91.48         0.3033169    1.1600351 ]
 [173.          91.32         0.22803462   1.1659317 ]
 [174.          91.68         0.43817765   1.1702318 ]
 [175.          91.48         0.30331868   1.1748844 ]
 [176.          91.48         0.33466598   1.1793808 ]
 [177.          91.96         0.43358833   1.1840552 ]
 [178.          91.44         0.26076925   1.1901969 ]
 [179.          91.56         0.16733234   1.1977719 ]
 [180.          91.96         1.260158     1.2044302 ]
 [181.          91.48         0.92303634   1.2097877 ]
 [182.          91.8          0.84852564   1.2156403 ]
 [183.          91.8          1.0488049    1.2225786 ]
 [184.          91.32         1.0256706    1.2286766 ]
 [185.          91.92         0.6572685    1.2351769 ]
 [186.          91.88         0.5933006    1.2417952 ]
 [187.          91.76         0.5899149    1.2484099 ]
 [188.          91.76         0.167334     1.2528037 ]
 [189.          91.48         0.41473046   1.2581328 ]
 [190.          91.76         0.7924659    1.2624729 ]
 [191.          91.48         0.5403703    1.2682421 ]
 [192.          91.920006     0.38987133   1.2726387 ]
 [193.          88.840004     3.1540444    1.2773317 ]
 [194.          91.200005     1.2884116    1.2846109 ]
 [195.          89.520004     1.559488     1.2913774 ]
 [196.          90.68         1.8471582    1.2981583 ]
 [197.          90.8          0.92736125   1.3068793 ]
 [198.          91.12         1.0059845    1.3131746 ]
 [199.          91.12001      0.8786367    1.3189014 ]
 [200.          90.880005     0.8318671    1.3235676 ]]
The best results: 
Epoch: 177  91.96±0.43  1.184s
--------------- Train Done! ----------------
--------------- Save Done! ----------------
