Using cuda:0 device
Dataset     :Physics
Epochs      :200
LR X_s      :0.01
Learn A_s   :0
LR A_s      :0.01
Conden ratio:0.25
Ridge       :0.5
Kernel      :SGNK
k           :2
L           :1
Seed        :5
The 1th Iteration:
--------------------------------------------------
The 2th Iteration:
--------------------------------------------------
The 3th Iteration:
--------------------------------------------------
The 4th Iteration:
--------------------------------------------------
The 5th Iteration:
--------------------------------------------------
[[  1.          35.920002     5.974277     0.27606168]
 [  2.          50.72         6.8448515    0.28064394]
 [  3.          61.28         7.326117     0.28641865]
 [  4.          68.64001      7.2792864    0.29049715]
 [  5.          74.240005     6.451978     0.29427788]
 [  6.          78.44         5.9167547    0.2980919 ]
 [  7.          81.159996     4.501997     0.30192897]
 [  8.          83.04         3.7373796    0.3077031 ]
 [  9.          84.4          2.8390117    0.31228447]
 [ 10.          85.16         2.2378566    0.3180925 ]
 [ 11.          85.68         1.8198906    0.32286343]
 [ 12.          86.159996     1.5646088    0.3287964 ]
 [ 13.          86.44         1.451897     0.33375236]
 [ 14.          86.840004     1.3221191    0.34011036]
 [ 15.          87.08         1.1454263    0.34497246]
 [ 16.          87.48         1.0256703    0.34901372]
 [ 17.          87.44         0.9208702    0.35424313]
 [ 18.          87.56         1.0237186    0.35891157]
 [ 19.          87.68         0.965401     0.36381188]
 [ 20.          87.72         0.94445634   0.36919627]
 [ 21.          87.799995     0.87177926   0.376801  ]
 [ 22.          87.8          0.80000067   0.38725153]
 [ 23.          88.           0.7071079    0.39393622]
 [ 24.          88.08         0.6418735    0.3987856 ]
 [ 25.          88.159996     0.5549779    0.40274444]
 [ 26.          88.200005     0.5099008    0.40695024]
 [ 27.          88.200005     0.4690412    0.4125835 ]
 [ 28.          88.240005     0.38470826   0.4180127 ]
 [ 29.          88.24         0.35776898   0.42259723]
 [ 30.          88.36         0.35777113   0.426575  ]
 [ 31.          88.32         0.41472802   0.43137217]
 [ 32.          88.48         0.5932958    0.43787   ]
 [ 33.          88.52         0.5932959    0.44323775]
 [ 34.          88.56         0.66932696   0.4477392 ]
 [ 35.          88.6          0.81240726   0.45193934]
 [ 36.          88.68         0.76941663   0.4565588 ]
 [ 37.          88.72         0.71554387   0.46147925]
 [ 38.          88.840004     0.6542167    0.4658104 ]
 [ 39.          88.840004     0.6542167    0.4704363 ]
 [ 40.          88.840004     0.6542167    0.47974157]
 [ 41.          88.840004     0.6841076    0.4874839 ]
 [ 42.          88.8          0.6633263    0.49556223]
 [ 43.          88.68         0.5215374    0.5010785 ]
 [ 44.          88.64001      0.38470545   0.50657815]
 [ 45.          88.6          0.37416443   0.51158303]
 [ 46.          88.64001      0.26076743   0.51702064]
 [ 47.          88.56         0.32863432   0.52084976]
 [ 48.          88.64001      0.35777146   0.5253067 ]
 [ 49.          88.64001      0.35777146   0.5304789 ]
 [ 50.          88.64001      0.3847071    0.5344125 ]
 [ 51.          88.68         0.4604365    0.5397549 ]
 [ 52.          88.68         0.4604365    0.5444588 ]
 [ 53.          88.8          0.4472163    0.548252  ]
 [ 54.          88.8          0.4472163    0.5560205 ]
 [ 55.          88.8          0.4472163    0.5624451 ]
 [ 56.          88.88         0.36331806   0.56979054]
 [ 57.          88.88         0.36331806   0.5751477 ]
 [ 58.          88.96         0.4335887    0.58085614]
 [ 59.          89.           0.5477221    0.5860792 ]
 [ 60.          89.08001      0.46043336   0.5902657 ]
 [ 61.          88.96         0.51768774   0.5947166 ]
 [ 62.          88.96         0.51768774   0.5995002 ]
 [ 63.          88.920006     0.521537     0.6039283 ]
 [ 64.          88.92         0.41473034   0.61231434]
 [ 65.          88.88         0.3633167    0.62284106]
 [ 66.          88.920006     0.22803329   0.63064945]
 [ 67.          88.96         0.2607672    0.63657755]
 [ 68.          89.08001      0.43817785   0.6423342 ]
 [ 69.          89.28         0.36331862   0.6471225 ]
 [ 70.          89.36         0.38470867   0.65093845]
 [ 71.          89.36         0.4560693    0.6547229 ]
 [ 72.          89.439995     0.38470697   0.6591831 ]
 [ 73.          89.44         0.29664984   0.6635913 ]
 [ 74.          89.52001      0.26833186   0.66795707]
 [ 75.          89.52001      0.26833186   0.6728307 ]
 [ 76.          89.64         0.35777158   0.6772735 ]
 [ 77.          89.64         0.35777158   0.6814418 ]
 [ 78.          89.68         0.33466712   0.6852457 ]
 [ 79.          89.68         0.33466712   0.6899374 ]
 [ 80.          89.71999      0.48166433   0.69393855]
 [ 81.          89.71999      0.48166433   0.69786936]
 [ 82.          89.76         0.5176884    0.7016751 ]
 [ 83.          89.880005     0.5932975    0.7064083 ]
 [ 84.          89.96         0.5727135    0.7102221 ]
 [ 85.          89.96         0.5549756    0.7141265 ]
 [ 86.          90.           0.5656852    0.7178537 ]
 [ 87.          90.08001      0.460436     0.72177863]
 [ 88.          90.12001      0.41472927   0.7256396 ]
 [ 89.          90.200005     0.28284222   0.7302164 ]
 [ 90.          90.36         0.26076987   0.7341695 ]
 [ 91.          90.4          0.20000045   0.7388955 ]
 [ 92.          90.399994     0.282844     0.74392456]
 [ 93.          90.4          0.20000076   0.74896425]
 [ 94.          90.4          0.20000076   0.7537412 ]
 [ 95.          90.520004     0.3033131    0.75865835]
 [ 96.          90.520004     0.3033131    0.7631921 ]
 [ 97.          90.560005     0.32863328   0.7681533 ]
 [ 98.          90.6          0.28284246   0.7722613 ]
 [ 99.          90.76         0.2607685    0.7770648 ]
 [100.          90.880005     0.17888483   0.7810743 ]
 [101.          90.880005     0.3033129    0.7851079 ]
 [102.          90.96         0.21908742   0.79133403]
 [103.          91.12         0.22803378   0.79585177]
 [104.          91.200005     0.141421     0.7999757 ]
 [105.          91.36         0.21909021   0.80381167]
 [106.          91.36001      0.26076964   0.8084633 ]
 [107.          91.28         0.17888662   0.81369954]
 [108.          91.520004     0.48166212   0.8209068 ]
 [109.          91.44         0.08944136   0.8256349 ]
 [110.          91.56         0.21909079   0.8320223 ]
 [111.          91.4          0.4690397    0.8379965 ]
 [112.          91.64001      0.5549769    0.84418756]
 [113.          91.64001      0.26076633   0.8488311 ]
 [114.          91.68         0.46043032   0.85838157]
 [115.          91.44         0.26076996   0.8662589 ]
 [116.          91.92         0.3346637    0.8730175 ]
 [117.          91.56         0.21909091   0.8789832 ]
 [118.          91.44         0.1673306    0.88634914]
 [119.          92.04         0.43358883   0.8972317 ]
 [120.          91.36         0.6841053    0.9061991 ]
 [121.          91.8          1.0392311    0.9116762 ]
 [122.          91.04         1.1171392    0.92032576]
 [123.          91.36         1.2280091    0.92718375]
 [124.          90.4          1.0862776    0.9337818 ]
 [125.          91.880005     1.1366599    0.93941754]
 [126.          90.159996     2.0513415    0.94324225]
 [127.          91.4          1.0954424    0.9497185 ]
 [128.          91.00001      1.6552941    0.9543015 ]
 [129.          91.56         1.0807401    0.9581737 ]
 [130.          92.04         0.29664597   0.9628189 ]
 [131.          91.920006     0.46043673   0.968327  ]
 [132.          91.64         0.29664972   0.97323096]
 [133.          91.68         0.30331868   0.97945845]
 [134.          91.72         0.30331394   0.98470974]
 [135.          91.68         0.3633197    0.989411  ]
 [136.          91.72         0.4147279    0.9937    ]
 [137.          91.64001      0.29665217   0.9983821 ]
 [138.          91.64001      0.32863554   1.002274  ]
 [139.          91.6          0.31622857   1.006165  ]
 [140.          91.6          0.2449494    1.0105911 ]
 [141.          91.48         0.3033131    1.0161153 ]
 [142.          91.6          0.3464113    1.0200819 ]
 [143.          91.48         0.5019964    1.0239722 ]
 [144.          91.48         0.5019964    1.0290711 ]
 [145.          91.48         0.5019964    1.0337435 ]
 [146.          91.520004     0.268329     1.0398417 ]
 [147.          91.439995     0.2607661    1.0445957 ]
 [148.          91.64001      0.3286358    1.0499262 ]
 [149.          91.64001      0.43359062   1.0553746 ]
 [150.          91.399994     0.3999982    1.0616804 ]
 [151.          91.52         0.22803524   1.0658091 ]
 [152.          91.48         0.30331668   1.0703061 ]
 [153.          91.48         0.2683269    1.0741411 ]
 [154.          91.56         0.32863238   1.0815439 ]
 [155.          91.6          0.37416512   1.0880485 ]
 [156.          91.71999      0.22803545   1.093907  ]
 [157.          91.76         0.21908858   1.1018441 ]
 [158.          91.72         0.30331728   1.1060231 ]
 [159.          91.88         0.30331293   1.1100334 ]
 [160.          91.88         0.30331293   1.1148198 ]
 [161.          91.92         0.17888272   1.1192898 ]
 [162.          91.8          0.2449468    1.1231486 ]
 [163.          91.8          0.14142324   1.1270224 ]
 [164.          91.88         0.17888762   1.1320708 ]
 [165.          91.96         0.08944136   1.1372833 ]
 [166.          91.920006     0.10954284   1.1435423 ]
 [167.          91.96         0.08944136   1.1496222 ]
 [168.          91.96001      0.21908742   1.1562933 ]
 [169.          92.           0.28284156   1.1619933 ]
 [170.          91.88         0.33466595   1.1662892 ]
 [171.          91.799995     0.2449494    1.1713274 ]
 [172.          91.799995     0.2449494    1.175327  ]
 [173.          91.8          0.14142324   1.1795622 ]
 [174.          91.840004     0.167335     1.1853498 ]
 [175.          91.880005     0.22803669   1.1900433 ]
 [176.          91.880005     0.22803669   1.1960052 ]
 [177.          91.880005     0.22803329   1.2037516 ]
 [178.          91.840004     0.16733174   1.213015  ]
 [179.          91.920006     0.10954284   1.2194976 ]
 [180.          91.920006     0.10954284   1.2257845 ]
 [181.          91.880005     0.10954284   1.2305427 ]
 [182.          91.8          0.14142413   1.235712  ]
 [183.          91.76         0.08944661   1.241881  ]
 [184.          91.76         0.08944661   1.2461547 ]
 [185.          91.8          0.14142413   1.2519003 ]
 [186.          91.840004     0.08944136   1.2580359 ]
 [187.          91.840004     0.08944136   1.2622706 ]
 [188.          91.80001      0.           1.2669452 ]
 [189.          91.76         0.0894442    1.272286  ]
 [190.          91.80001      0.           1.276676  ]
 [191.          91.80001      0.           1.2812449 ]
 [192.          91.80001      0.           1.285192  ]
 [193.          91.80001      0.           1.2895476 ]
 [194.          91.840004     0.08944136   1.2933568 ]
 [195.          91.840004     0.08944136   1.2971796 ]
 [196.          91.840004     0.08944136   1.3019527 ]
 [197.          91.840004     0.08944136   1.3064709 ]
 [198.          91.840004     0.08944136   1.3119386 ]
 [199.          91.8          0.1414219    1.3186263 ]
 [200.          91.8          0.1414219    1.325538  ]]
The best results: 
Epoch: 119  92.04±0.43  0.897s
--------------- Train Done! ----------------
--------------- Save Done! ----------------
