Using cuda:0 device
Dataset     :Pubmed
Epochs      :200
LR X_s      :0.01
Learn A_s   :0
LR A_s      :0.01
Conden ratio:0.5
Ridge       :1.0
Kernel      :SGNK
k           :5
L           :1
Seed        :5
The 1th Iteration:
--------------------------------------------------
The 2th Iteration:
--------------------------------------------------
The 3th Iteration:
--------------------------------------------------
The 4th Iteration:
--------------------------------------------------
The 5th Iteration:
--------------------------------------------------
[[  1.          39.760002    13.041587     0.275808  ]
 [  2.          45.18        15.827413     0.27957135]
 [  3.          48.26        17.150015     0.28357568]
 [  4.          51.859997    16.498878     0.28926158]
 [  5.          55.52        12.5274515    0.29313087]
 [  6.          59.2          9.122227     0.29699275]
 [  7.          61.440002     7.0705733    0.30183902]
 [  8.          62.72         5.564801     0.30802462]
 [  9.          63.420002     4.765711     0.31183678]
 [ 10.          64.159996     4.199165     0.31604472]
 [ 11.          64.920006     3.3818638    0.32132193]
 [ 12.          65.64001      3.0319948    0.32619688]
 [ 13.          65.98         2.4742668    0.3309252 ]
 [ 14.          66.3          2.4382372    0.33585897]
 [ 15.          66.5          2.0554805    0.34015223]
 [ 16.          66.72         1.9357172    0.3441126 ]
 [ 17.          66.94         1.7952702    0.3484552 ]
 [ 18.          67.           1.5182227    0.3538789 ]
 [ 19.          67.08         1.3535129    0.3588402 ]
 [ 20.          67.34         1.3030728    0.3635901 ]
 [ 21.          67.4          1.309581     0.3704918 ]
 [ 22.          67.439995     1.2601588    0.37492257]
 [ 23.          67.56         1.0807403    0.379244  ]
 [ 24.          67.64         1.023717     0.38361317]
 [ 25.          67.740005     1.0430764    0.3877871 ]
 [ 26.          68.           1.0416354    0.39207816]
 [ 27.          68.28001      1.1691887    0.3962812 ]
 [ 28.          68.36         1.1781344    0.40040118]
 [ 29.          68.340004     1.0990877    0.40511248]
 [ 30.          68.54         1.1282724    0.4107915 ]
 [ 31.          68.78         1.0848975    0.41528797]
 [ 32.          69.           0.9772426    0.42003193]
 [ 33.          69.06         0.9476262    0.42390296]
 [ 34.          69.1          0.9772402    0.42767674]
 [ 35.          69.26         0.9126876    0.431571  ]
 [ 36.          69.32         0.9628112    0.43567815]
 [ 37.          69.34         1.0188243    0.44057575]
 [ 38.          69.32         1.0329572    0.44439098]
 [ 39.          69.36         1.08305      0.44814363]
 [ 40.          69.420006     1.0377854    0.45194784]
 [ 41.          69.5          1.0954435    0.456143  ]
 [ 42.          69.52         1.0473781    0.460448  ]
 [ 43.          69.6          0.9949868    0.46446195]
 [ 44.          69.72         1.0207874    0.4684423 ]
 [ 45.          69.8          0.9974994    0.4735419 ]
 [ 46.          69.78         1.0425942    0.47801176]
 [ 47.          69.76         1.0526174    0.48231578]
 [ 48.          69.76         1.0526174    0.48650485]
 [ 49.          69.8          0.9772441    0.4906337 ]
 [ 50.          69.8          0.9823429    0.4957982 ]
 [ 51.          69.80001      0.88882124   0.50152683]
 [ 52.          69.82         0.8584825    0.5071423 ]
 [ 53.          69.82         0.75299805   0.5116481 ]
 [ 54.          69.76         0.80187297   0.51620084]
 [ 55.          69.72         0.7155389    0.5207462 ]
 [ 56.          69.72         0.75299126   0.52615315]
 [ 57.          69.700005     0.7449825    0.5322863 ]
 [ 58.          69.72001      0.75960404   0.53782004]
 [ 59.          69.66         0.7368863    0.54384965]
 [ 60.          69.62         0.7463233    0.55040514]
 [ 61.          69.68001      0.77265793   0.5542461 ]
 [ 62.          69.64001      0.6655866    0.5580027 ]
 [ 63.          69.68001      0.6379677    0.5619486 ]
 [ 64.          69.68         0.66106033   0.5656706 ]
 [ 65.          69.8          0.65192      0.572164  ]
 [ 66.          69.8          0.6000005    0.5758697 ]
 [ 67.          69.82         0.6534534    0.579643  ]
 [ 68.          69.8          0.63245803   0.583701  ]
 [ 69.          69.8          0.5385153    0.5878002 ]
 [ 70.          69.840004     0.46151784   0.5916325 ]
 [ 71.          69.740005     0.4098787    0.5954182 ]
 [ 72.          69.76         0.43358952   0.60000485]
 [ 73.          69.82         0.40865663   0.604864  ]
 [ 74.          69.8          0.48989683   0.6101665 ]
 [ 75.          69.68001      0.47644663   0.6157895 ]
 [ 76.          69.68         0.46583393   0.6221336 ]
 [ 77.          69.64001      0.51768506   0.62674636]
 [ 78.          69.6          0.33911714   0.6306842 ]
 [ 79.          69.619995     0.37682894   0.63545674]
 [ 80.          69.52         0.40865415   0.6401792 ]
 [ 81.          69.4          0.40000033   0.64578813]
 [ 82.          69.64001      0.26076558   0.65238696]
 [ 83.          69.5          0.5477216    0.6564753 ]
 [ 84.          69.62         0.2049406    0.6605603 ]
 [ 85.          69.6          0.56125176   0.6654348 ]
 [ 86.          69.66         0.25099832   0.6699418 ]
 [ 87.          70.08         0.694263     0.67432475]
 [ 88.          69.439995     0.42190042   0.67957073]
 [ 89.          70.74         1.1545566    0.6836809 ]
 [ 90.          69.14001      1.3183336    0.6879315 ]
 [ 91.          70.96         1.1126558    0.6921036 ]
 [ 92.          68.3          5.2215915    0.6966768 ]
 [ 93.          70.240005     3.1357586    0.7007771 ]
 [ 94.          71.62         2.3080301    0.7057069 ]
 [ 95.          67.880005     3.8777595    0.7109583 ]
 [ 96.          71.3          2.527845     0.7152237 ]
 [ 97.          72.020004     1.5336236    0.719727  ]
 [ 98.          70.64001      2.415161     0.7239636 ]
 [ 99.          71.619995     4.1227393    0.7280727 ]
 [100.          71.1          2.599039     0.7320199 ]
 [101.          72.           1.063016     0.7361471 ]
 [102.          74.159996     0.6542153    0.74083847]
 [103.          72.96         1.5836661    0.7448521 ]
 [104.          73.880005     0.95236516   0.7494493 ]
 [105.          72.26         3.368676     0.75515056]
 [106.          73.36         1.3885223    0.76050156]
 [107.          70.68001      6.8925304    0.76473   ]
 [108.          74.24         3.37461      0.77119285]
 [109.          71.86         1.9359753    0.77536064]
 [110.          69.30001      6.8785925    0.7794189 ]
 [111.          74.18         2.1417267    0.78384787]
 [112.          73.6          3.3443995    0.78775936]
 [113.          74.8          1.3601481    0.79343843]
 [114.          74.44         4.44162      0.7979983 ]
 [115.          74.1          1.3765925    0.8023383 ]
 [116.          75.4          1.419507     0.80647737]
 [117.          72.3          8.093208     0.8102285 ]
 [118.          71.76         4.521395     0.81430644]
 [119.          73.58001      5.2485228    0.8195801 ]
 [120.          73.18001      3.6982403    0.82491666]
 [121.          72.48         2.8119378    0.829513  ]
 [122.          69.78        11.837947     0.83538246]
 [123.          74.88         2.3306646    0.83958644]
 [124.          73.86         0.8734994    0.84367317]
 [125.          73.439995     1.7770767    0.8492589 ]
 [126.          73.840004     1.4876143    0.85459614]
 [127.          74.1          1.8614538    0.85904026]
 [128.          74.04         1.0212752    0.8637497 ]
 [129.          73.920006     0.8584849    0.8681183 ]
 [130.          73.96001      1.092244     0.87369865]
 [131.          75.060005     1.7008802    0.8800557 ]
 [132.          75.54         1.2778864    0.8852736 ]
 [133.          75.76         1.6890819    0.8917393 ]
 [134.          75.240005     1.2895753    0.89731294]
 [135.          75.98         1.849866     0.9027111 ]
 [136.          75.5          1.0464226    0.90834296]
 [137.          76.240005     1.312632     0.91573507]
 [138.          73.28         5.698857     0.9198801 ]
 [139.          72.3          9.371501     0.9238659 ]
 [140.          74.76         2.4815345    0.92780733]
 [141.          71.62001      6.2223005    0.931725  ]
 [142.          76.240005     2.6178234    0.93593216]
 [143.          72.04         7.113577     0.9394827 ]
 [144.          75.04         3.6889024    0.9430854 ]
 [145.          77.240005     1.1193744    0.94703144]
 [146.          75.96001      3.4260778    0.9514434 ]
 [147.          76.5          1.029565     0.95559996]
 [148.          75.880005     3.9587898    0.96039325]
 [149.          74.44         6.1035237    0.96582156]
 [150.          76.06         2.10309      0.9701416 ]
 [151.          75.06         2.0057418    0.9741227 ]
 [152.          72.340004     6.5044627    0.97812176]
 [153.          73.62         4.644028     0.9818506 ]
 [154.          75.86         2.9971669    0.9857115 ]
 [155.          76.8          2.378023     0.98941356]
 [156.          76.159996     1.8036104    0.99424475]
 [157.          75.5          1.0559366    1.0001415 ]
 [158.          75.020004     1.1211596    1.0049385 ]
 [159.          75.68001      1.538507     1.0086542 ]
 [160.          76.72001      2.00674      1.0134671 ]
 [161.          76.82         2.1323686    1.0180591 ]
 [162.          75.939995     1.5501623    1.0235943 ]
 [163.          73.880005     5.694908     1.0283508 ]
 [164.          68.840004     9.364185     1.033027  ]
 [165.          69.88        10.033544     1.0369711 ]
 [166.          68.4         11.561359     1.0408877 ]
 [167.          76.340004     2.221038     1.0449632 ]
 [168.          72.08001      7.488123     1.0493168 ]
 [169.          71.86001      6.6777983    1.0539383 ]
 [170.          74.920006     1.5912256    1.0586348 ]
 [171.          74.26         0.97108114   1.0628904 ]
 [172.          74.68001      0.76289064   1.0674995 ]
 [173.          75.18001      1.1122046    1.0728966 ]
 [174.          75.76         1.4010715    1.078284  ]
 [175.          76.240005     1.4876136    1.0858272 ]
 [176.          76.1          0.91378474   1.091018  ]
 [177.          76.060005     0.801874     1.0961674 ]
 [178.          75.840004     0.9889383    1.1020225 ]
 [179.          75.700005     0.9721134    1.1072657 ]
 [180.          75.54         0.7733067    1.1140794 ]
 [181.          75.659996     1.1371019    1.1181504 ]
 [182.          75.840004     1.4842495    1.1220828 ]
 [183.          75.38         0.2167954    1.1265715 ]
 [184.          71.26        10.3821       1.131045  ]
 [185.          72.700005     8.819015     1.1356126 ]
 [186.          74.9          4.175525     1.1394318 ]
 [187.          75.36         2.614001     1.1431093 ]
 [188.          75.5          2.014944     1.1468315 ]
 [189.          76.560005     2.3839033    1.1505463 ]
 [190.          77.28001      2.1672575    1.1544704 ]
 [191.          76.04         0.9502662    1.1583446 ]
 [192.          67.840004    12.520701     1.1623068 ]
 [193.          68.840004     9.147295     1.1669768 ]
 [194.          67.420006     9.684369     1.170998  ]
 [195.          73.420006     2.7086883    1.1754464 ]
 [196.          74.           2.4779048    1.179965  ]
 [197.          74.3          2.3916512    1.1851221 ]
 [198.          74.659996     2.2897587    1.1908867 ]
 [199.          74.78         2.1741664    1.1954377 ]
 [200.          75.18         2.2949958    1.2002783 ]]
The best results: 
Epoch: 190  77.28±2.17  1.154s
--------------- Train Done! ----------------
