Using cuda:0 device
Dataset     :Pubmed
Epochs      :200
LR X_s      :0.01
Learn A_s   :0
LR A_s      :0.01
Conden ratio:0.5
Ridge       :0.01
Kernel      :SGNK
k           :1
L           :1
Seed        :5
The 1th Iteration:
--------------------------------------------------
The 2th Iteration:
--------------------------------------------------
The 3th Iteration:
--------------------------------------------------
The 4th Iteration:
--------------------------------------------------
The 5th Iteration:
--------------------------------------------------
[[  1.          43.88         3.578687     0.5411121 ]
 [  2.          51.359997     4.010361     0.5527598 ]
 [  3.          56.820004     3.9971237    0.56334466]
 [  4.          60.68         4.207968     0.57126296]
 [  5.          63.16         3.9380195    0.58067244]
 [  6.          65.           3.3963218    0.5873418 ]
 [  7.          66.6          3.1551538    0.5988488 ]
 [  8.          67.32         3.2049959    0.6091384 ]
 [  9.          67.64001      3.1603787    0.6197668 ]
 [ 10.          67.880005     2.962599     0.6274418 ]
 [ 11.          68.34         2.5559742    0.63312876]
 [ 12.          68.380005     2.834959     0.6407047 ]
 [ 13.          68.9          2.3270152    0.6463392 ]
 [ 14.          69.5          1.7248192    0.65177566]
 [ 15.          69.68         1.7137705    0.65743315]
 [ 16.          70.26         1.6379868    0.66333187]
 [ 17.          70.6          1.5716225    0.6718284 ]
 [ 18.          70.68         1.0329565    0.6850354 ]
 [ 19.          70.560005     0.870632     0.69546723]
 [ 20.          70.520004     0.61805934   0.7064384 ]
 [ 21.          70.159996     0.5272579    0.7160256 ]
 [ 22.          70.16         0.5128366    0.72458184]
 [ 23.          69.9          0.6519207    0.732461  ]
 [ 24.          69.520004     0.8700574    0.73791176]
 [ 25.          69.18001      1.2235203    0.7445879 ]
 [ 26.          69.42         1.9942399    0.7539569 ]
 [ 27.          69.380005     1.7398298    0.76381844]
 [ 28.          69.8          1.6309512    0.77131027]
 [ 29.          70.18         1.3141547    0.7825522 ]
 [ 30.          70.21999      1.2676764    0.7915691 ]
 [ 31.          70.740005     1.1304846    0.8011257 ]
 [ 32.          71.14001      1.1907988    0.8106632 ]
 [ 33.          70.96         1.1674776    0.8215933 ]
 [ 34.          71.14001      0.97877383   0.83239347]
 [ 35.          71.18         0.7823051    0.84042114]
 [ 36.          71.240005     0.6107391    0.8521182 ]
 [ 37.          71.3          0.6284902    0.8595352 ]
 [ 38.          71.46         0.6580251    0.8659407 ]
 [ 39.          71.340004     0.7127406    0.874403  ]
 [ 40.          71.21999      0.9257424    0.8835644 ]
 [ 41.          71.5          0.84557647   0.8908419 ]
 [ 42.          71.42         0.54037064   0.89641696]
 [ 43.          71.26         0.42778358   0.90414286]
 [ 44.          71.200005     0.38729677   0.9131937 ]
 [ 45.          71.36         0.55946577   0.9203845 ]
 [ 46.          71.240005     0.9370145    0.9282004 ]
 [ 47.          71.12         1.0848957    0.93565416]
 [ 48.          71.14001      1.0358568    0.94110644]
 [ 49.          71.240005     0.79246414   0.94727176]
 [ 50.          71.36         0.6985695    0.95305234]
 [ 51.          71.72         0.7259481    0.95969546]
 [ 52.          71.880005     0.85848606   0.96688217]
 [ 53.          71.74         0.82036495   0.97719425]
 [ 54.          71.700005     0.88600105   0.98993313]
 [ 55.          71.619995     0.794983     1.002147  ]
 [ 56.          71.6          0.663324     1.0140606 ]
 [ 57.          71.54         0.75033194   1.0218805 ]
 [ 58.          71.6          0.7000007    1.0322474 ]
 [ 59.          71.44         0.8414268    1.0411329 ]
 [ 60.          71.68         1.2988464    1.047233  ]
 [ 61.          71.76         1.119376     1.0528628 ]
 [ 62.          71.78001      1.2755402    1.0593069 ]
 [ 63.          71.82         0.9934795    1.0652112 ]
 [ 64.          71.82         0.8700574    1.0715296 ]
 [ 65.          71.9          0.9055404    1.0758775 ]
 [ 66.          71.98         0.99347955   1.0809975 ]
 [ 67.          71.9          0.9721122    1.0869436 ]
 [ 68.          71.98         1.0183339    1.0950736 ]
 [ 69.          72.1          1.0344062    1.1023403 ]
 [ 70.          72.04         0.9964928    1.1127255 ]
 [ 71.          71.98         0.97313875   1.1201897 ]
 [ 72.          72.1          0.7648523    1.128574  ]
 [ 73.          72.020004     1.0281045    1.1362737 ]
 [ 74.          72.3          0.9617678    1.143888  ]
 [ 75.          72.22         0.9364825    1.1517794 ]
 [ 76.          72.4          0.9539385    1.1587762 ]
 [ 77.          72.32         0.76941764   1.1638917 ]
 [ 78.          72.240005     0.71274215   1.1698495 ]
 [ 79.          72.6          0.9027734    1.174297  ]
 [ 80.          72.54         0.7056895    1.1802071 ]
 [ 81.          72.76         0.7368833    1.1847283 ]
 [ 82.          72.82         0.81670034   1.1909062 ]
 [ 83.          73.06         0.61887026   1.1972145 ]
 [ 84.          72.86001      0.41593298   1.210301  ]
 [ 85.          73.119995     0.76616216   1.2182273 ]
 [ 86.          73.240005     0.39749438   1.2241952 ]
 [ 87.          73.060005     0.5594629    1.2330469 ]
 [ 88.          73.68         0.40249166   1.2389777 ]
 [ 89.          73.46001      0.41593325   1.2463591 ]
 [ 90.          73.62         0.59749556   1.2549307 ]
 [ 91.          73.560005     0.5683318    1.2624854 ]
 [ 92.          73.920006     0.5403704    1.2727981 ]
 [ 93.          73.9          0.33166087   1.2803987 ]
 [ 94.          73.96         0.23021747   1.2874297 ]
 [ 95.          74.200005     0.3391161    1.2947165 ]
 [ 96.          74.14001      0.19493908   1.3003033 ]
 [ 97.          74.240005     0.7503333    1.3068354 ]
 [ 98.          74.340004     0.7368854    1.3135685 ]
 [ 99.          74.420006     0.6760188    1.3211259 ]
 [100.          74.240005     0.82340807   1.3270811 ]
 [101.          74.44         0.6655829    1.3326126 ]
 [102.          74.340004     0.8734967    1.3364124 ]
 [103.          74.880005     0.42661336   1.3425493 ]
 [104.          74.700005     0.54772294   1.3491459 ]
 [105.          74.939995     0.5983315    1.3561411 ]
 [106.          74.48         0.4969863    1.3632452 ]
 [107.          75.1          1.0931594    1.3702437 ]
 [108.          75.4          0.75166297   1.374047  ]
 [109.          74.840004     0.46151814   1.3824645 ]
 [110.          75.38         0.34205562   1.3888361 ]
 [111.          75.58001      0.56302774   1.3928901 ]
 [112.          74.68         1.0709803    1.4013313 ]
 [113.          75.6          0.8276479    1.40822   ]
 [114.          75.36001      0.3974899    1.4156134 ]
 [115.          75.920006     0.73959595   1.4210542 ]
 [116.          75.420006     0.58051735   1.4248194 ]
 [117.          75.82         0.6723081    1.4331466 ]
 [118.          75.659996     0.9710827    1.438487  ]
 [119.          75.06         1.2621402    1.4432001 ]
 [120.          76.48         0.917608     1.4470142 ]
 [121.          75.5          0.6403124    1.4547219 ]
 [122.          75.76         1.0237185    1.460471  ]
 [123.          75.84         0.9864082    1.4702854 ]
 [124.          75.28         0.74296707   1.4792948 ]
 [125.          76.28         0.44384906   1.4874821 ]
 [126.          76.           0.41230935   1.4946111 ]
 [127.          75.94         0.71274245   1.501676  ]
 [128.          76.14001      0.62289506   1.5097449 ]
 [129.          76.48         0.58051443   1.5165324 ]
 [130.          75.98         0.75630665   1.5250708 ]
 [131.          76.5          0.6363951    1.5333303 ]
 [132.          76.02         0.64575636   1.5397539 ]
 [133.          75.21999      1.5417529    1.5475794 ]
 [134.          76.700005     0.72456926   1.553873  ]
 [135.          76.26         1.0737777    1.5599078 ]
 [136.          75.8          0.88034105   1.5662535 ]
 [137.          76.18         0.8871318    1.5726022 ]
 [138.          75.840004     1.2116113    1.5792586 ]
 [139.          75.840004     0.4505561    1.5864314 ]
 [140.          76.48         0.78866845   1.5925173 ]
 [141.          76.26         0.39115468   1.6022965 ]
 [142.          76.200005     0.839643     1.610281  ]
 [143.          76.08001      0.7854921    1.6169008 ]
 [144.          76.3          0.46368062   1.623496  ]
 [145.          76.46         0.66558343   1.6297467 ]
 [146.          76.71999      0.9909594    1.6367857 ]
 [147.          76.21999      1.9382982    1.644521  ]
 [148.          76.76         0.42189977   1.6528634 ]
 [149.          76.08         0.9549858    1.6588894 ]
 [150.          75.9          1.6552957    1.6674385 ]
 [151.          76.82         1.0084647    1.674386  ]
 [152.          76.28         0.6572686    1.6794789 ]
 [153.          76.46         1.6592181    1.6848936 ]
 [154.          75.96         0.75696766   1.6915385 ]
 [155.          76.9          0.9380848    1.6998802 ]
 [156.          75.46         1.3107246    1.7055924 ]
 [157.          76.42         1.6483305    1.7106155 ]
 [158.          77.12         0.97313905   1.7153761 ]
 [159.          75.96         1.1991652    1.7200289 ]
 [160.          76.420006     1.2397597    1.7267948 ]
 [161.          75.5          1.4491398    1.732322  ]
 [162.          75.8          1.0583012    1.7398682 ]
 [163.          76.36         1.3794919    1.7496811 ]
 [164.          76.380005     0.5718407    1.7578315 ]
 [165.          76.42         1.3516661    1.7638081 ]
 [166.          75.           1.9874655    1.7691586 ]
 [167.          76.32         0.8408343    1.7754372 ]
 [168.          76.36         1.0358547    1.7813828 ]
 [169.          75.159996     0.81424856   1.7874997 ]
 [170.          76.840004     0.51768714   1.7942508 ]
 [171.          75.           1.7818527    1.8010771 ]
 [172.          76.02         0.8043662    1.8072474 ]
 [173.          75.6          1.4000031    1.8125343 ]
 [174.          76.060005     1.2759312    1.8190975 ]
 [175.          76.78001      0.8438       1.8280365 ]
 [176.          75.58         0.85848576   1.836172  ]
 [177.          74.86001      1.2581723    1.8443428 ]
 [178.          76.06         2.5764298    1.8498486 ]
 [179.          75.62         1.5449903    1.8609581 ]
 [180.          75.899994     1.6628308    1.8699163 ]
 [181.          76.4          1.711725     1.8804537 ]
 [182.          75.08         1.0871997    1.8943888 ]
 [183.          76.46         0.63482153   1.9045266 ]
 [184.          74.44         1.8928787    1.9152012 ]
 [185.          75.26         0.65802914   1.9240168 ]
 [186.          77.240005     0.6985747    1.93405   ]
 [187.          75.38         2.0897393    1.9455677 ]
 [188.          75.44         1.0430695    1.9519333 ]
 [189.          75.92         1.3989308    1.9583367 ]
 [190.          75.520004     0.92032576   1.967532  ]
 [191.          75.36         1.4976653    1.9773573 ]
 [192.          75.94         0.8961039    1.9827082 ]
 [193.          76.740005     0.9289808    1.988595  ]
 [194.          76.02         0.49193132   1.9978374 ]
 [195.          74.86         1.2074764    2.0070148 ]
 [196.          75.92         1.0986371    2.0155714 ]
 [197.          75.48         0.50695145   2.0254543 ]
 [198.          75.06         0.6188737    2.0337186 ]
 [199.          76.200005     0.616441     2.0435607 ]
 [200.          76.1          0.9082971    2.057371  ]]
The best results: 
Epoch: 186  77.24±0.70  1.934s
--------------- Train Done! ----------------
--------------- Save Done! ----------------
