Using cuda:0 device
Dataset     :Pubmed
Epochs      :200
LR X_s      :0.01
Learn A_s   :1
LR A_s      :0.01
Conden ratio:0.5
Ridge       :0.5
Kernel      :SGNK
k           :2
L           :1
Seed        :5
The 1th Iteration:
--------------------------------------------------
The 2th Iteration:
--------------------------------------------------
The 3th Iteration:
--------------------------------------------------
The 4th Iteration:
--------------------------------------------------
The 5th Iteration:
--------------------------------------------------
[[  1.          31.800001    12.463548     0.27847177]
 [  2.          31.64        12.457648     0.28260827]
 [  3.          28.820002    11.634949     0.28704196]
 [  4.          26.76        11.877837     0.29138693]
 [  5.          23.74         9.830463     0.29605794]
 [  6.          22.62        10.108512     0.30033812]
 [  7.          22.539999    10.15175      0.30475345]
 [  8.          22.5         10.062305     0.3094491 ]
 [  9.          20.74         6.126827     0.31371894]
 [ 10.          18.28         0.62609905   0.31799194]
 [ 11.          18.           0.           0.32228494]
 [ 12.          18.           0.           0.32651162]
 [ 13.          18.           0.           0.3306485 ]
 [ 14.          18.           0.           0.33545682]
 [ 15.          18.           0.           0.33996114]
 [ 16.          18.           0.           0.3444701 ]
 [ 17.          18.           0.           0.34900704]
 [ 18.          18.           0.           0.3542157 ]
 [ 19.          18.           0.           0.36111146]
 [ 20.          18.           0.           0.3655644 ]
 [ 21.          18.           0.           0.3702515 ]
 [ 22.          18.           0.           0.37466508]
 [ 23.          18.           0.           0.38012916]
 [ 24.          18.           0.           0.38463718]
 [ 25.          18.           0.           0.38920656]
 [ 26.          18.           0.           0.39454356]
 [ 27.          18.           0.           0.39932656]
 [ 28.          18.           0.           0.40413713]
 [ 29.          18.           0.           0.40868425]
 [ 30.          18.12         0.26832846   0.41373298]
 [ 31.          18.14         0.31304988   0.418967  ]
 [ 32.          18.26         0.52725744   0.42339513]
 [ 33.          18.42         0.7823041    0.4300243 ]
 [ 34.          18.68         1.2517987    0.43511596]
 [ 35.          18.94         1.666733     0.43942037]
 [ 36.          19.539999     2.479516     0.44452485]
 [ 37.          20.78         4.7615128    0.44958815]
 [ 38.          22.160002     6.539724     0.454526  ]
 [ 39.          23.960001     8.040398     0.45925856]
 [ 40.          25.820002     9.197119     0.46354887]
 [ 41.          27.94        10.477978     0.46794364]
 [ 42.          28.88        11.119892     0.4732487 ]
 [ 43.          29.94        12.164208     0.477885  ]
 [ 44.          31.14        12.770983     0.48314834]
 [ 45.          31.98        13.271473     0.49011984]
 [ 46.          33.18        14.22294      0.4955221 ]
 [ 47.          34.260002    14.974078     0.4999976 ]
 [ 48.          34.559998    15.245753     0.5045268 ]
 [ 49.          35.600002    15.943023     0.50963765]
 [ 50.          36.540005    16.372477     0.51435435]
 [ 51.          37.3         16.471186     0.51993513]
 [ 52.          39.5         15.155032     0.5248174 ]
 [ 53.          42.36        13.281867     0.530823  ]
 [ 54.          44.359997    11.945626     0.53605694]
 [ 55.          46.840004    10.218023     0.5419089 ]
 [ 56.          48.86         9.210755     0.54830116]
 [ 57.          51.340004     9.050579     0.55260724]
 [ 58.          53.66         8.479563     0.5570227 ]
 [ 59.          56.16         6.8200436    0.5614297 ]
 [ 60.          58.120003     5.49245      0.56696576]
 [ 61.          59.98         5.4586625    0.5713169 ]
 [ 62.          62.380005     3.934082     0.57621   ]
 [ 63.          63.600002     3.36675      0.5815837 ]
 [ 64.          65.06         3.4282644    0.58680695]
 [ 65.          66.08001      3.208114     0.59205884]
 [ 66.          67.14001      3.058269     0.597051  ]
 [ 67.          67.96001      2.7309337    0.60122716]
 [ 68.          68.12         3.2213352    0.60543984]
 [ 69.          68.62         2.5557747    0.6096167 ]
 [ 70.          69.08         2.960913     0.61433214]
 [ 71.          69.420006     2.7725413    0.6187891 ]
 [ 72.          70.12         1.6574061    0.6232289 ]
 [ 73.          70.28001      1.5927953    0.6276447 ]
 [ 74.          70.840004     1.497664     0.63209975]
 [ 75.          70.94         1.2280087    0.6365219 ]
 [ 76.          70.92         1.4007127    0.64119357]
 [ 77.          70.54         1.7615321    0.6461661 ]
 [ 78.          70.28         1.948592     0.6513587 ]
 [ 79.          70.38         1.5401291    0.65564895]
 [ 80.          70.4          1.1958286    0.6600048 ]
 [ 81.          70.46         1.3446217    0.6643243 ]
 [ 82.          70.020004     1.4737726    0.6691212 ]
 [ 83.          69.78001      1.3479617    0.6734159 ]
 [ 84.          69.380005     1.7137679    0.67830926]
 [ 85.          69.8          2.0322392    0.6838728 ]
 [ 86.          69.54         2.6651452    0.68826395]
 [ 87.          69.46         3.1879454    0.69310206]
 [ 88.          69.4          3.222577     0.6993253 ]
 [ 89.          68.98         3.0890136    0.70547634]
 [ 90.          68.88         3.231409     0.7106318 ]
 [ 91.          69.14001      3.438461     0.7156443 ]
 [ 92.          68.3          2.8818405    0.7205782 ]
 [ 93.          67.020004     2.5984612    0.7266644 ]
 [ 94.          67.02         2.5878575    0.73099416]
 [ 95.          67.           3.234192     0.73565024]
 [ 96.          66.880005     4.5439       0.73992205]
 [ 97.          65.76         7.9286194    0.74427146]
 [ 98.          66.52         7.5740986    0.74839187]
 [ 99.          65.3          9.623928     0.75244784]
 [100.          64.66         8.51076      0.75647324]
 [101.          65.420006     6.0586305    0.7610402 ]
 [102.          66.78         4.811134     0.7654869 ]
 [103.          67.1          5.3080115    0.77036804]
 [104.          67.64001      4.6382103    0.7755759 ]
 [105.          67.92         4.020199     0.7809829 ]
 [106.          68.12         3.7372456    0.785443  ]
 [107.          67.840004     3.800393     0.7899073 ]
 [108.          68.08         3.3966148    0.7942945 ]
 [109.          67.64001      3.4041138    0.79915065]
 [110.          67.86         3.6011121    0.80352956]
 [111.          68.46         3.81877      0.80807364]
 [112.          68.700005     4.032989     0.8134243 ]
 [113.          68.22         3.4995728    0.81804985]
 [114.          67.920006     3.6099877    0.82353956]
 [115.          67.520004     3.278263     0.82873976]
 [116.          66.96         3.5423157    0.83349574]
 [117.          67.119995     2.7077656    0.8382093 ]
 [118.          68.08001      1.8485126    0.84277767]
 [119.          69.14001      1.540458     0.84784317]
 [120.          70.06         1.4876139    0.85246944]
 [121.          70.32         2.1591632    0.85694563]
 [122.          70.82         2.5440128    0.861442  ]
 [123.          70.72         2.96429      0.8669788 ]
 [124.          70.9          2.4454036    0.8711152 ]
 [125.          71.04         2.3039093    0.8763898 ]
 [126.          70.9          1.9685019    0.88196987]
 [127.          70.68001      1.7824131    0.8861912 ]
 [128.          70.380005     2.2140477    0.89028704]
 [129.          69.82         2.146392     0.894354  ]
 [130.          69.9          2.8600707    0.89879227]
 [131.          69.54         2.6254532    0.9038563 ]
 [132.          69.52001      2.6109393    0.9081263 ]
 [133.          70.46         2.0899763    0.91221094]
 [134.          70.380005     2.8542986    0.9167366 ]
 [135.          70.380005     2.6574426    0.92125267]
 [136.          69.939995     3.0212557    0.9256782 ]
 [137.          70.159996     2.8518403    0.9302148 ]
 [138.          70.240005     2.5628104    0.9344935 ]
 [139.          70.340004     4.234738     0.93982375]
 [140.          69.68         6.1353073    0.9445891 ]
 [141.          70.420006     5.594819     0.94904464]
 [142.          71.520004     4.550498     0.9539772 ]
 [143.          72.840004     2.4835415    0.9588914 ]
 [144.          72.979996     2.7860386    0.9631659 ]
 [145.          72.36         3.356041     0.967544  ]
 [146.          72.64         3.0639837    0.9750449 ]
 [147.          72.8          2.3441381    0.97989506]
 [148.          72.840004     1.7415482    0.9844956 ]
 [149.          72.700005     2.1059425    0.9911399 ]
 [150.          72.619995     2.3145208    0.99621105]
 [151.          72.12         2.7426257    1.0033144 ]
 [152.          72.3          2.7404392    1.0092051 ]
 [153.          72.6          2.5758488    1.0141785 ]
 [154.          73.4          2.4166086    1.0199839 ]
 [155.          73.52         2.342437     1.0255812 ]
 [156.          73.200005     2.2293506    1.031083  ]
 [157.          74.08001      2.0364206    1.036827  ]
 [158.          74.78         1.7455617    1.0422102 ]
 [159.          74.44         2.0132065    1.0469979 ]
 [160.          74.340004     2.0719578    1.0530845 ]
 [161.          74.420006     1.7049948    1.0593537 ]
 [162.          73.88         1.9562695    1.0647634 ]
 [163.          73.520004     2.1695616    1.0693542 ]
 [164.          73.68         1.6649319    1.0739495 ]
 [165.          72.46001      3.0607152    1.0798476 ]
 [166.          69.740005     5.5962486    1.0844456 ]
 [167.          68.12        10.897568     1.0889152 ]
 [168.          68.420006    11.291236     1.0937384 ]
 [169.          70.200005     9.158876     1.0983051 ]
 [170.          73.44         2.2810109    1.1049471 ]
 [171.          72.82         2.1463888    1.1105461 ]
 [172.          72.48         3.9814565    1.1157926 ]
 [173.          74.32         2.9794288    1.1210806 ]
 [174.          75.659996     2.0598524    1.1267098 ]
 [175.          75.82         1.243786     1.131467  ]
 [176.          75.6          1.8110768    1.1359951 ]
 [177.          75.56         2.0082343    1.1408056 ]
 [178.          75.78         2.0777426    1.1452531 ]
 [179.          75.920006     1.7441357    1.1503463 ]
 [180.          75.           2.510975     1.1545577 ]
 [181.          74.08         3.8641942    1.1593251 ]
 [182.          75.200005     1.7291607    1.164164  ]
 [183.          74.46         1.5741657    1.1683601 ]
 [184.          74.8          1.4999989    1.1739464 ]
 [185.          74.98         1.6483309    1.1783384 ]
 [186.          74.5          3.0781465    1.1829308 ]
 [187.          74.58001      3.7758462    1.1873477 ]
 [188.          74.96001      2.406866     1.1930875 ]
 [189.          75.22001      2.3101933    1.1975479 ]
 [190.          75.340004     2.014447     1.2021627 ]
 [191.          75.8          1.2609515    1.2068318 ]
 [192.          75.34         1.6546901    1.2116746 ]
 [193.          73.78         3.4434006    1.2168293 ]
 [194.          72.94         3.527463     1.2222157 ]
 [195.          75.58001      2.1194344    1.2272835 ]
 [196.          75.979996     1.580188     1.231676  ]
 [197.          76.14001      1.5043249    1.2360866 ]
 [198.          76.700005     1.3838371    1.2417567 ]
 [199.          76.840004     0.92357904   1.2458224 ]
 [200.          76.14001      1.1781328    1.2497942 ]]
The best results: 
Epoch: 199  76.84±0.92  1.246s
--------------- Train Done! ----------------
