Using cuda:0 device
Dataset     :Pubmed
Epochs      :200
LR X_s      :0.01
Learn A_s   :0
LR A_s      :0.01
Conden ratio:1.0
Ridge       :0.001
Kernel      :SGNK
k           :5
L           :1
Seed        :5
The 1th Iteration:
--------------------------------------------------
The 2th Iteration:
--------------------------------------------------
The 3th Iteration:
--------------------------------------------------
The 4th Iteration:
--------------------------------------------------
The 5th Iteration:
--------------------------------------------------
[[  1.          53.22         9.16035      0.2807549 ]
 [  2.          64.54         5.4587517    0.28508458]
 [  3.          67.56         4.301511     0.2898886 ]
 [  4.          68.380005     3.3214452    0.2955489 ]
 [  5.          68.5          2.517934     0.29961273]
 [  6.          68.94         2.0610654    0.30404377]
 [  7.          69.04         1.8528353    0.31026664]
 [  8.          69.119995     1.7123101    0.31475696]
 [  9.          69.14001      1.3921227    0.3194398 ]
 [ 10.          69.12         1.4219712    0.32419083]
 [ 11.          69.08         1.1497806    0.3286991 ]
 [ 12.          69.08001      1.1076976    0.3331225 ]
 [ 13.          69.200005     1.1811018    0.33733636]
 [ 14.          68.82         0.57183975   0.34228817]
 [ 15.          68.4          0.78422034   0.3464224 ]
 [ 16.          68.3          1.0723808    0.35163102]
 [ 17.          68.659996     1.5109589    0.35577247]
 [ 18.          68.8          1.9209366    0.359958  ]
 [ 19.          68.76         1.4240797    0.36416006]
 [ 20.          68.96         1.2641194    0.3692321 ]
 [ 21.          68.86         1.3794923    0.37408248]
 [ 22.          68.659996     0.9964924    0.3781084 ]
 [ 23.          68.48         1.0616065    0.3821225 ]
 [ 24.          68.96         0.9762159    0.38868243]
 [ 25.          69.5          1.6688299    0.39372975]
 [ 26.          69.54         1.1865932    0.39908075]
 [ 27.          69.58001      0.549544     0.40346894]
 [ 28.          69.82         0.27749178   0.40786266]
 [ 29.          69.68         0.43243408   0.41264716]
 [ 30.          69.56         0.47222766   0.41711664]
 [ 31.          69.560005     0.64265233   0.42129356]
 [ 32.          69.76         0.58566135   0.42572767]
 [ 33.          69.62         0.68702203   0.43034562]
 [ 34.          69.72         0.6978562    0.43534738]
 [ 35.          69.42         0.5167203    0.44224405]
 [ 36.          69.64001      0.7829397    0.44777676]
 [ 37.          69.8          0.6041529    0.45358887]
 [ 38.          69.86         0.4037321    0.4583757 ]
 [ 39.          70.1          0.47958317   0.4642182 ]
 [ 40.          70.26         0.4827018    0.46908432]
 [ 41.          70.3          0.5338561    0.47434503]
 [ 42.          70.18001      0.54954666   0.48089838]
 [ 43.          70.1          0.5522681    0.4867561 ]
 [ 44.          70.26         0.4560721    0.49177447]
 [ 45.          70.5          0.6633258    0.49671808]
 [ 46.          70.52001      0.52153635   0.5019578 ]
 [ 47.          70.6          0.33166057   0.50640625]
 [ 48.          70.740005     0.32093552   0.5111355 ]
 [ 49.          70.86         0.3507144    0.51553565]
 [ 50.          70.96         0.4037316    0.52014446]
 [ 51.          71.159996     0.44497126   0.52461386]
 [ 52.          71.08         0.5495434    0.5301791 ]
 [ 53.          71.119995     0.63796484   0.53596395]
 [ 54.          71.14001      0.30495828   0.54162663]
 [ 55.          71.46         0.69857216   0.5477927 ]
 [ 56.          71.520004     0.34205297   0.55238885]
 [ 57.          71.38         0.725951     0.5571969 ]
 [ 58.          71.6          0.40620184   0.5623876 ]
 [ 59.          71.740005     0.63482416   0.567274  ]
 [ 60.          71.840004     0.59833175   0.57274854]
 [ 61.          72.1          0.5700894    0.5785645 ]
 [ 62.          72.159996     0.32863262   0.5834943 ]
 [ 63.          72.04         0.8142479    0.5884763 ]
 [ 64.          72.28001      0.5069548    0.5926408 ]
 [ 65.          72.240005     0.83246404   0.59682816]
 [ 66.          72.420006     0.6058049    0.6012763 ]
 [ 67.          72.76         0.36469248   0.6071324 ]
 [ 68.          72.72         0.76941645   0.61195296]
 [ 69.          72.740005     0.27018538   0.61750036]
 [ 70.          72.840004     0.36469278   0.6217607 ]
 [ 71.          72.659996     0.42778444   0.62817335]
 [ 72.          73.3          0.36742383   0.6332076 ]
 [ 73.          72.659996     0.41593382   0.6372833 ]
 [ 74.          73.36         0.20736575   0.64194626]
 [ 75.          72.92         0.62609977   0.6467288 ]
 [ 76.          73.04         0.27018398   0.65331244]
 [ 77.          73.18         0.63796645   0.6591713 ]
 [ 78.          73.26         0.3911515    0.6644537 ]
 [ 79.          73.62         0.544977     0.6698747 ]
 [ 80.          73.200005     0.6123717    0.67429477]
 [ 81.          73.5          0.25495133   0.6786925 ]
 [ 82.          73.48         0.7293872    0.6834718 ]
 [ 83.          73.740005     0.32093522   0.68842286]
 [ 84.          73.62         0.47644374   0.6937806 ]
 [ 85.          73.68         0.5069531    0.6991202 ]
 [ 86.          73.9          0.31622595   0.7051335 ]
 [ 87.          73.78         0.4147292    0.7112678 ]
 [ 88.          74.18001      0.3633186    0.7203515 ]
 [ 89.          74.08001      0.605806     0.72727525]
 [ 90.          73.96001      0.4774907    0.73356193]
 [ 91.          74.04         0.73348504   0.7378909 ]
 [ 92.          74.08001      0.50199306   0.7448583 ]
 [ 93.          74.4          0.29154816   0.75190103]
 [ 94.          74.06         0.43359077   0.7578894 ]
 [ 95.          74.42         0.25884235   0.76302195]
 [ 96.          74.26         0.5594641    0.76737183]
 [ 97.          74.17999      0.3633197    0.77160573]
 [ 98.          74.600006     0.25495082   0.7759084 ]
 [ 99.          74.18001      0.21679635   0.78015125]
 [100.          74.58001      0.5449775    0.78542966]
 [101.          74.3          0.38078976   0.79117733]
 [102.          74.44         0.6949844    0.7955157 ]
 [103.          74.64001      0.43358973   0.7997996 ]
 [104.          74.26         1.064426     0.8044209 ]
 [105.          74.5          0.51477754   0.8094778 ]
 [106.          74.96         0.36469057   0.81398994]
 [107.          74.54         1.0737798    0.8194747 ]
 [108.          74.54         1.1907958    0.8244686 ]
 [109.          74.76         0.920869     0.8295928 ]
 [110.          74.76         1.1282723    0.8337868 ]
 [111.          74.44         1.1717519    0.8379306 ]
 [112.          74.920006     1.0329584    0.8440137 ]
 [113.          75.           0.9513158    0.84826845]
 [114.          74.48         0.7758877    0.8558242 ]
 [115.          75.08         1.0401902    0.86011106]
 [116.          75.12         0.8105575    0.8647467 ]
 [117.          74.56         0.9787742    0.8695825 ]
 [118.          75.659996     0.79874945   0.87505114]
 [119.          75.24         0.8264407    0.879883  ]
 [120.          74.9          0.59581816   0.8849403 ]
 [121.          75.88         0.57183975   0.88999003]
 [122.          75.16         0.49294767   0.8952131 ]
 [123.          74.68         0.6833751    0.90060467]
 [124.          76.           0.5612477    0.90478957]
 [125.          74.86         0.8264362    0.910479  ]
 [126.          74.88         0.6260997    0.91547537]
 [127.          75.98         0.6723111    0.92085403]
 [128.          75.26         1.069113     0.9270221 ]
 [129.          75.060005     1.001495     0.93116516]
 [130.          75.98         0.7049823    0.93539697]
 [131.          75.159996     0.35071555   0.94081366]
 [132.          75.380005     1.0353732    0.9455679 ]
 [133.          75.740005     0.950262     0.9500265 ]
 [134.          74.98         0.5585689    0.9567084 ]
 [135.          75.48         1.0183297    0.9617773 ]
 [136.          76.14001      0.88204104   0.9664019 ]
 [137.          74.76         0.6188689    0.9725115 ]
 [138.          75.9          1.0295633    0.9768328 ]
 [139.          75.86         0.6804394    0.98142177]
 [140.          74.9          0.51477957   0.9860495 ]
 [141.          75.84         0.71274173   0.99073714]
 [142.          75.62         0.6379661    0.9969549 ]
 [143.          75.5          0.8031183    1.0022253 ]
 [144.          75.52         0.64187217   1.0072801 ]
 [145.          76.14001      0.62689686   1.0120105 ]
 [146.          75.64001      0.75033414   1.0166639 ]
 [147.          75.72         0.5805176    1.0207447 ]
 [148.          76.36         0.9016622    1.0246905 ]
 [149.          75.46001      0.9555092    1.028595  ]
 [150.          76.200005     0.5656852    1.0332946 ]
 [151.          76.38         0.9444559    1.0381435 ]
 [152.          75.700005     0.8276471    1.0431992 ]
 [153.          76.12         0.8348661    1.048035  ]
 [154.          77.04         0.38470793   1.0525432 ]
 [155.          75.12         0.5357253    1.0579141 ]
 [156.          76.86001      0.3911532    1.0622286 ]
 [157.          76.439995     0.7231912    1.0686764 ]
 [158.          75.28         0.9833649    1.0756782 ]
 [159.          77.06         0.6804434    1.0800271 ]
 [160.          75.74         1.264121     1.0843104 ]
 [161.          76.14001      1.2541939    1.0899193 ]
 [162.          76.71999      1.0158743    1.0953184 ]
 [163.          76.18001      1.4342238    1.0998293 ]
 [164.          75.67999      0.47644565   1.1045717 ]
 [165.          76.9          0.6892016    1.1109937 ]
 [166.          76.159996     1.1126523    1.1153593 ]
 [167.          76.02         0.49699092   1.1216644 ]
 [168.          77.14         1.1193736    1.1272911 ]
 [169.          76.28001      0.5263087    1.1331975 ]
 [170.          75.880005     1.5270877    1.137555  ]
 [171.          76.159996     0.7829459    1.1419566 ]
 [172.          76.520004     0.84083486   1.1466485 ]
 [173.          76.3          1.1379814    1.1509005 ]
 [174.          76.12         0.9602066    1.155097  ]
 [175.          77.4          0.7778188    1.1602404 ]
 [176.          75.82001      1.0709805    1.166798  ]
 [177.          76.659996     0.58566225   1.1711729 ]
 [178.          77.18001      0.653453     1.1754245 ]
 [179.          76.18         0.7854927    1.1795256 ]
 [180.          76.66         0.6804377    1.1842766 ]
 [181.          77.420006     0.74296767   1.1895508 ]
 [182.          76.1          1.079351     1.1935971 ]
 [183.          76.56         0.42189878   1.197818  ]
 [184.          77.94         0.72663623   1.2021035 ]
 [185.          75.56         0.46151826   1.2070636 ]
 [186.          77.           0.6164393    1.2113761 ]
 [187.          77.420006     0.8105553    1.2166764 ]
 [188.          76.06         0.77330613   1.2210549 ]
 [189.          76.86001      0.6693245    1.2255138 ]
 [190.          77.020004     1.5023333    1.2297648 ]
 [191.          76.64001      1.499333     1.2340201 ]
 [192.          76.5          0.73143727   1.2390338 ]
 [193.          77.54         1.0784224    1.2433404 ]
 [194.          76.32         1.736955     1.2476639 ]
 [195.          77.           0.7483327    1.252499  ]
 [196.          77.68001      0.8318662    1.2592067 ]
 [197.          76.54         1.2915102    1.2636036 ]
 [198.          77.32         0.9628125    1.2701247 ]
 [199.          77.020004     1.1432405    1.2742772 ]
 [200.          77.240005     1.1414905    1.2783868 ]]
The best results: 
Epoch: 184  77.94±0.73  1.202s
--------------- Train Done! ----------------
