Using cuda:0 device
Dataset     :Pubmed
Epochs      :200
LR X_s      :0.01
Learn A_s   :1
LR A_s      :0.01
Conden ratio:1.0
Ridge       :0.001
Kernel      :SGNK
k           :5
L           :1
Seed        :5
The 1th Iteration:
--------------------------------------------------
The 2th Iteration:
--------------------------------------------------
The 3th Iteration:
--------------------------------------------------
The 4th Iteration:
--------------------------------------------------
The 5th Iteration:
--------------------------------------------------
[[  1.          27.2         12.599404     0.26031923]
 [  2.          18.           0.           0.26682043]
 [  3.          18.           0.           0.27221677]
 [  4.          18.           0.           0.27752754]
 [  5.          18.           0.           0.2839391 ]
 [  6.          18.           0.           0.289879  ]
 [  7.          18.           0.           0.29716563]
 [  8.          18.           0.           0.3026529 ]
 [  9.          18.           0.           0.3082427 ]
 [ 10.          18.           0.           0.31361514]
 [ 11.          18.           0.           0.3192695 ]
 [ 12.          18.           0.           0.32469487]
 [ 13.          18.           0.           0.33108506]
 [ 14.          18.           0.           0.33700976]
 [ 15.          18.           0.           0.34296203]
 [ 16.          18.           0.           0.34885976]
 [ 17.          18.           0.           0.3548401 ]
 [ 18.          18.           0.           0.3607731 ]
 [ 19.          18.           0.           0.36736655]
 [ 20.          18.           0.           0.37327227]
 [ 21.          18.           0.           0.37965146]
 [ 22.          18.           0.           0.38638186]
 [ 23.          18.           0.           0.39289457]
 [ 24.          18.           0.           0.3987108 ]
 [ 25.          18.           0.           0.40433058]
 [ 26.          18.           0.           0.40994167]
 [ 27.          18.           0.           0.4156129 ]
 [ 28.          18.           0.           0.4215222 ]
 [ 29.          18.           0.           0.42761263]
 [ 30.          18.           0.           0.43381944]
 [ 31.          18.           0.           0.44006544]
 [ 32.          18.           0.           0.4466156 ]
 [ 33.          18.           0.           0.45259568]
 [ 34.          18.           0.           0.4591938 ]
 [ 35.          18.           0.           0.46620998]
 [ 36.          18.           0.           0.47228342]
 [ 37.          18.           0.           0.47878313]
 [ 38.          18.           0.           0.48670322]
 [ 39.          18.           0.           0.49438426]
 [ 40.          18.           0.           0.5011825 ]
 [ 41.          18.           0.           0.5088741 ]
 [ 42.          18.           0.           0.5144523 ]
 [ 43.          18.           0.           0.5201115 ]
 [ 44.          18.           0.           0.52652365]
 [ 45.          18.           0.           0.5328025 ]
 [ 46.          18.           0.           0.53890127]
 [ 47.          18.           0.           0.5456838 ]
 [ 48.          18.           0.           0.5520721 ]
 [ 49.          18.           0.           0.5582187 ]
 [ 50.          18.           0.           0.56533545]
 [ 51.          18.           0.           0.57236475]
 [ 52.          18.           0.           0.58090365]
 [ 53.          18.24         0.5366565    0.5869579 ]
 [ 54.          19.1          2.3484032    0.5927798 ]
 [ 55.          20.02         3.8173287    0.5986223 ]
 [ 56.          21.64         4.9626603    0.6048923 ]
 [ 57.          24.02         6.209429     0.6111004 ]
 [ 58.          27.259998     6.4473257    0.6172988 ]
 [ 59.          30.780003     5.3044324    0.6231713 ]
 [ 60.          34.2          4.09695      0.62874687]
 [ 61.          36.859997     3.2113857    0.6346943 ]
 [ 62.          39.46         2.8535933    0.64074737]
 [ 63.          41.7          2.5347583    0.6473329 ]
 [ 64.          43.460003     2.4865637    0.6537611 ]
 [ 65.          44.78         2.098095     0.6607063 ]
 [ 66.          46.14         1.6949924    0.6668683 ]
 [ 67.          47.3          1.027132     0.6728723 ]
 [ 68.          48.34         0.6188696    0.68042725]
 [ 69.          49.           0.47958466   0.6872515 ]
 [ 70.          49.440002     0.24083295   0.69301957]
 [ 71.          49.640003     0.43358922   0.6989543 ]
 [ 72.          49.94         0.2607661    0.7045736 ]
 [ 73.          50.360004     0.3286333    0.7104263 ]
 [ 74.          50.620003     0.41472885   0.71634823]
 [ 75.          50.7          0.30822054   0.72196084]
 [ 76.          50.68         0.4381789    0.7277682 ]
 [ 77.          50.74         0.33615443   0.73505217]
 [ 78.          50.74         0.25099704   0.74119365]
 [ 79.          50.72         0.24899706   0.7486623 ]
 [ 80.          50.620003     0.22803478   0.75931305]
 [ 81.          50.66         0.2880962    0.76731724]
 [ 82.          50.72         0.4494437    0.7743172 ]
 [ 83.          50.68         0.31144857   0.781378  ]
 [ 84.          50.62         0.3033141    0.7888667 ]
 [ 85.          50.78         0.39623296   0.79579467]
 [ 86.          50.76         0.40373355   0.8026859 ]
 [ 87.          50.860004     0.45055333   0.809552  ]
 [ 88.          51.           0.46367982   0.81685823]
 [ 89.          51.06         0.41593313   0.8243336 ]
 [ 90.          51.2          0.56124836   0.83142054]
 [ 91.          51.26         0.684106     0.83922   ]
 [ 92.          51.24         0.60663086   0.8470402 ]
 [ 93.          51.559998     1.1717494    0.8550009 ]
 [ 94.          52.96         4.1656938    0.8622996 ]
 [ 95.          53.040005     4.4545474    0.87084216]
 [ 96.          53.579998     5.774686     0.8778538 ]
 [ 97.          53.920002     6.2519593    0.8853192 ]
 [ 98.          52.380005     3.0930576    0.8949198 ]
 [ 99.          52.           2.073644     0.903027  ]
 [100.          53.18         4.4868693    0.91097206]
 [101.          51.46         0.7668112    0.91750544]
 [102.          51.640003     0.94498676   0.9252149 ]
 [103.          52.76         3.3827503    0.93273395]
 [104.          52.920002     3.8492846    0.939868  ]
 [105.          52.2          2.1342444    0.9481123 ]
 [106.          52.3          2.310845     0.9555098 ]
 [107.          52.100002     1.977372     0.96346855]
 [108.          52.140003     1.8324854    0.9708523 ]
 [109.          51.88         0.7981219    0.97805434]
 [110.          52.16         1.1970794    0.98475426]
 [111.          52.           1.1575849    0.99171066]
 [112.          52.4          1.4594511    0.9987003 ]
 [113.          52.600002     1.8587624    1.0058202 ]
 [114.          52.74         2.190432     1.0132182 ]
 [115.          52.640003     1.8955216    1.0210747 ]
 [116.          52.72         2.284075     1.0277942 ]
 [117.          52.46         1.4484477    1.0340246 ]
 [118.          53.02         2.6527348    1.0398494 ]
 [119.          55.219997     7.337373     1.0459732 ]
 [120.          55.2          7.2852583    1.05207   ]
 [121.          56.380005     7.2640915    1.0577269 ]
 [122.          57.100002     7.653103     1.0633471 ]
 [123.          55.859997     6.00816      1.0690745 ]
 [124.          54.619995     3.8544762    1.0746505 ]
 [125.          53.559998     2.5055935    1.0807198 ]
 [126.          53.16         2.2244098    1.0863168 ]
 [127.          53.22         2.6243088    1.0918522 ]
 [128.          53.38         3.1948397    1.0975901 ]
 [129.          53.72         3.6065226    1.1033953 ]
 [130.          54.219997     4.344767     1.1090784 ]
 [131.          54.48         5.6698327    1.1145219 ]
 [132.          55.080006     7.835624     1.1207733 ]
 [133.          55.           8.414868     1.1269122 ]
 [134.          54.46         9.094668     1.1330395 ]
 [135.          54.52         8.790164     1.1391625 ]
 [136.          54.24         8.951704     1.1461861 ]
 [137.          53.9          8.718945     1.1516886 ]
 [138.          54.18         9.195489     1.1571203 ]
 [139.          54.2          9.722398     1.163914  ]
 [140.          54.28        10.046492     1.1702118 ]
 [141.          54.319996    10.1770315    1.1763058 ]
 [142.          54.419994     9.833207     1.1816739 ]
 [143.          54.76         9.92109      1.1870428 ]
 [144.          55.320004    10.198872     1.1930276 ]
 [145.          55.9         10.436714     1.2004635 ]
 [146.          56.040005    10.895322     1.2065495 ]
 [147.          56.18        11.000318     1.2121881 ]
 [148.          56.540005    10.889583     1.2178268 ]
 [149.          56.28        11.74551      1.2235062 ]
 [150.          55.3         12.35415      1.2293568 ]
 [151.          54.780006    12.000291     1.2352966 ]
 [152.          55.359997    12.616972     1.2416632 ]
 [153.          56.180004    13.644487     1.2479681 ]
 [154.          56.059998    14.084672     1.25334   ]
 [155.          55.880005    14.105568     1.2585906 ]
 [156.          55.9         14.2623625    1.2639965 ]
 [157.          55.820004    14.170991     1.2713006 ]
 [158.          56.96        14.272632     1.2777144 ]
 [159.          57.540005    14.433747     1.2853588 ]
 [160.          56.440002    14.649333     1.2909822 ]
 [161.          57.079998    14.797873     1.2966267 ]
 [162.          57.920002    14.773018     1.3019408 ]
 [163.          59.940002    15.099107     1.3080882 ]
 [164.          60.079998    15.432659     1.313497  ]
 [165.          59.9         15.751349     1.3188454 ]
 [166.          62.2         15.985774     1.3248643 ]
 [167.          62.820004    16.064306     1.3298988 ]
 [168.          62.079998    15.611437     1.335129  ]
 [169.          60.559998    15.586788     1.340169  ]
 [170.          59.88        15.5223055    1.3452668 ]
 [171.          60.5         15.646885     1.3505548 ]
 [172.          62.059998    15.79962      1.3557066 ]
 [173.          62.78        13.564917     1.3608973 ]
 [174.          62.46        14.54039      1.366107  ]
 [175.          63.040005    13.214877     1.3712921 ]
 [176.          62.74        15.968345     1.3771479 ]
 [177.          62.96        16.156824     1.3826355 ]
 [178.          63.42001     16.430977     1.388141  ]
 [179.          64.56        16.30331      1.3939453 ]
 [180.          65.68        15.251458     1.4000572 ]
 [181.          65.3         15.605609     1.407067  ]
 [182.          66.68001     12.477059     1.4142551 ]
 [183.          67.06        10.389561     1.4206133 ]
 [184.          66.21999     10.643636     1.4270347 ]
 [185.          67.36         9.420349     1.4335862 ]
 [186.          68.5         10.0284605    1.440134  ]
 [187.          68.22        10.180226     1.4471171 ]
 [188.          67.26         9.4833       1.4544077 ]
 [189.          66.18001      9.861388     1.4610173 ]
 [190.          64.880005    12.013409     1.4676849 ]
 [191.          67.02         9.135206     1.4745476 ]
 [192.          68.48         9.67559      1.4814999 ]
 [193.          65.9         16.324524     1.4879862 ]
 [194.          68.22         9.944196     1.4947329 ]
 [195.          68.06        11.10644      1.501871  ]
 [196.          68.26        11.451329     1.5086262 ]
 [197.          64.44        18.34865      1.5152464 ]
 [198.          61.640003    21.0798       1.5221936 ]
 [199.          62.48        20.917742     1.5292784 ]
 [200.          64.159996    19.125193     1.5364224 ]]
The best results: 
Epoch: 186  68.50±10.03  1.440s
--------------- Train Done! ----------------
