Using cuda:0 device
Dataset     :Pubmed
Epochs      :200
LR X_s      :0.01
Learn A_s   :0
LR A_s      :0.01
Conden ratio:1.0
Ridge       :10.0
Kernel      :SGNK
k           :4
L           :1
Seed        :5
The 1th Iteration:
--------------------------------------------------
The 2th Iteration:
--------------------------------------------------
The 3th Iteration:
--------------------------------------------------
The 4th Iteration:
--------------------------------------------------
The 5th Iteration:
--------------------------------------------------
[[  1.          33.5         14.249036     0.5134905 ]
 [  2.          33.12        13.945681     0.5238927 ]
 [  3.          32.84        13.54799      0.5362031 ]
 [  4.          32.960003    13.4697075    0.5422729 ]
 [  5.          34.640003    15.0706005    0.5472856 ]
 [  6.          37.28        17.00256      0.55167466]
 [  7.          39.5         17.86575      0.55896205]
 [  8.          41.120003    17.301937     0.5662427 ]
 [  9.          42.66        16.384232     0.57413644]
 [ 10.          44.66        15.219002     0.5824513 ]
 [ 11.          46.14        14.519746     0.59265226]
 [ 12.          47.859997    13.666859     0.6004277 ]
 [ 13.          49.46        13.085984     0.61090744]
 [ 14.          50.78        12.088507     0.6201982 ]
 [ 15.          52.38        11.510301     0.6313297 ]
 [ 16.          53.440002    10.897844     0.641911  ]
 [ 17.          54.52        10.053207     0.6543114 ]
 [ 18.          55.600002     9.354947     0.6659562 ]
 [ 19.          56.640003     8.588247     0.6825437 ]
 [ 20.          57.5          8.09784      0.69455475]
 [ 21.          58.26         7.422467     0.7057499 ]
 [ 22.          59.18         6.8623595    0.71798176]
 [ 23.          59.9          6.274154     0.7295953 ]
 [ 24.          60.7          5.9380145    0.7388651 ]
 [ 25.          61.340004     5.5702777    0.74677104]
 [ 26.          61.920002     5.1397467    0.7585156 ]
 [ 27.          62.420002     4.9058113    0.7668162 ]
 [ 28.          63.100002     4.7513156    0.7732764 ]
 [ 29.          63.620003     4.264036     0.7788851 ]
 [ 30.          64.020004     3.9505692    0.783698  ]
 [ 31.          64.58001      3.3499272    0.79001486]
 [ 32.          64.94         3.199687     0.79629815]
 [ 33.          65.340004     2.9913218    0.80116653]
 [ 34.          65.56         2.7682116    0.80629414]
 [ 35.          65.9          2.5069902    0.81288046]
 [ 36.          66.3          2.2583199    0.81699973]
 [ 37.          66.6          2.2438786    0.8232876 ]
 [ 38.          66.88         2.087346     0.8295032 ]
 [ 39.          67.12         1.8593024    0.8346712 ]
 [ 40.          67.240005     1.768615     0.8418833 ]
 [ 41.          67.36         1.7329167    0.8493106 ]
 [ 42.          67.619995     1.6269604    0.85521954]
 [ 43.          67.86         1.5175631    0.86236477]
 [ 44.          67.899994     1.4370135    0.8691897 ]
 [ 45.          68.26         1.2441895    0.87713   ]
 [ 46.          68.380005     1.1649014    0.88316613]
 [ 47.          68.54         0.9964977    0.8886406 ]
 [ 48.          68.64001      0.87063366   0.8967213 ]
 [ 49.          68.76         0.84142727   0.9032952 ]
 [ 50.          68.920006     0.76941806   0.90984786]
 [ 51.          69.06         0.6465292    0.9236576 ]
 [ 52.          69.08         0.61400414   0.9321286 ]
 [ 53.          69.14001      0.626896     0.9403605 ]
 [ 54.          69.18         0.5974942    0.94641775]
 [ 55.          69.32         0.6457547    0.95483154]
 [ 56.          69.36         0.52249366   0.9619376 ]
 [ 57.          69.240005     0.5366557    0.9682037 ]
 [ 58.          69.3          0.55226773   0.97922677]
 [ 59.          69.340004     0.5176862    0.9874465 ]
 [ 60.          69.36         0.55946493   0.9950178 ]
 [ 61.          69.46         0.5639156    1.0025469 ]
 [ 62.          69.46         0.54589486   1.009086  ]
 [ 63.          69.42         0.55407923   1.0172659 ]
 [ 64.          69.54         0.48269993   1.0260824 ]
 [ 65.          69.659996     0.47222903   1.0417247 ]
 [ 66.          69.72         0.383405     1.0507401 ]
 [ 67.          69.76         0.36469248   1.0593369 ]
 [ 68.          69.8          0.3240366    1.0658327 ]
 [ 69.          69.76         0.4037332    1.072912  ]
 [ 70.          69.76         0.40373313   1.0824331 ]
 [ 71.          69.78         0.4764464    1.0882796 ]
 [ 72.          69.77999      0.5357235    1.0935913 ]
 [ 73.          69.76         0.6268996    1.1007414 ]
 [ 74.          69.700005     0.469043     1.1065501 ]
 [ 75.          69.56         0.48270282   1.1141304 ]
 [ 76.          69.54         0.40373304   1.120861  ]
 [ 77.          69.44         0.38470775   1.1283916 ]
 [ 78.          69.38         0.420713     1.1333452 ]
 [ 79.          69.46         0.4159307    1.141232  ]
 [ 80.          69.4          0.3391146    1.1490992 ]
 [ 81.          69.4          0.43589026   1.1570988 ]
 [ 82.          69.3          0.4062026    1.166828  ]
 [ 83.          69.22         0.47644648   1.1737393 ]
 [ 84.          69.14001      0.47222686   1.1817039 ]
 [ 85.          69.1          0.5098998    1.1881169 ]
 [ 86.          68.96         0.4277825    1.1939408 ]
 [ 87.          68.840004     0.51283664   1.2014074 ]
 [ 88.          68.8          0.5656858    1.2072846 ]
 [ 89.          68.8          0.51478475   1.2146755 ]
 [ 90.          68.72         0.4658322    1.2222651 ]
 [ 91.          68.66         0.45607144   1.230525  ]
 [ 92.          68.64001      0.47223002   1.2411367 ]
 [ 93.          68.68         0.5118584    1.2517484 ]
 [ 94.          68.700005     0.48476768   1.2630428 ]
 [ 95.          68.71999      0.49698856   1.2746288 ]
 [ 96.          68.740005     0.43931502   1.2862192 ]
 [ 97.          68.700005     0.52440345   1.297869  ]
 [ 98.          68.76         0.5128366    1.3040502 ]
 [ 99.          68.68001      0.6610564    1.3098875 ]
 [100.          69.020004     0.3033188    1.3154818 ]
 [101.          68.740005     0.47749105   1.322616  ]
 [102.          69.14001      0.27018845   1.329767  ]
 [103.          68.96         0.6693291    1.3365825 ]
 [104.          69.21999      0.27748668   1.3441328 ]
 [105.          69.200005     0.46904135   1.353146  ]
 [106.          69.5          0.44721425   1.363695  ]
 [107.          69.44         0.4335881    1.372461  ]
 [108.          70.08         0.61400235   1.378645  ]
 [109.          69.240005     0.9813261    1.3842939 ]
 [110.          70.82         0.6942635    1.3931712 ]
 [111.          68.920006     1.2597644    1.3996404 ]
 [112.          71.520004     1.1798292    1.4056419 ]
 [113.          68.94         2.3125706    1.4124273 ]
 [114.          71.200005     1.739251     1.4200386 ]
 [115.          71.38         1.4411805    1.4270747 ]
 [116.          70.159996     2.4612992    1.4347824 ]
 [117.          71.3          2.3097603    1.443031  ]
 [118.          71.64001      2.821881     1.4503001 ]
 [119.          70.700005     2.620115     1.462451  ]
 [120.          72.71999      1.3007677    1.4708292 ]
 [121.          70.38         4.818922     1.4789413 ]
 [122.          70.96         4.970715     1.4860306 ]
 [123.          72.68001      0.61400175   1.491999  ]
 [124.          67.3          4.501111     1.4983279 ]
 [125.          73.94         2.1617122    1.508787  ]
 [126.          69.54         5.6269894    1.5239853 ]
 [127.          67.28001      5.4568324    1.5295047 ]
 [128.          71.58001      4.2891726    1.5346437 ]
 [129.          73.36         1.8902406    1.5394386 ]
 [130.          71.939995     2.7664068    1.5491513 ]
 [131.          71.3          4.7138104    1.5562166 ]
 [132.          73.12         2.4035394    1.5634178 ]
 [133.          72.48         6.8910813    1.5695752 ]
 [134.          59.600002    10.229616     1.5753689 ]
 [135.          60.96        14.222623     1.5831734 ]
 [136.          63.26        11.760653     1.5916716 ]
 [137.          67.78         8.157022     1.6000531 ]
 [138.          71.21999      5.9099083    1.6129522 ]
 [139.          72.58001      4.3956823    1.6286118 ]
 [140.          73.4          3.7436612    1.640974  ]
 [141.          72.22         3.1971834    1.6497675 ]
 [142.          68.86         9.787902     1.6555742 ]
 [143.          68.04        11.926149     1.6638001 ]
 [144.          66.6          8.618584     1.6730652 ]
 [145.          64.4          9.661262     1.6813263 ]
 [146.          67.88         4.750473     1.6928047 ]
 [147.          69.72         2.8065991    1.7045269 ]
 [148.          70.700005     2.4289892    1.7162297 ]
 [149.          71.18         2.8665302    1.7287654 ]
 [150.          71.38         3.0310063    1.7406113 ]
 [151.          71.28001      2.5043955    1.7506657 ]
 [152.          67.26         7.426508     1.760466  ]
 [153.          67.3          8.201221     1.7683772 ]
 [154.          67.3          8.073105     1.7735554 ]
 [155.          67.740005     8.428108     1.7780873 ]
 [156.          68.           9.095878     1.7836789 ]
 [157.          68.46         9.111696     1.7883343 ]
 [158.          69.04         8.715387     1.7938559 ]
 [159.          65.6          7.466257     1.7991049 ]
 [160.          67.78001      5.042023     1.805971  ]
 [161.          68.98         3.9512029    1.8118254 ]
 [162.          69.6          3.4227192    1.8182147 ]
 [163.          70.240005     2.9039629    1.8242941 ]
 [164.          70.56         2.7051814    1.8312982 ]
 [165.          71.           2.4708297    1.8378773 ]
 [166.          71.240005     2.3136554    1.8451554 ]
 [167.          71.659996     2.253444     1.856418  ]
 [168.          71.96         2.3039072    1.8675841 ]
 [169.          72.24         2.5559726    1.8764887 ]
 [170.          72.64001      2.9821124    1.8867848 ]
 [171.          72.98         3.0003355    1.9001982 ]
 [172.          73.14001      2.8413024    1.909993  ]
 [173.          71.86         2.4845526    1.9185416 ]
 [174.          65.6         15.306373     1.9253048 ]
 [175.          68.28         9.961274     1.934589  ]
 [176.          68.82         9.453942     1.9424775 ]
 [177.          69.1          9.69407      1.9496657 ]
 [178.          67.72         8.462683     1.9592009 ]
 [179.          62.420002    12.50308      1.9671177 ]
 [180.          63.4         10.9290905    1.9763683 ]
 [181.          63.2         11.382223     1.9839325 ]
 [182.          63.340004    11.260683     1.9912796 ]
 [183.          63.579998    10.865173     1.9997292 ]
 [184.          64.119995    10.277255     2.0083025 ]
 [185.          64.46         9.975119     2.0190225 ]
 [186.          64.88         9.531369     2.033133  ]
 [187.          65.46         9.143742     2.0445664 ]
 [188.          65.88         9.114383     2.0574126 ]
 [189.          66.32         9.3390045    2.0651436 ]
 [190.          66.56         9.352164     2.0742831 ]
 [191.          66.880005     9.48483      2.0850382 ]
 [192.          67.14         9.637581     2.0938523 ]
 [193.          67.28         9.690562     2.1013894 ]
 [194.          67.64001      9.907221     2.1100395 ]
 [195.          67.920006    10.100841     2.1184194 ]
 [196.          68.420006    10.381088     2.12877   ]
 [197.          68.78        10.751603     2.1373837 ]
 [198.          68.98        10.7785425    2.147161  ]
 [199.          68.          10.037181     2.1534724 ]
 [200.          64.02        11.713539     2.1594753 ]]
The best results: 
Epoch: 125  73.94±2.16  1.509s
--------------- Train Done! ----------------
--------------- Save Done! ----------------
