Using cuda:0 device
Dataset     :Pubmed
Epochs      :200
LR X_s      :0.01
Learn A_s   :1
LR A_s      :0.01
Conden ratio:0.5
Ridge       :0.001
Kernel      :SGNK
k           :2
L           :1
Seed        :5
The 1th Iteration:
--------------------------------------------------
The 2th Iteration:
--------------------------------------------------
The 3th Iteration:
--------------------------------------------------
The 4th Iteration:
--------------------------------------------------
The 5th Iteration:
--------------------------------------------------
[[  1.          30.779999    11.237304     0.2629555 ]
 [  2.          29.259998    11.432542     0.2677682 ]
 [  3.          28.859999    11.458317     0.27232838]
 [  4.          28.24        11.237125     0.27678585]
 [  5.          27.320002     9.455527     0.28135473]
 [  6.          27.72         9.724813     0.285755  ]
 [  7.          28.84        11.453078     0.29062793]
 [  8.          29.179998    11.740827     0.29526678]
 [  9.          28.020002    11.972761     0.29961038]
 [ 10.          29.          12.039103     0.30387387]
 [ 11.          30.279999    12.523258     0.30801612]
 [ 12.          30.76        12.97432      0.3122037 ]
 [ 13.          31.88        13.692042     0.31632558]
 [ 14.          32.78        15.381386     0.32061964]
 [ 15.          33.620003    16.201452     0.32499462]
 [ 16.          31.98        15.844462     0.3293074 ]
 [ 17.          33.18        16.780703     0.33362553]
 [ 18.          34.26        19.004158     0.3379557 ]
 [ 19.          33.940002    17.982853     0.3423636 ]
 [ 20.          33.54        18.439304     0.34688663]
 [ 21.          35.16        18.748146     0.35149214]
 [ 22.          36.100002    18.030666     0.35643116]
 [ 23.          35.640003    18.23165      0.36077553]
 [ 24.          36.579998    19.10725      0.36499354]
 [ 25.          36.320004    19.302643     0.36937544]
 [ 26.          36.62        19.34921      0.3737702 ]
 [ 27.          36.9         19.06253      0.3780813 ]
 [ 28.          37.579998    18.94893      0.38257703]
 [ 29.          38.540005    18.26398      0.3875439 ]
 [ 30.          39.94        17.908602     0.39227793]
 [ 31.          40.320004    17.404081     0.39691353]
 [ 32.          41.440002    17.408705     0.40163636]
 [ 33.          42.620003    16.291317     0.406236  ]
 [ 34.          42.420002    17.600342     0.4105649 ]
 [ 35.          44.7         16.006872     0.4149077 ]
 [ 36.          43.94        15.997283     0.41934663]
 [ 37.          44.820004    16.006935     0.4237866 ]
 [ 38.          43.78        15.797058     0.4280966 ]
 [ 39.          44.28        15.397954     0.43232223]
 [ 40.          43.98        15.625202     0.43646565]
 [ 41.          44.02        15.859918     0.44060156]
 [ 42.          44.04        16.156824     0.44479194]
 [ 43.          45.84        14.700102     0.44927984]
 [ 44.          47.54        13.354137     0.45369425]
 [ 45.          48.48        12.65334      0.45810014]
 [ 46.          48.44        11.9473       0.46250406]
 [ 47.          50.899998    10.584187     0.46693894]
 [ 48.          51.98         9.973815     0.47137412]
 [ 49.          52.340004     8.880485     0.47580168]
 [ 50.          54.719997     8.552309     0.4805697 ]
 [ 51.          56.46         7.388706     0.48567232]
 [ 52.          55.74         8.923453     0.49108106]
 [ 53.          55.66        11.406269     0.49647743]
 [ 54.          55.019997    10.979162     0.5019843 ]
 [ 55.          54.059998    10.657064     0.5077087 ]
 [ 56.          54.719997    10.139378     0.5131488 ]
 [ 57.          55.          10.652933     0.518573  ]
 [ 58.          56.580006     7.380855     0.5236067 ]
 [ 59.          57.76         6.904563     0.52853817]
 [ 60.          57.419994     6.066467     0.53337693]
 [ 61.          56.640003     6.5198183    0.53820866]
 [ 62.          58.680004     7.325093     0.5428456 ]
 [ 63.          58.639996     7.7912145    0.5473329 ]
 [ 64.          58.920002     8.002312     0.55169797]
 [ 65.          58.719997     8.030691     0.5560674 ]
 [ 66.          60.859997     8.355119     0.561174  ]
 [ 67.          60.74         8.453578     0.5659737 ]
 [ 68.          60.440002     8.628902     0.57075673]
 [ 69.          59.88         9.230766     0.57553774]
 [ 70.          60.18         9.720442     0.58024156]
 [ 71.          60.78         9.496947     0.5850771 ]
 [ 72.          60.38         9.72353      0.590239  ]
 [ 73.          60.440002     9.294515     0.5951591 ]
 [ 74.          62.040005     8.370959     0.6005104 ]
 [ 75.          64.08         8.132464     0.6059265 ]
 [ 76.          63.739998     8.293551     0.61190605]
 [ 77.          63.119995     7.9317074    0.6177182 ]
 [ 78.          63.640003     7.915365     0.6238897 ]
 [ 79.          63.22         8.580328     0.6297379 ]
 [ 80.          61.600002    12.719278     0.6356022 ]
 [ 81.          60.76        13.090186     0.64218026]
 [ 82.          61.74        11.008541     0.6470821 ]
 [ 83.          61.100002    11.689524     0.652501  ]
 [ 84.          61.440002    11.974683     0.657848  ]
 [ 85.          63.100002     9.470746     0.6637711 ]
 [ 86.          62.880005     9.797296     0.66882116]
 [ 87.          64.200005     8.163026     0.67425996]
 [ 88.          63.719997     8.761108     0.6803231 ]
 [ 89.          64.02         8.571871     0.685778  ]
 [ 90.          64.18001      8.620151     0.6905666 ]
 [ 91.          64.32         8.829891     0.6951597 ]
 [ 92.          64.76         8.87457      0.70005447]
 [ 93.          64.78         9.009826     0.70516676]
 [ 94.          64.020004    10.628123     0.71034425]
 [ 95.          64.36001     10.794119     0.71557206]
 [ 96.          64.840004    10.349299     0.7207563 ]
 [ 97.          65.38        10.017585     0.7263212 ]
 [ 98.          65.56        10.582439     0.7314678 ]
 [ 99.          65.340004    12.206268     0.73635995]
 [100.          65.420006    11.915832     0.741546  ]
 [101.          65.32        11.488559     0.74704117]
 [102.          65.700005    11.058931     0.7537506 ]
 [103.          66.22         9.896565     0.758424  ]
 [104.          66.14001      9.450821     0.7633428 ]
 [105.          66.44         9.222959     0.768545  ]
 [106.          66.68001      9.2204685    0.7740987 ]
 [107.          66.06         9.349493     0.77940124]
 [108.          66.64001      8.792498     0.7839701 ]
 [109.          67.020004     8.620443     0.7894109 ]
 [110.          67.12         8.384332     0.79397494]
 [111.          66.44         9.597032     0.7983558 ]
 [112.          66.420006     9.267526     0.8027396 ]
 [113.          66.06         9.088069     0.8079336 ]
 [114.          66.54         8.989606     0.8123379 ]
 [115.          66.          10.337552     0.8171426 ]
 [116.          65.8         11.370577     0.82144576]
 [117.          65.96        11.411966     0.8259943 ]
 [118.          65.92        10.448777     0.83091754]
 [119.          65.9         10.805093     0.8354376 ]
 [120.          66.3         10.443898     0.84013426]
 [121.          66.340004    10.665974     0.8444891 ]
 [122.          66.46        10.62276      0.8497611 ]
 [123.          66.520004    10.607404     0.85488224]
 [124.          66.8         10.080178     0.8608826 ]
 [125.          66.700005    10.304609     0.8685238 ]
 [126.          67.14001      9.596509     0.8739424 ]
 [127.          66.98         9.564885     0.8810625 ]
 [128.          67.36         9.615247     0.8875062 ]
 [129.          67.340004     9.712262     0.89309883]
 [130.          67.920006     9.213141     0.8986217 ]
 [131.          68.4          9.141115     0.90429366]
 [132.          68.56         9.235418     0.90913534]
 [133.          68.36         9.521448     0.9147968 ]
 [134.          68.840004     8.051895     0.9195978 ]
 [135.          68.8          7.8577967    0.924527  ]
 [136.          69.159996     8.297169     0.9291626 ]
 [137.          69.6          7.4279876    0.93526363]
 [138.          69.96         7.1199036    0.9407468 ]
 [139.          69.8          7.262573     0.94566137]
 [140.          70.26         7.0790534    0.950486  ]
 [141.          70.08         6.9272637    0.9552307 ]
 [142.          69.96         6.007744     0.9598157 ]
 [143.          69.86         5.5895414    0.9643348 ]
 [144.          70.44         4.502555     0.9689477 ]
 [145.          70.18         5.3569574    0.9734486 ]
 [146.          68.5          8.162415     0.97781414]
 [147.          68.36         8.43463      0.9821958 ]
 [148.          67.78         8.398928     0.9865546 ]
 [149.          67.659996     8.916726     0.99119896]
 [150.          67.98         8.535629     0.99715245]
 [151.          68.3          9.00694      1.0018415 ]
 [152.          68.6          9.208691     1.0070114 ]
 [153.          68.42         9.268602     1.0114744 ]
 [154.          68.659996     9.0469885    1.0159125 ]
 [155.          68.880005     8.967552     1.0207819 ]
 [156.          68.5          8.367497     1.0251334 ]
 [157.          67.96         7.9842343    1.0293249 ]
 [158.          67.98         7.5760813    1.0337061 ]
 [159.          67.8          7.102464     1.0381705 ]
 [160.          67.42         5.4292727    1.0425656 ]
 [161.          66.32         7.314165     1.0470914 ]
 [162.          66.119995     7.1166677    1.0526904 ]
 [163.          66.98         6.3274813    1.057461  ]
 [164.          67.36001      5.5193305    1.0620453 ]
 [165.          67.5          5.3884134    1.066387  ]
 [166.          67.54         6.0454936    1.07066   ]
 [167.          67.700005     6.0917974    1.0750082 ]
 [168.          67.88         6.4192677    1.0792074 ]
 [169.          67.78001      6.3621545    1.0835123 ]
 [170.          67.08         6.4832106    1.087809  ]
 [171.          67.96         6.684533     1.0923694 ]
 [172.          67.88         6.687825     1.0969027 ]
 [173.          67.76         6.143534     1.1013476 ]
 [174.          67.88         6.553396     1.1057805 ]
 [175.          68.159996     6.448875     1.1101433 ]
 [176.          69.020004     5.5916886    1.1149763 ]
 [177.          69.1          5.639151     1.1192999 ]
 [178.          68.840004     6.810505     1.1242933 ]
 [179.          68.579994     7.5879498    1.1291367 ]
 [180.          68.340004     7.9210467    1.1337556 ]
 [181.          68.520004     8.107221     1.1384686 ]
 [182.          68.94         7.354117     1.1428943 ]
 [183.          69.06         6.799119     1.1473687 ]
 [184.          69.28001      6.5709186    1.1519591 ]
 [185.          69.340004     6.5129123    1.156651  ]
 [186.          68.4          6.5375843    1.1610459 ]
 [187.          67.9          6.718629     1.1656603 ]
 [188.          67.82         6.136532     1.1700648 ]
 [189.          66.14001      6.8838944    1.174401  ]
 [190.          64.82         8.189444     1.1786984 ]
 [191.          64.119995     8.683432     1.1831468 ]
 [192.          63.3          8.817314     1.187457  ]
 [193.          63.580006     7.953116     1.1917449 ]
 [194.          62.980007     8.417662     1.1962309 ]
 [195.          63.18         7.506795     1.2007798 ]
 [196.          62.820004     7.063427     1.2053715 ]
 [197.          62.639996     6.4384007    1.2100176 ]
 [198.          64.659996     7.356152     1.2162409 ]
 [199.          65.02         7.384918     1.2213362 ]
 [200.          64.98         8.398633     1.2258219 ]]
The best results: 
Epoch: 144  70.44±4.50  0.969s
--------------- Train Done! ----------------
