Using cuda:0 device
Dataset     :Pubmed
Epochs      :200
LR X_s      :0.01
Learn A_s   :1
LR A_s      :0.01
Conden ratio:0.25
Ridge       :0.001
Kernel      :SGNK
k           :1
L           :1
Seed        :5
The 1th Iteration:
--------------------------------------------------
The 2th Iteration:
--------------------------------------------------
The 3th Iteration:
--------------------------------------------------
The 4th Iteration:
--------------------------------------------------
The 5th Iteration:
--------------------------------------------------
[[  1.          31.140003     8.976525     0.24758644]
 [  2.          32.18         8.81856      0.25205952]
 [  3.          32.960003     8.724563     0.25640288]
 [  4.          33.16         8.662736     0.26087523]
 [  5.          34.2          9.4          0.2664651 ]
 [  6.          33.8          9.727024     0.2706    ]
 [  7.          34.120003     9.920535     0.27517185]
 [  8.          32.7         11.662118     0.2796502 ]
 [  9.          33.98        11.66349      0.28380275]
 [ 10.          35.16        11.445655     0.28790218]
 [ 11.          39.460003     7.0938706    0.29272792]
 [ 12.          40.420002     7.358465     0.29690787]
 [ 13.          41.120003     7.1426187    0.30105662]
 [ 14.          41.440002     7.159121     0.30534887]
 [ 15.          41.66         8.78311      0.30955943]
 [ 16.          42.72         8.351467     0.3134049 ]
 [ 17.          41.64        11.721688     0.31793627]
 [ 18.          42.36        11.648733     0.3220949 ]
 [ 19.          43.24        11.836301     0.32638502]
 [ 20.          43.4         11.757339     0.33071086]
 [ 21.          45.56        11.279761     0.33520022]
 [ 22.          46.86        11.080749     0.33963773]
 [ 23.          46.38        11.310704     0.34421682]
 [ 24.          48.78         9.54526      0.3487323 ]
 [ 25.          48.94        10.337699     0.35359702]
 [ 26.          48.74         8.96231      0.3586197 ]
 [ 27.          49.420002     8.935434     0.36352992]
 [ 28.          50.359997     8.974017     0.36970264]
 [ 29.          51.02         8.582074     0.3744566 ]
 [ 30.          52.3          8.02278      0.3791144 ]
 [ 31.          53.68         7.8068557    0.38367578]
 [ 32.          53.24         4.335666     0.38855186]
 [ 33.          53.76         4.021567     0.39315173]
 [ 34.          55.76         2.2018175    0.3975403 ]
 [ 35.          56.3          2.5865028    0.4021797 ]
 [ 36.          57.72         4.5778813    0.40640208]
 [ 37.          57.74         5.1364408    0.41059637]
 [ 38.          57.820004     5.8345513    0.4149015 ]
 [ 39.          58.140003     5.6500425    0.41933045]
 [ 40.          58.22         5.170782     0.42327386]
 [ 41.          58.540005     5.176196     0.42710835]
 [ 42.          59.280006     5.05391      0.43101072]
 [ 43.          59.22         4.7672834    0.4351023 ]
 [ 44.          60.4          5.6289425    0.43932635]
 [ 45.          60.919994     5.871709     0.44358608]
 [ 46.          61.52         5.816098     0.4479324 ]
 [ 47.          61.919994     5.8819222    0.45219174]
 [ 48.          62.46         6.1877275    0.45649797]
 [ 49.          62.5          6.2237453    0.46136457]
 [ 50.          62.580006     6.0139036    0.46585345]
 [ 51.          62.9          6.063414     0.47043964]
 [ 52.          62.24         5.653584     0.47472787]
 [ 53.          62.239998     5.8269186    0.47881308]
 [ 54.          63.74         4.292785     0.4825575 ]
 [ 55.          64.3          4.6631575    0.48632637]
 [ 56.          63.94         5.926464     0.49024272]
 [ 57.          64.           6.0963097    0.49403843]
 [ 58.          63.88         5.967578     0.49771357]
 [ 59.          63.940002     5.8080106    0.5014863 ]
 [ 60.          63.940002     5.848761     0.50575626]
 [ 61.          64.08         5.825118     0.5095436 ]
 [ 62.          64.340004     5.9391093    0.51441455]
 [ 63.          63.16         9.071274     0.5187727 ]
 [ 64.          63.340004     8.989883     0.52404207]
 [ 65.          63.339996     8.770575     0.5289037 ]
 [ 66.          63.880005     8.888591     0.5349434 ]
 [ 67.          63.96         8.709937     0.5392685 ]
 [ 68.          63.96         8.528364     0.5437163 ]
 [ 69.          63.859997     8.437003     0.54789543]
 [ 70.          64.06         8.24518      0.552261  ]
 [ 71.          64.14001      8.458606     0.5568025 ]
 [ 72.          64.           8.6565       0.5614628 ]
 [ 73.          62.02        12.816865     0.56569505]
 [ 74.          62.24        12.773528     0.57170314]
 [ 75.          64.71999      8.937672     0.57575196]
 [ 76.          64.8          8.764986     0.5798366 ]
 [ 77.          65.           8.664007     0.58365774]
 [ 78.          65.14001      8.4286995    0.58781284]
 [ 79.          64.840004     8.355118     0.5923275 ]
 [ 80.          64.9          8.32256      0.59666395]
 [ 81.          64.64001      7.686546     0.600625  ]
 [ 82.          64.98         7.8979096    0.6045232 ]
 [ 83.          65.68         6.71878      0.60855496]
 [ 84.          65.54         6.541253     0.61293805]
 [ 85.          65.38         6.439875     0.616715  ]
 [ 86.          65.12         6.5128336    0.6207692 ]
 [ 87.          65.44         6.521351     0.6247871 ]
 [ 88.          65.240005     6.136611     0.6287487 ]
 [ 89.          65.46         6.3326926    0.6327778 ]
 [ 90.          65.58001      6.3495674    0.636871  ]
 [ 91.          65.56         6.544692     0.64100343]
 [ 92.          65.5          6.7646127    0.6449949 ]
 [ 93.          65.68         6.9955       0.64862466]
 [ 94.          65.86         7.125167     0.65249485]
 [ 95.          65.82         7.094857     0.65664333]
 [ 96.          65.9          7.2553415    0.66130126]
 [ 97.          66.18         7.4837804    0.66548127]
 [ 98.          66.14001      7.531467     0.66989344]
 [ 99.          64.98         7.8738174    0.6739043 ]
 [100.          64.94         8.030753     0.67838466]
 [101.          65.06         8.035732     0.6826889 ]
 [102.          64.4          9.703866     0.686962  ]
 [103.          63.76        10.499668     0.6912301 ]
 [104.          63.52        10.641054     0.69558686]
 [105.          63.52        10.819057     0.70024   ]
 [106.          63.579998    10.721801     0.70492625]
 [107.          63.440002    10.649791     0.7094868 ]
 [108.          63.28        11.234411     0.7142318 ]
 [109.          63.2         11.185927     0.7194942 ]
 [110.          62.660004    10.548839     0.7260588 ]
 [111.          62.880005    10.602218     0.731798  ]
 [112.          62.18         9.731751     0.7368049 ]
 [113.          62.16         9.536926     0.7417584 ]
 [114.          62.320004     9.247        0.74714684]
 [115.          62.440002     9.16068      0.75218326]
 [116.          63.059998    10.031101     0.75677645]
 [117.          62.66         9.950275     0.7613951 ]
 [118.          62.66         9.990144     0.7661578 ]
 [119.          62.640003     9.994901     0.7710504 ]
 [120.          62.919994    10.061162     0.77583885]
 [121.          64.840004     6.4894557    0.78088087]
 [122.          65.48         6.3448386    0.7859856 ]
 [123.          65.76         6.4099917    0.7910804 ]
 [124.          66.44         6.6406336    0.79657626]
 [125.          66.56         6.828102     0.8020212 ]
 [126.          66.64001      7.0712814    0.8078243 ]
 [127.          66.840004     7.3306203    0.8143517 ]
 [128.          66.84         7.347652     0.8195654 ]
 [129.          66.           7.1714725    0.8259037 ]
 [130.          65.96         7.1272717    0.830873  ]
 [131.          65.32         7.177536     0.83624744]
 [132.          65.340004     7.0401006    0.84094983]
 [133.          65.08001      6.4886074    0.84614867]
 [134.          65.1          6.2128925    0.85090464]
 [135.          65.1          5.8322387    0.85658187]
 [136.          66.28         4.4600453    0.8621529 ]
 [137.          66.           5.4529815    0.8675251 ]
 [138.          66.18         5.2547126    0.8725983 ]
 [139.          66.340004     4.9277797    0.8783724 ]
 [140.          66.9          5.107347     0.8837506 ]
 [141.          67.64001      4.9470186    0.88924044]
 [142.          68.06         4.792497     0.89521855]
 [143.          68.36         4.7553144    0.90110475]
 [144.          68.520004     4.33728      0.9081465 ]
 [145.          68.840004     4.402612     0.91418093]
 [146.          69.020004     4.4437594    0.91974336]
 [147.          68.920006     4.6461825    0.925299  ]
 [148.          68.86         4.8464427    0.93093413]
 [149.          68.68         4.6948905    0.93678   ]
 [150.          68.54         4.9338646    0.94258386]
 [151.          68.44         4.992796     0.9489713 ]
 [152.          68.42         5.4149776    0.9552355 ]
 [153.          68.479996     5.6654196    0.9618373 ]
 [154.          68.42         5.8555093    0.96771663]
 [155.          68.06         6.094505     0.97307265]
 [156.          68.520004     6.5678782    0.9777479 ]
 [157.          68.3          6.5981073    0.9824478 ]
 [158.          68.54         6.322421     0.98757285]
 [159.          68.72         6.3377433    0.99300593]
 [160.          68.76         5.624324     0.99822026]
 [161.          68.700005     5.60134      1.0037602 ]
 [162.          68.72         5.6614504    1.0096    ]
 [163.          68.8          5.5538287    1.0155653 ]
 [164.          69.28         5.174167     1.0217341 ]
 [165.          69.1          5.4977274    1.0278562 ]
 [166.          68.880005     5.4915423    1.0337862 ]
 [167.          68.88         5.865324     1.0391194 ]
 [168.          68.54         6.276386     1.0445479 ]
 [169.          67.96         6.419347     1.0500513 ]
 [170.          67.340004     6.4333496    1.0565304 ]
 [171.          66.86001      7.505201     1.0627533 ]
 [172.          66.700005     7.172169     1.0682389 ]
 [173.          66.56         6.612336     1.0736725 ]
 [174.          66.54         6.2787733    1.0782397 ]
 [175.          66.44         5.802413     1.0825232 ]
 [176.          66.5          5.4708323    1.0864397 ]
 [177.          66.659996     5.1461654    1.0901551 ]
 [178.          66.740005     5.4555473    1.0938733 ]
 [179.          66.98         5.26849      1.097772  ]
 [180.          66.76         5.455089     1.1026859 ]
 [181.          66.72         5.749522     1.1067635 ]
 [182.          66.700005     6.0170584    1.1109265 ]
 [183.          66.64001      6.118249     1.1153339 ]
 [184.          66.22         5.5251255    1.1216799 ]
 [185.          66.3          5.4465575    1.1263195 ]
 [186.          65.9          6.053098     1.1308888 ]
 [187.          65.520004     5.5015464    1.1351341 ]
 [188.          65.6          5.0616193    1.139355  ]
 [189.          65.58001      4.2763295    1.1437215 ]
 [190.          65.48         3.9124167    1.1482271 ]
 [191.          65.68001      3.5702925    1.1527368 ]
 [192.          66.920006     3.4931374    1.1568062 ]
 [193.          67.020004     3.3922014    1.1609873 ]
 [194.          67.1          3.460493     1.1656569 ]
 [195.          66.86         3.3351157    1.1707817 ]
 [196.          66.9          3.4539857    1.1762574 ]
 [197.          66.96         3.5401962    1.1812357 ]
 [198.          67.28         3.553449     1.1866505 ]
 [199.          67.36         3.7480657    1.1909319 ]
 [200.          66.740005     3.939924     1.1951052 ]]
The best results: 
Epoch: 164  69.28±5.17  1.022s
--------------- Train Done! ----------------
